------------------------------
test was performed using the following parameters: --mps=100 --burst=1 --reply-every=1 --msg-size=12 --time=10
------------------------------
sockperf: [Total Run] RunTime=10.100 sec; SentMessages=1011; ReceivedMessages=1010
sockperf: ========= Printing statistics for Server No: 0
sockperf: [Valid Duration] RunTime=9.990 sec; SentMessages=1000; ReceivedMessages=1000
sockperf: [2;35m====> avg-lat= 74.227 (std-dev=10.269)[0m
sockperf: # dropped messages = 0; # duplicated messages = 0; # out-of-order messages = 0
sockperf: [2;35mTotal 1000 observations[0m; each percentile contains 10.00 observations
sockperf: ---> <MAX> observation =  116.895
sockperf: ---> percentile  99.99 =  116.895
sockperf: ---> percentile  99.90 =  114.840
sockperf: ---> percentile  99.50 =  104.245
sockperf: ---> percentile  99.00 =  101.060
sockperf: ---> percentile  95.00 =   88.603
sockperf: ---> percentile  90.00 =   82.640
sockperf: ---> percentile  75.00 =   78.834
sockperf: ---> percentile  50.00 =   74.227
sockperf: ---> percentile  25.00 =   70.768
sockperf: ---> <MIN> observation =   25.241
------------------------------
txTime, rxTime
2.063416993, 2.063619073
2.073416993, 2.073627392
2.083416980, 2.083606128
2.093416990, 2.093630607
2.103416975, 2.103624224
2.113416981, 2.113608711
2.123416985, 2.123650775
2.133416986, 2.133646667
2.143416988, 2.143621283
2.153416989, 2.153598490
2.163416977, 2.163619099
2.173416976, 2.173565278
2.183416964, 2.183573749
2.193416963, 2.193612575
2.203416967, 2.203596747
2.213416963, 2.213565208
2.223416967, 2.223615356
2.233416968, 2.233562611
2.243416969, 2.243567076
2.253416967, 2.253587750
2.263416963, 2.263564517
2.273416963, 2.273546858
2.283416972, 2.283571129
2.293416973, 2.293541775
2.303416966, 2.303551267
2.313416974, 2.313580117
2.323416966, 2.323564857
2.333416978, 2.333563872
2.343416974, 2.343558258
2.353416970, 2.353550355
2.363416964, 2.363563601
2.373416967, 2.373568214
2.383416969, 2.383568439
2.393416974, 2.393567047
2.403416974, 2.403615617
2.413416971, 2.413564234
2.423416969, 2.423585584
2.433416965, 2.433559360
2.443416961, 2.443576196
2.453416974, 2.453569885
2.463416967, 2.463552660
2.473416967, 2.473563708
2.483416971, 2.483577014
2.493416967, 2.493556273
2.503416969, 2.503567007
2.513416970, 2.513563610
2.523416974, 2.523587234
2.533416968, 2.533614675
2.543416972, 2.543571412
2.553416973, 2.553561400
2.563416958, 2.563550474
2.573416968, 2.573549837
2.583416964, 2.583602344
2.593416974, 2.593561033
2.603416969, 2.603569862
2.613416962, 2.613558938
2.623416967, 2.623563532
2.633416976, 2.633561442
2.643416963, 2.643556725
2.653416965, 2.653575152
2.663416978, 2.663570983
2.673416968, 2.673574583
2.683416966, 2.683564206
2.693416960, 2.693552749
2.703416972, 2.703575309
2.713416974, 2.713552722
2.723416975, 2.723568104
2.733416967, 2.733565781
2.743416969, 2.743563363
2.753416965, 2.753573311
2.763416967, 2.763575554
2.773416971, 2.773560193
2.783416974, 2.783565616
2.793416968, 2.793575463
2.803416963, 2.803554546
2.813416973, 2.813547720
2.823416966, 2.823576364
2.833416968, 2.833548631
2.843416975, 2.843489131
2.853416967, 2.853467449
2.863416967, 2.863491651
2.873416978, 2.873503541
2.883416966, 2.883574391
2.893416976, 2.893547369
2.903416961, 2.903556105
2.913416973, 2.913549411
2.923416971, 2.923561615
2.933416963, 2.933543983
2.943416972, 2.943569775
2.953416968, 2.953496916
2.963416972, 2.963474681
2.973416974, 2.973572978
2.983416961, 2.983542883
2.993416960, 2.993558218
3.003416972, 3.003570874
3.013416970, 3.013594482
3.023416974, 3.023579307
3.033416979, 3.033579390
3.043416963, 3.043561959
3.053416965, 3.053562876
3.063416974, 3.063568246
3.073416970, 3.073579697
3.083416969, 3.083578928
3.093416971, 3.093556699
3.103416959, 3.103564538
3.113416968, 3.113582956
3.123416959, 3.123615280
3.133416962, 3.133566760
3.143416963, 3.143572265
3.153416968, 3.153583971
3.163416958, 3.163575877
3.173416965, 3.173551718
3.183416966, 3.183576577
3.193416970, 3.193554449
3.203416974, 3.203574480
3.213416974, 3.213567649
3.223416958, 3.223563544
3.233416967, 3.233567882
3.243416967, 3.243567154
3.253416967, 3.253565820
3.263416966, 3.263572689
3.273416968, 3.273568752
3.283416959, 3.283598274
3.293416962, 3.293559544
3.303416975, 3.303553752
3.313416970, 3.313543762
3.323416967, 3.323551387
3.333416960, 3.333559906
3.343416966, 3.343580559
3.353416968, 3.353563474
3.363416971, 3.363559904
3.373416974, 3.373566414
3.383416972, 3.383545695
3.393416971, 3.393566544
3.403416963, 3.403557140
3.413416967, 3.413572594
3.423416967, 3.423575386
3.433416973, 3.433552689
3.443416974, 3.443560619
3.453416971, 3.453575275
3.463416955, 3.463559670
3.473416963, 3.473573049
3.483416966, 3.483566686
3.493416967, 3.493570824
3.503416977, 3.503570092
3.513416976, 3.513606580
3.523416974, 3.523563732
3.533416982, 3.533610326
3.543416967, 3.543553904
3.553416967, 3.553591680
3.563416977, 3.563567833
3.573416967, 3.573573998
3.583416963, 3.583565114
3.593416984, 3.593563504
3.603416969, 3.603580106
3.613416974, 3.613611182
3.623416961, 3.623576286
3.633416968, 3.633602217
3.643416955, 3.643570361
3.653416976, 3.653569338
3.663416969, 3.663559124
3.673416963, 3.673573592
3.683416961, 3.683502013
3.693416965, 3.693598016
3.703416963, 3.703573477
3.713416979, 3.713551820
3.723416967, 3.723562652
3.733416962, 3.733557425
3.743416966, 3.743573193
3.753416973, 3.753559088
3.763416958, 3.763593368
3.773416970, 3.773560264
3.783416967, 3.783580578
3.793416968, 3.793596097
3.803416971, 3.803579188
3.813416974, 3.813576025
3.823416967, 3.823572224
3.833416967, 3.833563424
3.843416971, 3.843554951
3.853416973, 3.853562918
3.863416971, 3.863564623
3.873416973, 3.873571465
3.883416967, 3.883571129
3.893416968, 3.893599233
3.903416964, 3.903566241
3.913416968, 3.913607502
3.923416974, 3.923570962
3.933416971, 3.933561616
3.943416971, 3.943562008
3.953416970, 3.953567170
3.963416971, 3.963565562
3.973416968, 3.973552736
3.983416969, 3.983561388
3.993416967, 3.993564227
4.003416956, 4.003576556
4.013416963, 4.013513804
4.023416971, 4.023564159
4.033416968, 4.033560997
4.043416972, 4.043564192
4.053416965, 4.053571773
4.063416971, 4.063565816
4.073416971, 4.073551089
4.083416963, 4.083564999
4.093416973, 4.093555638
4.103416963, 4.103557728
4.113416973, 4.113555835
4.123416959, 4.123557338
4.133416976, 4.133556837
4.143416974, 4.143555664
4.153416968, 4.153550284
4.163416966, 4.163566211
4.173416974, 4.173574489
4.183416955, 4.183522206
4.193417060, 4.193556838
4.203416972, 4.203557780
4.213416967, 4.213558556
4.223416972, 4.223546912
4.233416965, 4.233550625
4.243416956, 4.243575258
4.253416967, 4.253556704
4.263416975, 4.263575636
4.273416962, 4.273568606
4.283416963, 4.283559844
4.293416962, 4.293563839
4.303416955, 4.303553618
4.313416967, 4.313550193
4.323416964, 4.323551587
4.333416967, 4.333555093
4.343416966, 4.343552195
4.353416973, 4.353540200
4.363416963, 4.363543199
4.373416963, 4.373559917
4.383416961, 4.383561702
4.393416970, 4.393535513
4.403416966, 4.403508995
4.413416971, 4.413578178
4.423416963, 4.423528867
4.433416963, 4.433563776
4.443416966, 4.443571349
4.453416968, 4.453558995
4.463416974, 4.463563816
4.473416962, 4.473557492
4.483416961, 4.483564482
4.493416965, 4.493572030
4.503416964, 4.503582289
4.513416967, 4.513576871
4.523416969, 4.523571082
4.533416971, 4.533635363
4.543416963, 4.543568981
4.553416968, 4.553587743
4.563416967, 4.563563963
4.573416970, 4.573556532
4.583416969, 4.583550346
4.593416965, 4.593563053
4.603416961, 4.603562326
4.613416970, 4.613604739
4.623416974, 4.623553931
4.633416967, 4.633625457
4.643416969, 4.643622369
4.653416974, 4.653580859
4.663416966, 4.663559356
4.673416965, 4.673572254
4.683416964, 4.683586173
4.693416970, 4.693567414
4.703416972, 4.703545108
4.713416968, 4.713564164
4.723416959, 4.723567152
4.733416963, 4.733568069
4.743416975, 4.743603115
4.753416967, 4.753549908
4.763416963, 4.763565607
4.773416974, 4.773585359
4.783416971, 4.783575377
4.793416968, 4.793557249
4.803416966, 4.803556885
4.813416970, 4.813561294
4.823416961, 4.823545632
4.833416965, 4.833551607
4.843416959, 4.843587525
4.853416959, 4.853565418
4.863416972, 4.863547827
4.873416968, 4.873567693
4.883416967, 4.883598392
4.893416967, 4.893555944
4.903416956, 4.903564449
4.913416974, 4.913609434
4.923416972, 4.923573750
4.933416967, 4.933559315
4.943416967, 4.943595126
4.953416973, 4.953561646
4.963416959, 4.963569192
4.973416974, 4.973576216
4.983416971, 4.983562831
4.993416967, 4.993569783
5.003416967, 5.003566938
5.013416973, 5.013574643
5.023416995, 5.023570308
5.033416987, 5.033577556
5.043416969, 5.043573928
5.053416988, 5.053579994
5.063416976, 5.063583034
5.073416973, 5.073581590
5.083416965, 5.083520761
5.093416982, 5.093566237
5.103416972, 5.103561537
5.113416984, 5.113561472
5.123416999, 5.123564057
5.133416976, 5.133578053
5.143416975, 5.143575095
5.153416968, 5.153570467
5.163416976, 5.163572991
5.173416974, 5.173565190
5.183416975, 5.183558747
5.193416974, 5.193570693
5.203416964, 5.203582245
5.213416968, 5.213553213
5.223417035, 5.223561168
5.233416968, 5.233566594
5.243416981, 5.243571939
5.253416984, 5.253558931
5.263416976, 5.263576377
5.273416974, 5.273558619
5.283416969, 5.283577751
5.293416968, 5.293555822
5.303416972, 5.303572582
5.313416985, 5.313553800
5.323416983, 5.323569427
5.333416971, 5.333567563
5.343416973, 5.343562788
5.353416966, 5.353560284
5.363416997, 5.363551609
5.373416982, 5.373504324
5.383416997, 5.383535364
5.393416984, 5.393545948
5.403416965, 5.403551312
5.413416977, 5.413498527
5.423416976, 5.423567237
5.433416974, 5.433570808
5.443416975, 5.443572691
5.453416974, 5.453567659
5.463416995, 5.463555037
5.473416984, 5.473574111
5.483416983, 5.483578916
5.493416985, 5.493562916
5.503416989, 5.503570215
5.513416976, 5.513566044
5.523416986, 5.523567875
5.533416971, 5.533563914
5.543416973, 5.543579284
5.553416980, 5.553576317
5.563416978, 5.563583170
5.573416974, 5.573567486
5.583417002, 5.583557088
5.593416971, 5.593567642
5.603416973, 5.603576592
5.613416979, 5.613573667
5.623416978, 5.623566302
5.633416982, 5.633556620
5.643416983, 5.643604750
5.653416973, 5.653568337
5.663416976, 5.663577108
5.673416980, 5.673570827
5.683416972, 5.683588952
5.693416971, 5.693563153
5.703416981, 5.703613380
5.713416979, 5.713577820
5.723416978, 5.723576755
5.733416976, 5.733582798
5.743416972, 5.743575356
5.753417001, 5.753582853
5.763416994, 5.763585922
5.773416991, 5.773568414
5.783417021, 5.783548900
5.793416973, 5.793551357
5.803416976, 5.803571222
5.813416971, 5.813569524
5.823416976, 5.823579553
5.833416969, 5.833569805
5.843416986, 5.843583266
5.853416965, 5.853588784
5.863416999, 5.863570922
5.873417003, 5.873577014
5.883416978, 5.883567237
5.893416980, 5.893565027
5.903416980, 5.903557453
5.913416971, 5.913578458
5.923416973, 5.923565755
5.933416971, 5.933569230
5.943416972, 5.943561578
5.953416988, 5.953574976
5.963416976, 5.963570117
5.973416969, 5.973577960
5.983416994, 5.983578105
5.993416980, 5.993574119
6.003416973, 6.003581815
6.013416980, 6.013574993
6.023416991, 6.023618269
6.033416973, 6.033610043
6.043416975, 6.043610515
6.053416993, 6.053573535
6.063416997, 6.063591208
6.073416976, 6.073572256
6.083416983, 6.083595510
6.093416969, 6.093579378
6.103416984, 6.103573131
6.113416977, 6.113569658
6.123416975, 6.123596982
6.133416966, 6.133582237
6.143416978, 6.143577977
6.153416979, 6.153585989
6.163416986, 6.163579185
6.173416998, 6.173561262
6.183416984, 6.183579480
6.193416980, 6.193604459
6.203416983, 6.203587965
6.213416974, 6.213621713
6.223417029, 6.223580088
6.233416973, 6.233607288
6.243416986, 6.243577110
6.253416963, 6.253577569
6.263416969, 6.263584073
6.273416973, 6.273560354
6.283416988, 6.283539657
6.293416971, 6.293574277
6.303416972, 6.303559412
6.313416969, 6.313579812
6.323416973, 6.323566699
6.333416976, 6.333573696
6.343416972, 6.343572102
6.353416971, 6.353591967
6.363416992, 6.363571536
6.373416971, 6.373576774
6.383416964, 6.383553584
6.393416968, 6.393570285
6.403416973, 6.403570881
6.413416966, 6.413574930
6.423416973, 6.423597503
6.433416966, 6.433603406
6.443416976, 6.443569705
6.453416984, 6.453570186
6.463416972, 6.463576635
6.473416974, 6.473579146
6.483416973, 6.483570193
6.493416969, 6.493501289
6.503416986, 6.503505647
6.513416979, 6.513488026
6.523416983, 6.523589904
6.533416979, 6.533569246
6.543416975, 6.543577325
6.553416973, 6.553573020
6.563416976, 6.563568249
6.573416977, 6.573571477
6.583416972, 6.583577832
6.593416984, 6.593571379
6.603416981, 6.603576011
6.613416976, 6.613589464
6.623416995, 6.623562619
6.633416971, 6.633555755
6.643416986, 6.643539949
6.653416976, 6.653573509
6.663416994, 6.663572961
6.673416973, 6.673569305
6.683416984, 6.683577186
6.693416982, 6.693560567
6.703416986, 6.703563231
6.713416974, 6.713570189
6.723416976, 6.723571071
6.733416976, 6.733566216
6.743416988, 6.743567690
6.753416984, 6.753571493
6.763416980, 6.763577123
6.773416969, 6.773494897
6.783416991, 6.783496495
6.793416973, 6.793486244
6.803416978, 6.803579799
6.813416974, 6.813562512
6.823416978, 6.823561461
6.833416968, 6.833563114
6.843416980, 6.843573605
6.853416971, 6.853564983
6.863416994, 6.863572051
6.873416977, 6.873576827
6.883416981, 6.883564304
6.893416969, 6.893563404
6.903416983, 6.903575861
6.913416984, 6.913563663
6.923416984, 6.923564634
6.933416985, 6.933575597
6.943417025, 6.943574402
6.953416988, 6.953584846
6.963416978, 6.963575422
6.973416968, 6.973573675
6.983416975, 6.983565265
6.993416971, 6.993573943
7.003416975, 7.003579445
7.013416984, 7.013575655
7.023416991, 7.023568933
7.033416969, 7.033578671
7.043416983, 7.043567891
7.053416991, 7.053573959
7.063416975, 7.063573472
7.073416993, 7.073586455
7.083416978, 7.083576437
7.093416982, 7.093567127
7.103416980, 7.103566926
7.113416966, 7.113574828
7.123416980, 7.123571398
7.133416990, 7.133571053
7.143416983, 7.143576358
7.153416977, 7.153573651
7.163416976, 7.163569347
7.173416988, 7.173565970
7.183416989, 7.183565240
7.193416985, 7.193570268
7.203416980, 7.203574214
7.213417007, 7.213580349
7.223416975, 7.223575752
7.233416965, 7.233559809
7.243416981, 7.243574505
7.253416993, 7.253579501
7.263416976, 7.263575473
7.273416973, 7.273579148
7.283417281, 7.283573955
7.293416977, 7.293561445
7.303416992, 7.303570002
7.313416976, 7.313553187
7.323416976, 7.323543582
7.333416976, 7.333484611
7.343416980, 7.343560904
7.353416968, 7.353566306
7.363416991, 7.363558566
7.373416977, 7.373564434
7.383416980, 7.383560287
7.393416971, 7.393567041
7.403416973, 7.403490053
7.413416971, 7.413552750
7.423416981, 7.423580070
7.433416974, 7.433559601
7.443417025, 7.443559851
7.453416984, 7.453570814
7.463416980, 7.463572444
7.473416969, 7.473562238
7.483416975, 7.483570258
7.493416973, 7.493579421
7.503416988, 7.503577318
7.513416969, 7.513579672
7.523416973, 7.523577585
7.533416990, 7.533592309
7.543416972, 7.543576750
7.553416961, 7.553580480
7.563416973, 7.563578324
7.573416965, 7.573577228
7.583416978, 7.583578833
7.593416973, 7.593582616
7.603416980, 7.603563230
7.613416977, 7.613569137
7.623416988, 7.623571349
7.633416969, 7.633574867
7.643416972, 7.643570464
7.653416966, 7.653578094
7.663417008, 7.663563612
7.673416979, 7.673488839
7.683416969, 7.683496259
7.693416980, 7.693568638
7.703417029, 7.703572105
7.713416982, 7.713555080
7.723416976, 7.723563422
7.733416973, 7.733567617
7.743416972, 7.743577557
7.753416969, 7.753490822
7.763416991, 7.763534822
7.773416979, 7.773558898
7.783416972, 7.783500735
7.793416982, 7.793530289
7.803416992, 7.803572708
7.813416976, 7.813563340
7.823416989, 7.823562961
7.833416985, 7.833582875
7.843416976, 7.843597181
7.853416965, 7.853584980
7.863416973, 7.863556278
7.873416969, 7.873569309
7.883416976, 7.883584063
7.893416980, 7.893559132
7.903416978, 7.903569324
7.913416976, 7.913580981
7.923416980, 7.923563276
7.933416979, 7.933562656
7.943416980, 7.943581971
7.953417004, 7.953576784
7.963416970, 7.963595120
7.973416993, 7.973574253
7.983416970, 7.983547114
7.993416974, 7.993493306
8.003416980, 8.003489388
8.013416968, 8.013479746
8.023416980, 8.023502548
8.033416985, 8.033570727
8.043416988, 8.043567248
8.053416971, 8.053573149
8.063416976, 8.063563757
8.073416995, 8.073594201
8.083416988, 8.083560475
8.093416976, 8.093570025
8.103416994, 8.103573902
8.113416982, 8.113566887
8.123416988, 8.123580197
8.133417020, 8.133576304
8.143416981, 8.143564765
8.153416963, 8.153577651
8.163416981, 8.163577918
8.173416980, 8.173561933
8.183416972, 8.183567450
8.193416988, 8.193578001
8.203416969, 8.203578248
8.213416969, 8.213580916
8.223416970, 8.223575436
8.233416971, 8.233569712
8.243416970, 8.243567968
8.253416973, 8.253572903
8.263416976, 8.263586343
8.273416979, 8.273565338
8.283416978, 8.283575035
8.293416980, 8.293581596
8.303416975, 8.303570542
8.313416963, 8.313574130
8.323416988, 8.323556458
8.333416998, 8.333581574
8.343416969, 8.343580325
8.353416993, 8.353569065
8.363416967, 8.363572157
8.373416974, 8.373585825
8.383416984, 8.383560039
8.393416976, 8.393590110
8.403416984, 8.403560860
8.413416979, 8.413564694
8.423416969, 8.423567076
8.433416993, 8.433574518
8.443416983, 8.443557778
8.453416977, 8.453576752
8.463416976, 8.463562320
8.473416968, 8.473560265
8.483416980, 8.483580040
8.493416971, 8.493590440
8.503416975, 8.503558961
8.513416984, 8.513574439
8.523416980, 8.523564195
8.533416980, 8.533577376
8.543416970, 8.543566509
8.553416974, 8.553565185
8.563416976, 8.563568251
8.573417004, 8.573577081
8.583416989, 8.583582974
8.593416973, 8.593567388
8.603416978, 8.603570081
8.613417004, 8.613563876
8.623417005, 8.623581449
8.633416977, 8.633572641
8.643416981, 8.643569418
8.653416980, 8.653569058
8.663417010, 8.663578842
8.673416980, 8.673572295
8.683416976, 8.683565155
8.693416984, 8.693576152
8.703416981, 8.703570905
8.713416985, 8.713582053
8.723416980, 8.723558547
8.733416976, 8.733587291
8.743416969, 8.743575848
8.753416968, 8.753574608
8.763416983, 8.763586407
8.773416968, 8.773574253
8.783417018, 8.783565200
8.793416969, 8.793579113
8.803416972, 8.803579519
8.813416993, 8.813574138
8.823416972, 8.823572620
8.833416969, 8.833576247
8.843416972, 8.843578643
8.853416966, 8.853570928
8.863416975, 8.863565369
8.873416984, 8.873570426
8.883416970, 8.883565551
8.893416971, 8.893564841
8.903416981, 8.903573131
8.913417055, 8.913585517
8.923416991, 8.923553490
8.933416982, 8.933559989
8.943416976, 8.943488591
8.953416969, 8.953494837
8.963416978, 8.963498438
8.973416980, 8.973556904
8.983416970, 8.983574254
8.993416976, 8.993572941
9.003416981, 9.003585435
9.013416993, 9.013573547
9.023416994, 9.023572348
9.033416982, 9.033568956
9.043416983, 9.043579780
9.053416980, 9.053582342
9.063416984, 9.063573832
9.073416976, 9.073569295
9.083416980, 9.083576313
9.093416979, 9.093582012
9.103416972, 9.103579314
9.113416982, 9.113563221
9.123416984, 9.123566182
9.133417009, 9.133579397
9.143416976, 9.143566331
9.153416974, 9.153577330
9.163416975, 9.163564049
9.173416968, 9.173571585
9.183417000, 9.183572207
9.193416968, 9.193563665
9.203416972, 9.203587616
9.213416976, 9.213566227
9.223416984, 9.223567114
9.233416974, 9.233565890
9.243416972, 9.243579074
9.253416973, 9.253571862
9.263416975, 9.263571071
9.273416966, 9.273571978
9.283416981, 9.283560527
9.293416999, 9.293569639
9.303416976, 9.303571925
9.313416974, 9.313574716
9.323416972, 9.323568398
9.333416974, 9.333588967
9.343416986, 9.343575174
9.353416979, 9.353562624
9.363416978, 9.363566591
9.373417028, 9.373592478
9.383416981, 9.383572498
9.393416973, 9.393574611
9.403416969, 9.403578196
9.413416969, 9.413560717
9.423416976, 9.423567021
9.433416963, 9.433580665
9.443416978, 9.443567392
9.453416982, 9.453586313
9.463416976, 9.463564719
9.473416982, 9.473565313
9.483416973, 9.483563824
9.493416969, 9.493553888
9.503416972, 9.503554096
9.513416969, 9.513563805
9.523416984, 9.523564345
9.533416963, 9.533564540
9.543416972, 9.543567730
9.553416987, 9.553490854
9.563416988, 9.563495876
9.573416969, 9.573500277
9.583416973, 9.583490342
9.593417001, 9.593562223
9.603416972, 9.603563991
9.613416974, 9.613565391
9.623416978, 9.623564244
9.633416966, 9.633557010
9.643416964, 9.643576155
9.653416984, 9.653565438
9.663416973, 9.663579701
9.673416969, 9.673581451
9.683416984, 9.683529838
9.693417009, 9.693567585
9.703416970, 9.703563563
9.713416991, 9.713565968
9.723416976, 9.723487258
9.733416976, 9.733481973
9.743417051, 9.743497432
9.753416995, 9.753571945
9.763416970, 9.763569223
9.773416973, 9.773577267
9.783416978, 9.783572910
9.793416965, 9.793563480
9.803416980, 9.803576846
9.813416987, 9.813567794
9.823416986, 9.823570475
9.833416996, 9.833579043
9.843416969, 9.843577427
9.853416996, 9.853577073
9.863416975, 9.863567843
9.873416985, 9.873550315
9.883416976, 9.883566978
9.893416976, 9.893563172
9.903416975, 9.903572400
9.913417115, 9.913565880
9.923416967, 9.923562219
9.933416966, 9.933557949
9.943416978, 9.943570153
9.953416977, 9.953576959
9.963416983, 9.963580419
9.973416980, 9.973574392
9.983416975, 9.983569609
9.993416974, 9.993562476
10.003416973, 10.003562919
10.013416976, 10.013499519
10.023416978, 10.023487231
10.033416963, 10.033494989
10.043416970, 10.043566070
10.053416961, 10.053563646
10.063416967, 10.063562453
10.073416980, 10.073559811
10.083416972, 10.083555687
10.093416961, 10.093562310
10.103416969, 10.103564127
10.113416971, 10.113559857
10.123416969, 10.123553044
10.133416973, 10.133560995
10.143416969, 10.143557547
10.153416961, 10.153557026
10.163416964, 10.163561439
10.173416974, 10.173554362
10.183416958, 10.183554107
10.193416965, 10.193559441
10.203416976, 10.203561152
10.213416971, 10.213559737
10.223416964, 10.223558425
10.233416968, 10.233556274
10.243416959, 10.243557161
10.253416969, 10.253560493
10.263416970, 10.263556788
10.273416976, 10.273553257
10.283416975, 10.283553426
10.293416973, 10.293554348
10.303416961, 10.303559616
10.313416961, 10.313560873
10.323416969, 10.323560372
10.333416974, 10.333558541
10.343416969, 10.343557557
10.353416963, 10.353559776
10.363416967, 10.363559527
10.373416977, 10.373563107
10.383416959, 10.383560258
10.393416974, 10.393559815
10.403416969, 10.403496911
10.413416974, 10.413558492
10.423416961, 10.423557208
10.433416976, 10.433556268
10.443416973, 10.443560355
10.453416974, 10.453560007
10.463416976, 10.463560937
10.473416969, 10.473560477
10.483416965, 10.483555490
10.493416968, 10.493562293
10.503416975, 10.503553993
10.513416971, 10.513559102
10.523416967, 10.523556700
10.533416961, 10.533557752
10.543416969, 10.543557825
10.553416976, 10.553560041
10.563416976, 10.563557784
10.573416974, 10.573555788
10.583416969, 10.583557724
10.593416968, 10.593554517
10.603416969, 10.603556788
10.613416961, 10.613559969
10.623416975, 10.623552691
10.633416969, 10.633556748
10.643416970, 10.643554882
10.653416966, 10.653555491
10.663416976, 10.663562167
10.673416979, 10.673549908
10.683416969, 10.683557740
10.693416961, 10.693558418
10.703416965, 10.703560364
10.713416966, 10.713557015
10.723416962, 10.723563956
10.733416974, 10.733557607
10.743416976, 10.743562164
10.753416974, 10.753557220
10.763416969, 10.763556876
10.773416958, 10.773557719
10.783416967, 10.783556006
10.793416966, 10.793557583
10.803416969, 10.803556327
10.813416976, 10.813559121
10.823416972, 10.823561653
10.833416968, 10.833561380
10.843416972, 10.843560841
10.853416973, 10.853556302
10.863416970, 10.863557180
10.873416960, 10.873555098
10.883416976, 10.883555602
10.893416971, 10.893560840
10.903416969, 10.903555727
10.913416973, 10.913558957
10.923416969, 10.923558038
10.933416969, 10.933559716
10.943416970, 10.943559557
10.953416971, 10.953555241
10.963416965, 10.963560419
10.973416963, 10.973555562
10.983416975, 10.983557360
10.993416974, 10.993561312
11.003416975, 11.003556854
11.013416963, 11.013553937
11.023416972, 11.023558683
11.033416973, 11.033561819
11.043416978, 11.043561149
11.053416980, 11.053554899
11.063416964, 11.063559436
11.073416963, 11.073547085
11.083416986, 11.083556093
11.093416971, 11.093558874
11.103416964, 11.103556887
11.113416963, 11.113559748
11.123416981, 11.123553431
11.133416976, 11.133560861
11.143416980, 11.143560637
11.153416973, 11.153553429
11.163416964, 11.163560429
11.173416976, 11.173559795
11.183416962, 11.183557022
11.193416960, 11.193560973
11.203416965, 11.203561907
11.213416971, 11.213561017
11.223416961, 11.223560274
11.233416971, 11.233561454
11.243416962, 11.243558722
11.253416968, 11.253558401
11.263416962, 11.263557775
11.273416961, 11.273556329
11.283416973, 11.283555419
11.293416973, 11.293555840
11.303416967, 11.303561125
11.313416965, 11.313563381
11.323416972, 11.323558313
11.333416966, 11.333553664
11.343416965, 11.343557167
11.353416973, 11.353560122
11.363416969, 11.363553940
11.373416968, 11.373555856
11.383416965, 11.383556742
11.393416968, 11.393555342
11.403416973, 11.403553226
11.413416976, 11.413560970
11.423416972, 11.423572807
11.433416968, 11.433562149
11.443416972, 11.443560604
11.453416968, 11.453555554
11.463416975, 11.463558882
11.473416973, 11.473549706
11.483416972, 11.483555304
11.493416961, 11.493558499
11.503416961, 11.503562309
11.513416966, 11.513556197
11.523416970, 11.523559543
11.533416974, 11.533559602
11.543416975, 11.543556662
11.553416976, 11.553556446
11.563416969, 11.563564804
11.573416976, 11.573557303
11.583416961, 11.583560361
11.593416968, 11.593557974
11.603416976, 11.603555136
11.613416968, 11.613558330
11.623416964, 11.623556117
11.633416963, 11.633560464
11.643416970, 11.643559559
11.653416974, 11.653554274
11.663416973, 11.663572252
11.673416976, 11.673558488
11.683416965, 11.683553332
11.693416966, 11.693560142
11.703416970, 11.703562775
11.713416968, 11.713556525
11.723416975, 11.723561607
11.733416960, 11.733556662
11.743416956, 11.743556940
11.753416976, 11.753558304
11.763416964, 11.763557018
11.773416976, 11.773562465
11.783416976, 11.783567441
11.793416971, 11.793554381
11.803416969, 11.803559111
11.813416960, 11.813559050
11.823416973, 11.823561187
11.833416974, 11.833554291
11.843416967, 11.843558089
11.853416966, 11.853557499
11.863416967, 11.863590227
11.873416966, 11.873554111
11.883416967, 11.883560348
11.893416987, 11.893571829
11.903416978, 11.903559707
11.913416961, 11.913558376
11.923416956, 11.923570090
11.933416963, 11.933558897
11.943416969, 11.943557443
11.953416968, 11.953560856
11.963416970, 11.963559491
11.973416960, 11.973558848
11.983416965, 11.983558787
11.993416963, 11.993559174
12.003416975, 12.003560577
12.013416965, 12.013554147
12.023416973, 12.023562391
12.033416961, 12.033559834
12.043416970, 12.043556641
12.053416965, 12.053557547
------------------------------
