------------------------------
test was performed using the following parameters: --mps=100 --burst=1 --reply-every=1 --msg-size=12 --time=10
------------------------------
sockperf: [Total Run] RunTime=10.100 sec; SentMessages=1011; ReceivedMessages=1010
sockperf: ========= Printing statistics for Server No: 0
sockperf: [Valid Duration] RunTime=9.990 sec; SentMessages=1000; ReceivedMessages=1000
sockperf: [2;35m====> avg-lat= 69.147 (std-dev=18.529)[0m
sockperf: # dropped messages = 0; # duplicated messages = 0; # out-of-order messages = 0
sockperf: [2;35mTotal 1000 observations[0m; each percentile contains 10.00 observations
sockperf: ---> <MAX> observation =  122.432
sockperf: ---> percentile  99.99 =  122.432
sockperf: ---> percentile  99.90 =  122.361
sockperf: ---> percentile  99.50 =  115.076
sockperf: ---> percentile  99.00 =  111.399
sockperf: ---> percentile  95.00 =   92.972
sockperf: ---> percentile  90.00 =   87.280
sockperf: ---> percentile  75.00 =   81.885
sockperf: ---> percentile  50.00 =   73.360
sockperf: ---> percentile  25.00 =   54.376
sockperf: ---> <MIN> observation =   26.638
------------------------------
txTime, rxTime
2.063925590, 2.064161026
2.073925595, 2.074155356
2.083925578, 2.084170444
2.093925579, 2.094154880
2.103925573, 2.104152764
2.113925589, 2.114161537
2.123925588, 2.124137774
2.133925581, 2.134132099
2.143925594, 2.144131969
2.153925592, 2.154134359
2.163925575, 2.164114434
2.173925592, 2.174111120
2.183925586, 2.184118530
2.193925577, 2.194137257
2.203925595, 2.204122678
2.213925592, 2.214128722
2.223925579, 2.224162810
2.233925596, 2.234148394
2.243925579, 2.244141953
2.253925577, 2.254124372
2.263925589, 2.264127765
2.273925597, 2.274088876
2.283925573, 2.284065020
2.293925591, 2.294013795
2.303925583, 2.304053345
2.313925581, 2.313985055
2.323925577, 2.324083159
2.333925569, 2.334070823
2.343925569, 2.344061403
2.353925587, 2.354065197
2.363925572, 2.364076654
2.373925572, 2.374091179
2.383925579, 2.384081643
2.393925573, 2.394086309
2.403925570, 2.404069660
2.413925573, 2.414086941
2.423925575, 2.424084575
2.433925605, 2.434082548
2.443925579, 2.444080617
2.453925573, 2.454116433
2.463925567, 2.464080349
2.473925570, 2.474075844
2.483925569, 2.484067942
2.493925575, 2.494069982
2.503925572, 2.504084384
2.513925574, 2.514070149
2.523925574, 2.524086798
2.533925572, 2.534085148
2.543925578, 2.544081012
2.553925575, 2.554134614
2.563925580, 2.564089607
2.573925574, 2.574068851
2.583925577, 2.584074684
2.593925569, 2.594062924
2.603925572, 2.604080156
2.613925570, 2.614077196
2.623925575, 2.624070853
2.633925566, 2.634095091
2.643925574, 2.644073312
2.653925570, 2.654067612
2.663925569, 2.664075443
2.673925572, 2.674067909
2.683925572, 2.684068349
2.693925570, 2.694063960
2.703925567, 2.704069506
2.713925575, 2.714077780
2.723925572, 2.724063815
2.733925575, 2.734089399
2.743925578, 2.744060459
2.753925580, 2.754056692
2.763925574, 2.764072983
2.773925574, 2.774080230
2.783925574, 2.784060398
2.793925570, 2.794086135
2.803925575, 2.804077908
2.813925570, 2.814070907
2.823925564, 2.824072232
2.833925570, 2.834077701
2.843925572, 2.844070773
2.853925574, 2.854003921
2.863925575, 2.863987299
2.873925578, 2.873995915
2.883925570, 2.883991367
2.893925566, 2.893990180
2.903925575, 2.904025375
2.913925572, 2.914092310
2.923925575, 2.924092509
2.933925599, 2.933988653
2.943925572, 2.943996001
2.953925574, 2.953987019
2.963925572, 2.964042916
2.973925570, 2.974036800
2.983925574, 2.984030890
2.993925575, 2.994044071
3.003925567, 3.004036334
3.013925575, 3.014027979
3.023925575, 3.024040600
3.033925572, 3.034047907
3.043925580, 3.044043908
3.053925570, 3.054006072
3.063925567, 3.064000290
3.073925569, 3.073983020
3.083925569, 3.084061838
3.093925572, 3.094098983
3.103925575, 3.104072145
3.113925569, 3.114073474
3.123925569, 3.124068528
3.133925578, 3.134072064
3.143925578, 3.144071944
3.153925575, 3.154071425
3.163925578, 3.164080156
3.173925575, 3.174089626
3.183925569, 3.184094334
3.193925575, 3.194065225
3.203925575, 3.204074319
3.213925575, 3.214077276
3.223925574, 3.224061700
3.233925575, 3.234072138
3.243925570, 3.244080756
3.253925572, 3.254070785
3.263925569, 3.264093408
3.273925575, 3.274064519
3.283925577, 3.284076258
3.293925578, 3.294094590
3.303925567, 3.304082401
3.313925572, 3.314060690
3.323925575, 3.324052418
3.333925577, 3.334067762
3.343925575, 3.344061337
3.353925574, 3.354075903
3.363925572, 3.364062869
3.373925569, 3.374069603
3.383925578, 3.384076030
3.393925578, 3.394077358
3.403925580, 3.404064737
3.413925575, 3.414079373
3.423925578, 3.424065299
3.433925577, 3.434070986
3.443925578, 3.444074235
3.453925575, 3.454073424
3.463925575, 3.464086483
3.473925569, 3.474071185
3.483925575, 3.484060791
3.493925570, 3.494072260
3.503925575, 3.504062255
3.513925577, 3.514087567
3.523925578, 3.524071610
3.533925569, 3.534068930
3.543925570, 3.544065809
3.553925581, 3.554070117
3.563925574, 3.564078253
3.573925578, 3.574062621
3.583925572, 3.584078201
3.593925578, 3.594089254
3.603925570, 3.604074905
3.613925575, 3.614078212
3.623925570, 3.624062665
3.633925577, 3.634081108
3.643925580, 3.644076656
3.653933425, 3.654097323
3.663932963, 3.664085131
3.673925586, 3.674110930
3.683925588, 3.684082801
3.693925760, 3.694083806
3.703925578, 3.703996960
3.713925589, 3.714049369
3.723925578, 3.724022424
3.733932980, 3.734014867
3.743929822, 3.744005666
3.753938760, 3.754052741
3.763925584, 3.764084103
3.773925591, 3.774066343
3.783925588, 3.784089263
3.793925581, 3.794068820
3.803945426, 3.804099712
3.813925583, 3.814076670
3.823929064, 3.824087266
3.833925597, 3.834065910
3.843925583, 3.844072926
3.853925586, 3.854063873
3.863928794, 3.864127764
3.873925573, 3.874118583
3.883925590, 3.884067681
3.893925597, 3.894074530
3.903925596, 3.904081384
3.913926728, 3.914078435
3.923925592, 3.924079509
3.933925599, 3.934062040
3.943925583, 3.944079692
3.953937838, 3.954083816
3.963925592, 3.964070642
3.973925583, 3.974068243
3.983925586, 3.984066036
3.993925847, 3.994075265
4.003925581, 4.004085572
4.013925589, 4.014068475
4.023932712, 4.024085317
4.033926802, 4.034076533
4.043930880, 4.044075549
4.053925875, 4.054072157
4.063925577, 4.064076523
4.073925586, 4.074068831
4.083925581, 4.084091167
4.093925588, 4.094062051
4.103925581, 4.104056020
4.113925586, 4.114079749
4.123931606, 4.124089596
4.133925583, 4.134061765
4.143925581, 4.144069579
4.153925581, 4.154085267
4.163925578, 4.164087575
4.173934982, 4.174118695
4.183925583, 4.184113066
4.193925848, 4.194089036
4.203928708, 4.204091930
4.213929257, 4.214111933
4.223935822, 4.224089740
4.233925657, 4.234090539
4.243925588, 4.244074919
4.253925588, 4.254080791
4.263937253, 4.264098320
4.273925596, 4.274069339
4.283927591, 4.284103885
4.293925592, 4.294072311
4.303925578, 4.304095669
4.313925596, 4.314059548
4.323928837, 4.324088521
4.333931509, 4.334101116
4.343925596, 4.344082734
4.353925862, 4.354094953
4.363925597, 4.364084345
4.373925998, 4.374092696
4.383930042, 4.384095043
4.393933114, 4.394101730
4.403925596, 4.404079769
4.413925594, 4.414078800
4.423939179, 4.424183903
4.433925573, 4.434096420
4.443925586, 4.444123449
4.453925594, 4.454016963
4.463925604, 4.464003705
4.473925597, 4.474029428
4.483925585, 4.484003703
4.493925588, 4.494012703
4.503935055, 4.504120962
4.513927168, 4.514086017
4.523937821, 4.524167974
4.533925583, 4.534102726
4.543925588, 4.544076397
4.553925664, 4.554092871
4.563925583, 4.564064542
4.573930757, 4.574090782
4.583929923, 4.584097290
4.593925727, 4.594092803
4.603925600, 4.604070997
4.613925585, 4.614086402
4.623925660, 4.624094499
4.633946794, 4.634123530
4.643940219, 4.644090611
4.653925581, 4.654067389
4.663925589, 4.664092034
4.673925720, 4.674086402
4.683934305, 4.684085158
4.693939870, 4.694098569
4.703939364, 4.704126878
4.713925602, 4.714071466
4.723929502, 4.724077025
4.733925728, 4.734098504
4.743928575, 4.744106298
4.753926120, 4.754078045
4.763927980, 4.764080802
4.773936203, 4.774101945
4.783925599, 4.784089364
4.793925589, 4.794081686
4.803925578, 4.804103543
4.813925862, 4.814080154
4.823926562, 4.824092561
4.833938980, 4.834102761
4.843925577, 4.844099300
4.853925585, 4.854084676
4.863930890, 4.864116791
4.873932379, 4.874091519
4.883925577, 4.884101488
4.893925589, 4.894126367
4.903932623, 4.904089828
4.913934376, 4.914111582
4.923925578, 4.924088226
4.933931742, 4.934081702
4.943925580, 4.944069326
4.953925585, 4.954080535
4.963927306, 4.964098160
4.973937924, 4.974128715
4.983931962, 4.984088576
4.993925585, 4.994100898
5.003925600, 5.004093217
5.013926467, 5.014076885
5.023925592, 5.024065733
5.033927323, 5.034085962
5.043925583, 5.044101654
5.053925592, 5.054082022
5.063930081, 5.064095402
5.073936886, 5.074091789
5.083925581, 5.084117064
5.093925581, 5.094074265
5.103927072, 5.104113017
5.113926219, 5.114105085
5.123925600, 5.124087089
5.133925580, 5.134080496
5.143929409, 5.144105783
5.153925594, 5.154088609
5.163930220, 5.164105099
5.173925735, 5.174093469
5.183925585, 5.184098373
5.193925592, 5.194100764
5.203925591, 5.204088712
5.213925578, 5.214084046
5.223925660, 5.224009472
5.233925596, 5.233999475
5.243925594, 5.244027800
5.253925591, 5.253988873
5.263925599, 5.264012300
5.273925583, 5.273993530
5.283925594, 5.284019434
5.293926312, 5.293998037
5.303925585, 5.304042523
5.313925597, 5.313989762
5.323925664, 5.323998854
5.333934617, 5.334092424
5.343925583, 5.344000743
5.353925581, 5.354071371
5.363925586, 5.364072320
5.373925859, 5.374071688
5.383925594, 5.384070062
5.393925583, 5.394062716
5.403925589, 5.404080652
5.413928586, 5.414081007
5.423927138, 5.424073001
5.433932219, 5.434080893
5.443925599, 5.444152583
5.453925585, 5.454101155
5.463925664, 5.464083091
5.473925586, 5.474103141
5.483925597, 5.484106265
5.493925600, 5.494072749
5.503929372, 5.504109476
5.513925585, 5.514079987
5.523925581, 5.524092805
5.533925577, 5.534068843
5.543925602, 5.544114941
5.553925581, 5.554042885
5.563925591, 5.564033126
5.573925578, 5.574017528
5.583928141, 5.584003918
5.593925858, 5.593999525
5.603932716, 5.604018958
5.613927113, 5.614057334
5.623925581, 5.624010904
5.633925585, 5.633978862
5.643938560, 5.644024900
5.653925589, 5.654075445
5.663930733, 5.664119952
5.673925595, 5.674094557
5.683929518, 5.684084443
5.693925668, 5.694093414
5.703925648, 5.704093602
5.713925719, 5.714084931
5.723925662, 5.724098319
5.733925578, 5.734095231
5.743925583, 5.744039822
5.753925585, 5.754027603
5.763925597, 5.764038228
5.773925576, 5.774014716
5.783925602, 5.784033490
5.793925592, 5.794000981
5.803929927, 5.804021461
5.813925589, 5.814008942
5.823925586, 5.824025271
5.833925662, 5.833998235
5.843931376, 5.844012108
5.853931213, 5.854038019
5.863925578, 5.864010065
5.873925585, 5.874016353
5.883925891, 5.884015188
5.893925673, 5.894028365
5.903925585, 5.904013410
5.913933975, 5.914027746
5.923936840, 5.924003152
5.933926410, 5.934020113
5.943925580, 5.943987311
5.953926533, 5.953993554
5.963925600, 5.964002380
5.973925654, 5.973995253
5.983925725, 5.983996322
5.993925586, 5.994008591
6.003939916, 6.004007987
6.013931226, 6.014116567
6.023925581, 6.024094049
6.033925596, 6.034101056
6.043925596, 6.044066222
6.053937584, 6.054020499
6.063933539, 6.064079831
6.073925588, 6.074084721
6.083925774, 6.084072604
6.093925583, 6.094087237
6.103925586, 6.104075323
6.113925664, 6.114089160
6.123934125, 6.124093717
6.133925589, 6.134093736
6.143925591, 6.144080262
6.153925659, 6.154074129
6.163925586, 6.164070746
6.173925594, 6.174060635
6.183925583, 6.184091971
6.193926402, 6.194077567
6.203925586, 6.204089702
6.213926226, 6.214071965
6.223926483, 6.224086375
6.233927902, 6.234106012
6.243925656, 6.244085013
6.253925580, 6.253998480
6.263925659, 6.264022985
6.273925599, 6.273995498
6.283925671, 6.284008776
6.293925678, 6.294007006
6.303945171, 6.304018272
6.313930304, 6.314050741
6.323926330, 6.324021450
6.333925586, 6.334002896
6.343925597, 6.343988693
6.353925599, 6.354012452
6.363926238, 6.364028272
6.373925580, 6.374002317
6.383925578, 6.384018261
6.393925586, 6.394000258
6.403925583, 6.404011910
6.413944405, 6.414014580
6.423933875, 6.424000097
6.433926909, 6.434013008
6.443925664, 6.443993069
6.453932584, 6.454010934
6.463925581, 6.464018202
6.473925577, 6.474021011
6.483925581, 6.484007811
6.493925585, 6.494048755
6.503925580, 6.504023172
6.513933168, 6.514032969
6.523925660, 6.524038291
6.533925579, 6.534023446
6.543925585, 6.543993750
6.553925673, 6.554035681
6.563925585, 6.564015615
6.573926286, 6.574039008
6.583925597, 6.584018544
6.593925592, 6.594043957
6.603925575, 6.604026110
6.613925687, 6.614032367
6.623925595, 6.624027768
6.633939461, 6.634014701
6.643925586, 6.644019066
6.653925588, 6.654021905
6.663935625, 6.664054429
6.673925579, 6.674009245
6.683925607, 6.684038723
6.693925607, 6.694056625
6.703925589, 6.704025255
6.713932949, 6.714009956
6.723925578, 6.724008216
6.733925904, 6.734044266
6.743925599, 6.743983637
6.753925664, 6.754015504
6.763925580, 6.764099614
6.773925581, 6.774027139
6.783925577, 6.784006037
6.793925599, 6.794019339
6.803925591, 6.803986016
6.813928580, 6.814007453
6.823925592, 6.823988197
6.833925594, 6.833984602
6.843925577, 6.843987816
6.853937185, 6.854104409
6.863925577, 6.864100535
6.873927596, 6.874089023
6.883926436, 6.884097025
6.893929303, 6.894095850
6.903925728, 6.904079935
6.913925589, 6.914082943
6.923925585, 6.924076127
6.933925578, 6.934083344
6.943925728, 6.944094672
6.953925583, 6.954111440
6.963925679, 6.964075287
6.973925585, 6.974068155
6.983925577, 6.984086833
6.993925596, 6.994080267
7.003925596, 7.004063942
7.013925804, 7.014098631
7.023925676, 7.024068733
7.033925671, 7.034090880
7.043927056, 7.044100026
7.053935524, 7.054089326
7.063925592, 7.064081446
7.073925578, 7.074072107
7.083925645, 7.084037556
7.093925600, 7.094015824
7.103925656, 7.104043278
7.113925676, 7.113995592
7.123926202, 7.124015561
7.133927261, 7.134011645
7.143927348, 7.144020163
7.153925589, 7.154008266
7.163925724, 7.163996911
7.173925585, 7.174009150
7.183925599, 7.183997580
7.193925679, 7.194013866
7.203925581, 7.204013382
7.213925597, 7.213995648
7.223925673, 7.224023720
7.233928739, 7.234002203
7.243925597, 7.244018660
7.253925599, 7.254032463
7.263926731, 7.263998415
7.273925580, 7.274001911
7.283925597, 7.284024298
7.293925790, 7.294035052
7.303935988, 7.304043747
7.313925589, 7.314012894
7.323927928, 7.324012630
7.333925580, 7.333995398
7.343925578, 7.343994705
7.353925577, 7.354009592
7.363930852, 7.364000970
7.373925580, 7.374022263
7.383932120, 7.384021320
7.393931235, 7.394012005
7.403930287, 7.404013058
7.413925596, 7.414013516
7.423925671, 7.424020005
7.433925670, 7.433994304
7.443926728, 7.444029472
7.453925581, 7.454013066
7.463925577, 7.464022950
7.473925594, 7.474010177
7.483925583, 7.484016210
7.493925867, 7.494020902
7.503925578, 7.504015262
7.513925594, 7.514011133
7.523925575, 7.524018782
7.533934701, 7.534020408
7.543926908, 7.544001254
7.553929663, 7.554005489
7.563925577, 7.564076376
7.573925580, 7.574067163
7.583925578, 7.584080083
7.593925594, 7.594062045
7.603926810, 7.604072612
7.613925736, 7.614073458
7.623925583, 7.624068981
7.633933091, 7.634094540
7.643934139, 7.644087773
7.653925733, 7.654084119
7.663925676, 7.664072034
7.673925998, 7.674095781
7.683925578, 7.684092767
7.693925585, 7.694088125
7.703937802, 7.704136298
7.713925580, 7.714123776
7.723934534, 7.724116900
7.733925583, 7.734082172
7.743925776, 7.744083377
7.753925580, 7.754078263
7.763928960, 7.764078805
7.773926305, 7.774090776
7.783925592, 7.784090217
7.793930315, 7.794093434
7.803925583, 7.804100628
7.813925581, 7.814068711
7.823925638, 7.824079294
7.833925578, 7.834105893
7.843925667, 7.844089034
7.853925597, 7.854103663
7.863925578, 7.864102609
7.873925577, 7.874100138
7.883925581, 7.884078790
7.893925675, 7.894090757
7.903925662, 7.904090390
7.913933179, 7.914140621
7.923925576, 7.924099240
7.933931795, 7.934100439
7.943925585, 7.944112580
7.953925578, 7.954089186
7.963925594, 7.964083459
7.973925585, 7.974081274
7.983925597, 7.984069236
7.993925596, 7.994093434
8.003934753, 8.004112621
8.013926612, 8.014095729
8.023925586, 8.024068324
8.033925716, 8.034072322
8.043928946, 8.044110393
8.053926383, 8.054097641
8.063927214, 8.064078745
8.073925589, 8.074113554
8.083925591, 8.084076157
8.093931943, 8.094098198
8.103926518, 8.104075064
8.113931237, 8.114096532
8.123925578, 8.124072344
8.133925577, 8.134075261
8.143925583, 8.144066120
8.153925577, 8.154088259
8.163925586, 8.164068019
8.173925581, 8.174086067
8.183927070, 8.184097230
8.193934695, 8.194110728
8.203925719, 8.204076798
8.213925591, 8.214082605
8.223932912, 8.224104956
8.233925581, 8.234078670
8.243925580, 8.244062877
8.253925586, 8.254078102
8.263932156, 8.264112766
8.273925585, 8.274079292
8.283925583, 8.284097565
8.293925597, 8.294089066
8.303925724, 8.304090930
8.313929483, 8.314072577
8.323925646, 8.324113043
8.333925597, 8.334065725
8.343925596, 8.344066781
8.353925589, 8.354066644
8.363925578, 8.364090870
8.373925722, 8.374003359
8.383925592, 8.384007043
8.393927610, 8.394026212
8.403925599, 8.404015436
8.413925735, 8.414006079
8.423931308, 8.424014219
8.433925597, 8.433998269
8.443925589, 8.443988628
8.453927670, 8.454003523
8.463925585, 8.463999319
8.473927490, 8.473997252
8.483928032, 8.483995119
8.493925589, 8.493980598
8.503930560, 8.504004251
8.513927400, 8.514008612
8.523935407, 8.524099268
8.533930729, 8.534107856
8.543925583, 8.544118668
8.553925580, 8.554068858
8.563936749, 8.564111934
8.573928640, 8.574097300
8.583925580, 8.584085898
8.593925736, 8.594073308
8.603925596, 8.604087790
8.613927620, 8.614108162
8.623925581, 8.624096213
8.633925701, 8.634068638
8.643925581, 8.644085802
8.653927814, 8.654039855
8.663925581, 8.664091140
8.673925592, 8.674117123
8.683930345, 8.684078969
8.693925776, 8.694033865
8.703931297, 8.704039492
8.713925675, 8.714025539
8.723925577, 8.724003307
8.733938503, 8.734008134
8.743927863, 8.744018478
8.753925594, 8.754013323
8.763929964, 8.764012578
8.773925592, 8.773995163
8.783925600, 8.783990644
8.793925596, 8.793992863
8.803925597, 8.804025176
8.813939724, 8.814018682
8.823936269, 8.824077302
8.833925584, 8.834078146
8.843925581, 8.844026498
8.853925606, 8.854017733
8.863927841, 8.864010683
8.873925585, 8.874000725
8.883925572, 8.884028763
8.893945385, 8.894014320
8.903929983, 8.904009340
8.913925594, 8.913995832
8.923933978, 8.924022584
8.933925577, 8.934015903
8.943925583, 8.943996502
8.953935606, 8.954024273
8.963925599, 8.964015156
8.973927536, 8.974030770
8.983925597, 8.984003629
8.993925782, 8.994036544
9.003935945, 9.004013334
9.013925671, 9.014030071
9.023934731, 9.024061722
9.033925587, 9.034012414
9.043925578, 9.043989803
9.053925581, 9.054015614
9.063936275, 9.064013315
9.073925987, 9.074010102
9.083925581, 9.083997171
9.093925591, 9.094000340
9.103938404, 9.104020000
9.113925586, 9.114036784
9.123925578, 9.123997351
9.133925779, 9.134007985
9.143925591, 9.144000190
9.153929353, 9.154023918
9.163926987, 9.164001597
9.173925596, 9.174007481
9.183931843, 9.184009348
9.193930114, 9.194016495
9.203925594, 9.203999446
9.213931142, 9.214015070
9.223938055, 9.224034927
9.233925585, 9.233994887
9.243925583, 9.243982758
9.253925581, 9.253983364
9.263941538, 9.264063436
9.273925591, 9.274083319
9.283925586, 9.284067692
9.293925719, 9.294073026
9.303925585, 9.304071966
9.313925585, 9.314089996
9.323925581, 9.324101692
9.333930298, 9.334100950
9.343930642, 9.344135780
9.353925600, 9.354108409
9.363925588, 9.364118681
9.373925599, 9.374073488
9.383925599, 9.384098897
9.393925594, 9.394094069
9.403936577, 9.404114165
9.413925907, 9.414075996
9.423925588, 9.424083756
9.433931921, 9.434109751
9.443925596, 9.444103914
9.453925586, 9.454067784
9.463925585, 9.464103571
9.473925842, 9.474088600
9.483934488, 9.484104624
9.493928984, 9.494079616
9.503926884, 9.504087844
9.513943161, 9.514126234
9.523933144, 9.524103773
9.533931477, 9.534099224
9.543925578, 9.544078593
9.553925594, 9.554093363
9.563925596, 9.564087949
9.573927904, 9.574082305
9.583925583, 9.584082190
9.593925586, 9.594081137
9.603927148, 9.604101537
9.613929731, 9.614094863
9.623925578, 9.624061233
9.633932926, 9.634081921
9.643928681, 9.644086033
9.653925577, 9.654067149
9.663925578, 9.664102488
9.673927099, 9.674074995
9.683925671, 9.684092083
9.693925589, 9.694005070
9.703927751, 9.704087297
9.713925580, 9.714071111
9.723925580, 9.724078928
9.733926434, 9.734076114
9.743925592, 9.744073185
9.753925578, 9.754055860
9.763925577, 9.763995839
9.773925580, 9.774012111
9.783925597, 9.784014972
9.793925820, 9.794007496
9.803925596, 9.804016969
9.813925597, 9.814002352
9.823925589, 9.824023026
9.833925578, 9.834019322
9.843933495, 9.844015940
9.853925591, 9.854004090
9.863925589, 9.864024233
9.873925585, 9.873989676
9.883926019, 9.884084286
9.893937099, 9.894128935
9.903925579, 9.904072005
9.913925572, 9.914079188
9.923925590, 9.924083910
9.933925596, 9.934074019
9.943933173, 9.944079098
9.953925581, 9.954104793
9.963925600, 9.964099862
9.973928973, 9.974118229
9.983925594, 9.984026572
9.993925578, 9.993984880
10.003925577, 10.004038890
10.013925564, 10.014051362
10.023925570, 10.024050898
10.033925578, 10.034041590
10.043925581, 10.044032343
10.053925575, 10.054035142
10.063925569, 10.064034321
10.073925575, 10.074035832
10.083925569, 10.084034927
10.093925569, 10.094031133
10.103925575, 10.104034736
10.113925575, 10.114073049
10.123925569, 10.124069765
10.133925566, 10.134068477
10.143925566, 10.144073550
10.153925570, 10.154074549
10.163925575, 10.164068785
10.173925574, 10.174069407
10.183925574, 10.184070324
10.193925567, 10.194140992
10.203925572, 10.204070225
10.213925570, 10.214067361
10.223925570, 10.224079581
10.233925574, 10.234073263
10.243925569, 10.244074595
10.253925572, 10.254067122
10.263925575, 10.264066676
10.273925577, 10.274070766
10.283925570, 10.284070271
10.293925575, 10.294075056
10.303925574, 10.304072015
10.313925572, 10.314070605
10.323925574, 10.324070211
10.333925569, 10.334074098
10.343925570, 10.344069388
10.353925569, 10.354070181
10.363925574, 10.364068949
10.373925574, 10.374067924
10.383925570, 10.384069603
10.393925569, 10.394072860
10.403925578, 10.404071947
10.413925572, 10.414070790
10.423925575, 10.424073222
10.433925578, 10.434076394
10.443925577, 10.444073125
10.453925578, 10.454112927
10.463925583, 10.464071542
10.473925581, 10.474072847
10.483925581, 10.484069767
10.493925570, 10.494068212
10.503925566, 10.504074169
10.513925581, 10.514072303
10.523925574, 10.524070774
10.533925578, 10.534067999
10.543925581, 10.544070291
10.553925577, 10.554077366
10.563925572, 10.564066009
10.573925570, 10.574070691
10.583925577, 10.584071354
10.593925574, 10.594070983
10.603925570, 10.604068708
10.613925567, 10.614074530
10.623925569, 10.624072508
10.633925578, 10.634071084
10.643925570, 10.644073790
10.653925569, 10.654069775
10.663925569, 10.664069606
10.673925572, 10.674065956
10.683925569, 10.684071730
10.693925574, 10.694066436
10.703925569, 10.704074932
10.713925575, 10.714074088
10.723925572, 10.724073288
10.733925575, 10.734071870
10.743925572, 10.744135952
10.753925577, 10.754064200
10.763925575, 10.764070086
10.773925580, 10.774063766
10.783925577, 10.784069532
10.793925572, 10.794072731
10.803925566, 10.804071578
10.813925572, 10.814070343
10.823925575, 10.824067995
10.833925575, 10.834070703
10.843925574, 10.844068062
10.853925574, 10.853996994
10.863925581, 10.864068101
10.873925567, 10.874066314
10.883925570, 10.884069263
10.893925570, 10.894074557
10.903925572, 10.904069320
10.913925572, 10.914069443
10.923925572, 10.924071490
10.933925572, 10.934072241
10.943925577, 10.944070231
10.953925574, 10.954070399
10.963925570, 10.964071430
10.973925569, 10.974071636
10.983925569, 10.984069232
10.993925567, 10.994071628
11.003925604, 11.004071006
11.013925575, 11.014073788
11.023925577, 11.024068700
11.033925574, 11.034074761
11.043925577, 11.044067320
11.053925577, 11.054074497
11.063925577, 11.064073629
11.073925569, 11.074071660
11.083925580, 11.084071213
11.093925566, 11.094071223
11.103925574, 11.104069578
11.113925574, 11.114071201
11.123925569, 11.124069227
11.133925567, 11.134070640
11.143925577, 11.144068005
11.153925567, 11.154071098
11.163925570, 11.164074733
11.173925577, 11.174068722
11.183925578, 11.184073411
11.193925577, 11.194086762
11.203925575, 11.204071870
11.213925567, 11.214069751
11.223925572, 11.224071354
11.233925577, 11.234070621
11.243925575, 11.244049911
11.253925572, 11.254073053
11.263925574, 11.264066668
11.273925570, 11.274069693
11.283925570, 11.284068779
11.293925575, 11.294070863
11.303925578, 11.304069268
11.313925577, 11.314068903
11.323925569, 11.324073989
11.333925574, 11.334087291
11.343925570, 11.344092636
11.353925570, 11.354088568
11.363925575, 11.364087700
11.373925569, 11.374087730
11.383925569, 11.384094189
11.393925566, 11.394094570
11.403925567, 11.404095283
11.413925575, 11.414092790
11.423925574, 11.424090502
11.433925569, 11.434096081
11.443925575, 11.444096306
11.453925566, 11.454093941
11.463925569, 11.464090310
11.473925572, 11.474087318
11.483925577, 11.484092358
11.493925570, 11.494090537
11.503925581, 11.504095590
11.513925567, 11.514093379
11.523925574, 11.524092437
11.533925575, 11.534090405
11.543925575, 11.544093788
11.553925569, 11.554093823
11.563925570, 11.564089006
11.573925566, 11.574091571
11.583925572, 11.584091691
11.593925575, 11.594088496
11.603925575, 11.604093401
11.613925577, 11.614094747
11.623925569, 11.624091324
11.633925566, 11.634091186
11.643925569, 11.644093949
11.653925569, 11.654093501
11.663925570, 11.664090280
11.673925575, 11.674090114
11.683925575, 11.684090785
11.693925566, 11.694075102
11.703925572, 11.704094014
11.713925572, 11.714093701
11.723925570, 11.724091017
11.733925577, 11.734095997
11.743925569, 11.744093997
11.753925572, 11.754092913
11.763925574, 11.764089175
11.773925570, 11.774089955
11.783925574, 11.784092149
11.793925570, 11.794090460
11.803925572, 11.804091065
11.813925567, 11.814092966
11.823925574, 11.824091166
11.833925572, 11.834091055
11.843925574, 11.844088060
11.853925577, 11.854090081
11.863925570, 11.864090378
11.873925572, 11.874090537
11.883925569, 11.884090891
11.893925574, 11.894093450
11.903925577, 11.904094821
11.913925572, 11.914095888
11.923925580, 11.924091164
11.933925574, 11.934093446
11.943925572, 11.944090924
11.953925575, 11.954092126
11.963925581, 11.964090918
11.973925570, 11.974093436
11.983925578, 11.984091725
11.993925572, 11.994093117
12.003925572, 12.004090646
12.013925577, 12.014091335
12.023925569, 12.024094169
12.033925572, 12.034088873
12.043925575, 12.044089345
12.053925569, 12.054094238
------------------------------
