------------------------------
test was performed using the following parameters: --mps=100 --burst=1 --reply-every=1 --msg-size=12 --time=10
------------------------------
sockperf: [Total Run] RunTime=10.100 sec; SentMessages=1011; ReceivedMessages=1010
sockperf: ========= Printing statistics for Server No: 0
sockperf: [Valid Duration] RunTime=9.990 sec; SentMessages=1000; ReceivedMessages=1000
sockperf: [2;35m====> avg-lat=1334.097 (std-dev=655.069)[0m
sockperf: # dropped messages = 0; # duplicated messages = 0; # out-of-order messages = 0
sockperf: [2;35mTotal 1000 observations[0m; each percentile contains 10.00 observations
sockperf: ---> <MAX> observation = 1991.960
sockperf: ---> percentile  99.99 = 1991.960
sockperf: ---> percentile  99.90 = 1976.773
sockperf: ---> percentile  99.50 = 1967.287
sockperf: ---> percentile  99.00 = 1952.095
sockperf: ---> percentile  95.00 = 1908.426
sockperf: ---> percentile  90.00 = 1882.754
sockperf: ---> percentile  75.00 = 1812.430
sockperf: ---> percentile  50.00 = 1619.868
sockperf: ---> percentile  25.00 = 1177.699
sockperf: ---> <MIN> observation =  108.718
------------------------------
txTime, rxTime
2.065089539, 2.068836023
2.075089522, 2.078768833
2.085089536, 2.088808940
2.095089538, 2.098882049
2.105089532, 2.108763403
2.115089525, 2.118703498
2.125089539, 2.128926148
2.135089539, 2.138854152
2.145089533, 2.148875570
2.155089521, 2.158789280
2.165099355, 2.168921133
2.175089539, 2.178926276
2.185089535, 2.188783095
2.195098010, 2.198946979
2.205095216, 2.209046371
2.215089517, 2.218884851
2.225089530, 2.228800796
2.235089519, 2.238923529
2.245089516, 2.248988637
2.255089522, 2.259073443
2.265089513, 2.268988818
2.275089509, 2.278938123
2.285089535, 2.288915101
2.295089520, 2.298935320
2.305089509, 2.308962372
2.315089518, 2.318923689
2.325089517, 2.328955697
2.335089513, 2.338976172
2.345089528, 2.348936622
2.355089515, 2.358973823
2.365089520, 2.369043068
2.375089523, 2.378895608
2.385089519, 2.388268956
2.395089518, 2.398561991
2.405089530, 2.408476481
2.415089520, 2.418482680
2.425089511, 2.428443223
2.435089518, 2.438470335
2.445089517, 2.448477850
2.455089517, 2.458516976
2.465089532, 2.468473070
2.475089513, 2.478485925
2.485089513, 2.488485784
2.495089519, 2.498450650
2.505089532, 2.508387918
2.515089517, 2.518514566
2.525089532, 2.528510646
2.535089516, 2.538507364
2.545089520, 2.548461390
2.555089524, 2.558542605
2.565089519, 2.568503205
2.575089535, 2.578495562
2.585089511, 2.588507374
2.595089525, 2.598505195
2.605089520, 2.608509905
2.615089525, 2.618492495
2.625089518, 2.628552403
2.635089513, 2.638432099
2.645089535, 2.648587577
2.655089522, 2.658578951
2.665089530, 2.668608927
2.675089518, 2.678639499
2.685089519, 2.688618589
2.695089514, 2.698675107
2.705089528, 2.708763198
2.715089532, 2.718561985
2.725089518, 2.728629427
2.735089521, 2.738725693
2.745089522, 2.748668254
2.755089531, 2.758644604
2.765089530, 2.768632246
2.775089520, 2.778683703
2.785089533, 2.788714454
2.795089526, 2.798592279
2.805089535, 2.808650077
2.815089510, 2.818652356
2.825089539, 2.828630788
2.835089528, 2.838629708
2.845089514, 2.848675144
2.855089522, 2.858719870
2.865089528, 2.868663712
2.875089508, 2.878599270
2.885089512, 2.888686425
2.895089513, 2.898680014
2.905089513, 2.908538515
2.915089537, 2.918703564
2.925089516, 2.928742960
2.935089515, 2.938650942
2.945089516, 2.948730442
2.955089522, 2.958644823
2.965089527, 2.968620847
2.975089528, 2.978606103
2.985089513, 2.988711598
2.995089538, 2.998637970
3.005089536, 3.008622755
3.015089522, 3.018687208
3.025089509, 3.028638386
3.035089522, 3.038702038
3.045089511, 3.048660295
3.055089520, 3.058698251
3.065089530, 3.068700493
3.075089526, 3.078740106
3.085089511, 3.088723128
3.095089523, 3.098797792
3.105089518, 3.108751103
3.115089539, 3.118756357
3.125089538, 3.128760166
3.135089527, 3.138778251
3.145089512, 3.148770782
3.155089515, 3.158739244
3.165089517, 3.168695552
3.175089520, 3.178742225
3.185089527, 3.188883138
3.195089518, 3.198780700
3.205089519, 3.208831479
3.215089518, 3.218772786
3.225089517, 3.228754166
3.235089516, 3.238683035
3.245089530, 3.248851749
3.255089520, 3.258749197
3.265089514, 3.268759004
3.275089520, 3.278785201
3.285089518, 3.288834197
3.295089514, 3.298741608
3.305089541, 3.308748978
3.315089522, 3.318855200
3.325089522, 3.328770525
3.335089524, 3.338785063
3.345089522, 3.348783165
3.355089517, 3.358820755
3.365089535, 3.368858157
3.375089517, 3.378837628
3.385089517, 3.388830506
3.395089517, 3.398835860
3.405089514, 3.408783173
3.415089521, 3.418857653
3.425089539, 3.428966749
3.435089526, 3.438808642
3.445089527, 3.448895491
3.455089518, 3.458909986
3.465089519, 3.468875249
3.475089510, 3.478923548
3.485089536, 3.488893645
3.495089523, 3.498892856
3.505089511, 3.509036810
3.515089517, 3.519001526
3.525089513, 3.527642886
3.535089523, 3.537028206
3.545089533, 3.547040685
3.555089525, 3.557069981
3.565089520, 3.567083316
3.575089517, 3.577077876
3.585089517, 3.587045245
3.595089508, 3.597190053
3.605089529, 3.607196920
3.615089534, 3.617160349
3.625089522, 3.627140826
3.635089513, 3.637210598
3.645089514, 3.647156049
3.655089512, 3.657270170
3.665089531, 3.667235089
3.675089521, 3.677252932
3.685089520, 3.687204644
3.695089518, 3.697283519
3.705089517, 3.707257431
3.715089840, 3.717352744
3.725089529, 3.727397553
3.735089520, 3.737333139
3.745089524, 3.747466241
3.755089513, 3.757361232
3.765089517, 3.767352934
3.775089580, 3.777375328
3.785089530, 3.787377499
3.795089520, 3.797635404
3.805089516, 3.807452251
3.815089519, 3.817434900
3.825089520, 3.827413705
3.835089513, 3.837482976
3.845089532, 3.847468297
3.855089519, 3.857483891
3.865089525, 3.867556107
3.875089516, 3.877444915
3.885089518, 3.887508530
3.895089517, 3.897441823
3.905089532, 3.907597792
3.915089524, 3.917462847
3.925089513, 3.927541213
3.935089514, 3.937524050
3.945089513, 3.947600734
3.955089511, 3.957615961
3.965089534, 3.967708514
3.975089523, 3.977658219
3.985089519, 3.987622136
3.995089512, 3.997625819
4.005089514, 4.007684730
4.015089517, 4.017683363
4.025089530, 4.027721543
4.035089515, 4.037734242
4.045089525, 4.047744169
4.055089518, 4.057770816
4.065089522, 4.067812192
4.075089515, 4.077765582
4.085089537, 4.087802911
4.095089521, 4.097829745
4.105089519, 4.107824716
4.115089520, 4.117897721
4.125089520, 4.127820262
4.135089518, 4.137856750
4.145089538, 4.147927479
4.155089520, 4.157949729
4.165089517, 4.167923806
4.175089520, 4.177932982
4.185089506, 4.188029325
4.195089514, 4.198006501
4.205089529, 4.208035622
4.215089518, 4.217981900
4.225089518, 4.228020565
4.235089515, 4.238053929
4.245089514, 4.248006079
4.255089513, 4.258093282
4.265089533, 4.268045495
4.275089520, 4.278087461
4.285089519, 4.288121933
4.295089518, 4.298182127
4.305089517, 4.308093372
4.315089512, 4.318193260
4.325089534, 4.328125355
4.335089518, 4.338152542
4.345089519, 4.348147418
4.355089522, 4.358168176
4.365089513, 4.368163143
4.375089523, 4.378183159
4.385089535, 4.388234997
4.395089521, 4.398208620
4.405089526, 4.408157217
4.415089524, 4.418261260
4.425089514, 4.428265465
4.435089539, 4.438377417
4.445089538, 4.448237002
4.455089516, 4.458314978
4.465089515, 4.468281952
4.475089521, 4.478266670
4.485089514, 4.488357250
4.495089521, 4.498404522
4.505089538, 4.508396848
4.515089520, 4.518329257
4.525089518, 4.528355570
4.535089517, 4.538345946
4.545089520, 4.548355763
4.555089515, 4.558385625
4.565089535, 4.568319005
4.575089516, 4.578444328
4.585089513, 4.588490054
4.595089520, 4.598475838
4.605089516, 4.608347841
4.615089517, 4.618442451
4.625089533, 4.628436063
4.635089521, 4.638468573
4.645089514, 4.648396109
4.655089524, 4.658410608
4.665089513, 4.668461781
4.675089520, 4.678512668
4.685089528, 4.688459192
4.695089526, 4.698496562
4.705089519, 4.708508909
4.715089524, 4.718595833
4.725089520, 4.728584480
4.735089514, 4.738573999
4.745089528, 4.748532162
4.755089644, 4.758592701
4.765089519, 4.768556233
4.775089518, 4.778577827
4.785089514, 4.788585296
4.795089520, 4.798561217
4.805089532, 4.808619095
4.815089519, 4.818649862
4.825089516, 4.828633806
4.835089516, 4.838641022
4.845089517, 4.848622536
4.855089512, 4.858619756
4.865089539, 4.868619653
4.875089526, 4.878565815
4.885089517, 4.888678421
4.895089520, 4.898709478
4.905089521, 4.908710577
4.915089520, 4.918743106
4.925089535, 4.928720155
4.935089528, 4.938686136
4.945089514, 4.948555660
4.955089520, 4.958718967
4.965089519, 4.968739724
4.975089518, 4.978730978
4.985089533, 4.988735967
4.995089517, 4.998725890
5.005089513, 5.008689415
5.015089521, 5.018740719
5.025089509, 5.028779929
5.035089513, 5.038829772
5.045089530, 5.048853556
5.055089527, 5.058652999
5.065089513, 5.068730476
5.075089526, 5.078856834
5.085089517, 5.088835299
5.095089521, 5.098729536
5.105089530, 5.108803808
5.115089526, 5.118668500
5.125089513, 5.128830620
5.135089522, 5.138894806
5.145089517, 5.148939613
5.155089518, 5.158902250
5.165089527, 5.168725776
5.175089518, 5.178882198
5.185089522, 5.188876279
5.195089518, 5.198849092
5.205089514, 5.208965640
5.215089521, 5.218863629
5.225089530, 5.228962665
5.235089519, 5.238901848
5.245089522, 5.248890303
5.255089522, 5.258926550
5.265089517, 5.268820036
5.275089518, 5.278876733
5.285089522, 5.288798917
5.295089526, 5.298798251
5.305089516, 5.309024091
5.315089523, 5.318832041
5.325089509, 5.328876269
5.335089518, 5.338911672
5.345089530, 5.348954566
5.355089518, 5.358995336
5.365089519, 5.369011484
5.375089518, 5.378983770
5.385089522, 5.388901242
5.395089518, 5.398672566
5.405089528, 5.408455809
5.415089521, 5.418469361
5.425089509, 5.428531044
5.435089527, 5.438503619
5.445089511, 5.448544406
5.455089523, 5.458557293
5.465089532, 5.468567285
5.475089522, 5.478528633
5.485089520, 5.488529335
5.495089522, 5.498623441
5.505089524, 5.508563528
5.515089521, 5.518613583
5.525089535, 5.528621519
5.535089525, 5.538558092
5.545089520, 5.548631341
5.555089519, 5.558557511
5.565089520, 5.568628479
5.575089523, 5.578642646
5.585089539, 5.588614205
5.595089522, 5.598676738
5.605089516, 5.608604842
5.615089524, 5.618706413
5.625089514, 5.628717655
5.635089520, 5.638666271
5.645089539, 5.648644835
5.655089526, 5.658636455
5.665089519, 5.668661881
5.675089517, 5.678767576
5.685089513, 5.688747804
5.695089517, 5.698751404
5.705089538, 5.708755315
5.715089523, 5.718714385
5.725089519, 5.728698605
5.735089522, 5.738740076
5.745089511, 5.748858978
5.755089515, 5.758809749
5.765089533, 5.768606722
5.775089523, 5.778762470
5.785089511, 5.788746713
5.795089521, 5.798792735
5.805089512, 5.808818410
5.815089518, 5.818797823
5.825089532, 5.828786232
5.835089524, 5.838889315
5.845089517, 5.848783841
5.855089524, 5.858812972
5.865089519, 5.868810601
5.875089521, 5.878838763
5.885089535, 5.888906388
5.895089519, 5.898860822
5.905089517, 5.908805830
5.915089515, 5.918817828
5.925089520, 5.928836583
5.935089521, 5.938852755
5.945089541, 5.948807347
5.955089524, 5.958806209
5.965089522, 5.968923817
5.975089522, 5.978845674
5.985089520, 5.988868912
5.995089523, 5.998943408
6.005089538, 6.008953935
6.015089519, 6.018839948
6.025089522, 6.028896656
6.035089528, 6.038884162
6.045089541, 6.048747669
6.055089524, 6.058763758
6.065089535, 6.068948708
6.075089535, 6.078905006
6.085089532, 6.088861231
6.095089541, 6.098856844
6.105089539, 6.108856382
6.115089519, 6.118855350
6.125089526, 6.128873554
6.135091058, 6.138961911
6.145095974, 6.149001260
6.155089544, 6.158929987
6.165089533, 6.168059751
6.175089519, 6.178065782
6.185089525, 6.188136462
6.195089535, 6.198042695
6.205089525, 6.208101329
6.215089540, 6.218061623
6.225089536, 6.228079244
6.235089536, 6.238137849
6.245089536, 6.248075777
6.255089524, 6.258071704
6.265089513, 6.268125463
6.275089532, 6.278051469
6.285089523, 6.288046316
6.295089524, 6.298222264
6.305089535, 6.308115550
6.315089526, 6.318121709
6.325102799, 6.328223390
6.335089524, 6.338102582
6.345089538, 6.348154266
6.355089523, 6.358124188
6.365089532, 6.368193647
6.375089542, 6.378116311
6.385089518, 6.388109612
6.395090980, 6.398237085
6.405089520, 6.408143152
6.415089521, 6.418127047
6.425089543, 6.428235485
6.435089529, 6.438373558
6.445089528, 6.448193010
6.455089535, 6.458149472
6.465089519, 6.468160573
6.475089522, 6.478217261
6.485089532, 6.488227538
6.495089528, 6.498145035
6.505089533, 6.508237085
6.515089529, 6.518162009
6.525089524, 6.528250694
6.535089516, 6.538146278
6.545089531, 6.548194887
6.555089528, 6.558261526
6.565089520, 6.568260346
6.575089523, 6.578260549
6.585089525, 6.588229047
6.595092765, 6.598252222
6.605089530, 6.608230494
6.615089530, 6.618222573
6.625089530, 6.628246515
6.635089534, 6.638201088
6.645089520, 6.648327361
6.655089532, 6.658291974
6.665089518, 6.668245758
6.675089527, 6.678305064
6.685094194, 6.688368126
6.695089524, 6.698278050
6.705089535, 6.708287111
6.715089532, 6.718273993
6.725089539, 6.728277714
6.735089532, 6.738285482
6.745089523, 6.748348146
6.755089539, 6.758302381
6.765089518, 6.768307705
6.775089518, 6.778360151
6.785089513, 6.788361106
6.795089543, 6.798368105
6.805089536, 6.808336761
6.815089527, 6.818314082
6.825089535, 6.828307704
6.835089528, 6.838329518
6.845089520, 6.848373651
6.855089521, 6.858365244
6.865089520, 6.868334541
6.875089523, 6.878402972
6.885089525, 6.888424364
6.895089526, 6.898424783
6.905091390, 6.908449459
6.915089533, 6.918397428
6.925089530, 6.928398004
6.935089537, 6.938447007
6.945089526, 6.948341908
6.955089520, 6.958501977
6.965089525, 6.968472254
6.975089521, 6.978475626
6.985089522, 6.988525387
6.995089527, 6.998568742
7.005089530, 7.008586910
7.015096465, 7.018541823
7.025089519, 7.028551021
7.035089532, 7.038526607
7.045089530, 7.048518013
7.055091547, 7.058592256
7.065089528, 7.068534679
7.075089524, 7.078548192
7.085089527, 7.088567277
7.095089530, 7.098538207
7.105089522, 7.108558626
7.115090549, 7.118619468
7.125089525, 7.128571709
7.135089535, 7.138616754
7.145089533, 7.148595294
7.155089535, 7.158567417
7.165089519, 7.168587829
7.175096663, 7.178553878
7.185089533, 7.188563213
7.195089521, 7.198579029
7.205089533, 7.208579478
7.215089528, 7.218584503
7.225089519, 7.228594102
7.235089544, 7.238616527
7.245091350, 7.248662555
7.255089524, 7.258653126
7.265089525, 7.268639033
7.275089528, 7.278665405
7.285089517, 7.288638608
7.295089532, 7.298630243
7.305091895, 7.308706679
7.315093000, 7.318712764
7.325089522, 7.328591320
7.335089523, 7.338685251
7.345089533, 7.348671402
7.355089524, 7.358649608
7.365089528, 7.368751007
7.375092056, 7.378714432
7.385089523, 7.388711939
7.395089534, 7.398692970
7.405089533, 7.408770411
7.415089521, 7.418708556
7.425095943, 7.428720076
7.435089521, 7.438720665
7.445089520, 7.448693332
7.455092336, 7.458732574
7.465089530, 7.468805732
7.475089525, 7.478722680
7.485089539, 7.488715779
7.495089542, 7.498787367
7.505089525, 7.508743163
7.515090734, 7.518734945
7.525090978, 7.528777531
7.535089534, 7.538757988
7.545089538, 7.548777796
7.555089542, 7.558758126
7.565089620, 7.568850903
7.575090275, 7.578821245
7.585089535, 7.588752187
7.595089540, 7.598771433
7.605089536, 7.608838423
7.615089531, 7.618760581
7.625089517, 7.628786236
7.635089526, 7.638866686
7.645089527, 7.648839943
7.655089547, 7.658834824
7.665089530, 7.668899178
7.675106226, 7.678896204
7.685089538, 7.688758715
7.695089521, 7.698748942
7.705089524, 7.708800842
7.715089523, 7.718779891
7.725093141, 7.728847910
7.735089517, 7.738822506
7.745096742, 7.748833432
7.755089524, 7.758828288
7.765089530, 7.768754076
7.775089524, 7.778818365
7.785089522, 7.788768590
7.795091657, 7.798819561
7.805089535, 7.808861825
7.815092960, 7.818787447
7.825089533, 7.828779922
7.835089525, 7.838869252
7.845089517, 7.848814160
7.855089528, 7.858779352
7.865089524, 7.868813268
7.875089530, 7.878860146
7.885089507, 7.888808892
7.895089530, 7.898880588
7.905089535, 7.908874390
7.915089526, 7.918855035
7.925089533, 7.927262416
7.935089517, 7.937859030
7.945089535, 7.947846657
7.955089520, 7.957870685
7.965089532, 7.967901666
7.975089528, 7.977811883
7.985089528, 7.987857496
7.995089515, 7.997913934
8.005089513, 8.007869589
8.015089513, 8.017934199
8.025089528, 8.028001321
8.035089529, 8.038003198
8.045089532, 8.048014136
8.055089539, 8.057982015
8.065089528, 8.068038994
8.075089515, 8.078024987
8.085089519, 8.088082020
8.095089520, 8.098118075
8.105089535, 8.108074367
8.115089526, 8.118008515
8.125089517, 8.128093111
8.135089520, 8.138090190
8.145089522, 8.148063525
8.155089517, 8.158111292
8.165089527, 8.168054696
8.175089530, 8.178062891
8.185089533, 8.188194211
8.195089528, 8.198171518
8.205089525, 8.208101512
8.215089532, 8.218164907
8.225089532, 8.228192699
8.235089515, 8.238215574
8.245089517, 8.248091631
8.255089539, 8.258165695
8.265089513, 8.268183818
8.275089529, 8.278197359
8.285089528, 8.288227184
8.295089522, 8.298233183
8.305089539, 8.308294995
8.315089518, 8.318232331
8.325089538, 8.328247280
8.335089540, 8.338320093
8.345089539, 8.348329873
8.355089517, 8.358317562
8.365089532, 8.368311196
8.375089513, 8.378317088
8.385089517, 8.388333869
8.395089512, 8.398359710
8.405089530, 8.408315203
8.415089523, 8.418269329
8.425089522, 8.428347222
8.435089523, 8.438340651
8.445089520, 8.448414957
8.455089515, 8.458386765
8.465089528, 8.468402178
8.475089529, 8.478407177
8.485089532, 8.488392940
8.495089520, 8.498455676
8.505089527, 8.508427801
8.515089529, 8.518449519
8.525089530, 8.528375867
8.535089533, 8.538359971
8.545089520, 8.548440776
8.555089536, 8.558444442
8.565089530, 8.568439330
8.575089535, 8.578421207
8.585089525, 8.588535579
8.595089524, 8.598478089
8.605089538, 8.608469862
8.615089534, 8.618462457
8.625089515, 8.628446463
8.635089537, 8.638465746
8.645089530, 8.648514440
8.655089534, 8.658541142
8.665089522, 8.668570094
8.675089537, 8.678570478
8.685089538, 8.688572856
8.695089532, 8.698577133
8.705089530, 8.708709117
8.715089538, 8.718669674
8.725089536, 8.728646373
8.735089538, 8.738634274
8.745089532, 8.748612224
8.755089535, 8.758678562
8.765089535, 8.768731169
8.775089517, 8.778813095
8.785089530, 8.788789017
8.795089539, 8.798742851
8.805089532, 8.808781551
8.815089532, 8.818713010
8.825089528, 8.828746176
8.835089530, 8.838771040
8.845089528, 8.848725126
8.855089518, 8.858792041
8.865089528, 8.868729280
8.875089535, 8.878856335
8.885089527, 8.888871900
8.895089524, 8.898802079
8.905089527, 8.908822674
8.915089532, 8.918824417
8.925089530, 8.928897308
8.935089529, 8.938814498
8.945089536, 8.948871471
8.955089521, 8.958898481
8.965089525, 8.968888457
8.975089534, 8.978937166
8.985089532, 8.988845310
8.995089539, 8.998914244
9.005089547, 9.009040501
9.015089530, 9.018965286
9.025089514, 9.028968814
9.035089528, 9.038993720
9.045089519, 9.048924296
9.055089515, 9.058949533
9.065089538, 9.068956886
9.075089517, 9.077492277
9.085089535, 9.087522175
9.095089526, 9.097495621
9.105089512, 9.107607918
9.115089513, 9.117574954
9.125089526, 9.127500970
9.135089533, 9.137518173
9.145089533, 9.147667550
9.155089518, 9.157559842
9.165089524, 9.167543052
9.175089525, 9.177620316
9.185089536, 9.187700515
9.195089513, 9.197698700
9.205089528, 9.207665132
9.215089527, 9.217718496
9.225089528, 9.227632452
9.235089527, 9.237685032
9.245089518, 9.247723541
9.255089512, 9.257699912
9.265089533, 9.267708157
9.275089518, 9.277678337
9.285089532, 9.287727802
9.295089531, 9.297716105
9.305089527, 9.307737198
9.315089534, 9.317760818
9.325089535, 9.327785822
9.335089529, 9.337816743
9.345089533, 9.347842515
9.355089520, 9.357813537
9.365089532, 9.367870924
9.375089528, 9.377897839
9.385089530, 9.387849524
9.395089520, 9.397919016
9.405089528, 9.407957396
9.415089535, 9.417904939
9.425089539, 9.427898825
9.435089521, 9.438009901
9.445089536, 9.447928279
9.455089539, 9.457936620
9.465089536, 9.467985815
9.475089529, 9.478010072
9.485089528, 9.487930945
9.495089538, 9.498044810
9.505089515, 9.508022246
9.515089513, 9.518051864
9.525089530, 9.528044823
9.535089534, 9.538086766
9.545089533, 9.548016429
9.555089539, 9.558046899
9.565089518, 9.568095482
9.575089517, 9.578113217
9.585089511, 9.588129229
9.595089510, 9.598056585
9.605089533, 9.608157864
9.615089514, 9.618206882
9.625089532, 9.628195087
9.635089517, 9.638278715
9.645089528, 9.648164305
9.655089529, 9.658227692
9.665089535, 9.668246484
9.675089526, 9.678193490
9.685089522, 9.688194376
9.695089515, 9.698206898
9.705089516, 9.708279754
9.715089534, 9.718162499
9.725089532, 9.728242844
9.735089516, 9.738215523
9.745089532, 9.748236394
9.755089523, 9.758324105
9.765089530, 9.768301528
9.775089529, 9.778289841
9.785089539, 9.788236046
9.795089520, 9.798317294
9.805089536, 9.808310499
9.815089521, 9.818320587
9.825089519, 9.828337785
9.835089515, 9.838356346
9.845089554, 9.848383795
9.855089525, 9.858356309
9.865089519, 9.866834169
9.875089513, 9.876528438
9.885089590, 9.886468926
9.895089522, 9.896420250
9.905089521, 9.906472437
9.915089518, 9.916428949
9.925089578, 9.926444536
9.935089578, 9.936427800
9.945089582, 9.945346641
9.955089512, 9.955306950
9.965089530, 9.965377582
9.975089528, 9.975368536
9.985089518, 9.985370473
9.995089528, 9.995407386
10.005089527, 10.005368369
10.015089506, 10.015359114
10.025089530, 10.025366973
10.035089523, 10.035371777
10.045089515, 10.045363481
10.055089533, 10.055365838
10.065089524, 10.065372697
10.075089514, 10.075373741
10.085089532, 10.085368625
10.095089512, 10.095363527
10.105089515, 10.105362944
10.115089518, 10.115365703
10.125089510, 10.125362037
10.135089509, 10.135360334
10.145089524, 10.145371968
10.155089515, 10.155375345
10.165089518, 10.165357534
10.175089526, 10.175360958
10.185089529, 10.185359573
10.195089528, 10.195371789
10.205089527, 10.205366193
10.215089509, 10.215366213
10.225089518, 10.225365842
10.235089526, 10.235375836
10.245089507, 10.245365895
10.255089509, 10.255368704
10.265089527, 10.265377151
10.275089514, 10.275360078
10.285089513, 10.285371989
10.295089530, 10.295364921
10.305089508, 10.305365585
10.315089530, 10.315374307
10.325089526, 10.325361901
10.335089514, 10.335365341
10.345089508, 10.345364767
10.355089526, 10.355363504
10.365089530, 10.365361721
10.375089507, 10.375363847
10.385089527, 10.385367051
10.395089511, 10.395375753
10.405089516, 10.405358270
10.415089530, 10.415361165
10.425089524, 10.425361696
10.435089506, 10.435360725
10.445089527, 10.445363817
10.455089511, 10.455361744
10.465089511, 10.465362638
10.475089526, 10.475361885
10.485089505, 10.485355569
10.495089511, 10.495364286
10.505089527, 10.505371824
10.515089517, 10.515345977
10.525089515, 10.525371438
10.535089531, 10.535366857
10.545089524, 10.545365994
10.555089506, 10.555371408
10.565089524, 10.565370532
10.575089512, 10.575363094
10.585089510, 10.585362916
10.595089528, 10.595366628
10.605089524, 10.605361484
10.615089506, 10.615356639
10.625089526, 10.625368898
10.635089512, 10.635370762
10.645089519, 10.645367551
10.655089531, 10.655366393
10.665089530, 10.665363174
10.675089512, 10.675362151
10.685089532, 10.685361005
10.695089514, 10.695367214
10.705089510, 10.705366121
10.715089525, 10.715374895
10.725089530, 10.725362915
10.735089533, 10.735367154
10.745089530, 10.745361663
10.755089518, 10.755360035
10.765089513, 10.765370581
10.775089523, 10.775364103
10.785089529, 10.785371120
10.795089514, 10.795368452
10.805089532, 10.805374783
10.815089511, 10.815365965
10.825089515, 10.825372314
10.835089528, 10.835361776
10.845089515, 10.845363178
10.855089515, 10.855364412
10.865089530, 10.865371174
10.875089512, 10.875351616
10.885089515, 10.885369207
10.895089526, 10.895369271
10.905089529, 10.905361441
10.915089507, 10.915371402
10.925089530, 10.925368409
10.935089511, 10.935369093
10.945089510, 10.945363692
10.955089528, 10.955375886
10.965089530, 10.965362194
10.975089511, 10.975371405
10.985089530, 10.985368394
10.995089515, 10.995364931
11.005089518, 11.005370075
11.015089525, 11.015362880
11.025089532, 11.025365301
11.035089533, 11.035377357
11.045089527, 11.045367265
11.055089511, 11.055374404
11.065089516, 11.065360828
11.075089528, 11.075362887
11.085089532, 11.085361534
11.095089509, 11.095361128
11.105089522, 11.105365680
11.115089512, 11.115373564
11.125089518, 11.125360886
11.135089525, 11.135365945
11.145089522, 11.145366089
11.155089506, 11.155370246
11.165089527, 11.165357485
11.175089514, 11.175362307
11.185089519, 11.185362796
11.195089525, 11.195359653
11.205089508, 11.205359762
11.215089507, 11.215362614
11.225089530, 11.225358473
11.235089515, 11.235360385
11.245089505, 11.245359529
11.255089531, 11.255357633
11.265089532, 11.265361732
11.275089509, 11.275363677
11.285089526, 11.285363408
11.295089518, 11.295356442
11.305089527, 11.305361849
11.315089526, 11.315371526
11.325089526, 11.325368440
11.335089507, 11.335358364
11.345089529, 11.345375801
11.355089515, 11.355366343
11.365089518, 11.365364919
11.375089523, 11.375360823
11.385089526, 11.385366798
11.395089506, 11.395365637
11.405089524, 11.405364154
11.415089517, 11.415370348
11.425089518, 11.425373507
11.435089534, 11.435366661
11.445089524, 11.445365188
11.455089512, 11.455361672
11.465089526, 11.465369249
11.475089514, 11.475360176
11.485089518, 11.485369155
11.495089528, 11.495371839
11.505089526, 11.505366618
11.515089507, 11.515370480
11.525089522, 11.525362744
11.535089509, 11.535363634
11.545089513, 11.545368440
11.555089533, 11.555363639
11.565089524, 11.565369593
11.575089509, 11.575370253
11.585089524, 11.585366512
11.595089517, 11.595372206
11.605089518, 11.605364805
11.615089533, 11.615368420
11.625089529, 11.625363891
11.635089512, 11.635366533
11.645089532, 11.645363685
11.655089514, 11.655355699
11.665089516, 11.665363558
11.675089531, 11.675370607
11.685089526, 11.685365614
11.695089507, 11.695364616
11.705089530, 11.705370602
11.715089512, 11.715362459
11.725089511, 11.725360676
11.735089528, 11.735363685
11.745089527, 11.745372327
11.755089515, 11.755371496
11.765089530, 11.765359843
11.775089518, 11.775373497
11.785089508, 11.785363709
11.795089526, 11.795372838
11.805089529, 11.805361570
11.815089506, 11.815391143
11.825089529, 11.825386575
11.835089517, 11.835392874
11.845089515, 11.845383228
11.855089528, 11.855383250
11.865089541, 11.865383137
11.875089512, 11.875384854
11.885089524, 11.885379570
11.895089515, 11.895378645
11.905089511, 11.905382689
11.915089528, 11.915389980
11.925089507, 11.925379235
11.935089507, 11.935383156
11.945089524, 11.945383281
11.955089509, 11.955382722
11.965089513, 11.965383561
11.975089530, 11.975389190
11.985089532, 11.985385330
11.995089507, 11.995392024
12.005089529, 12.005382836
12.015089518, 12.015383315
12.025089513, 12.025383452
12.035089530, 12.035391001
12.045089529, 12.045383082
12.055089509, 12.055382952
------------------------------
