------------------------------
test was performed using the following parameters: --mps=100 --burst=1 --reply-every=1 --msg-size=12 --time=10
------------------------------
sockperf: [Total Run] RunTime=10.100 sec; SentMessages=1011; ReceivedMessages=1010
sockperf: ========= Printing statistics for Server No: 0
sockperf: [Valid Duration] RunTime=9.990 sec; SentMessages=1000; ReceivedMessages=1000
sockperf: [2;35m====> avg-lat= 88.832 (std-dev=40.717)[0m
sockperf: # dropped messages = 0; # duplicated messages = 0; # out-of-order messages = 0
sockperf: [2;35mTotal 1000 observations[0m; each percentile contains 10.00 observations
sockperf: ---> <MAX> observation =  205.468
sockperf: ---> percentile  99.99 =  205.468
sockperf: ---> percentile  99.90 =  204.210
sockperf: ---> percentile  99.50 =  202.101
sockperf: ---> percentile  99.00 =  200.573
sockperf: ---> percentile  95.00 =  180.626
sockperf: ---> percentile  90.00 =  161.914
sockperf: ---> percentile  75.00 =  102.390
sockperf: ---> percentile  50.00 =   79.253
sockperf: ---> percentile  25.00 =   59.442
sockperf: ---> <MIN> observation =   27.820
------------------------------
txTime, rxTime
2.062739545, 2.062906239
2.072739541, 2.072884181
2.082739918, 2.082903215
2.092739527, 2.092894823
2.102739536, 2.102912431
2.112739529, 2.112871469
2.122739539, 2.122865218
2.132739529, 2.132949112
2.142739528, 2.142885372
2.152739525, 2.152863553
2.162739525, 2.162899165
2.172739525, 2.172894990
2.182739536, 2.182878722
2.192739538, 2.192886311
2.202739536, 2.202924917
2.212739519, 2.212902406
2.222739539, 2.222912660
2.232739541, 2.232900103
2.242739536, 2.242895919
2.252739541, 2.252909500
2.262739542, 2.262857885
2.272739516, 2.272883914
2.282739539, 2.282884204
2.292739525, 2.292887140
2.302739547, 2.302970800
2.312739541, 2.312868954
2.322739534, 2.322894924
2.332739514, 2.332942482
2.342739529, 2.342879764
2.352739535, 2.352904700
2.362739540, 2.362927324
2.372739527, 2.372933349
2.382739526, 2.382890017
2.392739519, 2.392898988
2.402739542, 2.402986601
2.412739544, 2.412898052
2.422739534, 2.422873815
2.432739529, 2.432926268
2.442739536, 2.442937040
2.452739525, 2.452904288
2.462739534, 2.462912520
2.472739540, 2.472892584
2.482739542, 2.482885904
2.492739527, 2.492882354
2.502739531, 2.502942909
2.512739530, 2.512959104
2.522739528, 2.522857786
2.532739522, 2.532845561
2.542739523, 2.542837208
2.552739538, 2.552834447
2.562739539, 2.562843713
2.572739524, 2.572841465
2.582739523, 2.582835645
2.592739536, 2.592836962
2.602739540, 2.602844266
2.612739522, 2.612831480
2.622739521, 2.622833602
2.632739529, 2.632841173
2.642739536, 2.642834707
2.652739541, 2.652837507
2.662739542, 2.662843312
2.672739541, 2.672836661
2.682739520, 2.682831925
2.692739519, 2.692841233
2.702739540, 2.702830261
2.712739519, 2.712859452
2.722739544, 2.722843978
2.732739522, 2.732892656
2.742739537, 2.742837170
2.752739525, 2.752826764
2.762739528, 2.762884373
2.772739540, 2.772836645
2.782739518, 2.782843728
2.792739524, 2.792872118
2.802739532, 2.802835159
2.812739524, 2.812798988
2.822739537, 2.822866841
2.832739538, 2.832841050
2.842739528, 2.842836693
2.852739540, 2.852851412
2.862739526, 2.862843002
2.872739538, 2.872849887
2.882739537, 2.882839260
2.892739536, 2.892858191
2.902739534, 2.902873872
2.912739522, 2.912918138
2.922739523, 2.922878468
2.932739538, 2.932889101
2.942739531, 2.942950513
2.952739524, 2.952954160
2.962739525, 2.962882840
2.972739522, 2.972802241
2.982739525, 2.982836505
2.992739525, 2.992839688
3.002739532, 3.002966319
3.012739540, 3.012883426
3.022739531, 3.022891658
3.032739524, 3.032891959
3.042739547, 3.042856469
3.052739521, 3.052845919
3.062739537, 3.062837776
3.072739527, 3.072831193
3.082739542, 3.082915504
3.092739524, 3.092929907
3.102739539, 3.102839913
3.112739536, 3.112838720
3.122739534, 3.122836005
3.132739535, 3.132841843
3.142739525, 3.142869339
3.152740844, 3.152841356
3.162739536, 3.162918292
3.172739522, 3.172838470
3.182739528, 3.182840610
3.192739543, 3.192845436
3.202739523, 3.202930380
3.212739527, 3.212872710
3.222739514, 3.222928669
3.232739540, 3.232837101
3.242739561, 3.242872989
3.252739543, 3.252893869
3.262739521, 3.262876486
3.272739538, 3.272856261
3.282739528, 3.282871366
3.292739525, 3.292834229
3.302739532, 3.302923675
3.312739529, 3.312926859
3.322739540, 3.322846522
3.332739525, 3.332873182
3.342739542, 3.342834014
3.352739517, 3.352886429
3.362739529, 3.362917430
3.372739543, 3.372922520
3.382739529, 3.382951545
3.392739525, 3.392921266
3.402739528, 3.402948434
3.412739522, 3.412937412
3.422739520, 3.422913347
3.432739524, 3.432840311
3.442739526, 3.442873336
3.452739525, 3.452852984
3.462739525, 3.462966944
3.472739549, 3.472849455
3.482739528, 3.482860978
3.492739516, 3.492915456
3.502739536, 3.502917293
3.512739525, 3.512922716
3.522739526, 3.522861757
3.532739525, 3.532915702
3.542739534, 3.542882271
3.552739522, 3.552840530
3.562739527, 3.562909678
3.572739521, 3.572910416
3.582739526, 3.582846528
3.592739525, 3.592839531
3.602739540, 3.602836281
3.612739536, 3.612834387
3.622739523, 3.622880029
3.632739540, 3.632904726
3.642739528, 3.642868637
3.652739525, 3.652831130
3.662739537, 3.662839126
3.672739541, 3.672843341
3.682740900, 3.682840904
3.692739541, 3.692867325
3.702739534, 3.702854314
3.712739525, 3.712845626
3.722739542, 3.722902044
3.732739521, 3.732909977
3.742739537, 3.742835495
3.752739536, 3.752829862
3.762739539, 3.762893133
3.772739527, 3.772880838
3.782739540, 3.782898993
3.792739521, 3.792877281
3.802739526, 3.802833663
3.812739541, 3.812832548
3.822739531, 3.822917405
3.832739521, 3.832842612
3.842739544, 3.842881439
3.852739529, 3.852882509
3.862739520, 3.862848867
3.872739533, 3.872832134
3.882739523, 3.882868663
3.892739521, 3.892860791
3.902739528, 3.902873692
3.912739543, 3.912875584
3.922739540, 3.922851467
3.932739535, 3.932866780
3.942739517, 3.942865860
3.952739521, 3.952916203
3.962739547, 3.962855961
3.972739527, 3.972918593
3.982739532, 3.982839999
3.992739532, 3.992893176
4.002739539, 4.002856963
4.012739527, 4.012829681
4.022739540, 4.022841878
4.032739538, 4.032845413
4.042739521, 4.042838211
4.052739521, 4.052899765
4.062739537, 4.062841413
4.072739529, 4.072849156
4.082739540, 4.082879445
4.092739541, 4.092836969
4.102739528, 4.102851709
4.112739546, 4.112846463
4.122739526, 4.122840097
4.132739540, 4.132880987
4.142739536, 4.142840353
4.152739535, 4.152852218
4.162739539, 4.162838722
4.172739521, 4.172834375
4.182739536, 4.182846733
4.192739521, 4.192879744
4.202739540, 4.202876881
4.212739538, 4.212868015
4.222739529, 4.222867447
4.232739524, 4.232832232
4.242739518, 4.242926228
4.252739521, 4.252845228
4.262739534, 4.262885816
4.272739541, 4.272870449
4.282739525, 4.282893428
4.292739536, 4.292936615
4.302739536, 4.302904679
4.312739532, 4.312837030
4.322739536, 4.322840209
4.332739527, 4.332857165
4.342739525, 4.342893690
4.352739540, 4.352876373
4.362739523, 4.362925789
4.372739540, 4.372953799
4.382739532, 4.382936506
4.392739525, 4.392913280
4.402739537, 4.402864478
4.412739544, 4.412834717
4.422739523, 4.422836814
4.432739536, 4.432832396
4.442739545, 4.442839503
4.452739539, 4.452857462
4.462739538, 4.462866018
4.472739525, 4.472933646
4.482739523, 4.482944003
4.492739519, 4.492989591
4.502739539, 4.503007776
4.512739513, 4.512981323
4.522739542, 4.522980209
4.532739536, 4.532954825
4.542739526, 4.542971171
4.552739519, 4.552860239
4.562739525, 4.562925760
4.572739527, 4.572897174
4.582739528, 4.582959902
4.592739536, 4.592970415
4.602739512, 4.602942025
4.612739516, 4.612882572
4.622739523, 4.622991807
4.632739529, 4.632924711
4.642739528, 4.642937973
4.652739524, 4.652863381
4.662739529, 4.662852588
4.672739524, 4.672835884
4.682739523, 4.682804992
4.692739514, 4.692854499
4.702739525, 4.702842747
4.712739527, 4.712866218
4.722739523, 4.722902322
4.732739525, 4.732848105
4.742739531, 4.742828629
4.752739534, 4.752876584
4.762739523, 4.762864566
4.772739576, 4.772824815
4.782739563, 4.782852086
4.792739597, 4.792873590
4.802739534, 4.802825974
4.812739535, 4.812886561
4.822739546, 4.822890482
4.832739554, 4.832847609
4.842739528, 4.842876226
4.852739538, 4.852887784
4.862739544, 4.862898364
4.872739542, 4.872858592
4.882739547, 4.882884032
4.892739529, 4.892835415
4.902739531, 4.902855591
4.912739535, 4.912888804
4.922739539, 4.922856368
4.932739537, 4.932870140
4.942739533, 4.942874603
4.952739624, 4.952993808
4.962739539, 4.962936304
4.972739530, 4.972866710
4.982739531, 4.982859909
4.992739529, 4.992885754
5.002739520, 5.002848093
5.012739522, 5.012851160
5.022739531, 5.022798593
5.032739517, 5.032887317
5.042739521, 5.042862835
5.052739524, 5.052888843
5.062739523, 5.062858182
5.072739525, 5.072883785
5.082739525, 5.083039838
5.092739543, 5.092894126
5.102739525, 5.102856470
5.112739522, 5.112858407
5.122739521, 5.122848053
5.132739522, 5.132895263
5.142739525, 5.142911380
5.152739519, 5.152895456
5.162739528, 5.162872588
5.172739524, 5.172865289
5.182739518, 5.182867742
5.192739524, 5.192856831
5.202739521, 5.202896267
5.212739516, 5.212889766
5.222739525, 5.222845576
5.232739525, 5.232870437
5.242739531, 5.242858676
5.252739525, 5.252888900
5.262739520, 5.262843999
5.272739522, 5.272846507
5.282739521, 5.282895002
5.292739525, 5.292860767
5.302739528, 5.302875679
5.312739525, 5.312932126
5.322739526, 5.322910823
5.332739510, 5.332913451
5.342739525, 5.342901331
5.352739526, 5.352876860
5.362739525, 5.362873687
5.372739523, 5.372893671
5.382739522, 5.382917146
5.392739518, 5.392884057
5.402739528, 5.402891631
5.412739519, 5.412894563
5.422739522, 5.422894435
5.432739529, 5.432882858
5.442739522, 5.442884007
5.452739521, 5.452911054
5.462739525, 5.462799416
5.472739524, 5.472819148
5.482739550, 5.482903685
5.492739523, 5.492899672
5.502739555, 5.502911904
5.512739523, 5.512904657
5.522739528, 5.522918413
5.532739573, 5.532926047
5.542739571, 5.542928870
5.552739529, 5.552887578
5.562739525, 5.562920760
5.572739524, 5.572897007
5.582739531, 5.582915744
5.592739572, 5.592920667
5.602739538, 5.602885521
5.612739537, 5.612910198
5.622739523, 5.622908650
5.632739529, 5.632899279
5.642739525, 5.642990344
5.652739586, 5.652934630
5.662739531, 5.662889298
5.672739529, 5.672925334
5.682739536, 5.682901037
5.692739546, 5.692916345
5.702739534, 5.702892550
5.712739529, 5.712905299
5.722739541, 5.722928971
5.732739542, 5.732946114
5.742739525, 5.742884934
5.752739516, 5.752908558
5.762739525, 5.762909777
5.772739524, 5.772890305
5.782739517, 5.782938278
5.792739525, 5.792992050
5.802739521, 5.802922253
5.812739525, 5.812893913
5.822739520, 5.822881414
5.832739521, 5.832875776
5.842739528, 5.842935185
5.852739514, 5.852885286
5.862739520, 5.862885941
5.872739516, 5.872890730
5.882739528, 5.882869812
5.892739521, 5.892942494
5.902739521, 5.902887804
5.912739532, 5.912892255
5.922739521, 5.922916227
5.932739525, 5.932985796
5.942739528, 5.942899478
5.952739525, 5.952957012
5.962739528, 5.962904501
5.972739527, 5.972897156
5.982739518, 5.982879999
5.992739519, 5.992984466
6.002739531, 6.003041691
6.012739521, 6.012931175
6.022739528, 6.022881002
6.032739524, 6.032869548
6.042739529, 6.042908198
6.052739524, 6.052887253
6.062739526, 6.062896661
6.072739527, 6.072922114
6.082739528, 6.082913563
6.092739527, 6.092896132
6.102739529, 6.102917242
6.112739522, 6.112964368
6.122739525, 6.122944682
6.132739522, 6.132874319
6.142739517, 6.142941464
6.152739525, 6.152895811
6.162739529, 6.162879533
6.172739511, 6.172919828
6.182739520, 6.182891380
6.192739522, 6.192957050
6.202739521, 6.202968677
6.212739525, 6.212914264
6.222739521, 6.222894293
6.232739514, 6.232895281
6.242739528, 6.242915589
6.252739532, 6.252901314
6.262739521, 6.263005290
6.272739532, 6.272864866
6.282739526, 6.282900920
6.292739527, 6.292889123
6.302739523, 6.302938546
6.312739524, 6.312874772
6.322739525, 6.322911036
6.332739521, 6.332879154
6.342739523, 6.342931948
6.352739516, 6.352941719
6.362739520, 6.362967691
6.372739529, 6.372876026
6.382739529, 6.382897757
6.392739529, 6.392872000
6.402739526, 6.402907965
6.412739516, 6.412926109
6.422739526, 6.422889034
6.432739522, 6.432980786
6.442739528, 6.442938526
6.452739522, 6.452877365
6.462739515, 6.462917713
6.472739514, 6.472944294
6.482739518, 6.482891680
6.492739529, 6.492919048
6.502739528, 6.502925858
6.512739529, 6.512920985
6.522739528, 6.522888893
6.532739525, 6.532924241
6.542739518, 6.542881423
6.552739551, 6.552892557
6.562739529, 6.562920455
6.572739522, 6.572858885
6.582739529, 6.582869004
6.592739511, 6.592934559
6.602739523, 6.602919963
6.612739611, 6.612986069
6.622739526, 6.622870488
6.632739525, 6.633021433
6.642739521, 6.642928301
6.652739510, 6.652935525
6.662739536, 6.662829566
6.672739514, 6.672861843
6.682739521, 6.682860550
6.692739514, 6.692882368
6.702739521, 6.702886226
6.712739522, 6.712875034
6.722739526, 6.722808096
6.732739525, 6.732811182
6.742739521, 6.742892079
6.752739529, 6.752992831
6.762739523, 6.762921374
6.772739519, 6.772879452
6.782739529, 6.782947696
6.792739527, 6.793009957
6.802739539, 6.802915254
6.812739521, 6.812970065
6.822739532, 6.822859414
6.832739524, 6.832910637
6.842739529, 6.842959385
6.852739529, 6.852944022
6.862739523, 6.862820361
6.872739517, 6.872856880
6.882739521, 6.882835007
6.892739524, 6.892866808
6.902739528, 6.902873572
6.912739525, 6.912912448
6.922739528, 6.922851047
6.932739521, 6.932873479
6.942739523, 6.942925839
6.952739524, 6.952863982
6.962739523, 6.962860585
6.972739519, 6.972867413
6.982739515, 6.982919549
6.992739522, 6.992875361
7.002739520, 7.002852029
7.012739517, 7.012840946
7.022739515, 7.023000603
7.032739516, 7.032916424
7.042739523, 7.042952608
7.052739524, 7.052862788
7.062739529, 7.062969509
7.072739516, 7.072964451
7.082739523, 7.082961016
7.092739524, 7.092983001
7.102739525, 7.102934585
7.112739535, 7.112896896
7.122739521, 7.122905311
7.132739525, 7.132918144
7.142739524, 7.142869979
7.152739518, 7.152836722
7.162739525, 7.162878329
7.172739521, 7.172869673
7.182739525, 7.182886086
7.192739519, 7.192840038
7.202739517, 7.202920237
7.212739524, 7.212904042
7.222739526, 7.222888168
7.232739527, 7.232899656
7.242739521, 7.242956462
7.252739519, 7.252911101
7.262739529, 7.262894784
7.272739527, 7.272915958
7.282739526, 7.282918761
7.292739516, 7.292898269
7.302739526, 7.302920351
7.312739519, 7.312899528
7.322739525, 7.322911989
7.332739522, 7.332916943
7.342739529, 7.342944854
7.352739529, 7.352921896
7.362739520, 7.362900727
7.372739521, 7.372892060
7.382739520, 7.382909971
7.392739750, 7.392907223
7.402739528, 7.402927390
7.412739530, 7.412904885
7.422739526, 7.422901551
7.432739519, 7.432944676
7.442739525, 7.442957916
7.452739519, 7.452935296
7.462739529, 7.462910058
7.472739524, 7.472873967
7.482739518, 7.482887526
7.492739527, 7.492949539
7.502739528, 7.502942003
7.512739530, 7.513061379
7.522739525, 7.522872818
7.532739513, 7.532909238
7.542739520, 7.542861120
7.552739519, 7.552803373
7.562739520, 7.562832427
7.572739522, 7.572850637
7.582739523, 7.582874036
7.592739519, 7.592874556
7.602739517, 7.602831293
7.612739525, 7.612875292
7.622739537, 7.622866452
7.632739517, 7.632881288
7.642739536, 7.642880054
7.652739521, 7.652900696
7.662739523, 7.662863913
7.672739519, 7.672872003
7.682739526, 7.682921818
7.692739521, 7.692901478
7.702739528, 7.702931639
7.712739521, 7.712884113
7.722739525, 7.722907720
7.732739524, 7.732917281
7.742739520, 7.742923326
7.752739521, 7.752891763
7.762739518, 7.762882529
7.772739522, 7.772922782
7.782739529, 7.782907619
7.792739524, 7.792911895
7.802739525, 7.802976112
7.812739514, 7.812907509
7.822739515, 7.822899477
7.832739527, 7.832868294
7.842739517, 7.842875616
7.852739525, 7.852916492
7.862739517, 7.862877722
7.872739529, 7.872885292
7.882739523, 7.882892761
7.892739527, 7.892889754
7.902739521, 7.902899729
7.912739522, 7.912897180
7.922739528, 7.922953795
7.932739521, 7.932887246
7.942739528, 7.942883258
7.952739527, 7.953041807
7.962739521, 7.962937945
7.972739524, 7.972873503
7.982739536, 7.982913027
7.992739514, 7.992870034
8.002739521, 8.002907489
8.012739527, 8.012879591
8.022739523, 8.022912210
8.032739519, 8.032971350
8.042739523, 8.042889405
8.052739516, 8.052952951
8.062739523, 8.062953915
8.072739540, 8.072881380
8.082739520, 8.082894846
8.092739510, 8.092906791
8.102739515, 8.102909267
8.112739524, 8.112935040
8.122739529, 8.122914430
8.132739535, 8.132898794
8.142739528, 8.142894770
8.152739529, 8.152892036
8.162739528, 8.162905320
8.172739527, 8.172934152
8.182739526, 8.182943480
8.192739525, 8.192899231
8.202739520, 8.202907649
8.212739529, 8.212898819
8.222739528, 8.222889018
8.232739525, 8.232873069
8.242739525, 8.242949506
8.252739516, 8.252896136
8.262739521, 8.262912232
8.272739517, 8.272922578
8.282739528, 8.282885870
8.292739519, 8.292917095
8.302739520, 8.302960720
8.312739517, 8.312936798
8.322739528, 8.322795389
8.332739511, 8.332933596
8.342739521, 8.342847120
8.352739519, 8.352871482
8.362739520, 8.362848942
8.372739521, 8.372833067
8.382739517, 8.382862107
8.392739514, 8.392854305
8.402739521, 8.402867689
8.412739514, 8.412869376
8.422739510, 8.422850335
8.432739522, 8.432897565
8.442739521, 8.442858574
8.452739514, 8.452818328
8.462739523, 8.462833051
8.472739525, 8.472838475
8.482739523, 8.482856968
8.492739521, 8.492823456
8.502739528, 8.502836106
8.512739521, 8.512815399
8.522739521, 8.522795869
8.532739529, 8.532830970
8.542739520, 8.542823790
8.552739530, 8.552930717
8.562739523, 8.562971035
8.572739519, 8.572842345
8.582739529, 8.582921862
8.592739524, 8.592859719
8.602739526, 8.602821995
8.612739529, 8.612845362
8.622739525, 8.622799407
8.632739527, 8.632851419
8.642739520, 8.642880159
8.652739529, 8.652812107
8.662739525, 8.662874939
8.672739522, 8.672819429
8.682739529, 8.682807940
8.692739524, 8.692835863
8.702739520, 8.702879129
8.712739522, 8.712811975
8.722739525, 8.722838613
8.732739529, 8.732875860
8.742739529, 8.742814134
8.752739524, 8.752821443
8.762739523, 8.762838577
8.772739519, 8.772810667
8.782739528, 8.782822562
8.792739525, 8.792870250
8.802739536, 8.802867351
8.812739511, 8.812815211
8.822739523, 8.822858471
8.832739519, 8.832838093
8.842739526, 8.842825458
8.852739529, 8.852824705
8.862739529, 8.862885469
8.872739522, 8.872883930
8.882739523, 8.882823164
8.892739562, 8.892821274
8.902739520, 8.902824131
8.912739527, 8.912815445
8.922739528, 8.922841965
8.932739516, 8.932828157
8.942739521, 8.942844321
8.952739517, 8.952827847
8.962739523, 8.962857003
8.972739522, 8.972899488
8.982739523, 8.982826574
8.992739525, 8.992795166
9.002739528, 9.002864095
9.012739519, 9.012800712
9.022739534, 9.022806858
9.032739527, 9.032828784
9.042739514, 9.042836894
9.052739797, 9.052812237
9.062739520, 9.062855013
9.072739521, 9.072836222
9.082739523, 9.082856055
9.092739529, 9.092842833
9.102739518, 9.102836407
9.112739516, 9.112807975
9.122739528, 9.122799062
9.132739521, 9.132807199
9.142739521, 9.142804139
9.152739522, 9.152796869
9.162739521, 9.162822482
9.172739519, 9.172845777
9.182739525, 9.182816005
9.192739532, 9.192814023
9.202739528, 9.202822482
9.212739536, 9.212797471
9.222739525, 9.222823841
9.232739522, 9.232821475
9.242739532, 9.242859706
9.252739527, 9.252859332
9.262739521, 9.262822104
9.272739524, 9.272854510
9.282739523, 9.282890175
9.292739529, 9.292849407
9.302739521, 9.302832211
9.312739519, 9.312821693
9.322739521, 9.322914184
9.332739527, 9.332797463
9.342739525, 9.342815149
9.352739529, 9.352819852
9.362739523, 9.362833341
9.372739529, 9.372865206
9.382739520, 9.382852721
9.392739522, 9.392810175
9.402739517, 9.402827239
9.412739511, 9.412854371
9.422739521, 9.422798806
9.432739519, 9.432917016
9.442739528, 9.442939113
9.452739516, 9.452939825
9.462739520, 9.462838976
9.472739525, 9.472960486
9.482739525, 9.482827561
9.492739525, 9.492985988
9.502739521, 9.502945374
9.512739519, 9.512839394
9.522739525, 9.522826083
9.532739527, 9.532812524
9.542739525, 9.542842751
9.552739529, 9.552817022
9.562739532, 9.562828936
9.572739524, 9.572853061
9.582739520, 9.582854682
9.592739519, 9.592904317
9.602739526, 9.602863015
9.612739522, 9.612852876
9.622739525, 9.622825215
9.632739524, 9.632816416
9.642739521, 9.642805636
9.652739525, 9.652815423
9.662739525, 9.662877893
9.672739525, 9.672925174
9.682739517, 9.682857220
9.692739524, 9.692853375
9.702739523, 9.702804173
9.712739521, 9.712862474
9.722739515, 9.722826827
9.732739521, 9.732808656
9.742739536, 9.742929049
9.752739521, 9.752948981
9.762739520, 9.762934605
9.772739525, 9.772955989
9.782739521, 9.782938504
9.792739522, 9.792952874
9.802739526, 9.802966717
9.812739525, 9.812975129
9.822739521, 9.822990617
9.832739524, 9.832912227
9.842739528, 9.842943466
9.852739529, 9.852929735
9.862739564, 9.862996645
9.872739527, 9.872928629
9.882739523, 9.882918043
9.892739522, 9.892948280
9.902739526, 9.902973150
9.912739527, 9.912929513
9.922739521, 9.922931708
9.932739529, 9.932913128
9.942739521, 9.942945891
9.952739517, 9.952970754
9.962739523, 9.962993708
9.972739525, 9.972951791
9.982739526, 9.982938554
9.992739529, 9.992953746
10.002739528, 10.002938081
10.012739524, 10.012950035
10.022739528, 10.022932288
10.032739525, 10.032908955
10.042739525, 10.042948730
10.052739522, 10.052977249
10.062739528, 10.062932498
10.072739519, 10.072933286
10.082739526, 10.082931523
10.092739524, 10.092942883
10.102739521, 10.102929046
10.112739527, 10.112924763
10.122739521, 10.122925326
10.132739521, 10.132923230
10.142739521, 10.142932929
10.152739533, 10.152910550
10.162739529, 10.162924519
10.172739527, 10.172929484
10.182739526, 10.182929779
10.192739517, 10.192913430
10.202739521, 10.202926842
10.212739530, 10.212924721
10.222739529, 10.222933524
10.232739522, 10.232925318
10.242739523, 10.242927393
10.252739517, 10.252913692
10.262739520, 10.262929182
10.272739524, 10.272925622
10.282739529, 10.282930281
10.292739522, 10.292928136
10.302739529, 10.302932796
10.312739524, 10.312939109
10.322739515, 10.322930431
10.332739530, 10.332928270
10.342739529, 10.342929384
10.352739525, 10.352910579
10.362739528, 10.362926569
10.372739525, 10.372925199
10.382739526, 10.382931673
10.392739527, 10.392924414
10.402739525, 10.402985666
10.412739521, 10.413037697
10.422739525, 10.423101221
10.432739522, 10.433105357
10.442739539, 10.443108212
10.452739532, 10.453084257
10.462739529, 10.463117559
10.472739524, 10.473107640
10.482739518, 10.483100294
10.492739529, 10.493102382
10.502739528, 10.503066844
10.512739529, 10.513062648
10.522739523, 10.523063056
10.532739541, 10.533102711
10.542739520, 10.543094832
10.552739519, 10.553077321
10.562739544, 10.563107909
10.572739529, 10.573104264
10.582739529, 10.583110410
10.592739530, 10.593071365
10.602739545, 10.603066381
10.612739517, 10.613060230
10.622739542, 10.623100762
10.632739524, 10.633069956
10.642739528, 10.643101384
10.652739524, 10.653068695
10.662739537, 10.663098808
10.672739524, 10.673074555
10.682739537, 10.683098612
10.692739532, 10.693063857
10.702739537, 10.703101887
10.712739527, 10.713069788
10.722739545, 10.723066332
10.732739519, 10.733061358
10.742739545, 10.743045754
10.752739536, 10.753063365
10.762739528, 10.763060051
10.772739538, 10.773062919
10.782739540, 10.783069218
10.792739516, 10.793070266
10.802739544, 10.803066277
10.812739529, 10.813062246
10.822739521, 10.823068364
10.832739546, 10.833056978
10.842739547, 10.843066235
10.852739524, 10.853060619
10.862739542, 10.863071530
10.872739529, 10.873065664
10.882739525, 10.883061485
10.892739536, 10.893069325
10.902739547, 10.903060709
10.912739517, 10.913065082
10.922739540, 10.923060066
10.932739527, 10.933096153
10.942739531, 10.943104494
10.952739540, 10.953086298
10.962739540, 10.963101326
10.972739525, 10.973100589
10.982739542, 10.983100580
10.992739527, 10.993108066
11.002739526, 11.003101059
11.012739541, 11.013108180
11.022739540, 11.023107333
11.032739522, 11.033084758
11.042739542, 11.043100796
11.052739524, 11.053025359
11.062739526, 11.063101072
11.072739546, 11.073079031
11.082739523, 11.083079022
11.092739516, 11.093079598
11.102739536, 11.103083712
11.112739527, 11.112973021
11.122739517, 11.122965683
11.132739522, 11.133019824
11.142739537, 11.143061583
11.152739519, 11.152994076
11.162739537, 11.163036829
11.172739525, 11.173040819
11.182739528, 11.183042895
11.192739543, 11.193046238
11.202739542, 11.203035790
11.212739519, 11.213044626
11.222739536, 11.223031992
11.232739529, 11.233035767
11.242739580, 11.243040661
11.252739541, 11.253036942
11.262739542, 11.263029210
11.272739522, 11.272992075
11.282739537, 11.283035745
11.292739527, 11.293048345
11.302739526, 11.302976160
11.312739519, 11.312974249
11.322739518, 11.323013669
11.332739521, 11.333036904
11.342739537, 11.343034918
11.352739524, 11.352992287
11.362739521, 11.363043467
11.372739522, 11.372985777
11.382739518, 11.383035504
11.392739522, 11.392983534
11.402739517, 11.402979860
11.412739522, 11.412973813
11.422739520, 11.422979904
11.432739516, 11.432973245
11.442739521, 11.442978246
11.452739521, 11.452980927
11.462739528, 11.462980063
11.472739522, 11.472975531
11.482739518, 11.482978087
11.492739524, 11.492972261
11.502739521, 11.502978331
11.512739519, 11.512973910
11.522739534, 11.522971956
11.532739527, 11.532960165
11.542739528, 11.542973703
11.552739527, 11.553052894
11.562739521, 11.563065864
11.572739524, 11.573150460
11.582739545, 11.583132732
11.592739522, 11.593142055
11.602739528, 11.603141761
11.612739530, 11.613145817
11.622739523, 11.623127706
11.632739524, 11.633140671
11.642739542, 11.643103296
11.652739524, 11.653067140
11.662739525, 11.663107605
11.672739538, 11.673101671
11.682739540, 11.683145201
11.692739522, 11.693147944
11.702739545, 11.703141298
11.712739522, 11.713143726
11.722739525, 11.723143227
11.732739527, 11.733047258
11.742739518, 11.743143881
11.752739519, 11.753048200
11.762739520, 11.763046691
11.772739514, 11.773097405
11.782739523, 11.783085012
11.792739541, 11.793099710
11.802739545, 11.803101358
11.812739524, 11.813101514
11.822739547, 11.823091150
11.832739527, 11.833097653
11.842739525, 11.843101074
11.852739543, 11.853030517
11.862739542, 11.863098889
11.872739521, 11.873101132
11.882739539, 11.883108485
11.892739529, 11.893100539
11.902739525, 11.903108122
11.912739540, 11.913092649
11.922739544, 11.923101284
11.932739519, 11.933104480
11.942739545, 11.943101531
11.952739525, 11.953080650
11.962739525, 11.963107940
11.972739538, 11.973101161
11.982739547, 11.983107777
11.992739519, 11.993084709
12.002739539, 12.003100759
12.012739527, 12.013098575
12.022739521, 12.023101136
12.032739538, 12.033101264
12.042739540, 12.043101125
12.052739525, 12.053099011
------------------------------
