------------------------------
test was performed using the following parameters: --mps=100 --burst=1 --reply-every=1 --msg-size=12 --time=10
------------------------------
sockperf: [Total Run] RunTime=10.100 sec; SentMessages=1011; ReceivedMessages=1010
sockperf: ========= Printing statistics for Server No: 0
sockperf: [Valid Duration] RunTime=9.990 sec; SentMessages=1000; ReceivedMessages=1000
sockperf: [2;35m====> avg-lat= 70.120 (std-dev=15.238)[0m
sockperf: # dropped messages = 0; # duplicated messages = 0; # out-of-order messages = 0
sockperf: [2;35mTotal 1000 observations[0m; each percentile contains 10.00 observations
sockperf: ---> <MAX> observation =  135.058
sockperf: ---> percentile  99.99 =  135.058
sockperf: ---> percentile  99.90 =  132.094
sockperf: ---> percentile  99.50 =  120.050
sockperf: ---> percentile  99.00 =  110.190
sockperf: ---> percentile  95.00 =   92.176
sockperf: ---> percentile  90.00 =   90.436
sockperf: ---> percentile  75.00 =   82.572
sockperf: ---> percentile  50.00 =   67.557
sockperf: ---> percentile  25.00 =   59.174
sockperf: ---> <MIN> observation =   38.251
------------------------------
txTime, rxTime
2.063208158, 2.063376396
2.073205979, 2.073350243
2.083205980, 2.083330640
2.093205950, 2.093323164
2.103206052, 2.103374200
2.113205968, 2.113317348
2.123205969, 2.123313749
2.133205982, 2.133323807
2.143205981, 2.143335159
2.153212329, 2.153344582
2.163205965, 2.163331180
2.173205949, 2.173353129
2.183214591, 2.183340162
2.193206045, 2.193333421
2.203205962, 2.203301358
2.213205963, 2.213355377
2.223205956, 2.223356294
2.233205963, 2.233352237
2.243205964, 2.243319111
2.253209054, 2.253353664
2.263209591, 2.263329211
2.273205968, 2.273326524
2.283205953, 2.283320731
2.293205966, 2.293352576
2.303205978, 2.303349094
2.313205955, 2.313339991
2.323205983, 2.323355218
2.333205954, 2.333313626
2.343205965, 2.343341346
2.353205950, 2.353330740
2.363205975, 2.363348000
2.373205957, 2.373386331
2.383205970, 2.383331331
2.393205979, 2.393344382
2.403205978, 2.403313667
2.413205947, 2.413375293
2.423205972, 2.423356126
2.433205977, 2.433325811
2.443205969, 2.443311969
2.453205971, 2.453375982
2.463205961, 2.463372893
2.473205955, 2.473327314
2.483205965, 2.483330498
2.493205974, 2.493312527
2.503205978, 2.503342695
2.513205965, 2.513357610
2.523205978, 2.523312505
2.533209733, 2.533343794
2.543205951, 2.543302411
2.553205949, 2.553341560
2.563205973, 2.563313261
2.573205952, 2.573312546
2.583205984, 2.583331442
2.593205958, 2.593321001
2.603205978, 2.603324583
2.613205969, 2.613322329
2.623205962, 2.623328279
2.633205968, 2.633337210
2.643205950, 2.643341956
2.653205950, 2.653343098
2.663205969, 2.663349414
2.673205961, 2.673343431
2.683205970, 2.683352200
2.693205982, 2.693326605
2.703205976, 2.703343153
2.713225893, 2.713354259
2.723205983, 2.723351473
2.733205972, 2.733358170
2.743213478, 2.743379808
2.753221476, 2.753322741
2.763205967, 2.763331690
2.773205955, 2.773347666
2.783205962, 2.783344084
2.793205958, 2.793349486
2.803205983, 2.803339027
2.813205963, 2.813332674
2.823205953, 2.823348289
2.833209481, 2.833310975
2.843205961, 2.843326350
2.853205955, 2.853357166
2.863205961, 2.863334276
2.873205972, 2.873352846
2.883216798, 2.883343762
2.893205950, 2.893337386
2.903205967, 2.903360315
2.913205974, 2.913297920
2.923205969, 2.923366152
2.933206459, 2.933380128
2.943205956, 2.943343268
2.953205958, 2.953390602
2.963205964, 2.963314102
2.973205972, 2.973397328
2.983213370, 2.983350103
2.993205980, 2.993333511
3.003205964, 3.003340336
3.013219068, 3.013345921
3.023205973, 3.023327722
3.033205955, 3.033333813
3.043205973, 3.043337064
3.053205955, 3.053334583
3.063205969, 3.063318702
3.073205961, 3.073380297
3.083205976, 3.083323161
3.093205960, 3.093325392
3.103205973, 3.103348041
3.113219191, 3.113396807
3.123207159, 3.123321294
3.133205963, 3.133341385
3.143205980, 3.143334475
3.153205976, 3.153332205
3.163205964, 3.163332673
3.173205982, 3.173363513
3.183205959, 3.183366467
3.193205954, 3.193321383
3.203205975, 3.203350373
3.213205969, 3.213304333
3.223205983, 3.223356409
3.233205971, 3.233376318
3.243205975, 3.243377427
3.253205963, 3.253371193
3.263205951, 3.263332857
3.273205971, 3.273304881
3.283205975, 3.283311415
3.293205954, 3.293355148
3.303206134, 3.303366094
3.313205957, 3.313351186
3.323205949, 3.323307171
3.333205982, 3.333359907
3.343205978, 3.343339812
3.353205955, 3.353371695
3.363205967, 3.363297802
3.373205955, 3.373335845
3.383206011, 3.383319156
3.393205958, 3.393353220
3.403211136, 3.403330776
3.413205960, 3.413354902
3.423205972, 3.423338760
3.433205976, 3.433376253
3.443205975, 3.443356728
3.453205974, 3.453331777
3.463205973, 3.463341157
3.473205980, 3.473368589
3.483205951, 3.483336038
3.493205955, 3.493326209
3.503205959, 3.503325513
3.513209861, 3.513355691
3.523205976, 3.523366375
3.533209760, 3.533369845
3.543205973, 3.543301618
3.553205971, 3.553398258
3.563205957, 3.563364607
3.573205955, 3.573341372
3.583205973, 3.583341157
3.593205954, 3.593344967
3.603206032, 3.603343861
3.613214194, 3.613368837
3.623205973, 3.623317491
3.633205960, 3.633317847
3.643205981, 3.643349449
3.653205969, 3.653311994
3.663205983, 3.663315315
3.673205966, 3.673331910
3.683205967, 3.683318413
3.693205954, 3.693342555
3.703205969, 3.703373341
3.713205977, 3.713351924
3.723205969, 3.723330000
3.733209107, 3.733350351
3.743205975, 3.743343225
3.753209940, 3.753340802
3.763205980, 3.763329710
3.773206598, 3.773335540
3.783205976, 3.783306407
3.793205958, 3.793329788
3.803205972, 3.803332593
3.813209250, 3.813374580
3.823205981, 3.823301427
3.833205954, 3.833339285
3.843205967, 3.843367774
3.853205955, 3.853309846
3.863212254, 3.863398559
3.873217009, 3.873369687
3.883205965, 3.883307612
3.893205954, 3.893327825
3.903207778, 3.903347607
3.913205954, 3.913333808
3.923205980, 3.923333586
3.933205957, 3.933315532
3.943205964, 3.943341741
3.953205982, 3.953308257
3.963205975, 3.963343244
3.973205971, 3.973341053
3.983205970, 3.983328780
3.993205952, 3.993301254
4.003212865, 4.003354879
4.013205977, 4.013312155
4.023211765, 4.023364210
4.033205958, 4.033326076
4.043205978, 4.043328578
4.053205958, 4.053348070
4.063205957, 4.063376712
4.073205966, 4.073345106
4.083205969, 4.083334555
4.093205972, 4.093355758
4.103205967, 4.103313398
4.113205971, 4.113308048
4.123208188, 4.123336804
4.133206923, 4.133315286
4.143207565, 4.143361542
4.153205955, 4.153313431
4.163206036, 4.163376486
4.173206816, 4.173338968
4.183205976, 4.183325245
4.193205955, 4.193313135
4.203205967, 4.203353718
4.213205958, 4.213289599
4.223205975, 4.223316766
4.233205966, 4.233309588
4.243205965, 4.243345459
4.253214524, 4.253327382
4.263205957, 4.263363508
4.273205960, 4.273311389
4.283205972, 4.283341263
4.293205960, 4.293381877
4.303205965, 4.303322340
4.313205949, 4.313325697
4.323211657, 4.323379486
4.333214208, 4.333350116
4.343205961, 4.343326368
4.353205952, 4.353324941
4.363211207, 4.363339009
4.373205976, 4.373322617
4.383205980, 4.383329274
4.393205960, 4.393288517
4.403209632, 4.403347150
4.413205972, 4.413355925
4.423205978, 4.423306533
4.433205948, 4.433309974
4.443205943, 4.443406222
4.453205960, 4.453323615
4.463205948, 4.463346918
4.473205969, 4.473296587
4.483205968, 4.483316294
4.493205978, 4.493351600
4.503205968, 4.503338651
4.513205980, 4.513310334
4.523205979, 4.523390195
4.533212161, 4.533400802
4.543205970, 4.543306135
4.553211281, 4.553334239
4.563205954, 4.563339857
4.573217923, 4.573357247
4.583205972, 4.583345072
4.593205974, 4.593317446
4.603205951, 4.603284032
4.613206252, 4.613320675
4.623205973, 4.623381381
4.633205960, 4.633393111
4.643205975, 4.643357375
4.653214214, 4.653334765
4.663205976, 4.663337727
4.673205969, 4.673349512
4.683205970, 4.683339232
4.693206004, 4.693328203
4.703205957, 4.703303982
4.713205961, 4.713332150
4.723214889, 4.723376436
4.733205969, 4.733331187
4.743205948, 4.743354707
4.753218004, 4.753356820
4.763205981, 4.763342382
4.773206989, 4.773409574
4.783205976, 4.783310512
4.793205971, 4.793403254
4.803206403, 4.803319354
4.813212970, 4.813341292
4.823205978, 4.823335245
4.833205949, 4.833314166
4.843205980, 4.843378825
4.853205979, 4.853325937
4.863205970, 4.863341086
4.873211333, 4.873309880
4.883205953, 4.883323252
4.893211633, 4.893332030
4.903205973, 4.903337344
4.913207315, 4.913339263
4.923205975, 4.923349168
4.933205979, 4.933295840
4.943205957, 4.943319523
4.953205974, 4.953338876
4.963205976, 4.963336452
4.973205952, 4.973314160
4.983205967, 4.983354358
4.993205976, 4.993411537
5.003205975, 5.003298416
5.013205957, 5.013310405
5.023205969, 5.023309134
5.033205980, 5.033340733
5.043205980, 5.043344588
5.053205950, 5.053310333
5.063205975, 5.063284725
5.073209765, 5.073336386
5.083205972, 5.083371138
5.093205965, 5.093309678
5.103205976, 5.103385603
5.113205952, 5.113355041
5.123205983, 5.123308911
5.133212479, 5.133327955
5.143205948, 5.143325332
5.153205979, 5.153382444
5.163205954, 5.163350668
5.173205954, 5.173310004
5.183205981, 5.183345448
5.193205969, 5.193355620
5.203205981, 5.203366778
5.213205969, 5.213355622
5.223205954, 5.223314679
5.233205961, 5.233375216
5.243205975, 5.243338768
5.253209530, 5.253360809
5.263205965, 5.263357786
5.273205963, 5.273294419
5.283205954, 5.283348854
5.293205963, 5.293371108
5.303205975, 5.303336081
5.313205974, 5.313325692
5.323205961, 5.323328582
5.333205969, 5.333380831
5.343205973, 5.343314715
5.353205957, 5.353330565
5.363207525, 5.363334756
5.373205979, 5.373322876
5.383205953, 5.383330712
5.393205957, 5.393326168
5.403205954, 5.403336573
5.413205963, 5.413388873
5.423205975, 5.423344927
5.433214814, 5.433337548
5.443205973, 5.443307066
5.453205949, 5.453351951
5.463205980, 5.463325589
5.473205979, 5.473316604
5.483205965, 5.483338293
5.493205958, 5.493353302
5.503205965, 5.503345371
5.513205972, 5.513355252
5.523205980, 5.523330450
5.533205957, 5.533323423
5.543205976, 5.543325448
5.553205974, 5.553325553
5.563205978, 5.563330111
5.573205976, 5.573307802
5.583205954, 5.583309656
5.593205982, 5.593313971
5.603205978, 5.603332822
5.613205982, 5.613336847
5.623205972, 5.623368289
5.633205961, 5.633328680
5.643205951, 5.643313422
5.653205960, 5.653344814
5.663205978, 5.663294712
5.673206037, 5.673336520
5.683205976, 5.683326396
5.693205966, 5.693347813
5.703205951, 5.703368277
5.713216265, 5.713337678
5.723205975, 5.723339434
5.733205946, 5.733379829
5.743205973, 5.743306980
5.753205980, 5.753315774
5.763205970, 5.763334126
5.773205954, 5.773331924
5.783205973, 5.783337247
5.793205971, 5.793333202
5.803205961, 5.803304777
5.813205976, 5.813320269
5.823205967, 5.823364932
5.833205952, 5.833335211
5.843205973, 5.843358627
5.853215280, 5.853331946
5.863205976, 5.863363318
5.873205969, 5.873310488
5.883205975, 5.883347048
5.893205966, 5.893341461
5.903205965, 5.903395021
5.913205969, 5.913357603
5.923211679, 5.923327278
5.933211158, 5.933393888
5.943205969, 5.943410199
5.953205954, 5.953291397
5.963205961, 5.963332129
5.973205955, 5.973301175
5.983205957, 5.983334368
5.993205968, 5.993338245
6.003205962, 6.003335479
6.013205968, 6.013318418
6.023205964, 6.023335531
6.033205966, 6.033305953
6.043205969, 6.043395327
6.053217996, 6.053383366
6.063205972, 6.063332721
6.073205958, 6.073317349
6.083205972, 6.083303000
6.093205972, 6.093347293
6.103205959, 6.103347436
6.113205972, 6.113314686
6.123205976, 6.123346579
6.133205954, 6.133362931
6.143205951, 6.143343006
6.153205961, 6.153338349
6.163205969, 6.163376908
6.173205972, 6.173376512
6.183205959, 6.183339175
6.193205955, 6.193343172
6.203205973, 6.203379279
6.213205969, 6.213307698
6.223205961, 6.223337898
6.233205952, 6.233340835
6.243205954, 6.243358068
6.253205952, 6.253337829
6.263205972, 6.263336046
6.273205982, 6.273304331
6.283205973, 6.283315531
6.293205965, 6.293346142
6.303205970, 6.303318471
6.313205950, 6.313344399
6.323205970, 6.323346361
6.333205974, 6.333372851
6.343206022, 6.343355563
6.353205980, 6.353367806
6.363205965, 6.363340760
6.373205966, 6.373323603
6.383205956, 6.383365243
6.393205950, 6.393338149
6.403205949, 6.403344673
6.413205963, 6.413320848
6.423205980, 6.423345388
6.433205952, 6.433354600
6.443205965, 6.443320631
6.453205971, 6.453365144
6.463205967, 6.463309380
6.473205974, 6.473373509
6.483205953, 6.483303543
6.493210011, 6.493314245
6.503215036, 6.503386255
6.513205980, 6.513353170
6.523205984, 6.523389476
6.533205969, 6.533308886
6.543205948, 6.543426330
6.553205962, 6.553323225
6.563205988, 6.563348503
6.573205979, 6.573363113
6.583205944, 6.583341529
6.593205969, 6.593365556
6.603205940, 6.603332595
6.613205963, 6.613323787
6.623205962, 6.623331447
6.633206276, 6.633364064
6.643211383, 6.643365781
6.653205950, 6.653348844
6.663205951, 6.663337093
6.673205976, 6.673344077
6.683205961, 6.683375313
6.693205976, 6.693297484
6.703205980, 6.703313472
6.713205952, 6.713334057
6.723205980, 6.723321599
6.733205958, 6.733317954
6.743205959, 6.743334895
6.753205960, 6.753343398
6.763205980, 6.763341479
6.773205972, 6.773336047
6.783205981, 6.783355924
6.793205950, 6.793371960
6.803205954, 6.803355541
6.813205955, 6.813320668
6.823205980, 6.823351866
6.833205966, 6.833320861
6.843205961, 6.843339030
6.853205957, 6.853384768
6.863211105, 6.863340413
6.873205976, 6.873337010
6.883206605, 6.883382243
6.893205971, 6.893307980
6.903205965, 6.903331423
6.913205954, 6.913333742
6.923205978, 6.923344700
6.933205955, 6.933323453
6.943205973, 6.943307645
6.953205972, 6.953322107
6.963205965, 6.963330038
6.973205957, 6.973315534
6.983205967, 6.983350599
6.993205969, 6.993340354
7.003205975, 7.003336289
7.013205955, 7.013313457
7.023205975, 7.023324713
7.033205957, 7.033326210
7.043205969, 7.043324612
7.053205974, 7.053346107
7.063205973, 7.063350127
7.073205974, 7.073325525
7.083205978, 7.083313659
7.093205971, 7.093325443
7.103205967, 7.103312151
7.113205965, 7.113314698
7.123205969, 7.123343178
7.133205971, 7.133294372
7.143205980, 7.143365849
7.153205946, 7.153384885
7.163205970, 7.163331071
7.173205976, 7.173320067
7.183205964, 7.183289928
7.193206058, 7.193337883
7.203205957, 7.203348939
7.213215691, 7.213363785
7.223206025, 7.223320677
7.233205968, 7.233358454
7.243205972, 7.243329806
7.253205968, 7.253390321
7.263205995, 7.263399031
7.273205957, 7.273339868
7.283205970, 7.283350529
7.293205974, 7.293308939
7.303205970, 7.303347736
7.313205974, 7.313324421
7.323205962, 7.323333651
7.333205969, 7.333318185
7.343205972, 7.343325281
7.353205980, 7.353335060
7.363205980, 7.363309933
7.373205971, 7.373353304
7.383205965, 7.383347256
7.393205960, 7.393305492
7.403205975, 7.403361210
7.413209688, 7.413361115
7.423205981, 7.423361487
7.433205974, 7.433401031
7.443205964, 7.443324757
7.453205954, 7.453328203
7.463205978, 7.463317702
7.473205954, 7.473355603
7.483205972, 7.483331957
7.493205984, 7.493336129
7.503205970, 7.503308537
7.513206849, 7.513336977
7.523205972, 7.523347420
7.533205960, 7.533290041
7.543205967, 7.543338340
7.553212220, 7.553352934
7.563205948, 7.563344456
7.573209582, 7.573326535
7.583205955, 7.583322603
7.593209788, 7.593353651
7.603205953, 7.603391710
7.613205965, 7.613316397
7.623205972, 7.623349234
7.633205952, 7.633301472
7.643211660, 7.643339043
7.653205952, 7.653319694
7.663205974, 7.663364702
7.673205980, 7.673333610
7.683211372, 7.683356003
7.693205947, 7.693341950
7.703205990, 7.703359513
7.713205974, 7.713330670
7.723205976, 7.723328273
7.733230846, 7.733375171
7.743211049, 7.743381226
7.753205980, 7.753298079
7.763206025, 7.763331884
7.773205983, 7.773347260
7.783205976, 7.783311554
7.793205956, 7.793318407
7.803205943, 7.803292378
7.813205958, 7.813299923
7.823205951, 7.823318361
7.833205963, 7.833336490
7.843211989, 7.843326813
7.853205971, 7.853312564
7.863205972, 7.863325455
7.873205961, 7.873332284
7.883205980, 7.883329708
7.893205984, 7.893342896
7.903213061, 7.903375234
7.913205972, 7.913311479
7.923205962, 7.923348203
7.933205974, 7.933323272
7.943205970, 7.943340115
7.953205954, 7.953369158
7.963212557, 7.963337168
7.973211795, 7.973351356
7.983205973, 7.983350755
7.993205968, 7.993355316
8.003205975, 8.003333900
8.013208232, 8.013354820
8.023205976, 8.023312037
8.033205965, 8.033340761
8.043205967, 8.043328268
8.053205960, 8.053348236
8.063205964, 8.063345849
8.073205955, 8.073350230
8.083205980, 8.083301541
8.093205982, 8.093349221
8.103209114, 8.103402363
8.113205968, 8.113316446
8.123205980, 8.123302616
8.133205976, 8.133311585
8.143205973, 8.143326880
8.153206749, 8.153337676
8.163205957, 8.163311698
8.173206857, 8.173312655
8.183205973, 8.183323723
8.193205949, 8.193296219
8.203205959, 8.203350888
8.213205974, 8.213317203
8.223205962, 8.223321155
8.233212860, 8.233355898
8.243205975, 8.243300072
8.253205949, 8.253307338
8.263205978, 8.263325529
8.273210087, 8.273360676
8.283205951, 8.283297229
8.293205958, 8.293305618
8.303205984, 8.303313248
8.313205972, 8.313302942
8.323205970, 8.323311581
8.333205957, 8.333329231
8.343205973, 8.343313513
8.353205950, 8.353327895
8.363205970, 8.363319608
8.373205966, 8.373306889
8.383205972, 8.383298571
8.393205949, 8.393375955
8.403205981, 8.403350335
8.413205957, 8.413327781
8.423210314, 8.423371756
8.433205965, 8.433308648
8.443205970, 8.443365055
8.453205966, 8.453314847
8.463205969, 8.463329227
8.473205965, 8.473321352
8.483205965, 8.483346730
8.493205968, 8.493371723
8.503205970, 8.503303895
8.513205977, 8.513337378
8.523205967, 8.523340407
8.533205955, 8.533311624
8.543205980, 8.543333932
8.553207075, 8.553330097
8.563205957, 8.563364434
8.573213876, 8.573338538
8.583205980, 8.583318159
8.593205960, 8.593382132
8.603206900, 8.603361238
8.613205951, 8.613359789
8.623211247, 8.623411902
8.633205965, 8.633400676
8.643205975, 8.643304978
8.653205977, 8.653342364
8.663205957, 8.663383539
8.673205944, 8.673331476
8.683205973, 8.683381305
8.693205966, 8.693374261
8.703205954, 8.703361577
8.713207286, 8.713346837
8.723205962, 8.723342786
8.733205966, 8.733349478
8.743205972, 8.743323931
8.753205972, 8.753315194
8.763205972, 8.763343301
8.773205965, 8.773454597
8.783205957, 8.783393822
8.793205978, 8.793399986
8.803205962, 8.803436752
8.813205947, 8.813405908
8.823205978, 8.823400730
8.833205955, 8.833476073
8.843205976, 8.843459234
8.853205948, 8.853422461
8.863205970, 8.863408975
8.873205958, 8.873411257
8.883205978, 8.883380583
8.893205957, 8.893387473
8.903205975, 8.903404020
8.913205953, 8.913329821
8.923205975, 8.923364899
8.933205976, 8.933396313
8.943205957, 8.943422813
8.953205961, 8.953370716
8.963205978, 8.963444399
8.973205968, 8.973465326
8.983205965, 8.983387939
8.993205957, 8.993394722
9.003205983, 9.003412026
9.013205958, 9.013446061
9.023205952, 9.023444385
9.033205955, 9.033470144
9.043205955, 9.043396961
9.053205969, 9.053424604
9.063205981, 9.063374064
9.073205954, 9.073356238
9.083211176, 9.083334229
9.093205972, 9.093314760
9.103208907, 9.103334274
9.113205968, 9.113316749
9.123205973, 9.123365170
9.133205949, 9.133349962
9.143205976, 9.143381613
9.153205969, 9.153376102
9.163205965, 9.163307536
9.173205982, 9.173304605
9.183205969, 9.183332204
9.193205966, 9.193319451
9.203205973, 9.203337410
9.213205971, 9.213351269
9.223206463, 9.223326964
9.233205963, 9.233327470
9.243210181, 9.243319815
9.253205957, 9.253318014
9.263205972, 9.263320115
9.273205971, 9.273356137
9.283205975, 9.283289802
9.293205979, 9.293328102
9.303205953, 9.303307136
9.313206850, 9.313317168
9.323205981, 9.323330558
9.333205982, 9.333319936
9.343205980, 9.343349926
9.353205957, 9.353307319
9.363205975, 9.363366154
9.373205999, 9.373316249
9.383205970, 9.383342185
9.393205963, 9.393335440
9.403205964, 9.403360675
9.413205957, 9.413345728
9.423205956, 9.423320988
9.433205957, 9.433349606
9.443206021, 9.443366834
9.453205968, 9.453313307
9.463205973, 9.463333130
9.473205965, 9.473308520
9.483205976, 9.483312261
9.493206034, 9.493302273
9.503205961, 9.503335121
9.513205954, 9.513336099
9.523205957, 9.523319379
9.533215861, 9.533372031
9.543205991, 9.543338983
9.553205965, 9.553357095
9.563205980, 9.563325589
9.573205969, 9.573336037
9.583205964, 9.583317729
9.593205979, 9.593439998
9.603205957, 9.603342477
9.613205963, 9.613313860
9.623205972, 9.623354663
9.633207120, 9.633330080
9.643205962, 9.643340211
9.653205976, 9.653340114
9.663205975, 9.663337150
9.673205960, 9.673325683
9.683205975, 9.683368661
9.693212370, 9.693359530
9.703205954, 9.703340036
9.713205968, 9.713344476
9.723205973, 9.723339172
9.733205952, 9.733316039
9.743205967, 9.743331657
9.753205977, 9.753344423
9.763205976, 9.763297259
9.773205958, 9.773352850
9.783205946, 9.783334484
9.793205960, 9.793392626
9.803205965, 9.803344872
9.813210848, 9.813342496
9.823205973, 9.823366686
9.833205947, 9.833336884
9.843205959, 9.843340161
9.853205946, 9.853342688
9.863205951, 9.863402628
9.873205986, 9.873374397
9.883205980, 9.883341897
9.893205979, 9.893345744
9.903205980, 9.903358731
9.913210494, 9.913380182
9.923210530, 9.923341795
9.933205966, 9.933351454
9.943205980, 9.943354761
9.953205965, 9.953304911
9.963205959, 9.963316046
9.973215866, 9.973348831
9.983205981, 9.983348497
9.993205977, 9.993314545
10.003205962, 10.003294777
10.013205942, 10.013282445
10.023205940, 10.023297807
10.033205974, 10.033296557
10.043205943, 10.043327048
10.053205947, 10.053311018
10.063205948, 10.063323287
10.073205946, 10.073292362
10.083205942, 10.083319651
10.093205944, 10.093310944
10.103205943, 10.103293285
10.113205950, 10.113301729
10.123205945, 10.123318433
10.133205949, 10.133310154
10.143205943, 10.143324293
10.153205944, 10.153319729
10.163205946, 10.163296010
10.173205942, 10.173293923
10.183205940, 10.183298009
10.193205950, 10.193289507
10.203205946, 10.203316420
10.213205946, 10.213333757
10.223205950, 10.223291827
10.233205950, 10.233318464
10.243205948, 10.243294728
10.253205942, 10.253295796
10.263205945, 10.263341356
10.273205946, 10.273338535
10.283205959, 10.283340252
10.293205942, 10.293340970
10.303205945, 10.303338662
10.313205944, 10.313338475
10.323205946, 10.323342480
10.333205948, 10.333336771
10.343205961, 10.343337515
10.353205950, 10.353342680
10.363205945, 10.363335843
10.373205950, 10.373342483
10.383205950, 10.383337876
10.393205950, 10.393335678
10.403205949, 10.403332650
10.413205942, 10.413330881
10.423205948, 10.423339387
10.433205950, 10.433335602
10.443205949, 10.443337691
10.453205941, 10.453348541
10.463205940, 10.463336231
10.473205948, 10.473335288
10.483205950, 10.483334000
10.493205943, 10.493340619
10.503205946, 10.503342243
10.513205945, 10.513337094
10.523205944, 10.523382047
10.533205942, 10.533389631
10.543205946, 10.543387494
10.553205950, 10.553386421
10.563205940, 10.563357672
10.573205941, 10.573384149
10.583205951, 10.583386759
10.593205950, 10.593385557
10.603205945, 10.603385484
10.613205952, 10.613342415
10.623205947, 10.623383444
10.633205942, 10.633378800
10.643205945, 10.643383583
10.653205946, 10.653378298
10.663205943, 10.663384055
10.673205946, 10.673389151
10.683205954, 10.683387746
10.693205949, 10.693389261
10.703205945, 10.703388487
10.713205944, 10.713383423
10.723205945, 10.723386874
10.733205942, 10.733384222
10.743205948, 10.743390504
10.753205944, 10.753380529
10.763205942, 10.763385022
10.773205946, 10.773387877
10.783205945, 10.783385982
10.793205947, 10.793386395
10.803205948, 10.803301318
10.813205942, 10.813386260
10.823205961, 10.823387062
10.833205947, 10.833369587
10.843205946, 10.843379006
10.853205950, 10.853376256
10.863205945, 10.863384371
10.873205941, 10.873386101
10.883205945, 10.883385846
10.893205944, 10.893386488
10.903205950, 10.903388931
10.913205946, 10.913340509
10.923205953, 10.923386124
10.933205941, 10.933389531
10.943205950, 10.943386619
10.953205947, 10.953382534
10.963205942, 10.963379994
10.973205946, 10.973386622
10.983205950, 10.983384950
10.993205944, 10.993384951
11.003205945, 11.003384722
11.013205944, 11.013388420
11.023205946, 11.023378779
11.033205942, 11.033383928
11.043205951, 11.043385138
11.053205941, 11.053378566
11.063205950, 11.063386394
11.073205942, 11.073388228
11.083205945, 11.083386271
11.093205942, 11.093389921
11.103205945, 11.103386799
11.113205938, 11.113341924
11.123205949, 11.123376421
11.133205942, 11.133384654
11.143205940, 11.143388142
11.153205947, 11.153379296
11.163205950, 11.163389727
11.173205944, 11.173389904
11.183205951, 11.183392725
11.193205950, 11.193387380
11.203205946, 11.203383518
11.213205944, 11.213377812
11.223205946, 11.223385063
11.233205939, 11.233382658
11.243205948, 11.243384713
11.253205942, 11.253381172
11.263205948, 11.263387513
11.273205950, 11.273385538
11.283205946, 11.283384664
11.293205946, 11.293303784
11.303205946, 11.303386931
11.313205942, 11.313382429
11.323205945, 11.323382122
11.333205942, 11.333387097
11.343205942, 11.343385442
11.353205939, 11.353387562
11.363205946, 11.363384500
11.373205946, 11.373391072
11.383205943, 11.383389865
11.393205942, 11.393388667
11.403205948, 11.403377437
11.413205939, 11.413341878
11.423205950, 11.423379134
11.433205949, 11.433384923
11.443205946, 11.443388103
11.453205941, 11.453377259
11.463205942, 11.463387716
11.473205947, 11.473384251
11.483205946, 11.483379289
11.493205946, 11.493388544
11.503205950, 11.503384591
11.513205947, 11.513383519
11.523205942, 11.523376625
11.533205942, 11.533378964
11.543205942, 11.543388462
11.553205942, 11.553384445
11.563205943, 11.563382845
11.573205950, 11.573390802
11.583205946, 11.583386430
11.593205942, 11.593385730
11.603205942, 11.603383740
11.613205949, 11.613339680
11.623205948, 11.623388716
11.633205941, 11.633384491
11.643205945, 11.643380168
11.653205941, 11.653389636
11.663205945, 11.663384336
11.673205942, 11.673384074
11.683205943, 11.683384931
11.693205946, 11.693384934
11.703205948, 11.703387776
11.713205946, 11.713338545
11.723205956, 11.723375900
11.733205950, 11.733388047
11.743205945, 11.743387550
11.753205946, 11.753379687
11.763205943, 11.763385315
11.773205944, 11.773385298
11.783205948, 11.783389095
11.793205942, 11.793387603
11.803205945, 11.803356821
11.813205946, 11.813379556
11.823205943, 11.823384063
11.833205938, 11.833385908
11.843205943, 11.843386816
11.853205944, 11.853371403
11.863205942, 11.863386169
11.873205949, 11.873386847
11.883205945, 11.883385794
11.893205939, 11.893388889
11.903205945, 11.903387707
11.913205947, 11.913383832
11.923205946, 11.923384955
11.933205950, 11.933387170
11.943205943, 11.943386952
11.953205946, 11.953378091
11.963205948, 11.963387988
11.973205949, 11.973388363
11.983205945, 11.983388115
11.993205949, 11.993384638
12.003205942, 12.003377099
12.013205938, 12.013376801
12.023205946, 12.023384483
12.033205944, 12.033385376
12.043205945, 12.043384909
12.053205941, 12.053381487
------------------------------
