------------------------------
test was performed using the following parameters: --mps=100 --burst=1 --reply-every=1 --msg-size=12 --time=10
------------------------------
sockperf: [Total Run] RunTime=10.100 sec; SentMessages=1011; ReceivedMessages=1010
sockperf: ========= Printing statistics for Server No: 0
sockperf: [Valid Duration] RunTime=9.990 sec; SentMessages=1000; ReceivedMessages=1000
sockperf: [2;35m====> avg-lat= 57.925 (std-dev=21.204)[0m
sockperf: # dropped messages = 0; # duplicated messages = 0; # out-of-order messages = 0
sockperf: [2;35mTotal 1000 observations[0m; each percentile contains 10.00 observations
sockperf: ---> <MAX> observation =  135.736
sockperf: ---> percentile  99.99 =  135.736
sockperf: ---> percentile  99.90 =  126.588
sockperf: ---> percentile  99.50 =  121.368
sockperf: ---> percentile  99.00 =  112.914
sockperf: ---> percentile  95.00 =   90.163
sockperf: ---> percentile  90.00 =   88.444
sockperf: ---> percentile  75.00 =   79.946
sockperf: ---> percentile  50.00 =   50.695
sockperf: ---> percentile  25.00 =   40.866
sockperf: ---> <MIN> observation =   26.049
------------------------------
txTime, rxTime
2.063384111, 2.063490585
2.073384114, 2.073484665
2.083384103, 2.083485435
2.093384166, 2.093448697
2.103384199, 2.103471473
2.113384304, 2.113502751
2.123384109, 2.123476197
2.133384106, 2.133450725
2.143384111, 2.143514839
2.153384113, 2.153506338
2.163384125, 2.163486586
2.173384117, 2.173446227
2.183384179, 2.183491388
2.193384113, 2.193462816
2.203384111, 2.203524036
2.213384111, 2.213492146
2.223384114, 2.223455468
2.233384109, 2.233464250
2.243384113, 2.243448650
2.253384106, 2.253445432
2.263384100, 2.263538515
2.273384122, 2.273474604
2.283384108, 2.283473115
2.293384116, 2.293536277
2.303384116, 2.303463557
2.313384109, 2.313497670
2.323384103, 2.323469541
2.333384114, 2.333506539
2.343384105, 2.343474498
2.353384111, 2.353529327
2.363384113, 2.363499778
2.373384113, 2.373491762
2.383384106, 2.383458190
2.393384106, 2.393487249
2.403384114, 2.403484857
2.413384171, 2.413489679
2.423384113, 2.423476917
2.433384173, 2.433458921
2.443384108, 2.443500362
2.453384163, 2.453442042
2.463384179, 2.463504711
2.473384113, 2.473444984
2.483384173, 2.483483435
2.493384141, 2.493482233
2.503384217, 2.503531812
2.513384113, 2.513492992
2.523384106, 2.523466250
2.533384109, 2.533495329
2.543384113, 2.543447471
2.553384173, 2.553477842
2.563384108, 2.563461788
2.573384108, 2.573503638
2.583384163, 2.583451980
2.593384113, 2.593467483
2.603384428, 2.603474058
2.613384116, 2.613459990
2.623384108, 2.623524692
2.633384111, 2.633516110
2.643384113, 2.643459292
2.653384111, 2.653483597
2.663384181, 2.663483738
2.673384119, 2.673498935
2.683384103, 2.683451720
2.693384114, 2.693474129
2.703384114, 2.703492547
2.713384103, 2.713463485
2.723384179, 2.723453485
2.733384222, 2.733462219
2.743384165, 2.743472330
2.753384103, 2.753457020
2.763384181, 2.763478652
2.773384116, 2.773471527
2.783384158, 2.783497950
2.793384188, 2.793463617
2.803384103, 2.803481779
2.813384182, 2.813474814
2.823384113, 2.823488925
2.833384169, 2.833474195
2.843384109, 2.843456287
2.853384113, 2.853460782
2.863384158, 2.863462674
2.873384111, 2.873470635
2.883384109, 2.883490864
2.893384111, 2.893484641
2.903384116, 2.903458442
2.913384116, 2.913480890
2.923384111, 2.923499396
2.933384125, 2.933454849
2.943384111, 2.943481054
2.953384111, 2.953503891
2.963384111, 2.963461824
2.973384114, 2.973493418
2.983384166, 2.983546351
2.993384109, 2.993529979
3.003384119, 3.003492493
3.013384109, 3.013494934
3.023384111, 3.023509370
3.033384111, 3.033481496
3.043384106, 3.043520550
3.053384160, 3.053511265
3.063384109, 3.063517654
3.073384109, 3.073528378
3.083384111, 3.083503343
3.093384116, 3.093484685
3.103384103, 3.103491964
3.113384108, 3.113549384
3.123384109, 3.123506225
3.133384106, 3.133507584
3.143384124, 3.143513728
3.153384113, 3.153461093
3.163384111, 3.163476513
3.173384109, 3.173487047
3.183384103, 3.183463343
3.193384109, 3.193510993
3.203384111, 3.203501377
3.213384173, 3.213450660
3.223384105, 3.223484807
3.233384173, 3.233498998
3.243384177, 3.243453755
3.253384274, 3.253467760
3.263384176, 3.263447816
3.273384113, 3.273463571
3.283384103, 3.283499170
3.293384233, 3.293458894
3.303384113, 3.303472266
3.313384111, 3.313565392
3.323384111, 3.323461387
3.333384111, 3.333476919
3.343384108, 3.343490868
3.353384106, 3.353476205
3.363384109, 3.363457809
3.373384113, 3.373523675
3.383384111, 3.383479694
3.393384113, 3.393629884
3.403384103, 3.403486105
3.413384111, 3.413487377
3.423384113, 3.423454925
3.433384114, 3.433460636
3.443384105, 3.443498199
3.453384117, 3.453449553
3.463384109, 3.463469755
3.473384184, 3.473489732
3.483384204, 3.483462503
3.493384111, 3.493466135
3.503384108, 3.503466070
3.513384113, 3.513449560
3.523384105, 3.523472793
3.533384108, 3.533443146
3.543384111, 3.543467794
3.553384108, 3.553477882
3.563384108, 3.563472842
3.573384106, 3.573548298
3.583384109, 3.583459635
3.593384113, 3.593442008
3.603384114, 3.603444199
3.613384106, 3.613440546
3.623384108, 3.623462104
3.633384108, 3.633517658
3.643384109, 3.643477756
3.653384179, 3.653468846
3.663384113, 3.663476713
3.673384108, 3.673458125
3.683384113, 3.683468279
3.693384113, 3.693448072
3.703384106, 3.703460958
3.713384116, 3.713480034
3.723384108, 3.723465792
3.733384119, 3.733458965
3.743384111, 3.743475408
3.753384113, 3.753439815
3.763384100, 3.763480610
3.773384109, 3.773485086
3.783384108, 3.783502844
3.793384177, 3.793453859
3.803384117, 3.803469978
3.813384108, 3.813447581
3.823384109, 3.823517980
3.833384111, 3.833443741
3.843384203, 3.843443853
3.853384119, 3.853466814
3.863384113, 3.863454746
3.873384106, 3.873477280
3.883384113, 3.883517099
3.893384185, 3.893450325
3.903384114, 3.903471644
3.913384108, 3.913487431
3.923384113, 3.923480853
3.933384111, 3.933453344
3.943384103, 3.943486143
3.953384125, 3.953470109
3.963384116, 3.963469534
3.973384117, 3.973453248
3.983384119, 3.983484886
3.993384105, 3.993498894
4.003384108, 4.003463124
4.013384108, 4.013474988
4.023384117, 4.023457801
4.033384119, 4.033461103
4.043384116, 4.043507873
4.053384117, 4.053474816
4.063384109, 4.063461589
4.073384105, 4.073487226
4.083384206, 4.083484752
4.093384119, 4.093444684
4.103384106, 4.103517800
4.113384187, 4.113466992
4.123384108, 4.123459071
4.133384114, 4.133452016
4.143384108, 4.143464692
4.153384111, 4.153482254
4.163384111, 4.163513154
4.173384117, 4.173518295
4.183384105, 4.183552581
4.193384116, 4.193453390
4.203384111, 4.203487900
4.213384113, 4.213460325
4.223384106, 4.223462862
4.233384106, 4.233455973
4.243384105, 4.243488942
4.253384106, 4.253466381
4.263384204, 4.263509357
4.273384108, 4.273470126
4.283384204, 4.283443631
4.293384111, 4.293466989
4.303384105, 4.303512730
4.313384109, 4.313467362
4.323384171, 4.323491997
4.333384106, 4.333466318
4.343384217, 4.343536991
4.353384106, 4.353461796
4.363384109, 4.363521673
4.373384169, 4.373519923
4.383384182, 4.383459342
4.393384111, 4.393526092
4.403384105, 4.403441793
4.413384106, 4.413454446
4.423384168, 4.423509294
4.433384116, 4.433521516
4.443384201, 4.443485525
4.453384125, 4.453452054
4.463384113, 4.463508923
4.473384108, 4.473482308
4.483384116, 4.483495832
4.493384114, 4.493462930
4.503384111, 4.503509124
4.513384177, 4.513512760
4.523384207, 4.523453565
4.533384106, 4.533533649
4.543384106, 4.543493068
4.553384105, 4.553492316
4.563384113, 4.563508453
4.573384103, 4.573510949
4.583384111, 4.583511749
4.593384181, 4.593515308
4.603384109, 4.603521995
4.613384113, 4.613455018
4.623384111, 4.623519859
4.633384106, 4.633490529
4.643384199, 4.643462252
4.653384108, 4.653494738
4.663384109, 4.663499158
4.673384113, 4.673502810
4.683384105, 4.683482115
4.693384117, 4.693468018
4.703384111, 4.703494356
4.713384109, 4.713566213
4.723384188, 4.723473202
4.733384465, 4.733469105
4.743384114, 4.743456527
4.753384171, 4.753467035
4.763384108, 4.763563547
4.773384114, 4.773495319
4.783384103, 4.783458997
4.793384106, 4.793498445
4.803384106, 4.803445315
4.813384108, 4.813479604
4.823384116, 4.823448165
4.833384108, 4.833460148
4.843384106, 4.843485374
4.853384103, 4.853492171
4.863384113, 4.863456226
4.873384111, 4.873484426
4.883384111, 4.883470264
4.893384108, 4.893479267
4.903384102, 4.903444848
4.913384113, 4.913463241
4.923384187, 4.923492559
4.933384106, 4.933449880
4.943384192, 4.943481821
4.953384132, 4.953472861
4.963384163, 4.963442677
4.973384102, 4.973506746
4.983384108, 4.983517081
4.993384113, 4.993555245
5.003384114, 5.003463727
5.013384111, 5.013459139
5.023384106, 5.023485426
5.033384103, 5.033467352
5.043384105, 5.043462276
5.053384117, 5.053443342
5.063384173, 5.063450561
5.073384113, 5.073496743
5.083384108, 5.083480759
5.093384132, 5.093458566
5.103384171, 5.103479538
5.113384109, 5.113452023
5.123384106, 5.123452888
5.133384108, 5.133456234
5.143384169, 5.143508757
5.153384109, 5.153469646
5.163384111, 5.163483009
5.173384204, 5.173447059
5.183384108, 5.183470706
5.193384111, 5.193469001
5.203384105, 5.203480465
5.213384125, 5.213447876
5.223384114, 5.223469078
5.233384111, 5.233481474
5.243384108, 5.243468484
5.253384111, 5.253467254
5.263384109, 5.263489222
5.273384179, 5.273482855
5.283384117, 5.283529436
5.293384117, 5.293535349
5.303384109, 5.303503670
5.313384113, 5.313510401
5.323384103, 5.323505336
5.333384177, 5.333515910
5.343384119, 5.343546892
5.353384108, 5.353494978
5.363384239, 5.363524777
5.373384109, 5.373475045
5.383384114, 5.383491276
5.393384108, 5.393479118
5.403384108, 5.403479259
5.413384113, 5.413468154
5.423384184, 5.423440958
5.433384111, 5.433463574
5.443384111, 5.443463973
5.453384331, 5.453479175
5.463384111, 5.463461266
5.473384179, 5.473445109
5.483384105, 5.483454778
5.493384111, 5.493479169
5.503384108, 5.503482936
5.513384166, 5.513484567
5.523384113, 5.523448860
5.533384168, 5.533490769
5.543384119, 5.543491465
5.553384113, 5.553440007
5.563384165, 5.563448915
5.573384103, 5.573475581
5.583384116, 5.583473189
5.593384173, 5.593495225
5.603384111, 5.603507393
5.613384105, 5.613462301
5.623384111, 5.623461213
5.633384168, 5.633496437
5.643384187, 5.643544080
5.653384106, 5.653506665
5.663384184, 5.663496579
5.673384106, 5.673472383
5.683384169, 5.683471303
5.693384124, 5.693472042
5.703384108, 5.703502803
5.713384106, 5.713514696
5.723384109, 5.723547350
5.733384158, 5.733449945
5.743384109, 5.743553742
5.753384103, 5.753462050
5.763384173, 5.763474190
5.773384108, 5.773517710
5.783384114, 5.783487745
5.793384106, 5.793464815
5.803384111, 5.803460257
5.813384171, 5.813464663
5.823384119, 5.823508329
5.833384106, 5.833523738
5.843384212, 5.843503943
5.853384188, 5.853451413
5.863384109, 5.863475788
5.873384173, 5.873483807
5.883384108, 5.883448042
5.893384114, 5.893483747
5.903384119, 5.903526308
5.913384177, 5.913462514
5.923384108, 5.923511355
5.933384121, 5.933534871
5.943384119, 5.943465360
5.953384111, 5.953510941
5.963384106, 5.963500283
5.973384114, 5.973467985
5.983384116, 5.983487859
5.993384113, 5.993453088
6.003384109, 6.003480241
6.013384203, 6.013475709
6.023384179, 6.023473136
6.033384105, 6.033479987
6.043384106, 6.043445505
6.053384111, 6.053461935
6.063384114, 6.063471869
6.073384165, 6.073443714
6.083384111, 6.083495573
6.093384109, 6.093470325
6.103384168, 6.103461777
6.113384121, 6.113456044
6.123384109, 6.123474702
6.133384116, 6.133461839
6.143384111, 6.143472850
6.153384114, 6.153446866
6.163384117, 6.163483206
6.173384169, 6.173482180
6.183384117, 6.183459076
6.193384166, 6.193485617
6.203384119, 6.203492367
6.213384114, 6.213445238
6.223384111, 6.223479736
6.233384121, 6.233503261
6.243384114, 6.243448023
6.253384176, 6.253471189
6.263384168, 6.263488129
6.273384171, 6.273482026
6.283384102, 6.283484231
6.293384102, 6.293441098
6.303384348, 6.303479816
6.313384108, 6.313477525
6.323384109, 6.323483028
6.333384106, 6.333457700
6.343384166, 6.343477651
6.353384111, 6.353493557
6.363384182, 6.363478411
6.373384113, 6.373451653
6.383384111, 6.383488573
6.393384209, 6.393464556
6.403384111, 6.403454140
6.413384171, 6.413466579
6.423384109, 6.423470756
6.433384113, 6.433472806
6.443384116, 6.443480915
6.453384111, 6.453480288
6.463384103, 6.463480969
6.473384113, 6.473465123
6.483384199, 6.483492602
6.493384113, 6.493474573
6.503384113, 6.503464512
6.513384207, 6.513471206
6.523384116, 6.523451276
6.533384168, 6.533484437
6.543384114, 6.543455013
6.553384100, 6.553484850
6.563384119, 6.563504051
6.573384114, 6.573445953
6.583384103, 6.583480735
6.593384165, 6.593445255
6.603384116, 6.603479901
6.613384111, 6.613480462
6.623384113, 6.623476753
6.633384111, 6.633453548
6.643384105, 6.643493912
6.653384182, 6.653506387
6.663384117, 6.663478892
6.673384106, 6.673467287
6.683384113, 6.683469252
6.693384209, 6.693518052
6.703384105, 6.703481929
6.713384166, 6.713457449
6.723384184, 6.723448829
6.733384106, 6.733467720
6.743384184, 6.743515221
6.753384109, 6.753441057
6.763384103, 6.763476376
6.773384100, 6.773483981
6.783384116, 6.783465849
6.793384119, 6.793462390
6.803384106, 6.803525413
6.813384117, 6.813444296
6.823384109, 6.823482446
6.833384199, 6.833441654
6.843384108, 6.843448822
6.853384117, 6.853453095
6.863384179, 6.863510909
6.873384113, 6.873469866
6.883384103, 6.883486005
6.893384111, 6.893460021
6.903384111, 6.903475506
6.913384105, 6.913501415
6.923384114, 6.923501275
6.933384103, 6.933507823
6.943384103, 6.943573883
6.953384116, 6.953507413
6.963384109, 6.963474209
6.973384109, 6.973489515
6.983384395, 6.983496532
6.993384104, 6.993500331
7.003384107, 7.003491811
7.013384116, 7.013499848
7.023384108, 7.023493187
7.033384113, 7.033491755
7.043384113, 7.043459952
7.053384169, 7.053463478
7.063384105, 7.063458305
7.073384117, 7.073483762
7.083384114, 7.083486536
7.093384106, 7.093464779
7.103384166, 7.103466989
7.113384106, 7.113479950
7.123384103, 7.123474072
7.133384102, 7.133493982
7.143384116, 7.143485405
7.153384106, 7.153477700
7.163384111, 7.163480997
7.173384125, 7.173443212
7.183384102, 7.183491053
7.193384204, 7.193462496
7.203384119, 7.203454790
7.213384117, 7.213464488
7.223384113, 7.223456450
7.233384111, 7.233497200
7.243384105, 7.243482369
7.253384121, 7.253466114
7.263384111, 7.263501479
7.273384132, 7.273492525
7.283384114, 7.283471165
7.293384114, 7.293450602
7.303384114, 7.303485843
7.313384125, 7.313470226
7.323384113, 7.323475570
7.333384109, 7.333478894
7.343384106, 7.343464288
7.353384111, 7.353486387
7.363384113, 7.363469777
7.373384111, 7.373482112
7.383384116, 7.383475367
7.393384109, 7.393479219
7.403384201, 7.403460735
7.413384114, 7.413576137
7.423384165, 7.423515409
7.433384163, 7.433521286
7.443384165, 7.443536300
7.453384114, 7.453528047
7.463384114, 7.463522467
7.473384103, 7.473520237
7.483384111, 7.483448055
7.493384111, 7.493479439
7.503384165, 7.503458515
7.513384109, 7.513501671
7.523384171, 7.523548092
7.533384114, 7.533449479
7.543384132, 7.543512435
7.553384108, 7.553467092
7.563384168, 7.563470699
7.573384108, 7.573452031
7.583384109, 7.583443069
7.593384169, 7.593460048
7.603384106, 7.603469695
7.613384113, 7.613474291
7.623384117, 7.623495854
7.633384111, 7.633486620
7.643384119, 7.643455907
7.653384113, 7.653441738
7.663384109, 7.663471609
7.673384113, 7.673476533
7.683384106, 7.683455945
7.693384162, 7.693462862
7.703384184, 7.703466500
7.713384125, 7.713470927
7.723384102, 7.723503222
7.733384111, 7.733449517
7.743384109, 7.743489773
7.753384111, 7.753455416
7.763384106, 7.763478281
7.773384173, 7.773459020
7.783384111, 7.783462038
7.793384106, 7.793475247
7.803384113, 7.803485369
7.813384119, 7.813458856
7.823384211, 7.823495908
7.833384165, 7.833460061
7.843384108, 7.843540637
7.853384108, 7.853518477
7.863384109, 7.863523526
7.873384106, 7.873497497
7.883384169, 7.883501409
7.893384114, 7.893522514
7.903384108, 7.903528746
7.913384106, 7.913479818
7.923384166, 7.923513708
7.933384108, 7.933541732
7.943384114, 7.943511128
7.953384112, 7.953492229
7.963384107, 7.963505983
7.973384112, 7.973538728
7.983384117, 7.983475562
7.993384112, 7.993475265
8.003384109, 8.003460187
8.013384109, 8.013442506
8.023384112, 8.023452858
8.033384117, 8.033463970
8.043384111, 8.043552974
8.053384106, 8.053468433
8.063384175, 8.063449464
8.073384117, 8.073511528
8.083384199, 8.083442931
8.093384111, 8.093457222
8.103384199, 8.103524042
8.113384107, 8.113457953
8.123384107, 8.123492804
8.133384109, 8.133459069
8.143384107, 8.143453975
8.153384112, 8.153532282
8.163384114, 8.163466783
8.173384115, 8.173458118
8.183384109, 8.183506741
8.193384114, 8.193461690
8.203384103, 8.203461674
8.213384107, 8.213511779
8.223384111, 8.223476010
8.233384107, 8.233456090
8.243384114, 8.243464216
8.253384115, 8.253454934
8.263384111, 8.263490502
8.273384325, 8.273455938
8.283384115, 8.283463408
8.293384115, 8.293472753
8.303384119, 8.303483076
8.313384111, 8.313471329
8.323384109, 8.323441714
8.333384134, 8.333455723
8.343384111, 8.343487326
8.353384112, 8.353462111
8.363384114, 8.363474226
8.373384112, 8.373488703
8.383384117, 8.383445317
8.393384177, 8.393474867
8.403384112, 8.403460799
8.413384109, 8.413489660
8.423384163, 8.423483954
8.433384109, 8.433440315
8.443384109, 8.443485654
8.453384164, 8.453481106
8.463384115, 8.463557172
8.473384117, 8.473453265
8.483384114, 8.483473232
8.493384265, 8.493498713
8.503384166, 8.503492409
8.513384126, 8.513485009
8.523384115, 8.523506087
8.533384120, 8.533452758
8.543384111, 8.543479369
8.553384111, 8.553498903
8.563384161, 8.563474042
8.573384117, 8.573479178
8.583384111, 8.583482688
8.593384104, 8.593474476
8.603384166, 8.603491387
8.613384114, 8.613460035
8.623384107, 8.623454678
8.633384119, 8.633476235
8.643384120, 8.643453290
8.653384112, 8.653504257
8.663384179, 8.663482868
8.673384117, 8.673536531
8.683384169, 8.683508452
8.693384197, 8.693530265
8.703384120, 8.703514210
8.713384112, 8.713518794
8.723384115, 8.723491967
8.733384163, 8.733445203
8.743384107, 8.743476693
8.753384191, 8.753490099
8.763384112, 8.763458767
8.773384248, 8.773483272
8.783384117, 8.783454343
8.793384107, 8.793472207
8.803384114, 8.803474683
8.813384114, 8.813478297
8.823384111, 8.823478924
8.833384109, 8.833479317
8.843384114, 8.843527282
8.853384117, 8.853489587
8.863384106, 8.863443345
8.873384104, 8.873501268
8.883384106, 8.883502890
8.893384117, 8.893485132
8.903384107, 8.903491991
8.913384112, 8.913466776
8.923384188, 8.923483913
8.933384101, 8.933470140
8.943384209, 8.943504497
8.953384179, 8.953482994
8.963384115, 8.963462505
8.973384107, 8.973487663
8.983384167, 8.983458286
8.993384109, 8.993482970
9.003384240, 9.003465055
9.013384104, 9.013481927
9.023384107, 9.023447306
9.033384109, 9.033537790
9.043384109, 9.043491116
9.053384234, 9.053465059
9.063384112, 9.063445664
9.073384107, 9.073461082
9.083384125, 9.083494839
9.093384112, 9.093441957
9.103384205, 9.103472455
9.113384177, 9.113464931
9.123384117, 9.123510432
9.133384120, 9.133486815
9.143384283, 9.143472245
9.153384109, 9.153469700
9.163384109, 9.163494318
9.173384179, 9.173479282
9.183384109, 9.183468992
9.193384166, 9.193520019
9.203384114, 9.203493058
9.213384180, 9.213480520
9.223384106, 9.223454705
9.233384177, 9.233456683
9.243384114, 9.243531578
9.253384112, 9.253501346
9.263384114, 9.263481835
9.273384109, 9.273452927
9.283384109, 9.283472591
9.293384134, 9.293480932
9.303384188, 9.303483820
9.313384103, 9.313482836
9.323384164, 9.323463695
9.333384103, 9.333485493
9.343384164, 9.343444748
9.353384182, 9.353486101
9.363384109, 9.363463375
9.373384183, 9.373510393
9.383384112, 9.383483599
9.393384115, 9.393473371
9.403384109, 9.403524186
9.413384119, 9.413472728
9.423384117, 9.423481584
9.433384120, 9.433457727
9.443384111, 9.443455381
9.453384205, 9.453452526
9.463384109, 9.463489914
9.473384111, 9.473450563
9.483384107, 9.483464568
9.493384115, 9.493448167
9.503384115, 9.503495620
9.513384111, 9.513480989
9.523384117, 9.523461109
9.533384111, 9.533517398
9.543384109, 9.543451307
9.553384172, 9.553470923
9.563384111, 9.563452505
9.573384114, 9.573460488
9.583384169, 9.583454544
9.593384112, 9.593484117
9.603384112, 9.603458564
9.613384112, 9.613474008
9.623384112, 9.623450840
9.633384112, 9.633477608
9.643384166, 9.643469278
9.653384188, 9.653436287
9.663384174, 9.663475085
9.673384115, 9.673472270
9.683384111, 9.683492898
9.693384115, 9.693545364
9.703384109, 9.703539378
9.713384109, 9.713502328
9.723384117, 9.723598178
9.733384115, 9.733554108
9.743384112, 9.743562002
9.753384114, 9.753612680
9.763384103, 9.763570240
9.773384184, 9.773564421
9.783384184, 9.783547800
9.793384114, 9.793561592
9.803384109, 9.803655582
9.813384133, 9.813613036
9.823384114, 9.823608728
9.833384132, 9.833637308
9.843384119, 9.843578493
9.853384121, 9.853597890
9.863384113, 9.863598553
9.873384127, 9.873619969
9.883384108, 9.883626845
9.893384113, 9.893610912
9.903384188, 9.903596410
9.913384114, 9.913609944
9.923384125, 9.923629530
9.933384125, 9.933631883
9.943384117, 9.943567727
9.953384127, 9.953602750
9.963384117, 9.963592326
9.973384116, 9.973566211
9.983384105, 9.983556044
9.993384108, 9.993560676
10.003384106, 10.003558456
10.013384105, 10.013553281
10.023384105, 10.023559783
10.033384109, 10.033553801
10.043384105, 10.043566403
10.053384111, 10.053557828
10.063384106, 10.063556358
10.073384116, 10.073553381
10.083384103, 10.083556120
10.093384106, 10.093554710
10.103384106, 10.103557495
10.113384113, 10.113558252
10.123384103, 10.123565097
10.133384119, 10.133557667
10.143384106, 10.143556270
10.153384113, 10.153555294
10.163384111, 10.163554169
10.173384108, 10.173551667
10.183384100, 10.183556091
10.193384121, 10.193554436
10.203384111, 10.203559188
10.213384111, 10.213555623
10.223384139, 10.223555641
10.233384114, 10.233554423
10.243384109, 10.243558789
10.253384111, 10.253552736
10.263384106, 10.263555050
10.273384109, 10.273556098
10.283384109, 10.283561477
10.293384113, 10.293552912
10.303384102, 10.303563626
10.313384106, 10.313562996
10.323384111, 10.323561202
10.333384109, 10.333565388
10.343384114, 10.343564063
10.353384113, 10.353567507
10.363384106, 10.363568391
10.373384106, 10.373559599
10.383384105, 10.383565332
10.393384111, 10.393565628
10.403384114, 10.403562822
10.413384106, 10.413562524
10.423384105, 10.423557814
10.433384113, 10.433561982
10.443384100, 10.443565838
10.453384119, 10.453561740
10.463384109, 10.463563775
10.473384113, 10.473557179
10.483384109, 10.483560998
10.493384109, 10.493562347
10.503384108, 10.503560593
10.513384109, 10.513563588
10.523384109, 10.523565230
10.533384102, 10.533562156
10.543384100, 10.543560534
10.553384106, 10.553561669
10.563384106, 10.563561551
10.573384106, 10.573562263
10.583384109, 10.583562334
10.593384111, 10.593561303
10.603384106, 10.603570135
10.613384111, 10.613553614
10.623384111, 10.623554015
10.633384111, 10.633561335
10.643384113, 10.643561180
10.653384116, 10.653563253
10.663384109, 10.663562040
10.673384130, 10.673560657
10.683384111, 10.683558995
10.693384113, 10.693556247
10.703384109, 10.703552907
10.713384113, 10.713551699
10.723384106, 10.723556037
10.733384108, 10.733554141
10.743384117, 10.743559405
10.753384105, 10.753552726
10.763384106, 10.763561955
10.773384105, 10.773556222
10.783384108, 10.783556975
10.793384108, 10.793554441
10.803384111, 10.803536376
10.813384108, 10.813560000
10.823384111, 10.823552426
10.833384114, 10.833555968
10.843384132, 10.843560191
10.853384114, 10.853555377
10.863384114, 10.863553375
10.873384109, 10.873554920
10.883384106, 10.883552715
10.893384109, 10.893554593
10.903384102, 10.903553928
10.913384109, 10.913552883
10.923384111, 10.923559536
10.933384111, 10.933533137
10.943384111, 10.943554901
10.953384113, 10.953558534
10.963384108, 10.963556293
10.973384105, 10.973556473
10.983384117, 10.983555628
10.993384111, 10.993556126
11.003384105, 11.003560658
11.013384106, 11.013556637
11.023384105, 11.023554354
11.033384111, 11.033553192
11.043384117, 11.043553216
11.053384113, 11.053553985
11.063384111, 11.063555175
11.073384105, 11.073555362
11.083384102, 11.083560337
11.093384124, 11.093554083
11.103384108, 11.103553467
11.113384114, 11.113553780
11.123384103, 11.123553997
11.133384113, 11.133552651
11.143384103, 11.143553312
11.153384111, 11.153553563
11.163384114, 11.163557162
11.173384106, 11.173557384
11.183384109, 11.183561278
11.193384119, 11.193562145
11.203384102, 11.203560435
11.213384111, 11.213559729
11.223384130, 11.223560898
11.233384119, 11.233561208
11.243384106, 11.243566044
11.253384108, 11.253560098
11.263384109, 11.263560784
11.273384113, 11.273559737
11.283384106, 11.283564647
11.293384106, 11.293561292
11.303384105, 11.303561074
11.313384109, 11.313554062
11.323384108, 11.323566201
11.333384105, 11.333559421
11.343384113, 11.343559586
11.353384113, 11.353561563
11.363384109, 11.363560034
11.373384105, 11.373560941
11.383384108, 11.383559963
11.393384106, 11.393561848
11.403384113, 11.403566960
11.413384113, 11.413561573
11.423384111, 11.423560320
11.433384105, 11.433559467
11.443384109, 11.443564437
11.453384116, 11.453559322
11.463384109, 11.463559869
11.473384108, 11.473545334
11.483384114, 11.483564166
11.493384109, 11.493561864
11.503384102, 11.503560488
11.513384111, 11.513559274
11.523384113, 11.523559556
11.533384108, 11.533561583
11.543384113, 11.543559936
11.553384111, 11.553561418
11.563384108, 11.563568710
11.573384114, 11.573560143
11.583384119, 11.583560206
11.593384114, 11.593561273
11.603384117, 11.603561125
11.613384138, 11.613560242
11.623384100, 11.623559972
11.633384105, 11.633558850
11.643384114, 11.643566649
11.653384116, 11.653558049
11.663384108, 11.663554932
11.673384111, 11.673559271
11.683384108, 11.683561339
11.693384106, 11.693558759
11.703384106, 11.703564496
11.713384106, 11.713563686
11.723384108, 11.723567528
11.733384106, 11.733564571
11.743384105, 11.743559598
11.753384105, 11.753559306
11.763384113, 11.763559535
11.773384109, 11.773561076
11.783384105, 11.783559904
11.793384108, 11.793559235
11.803384105, 11.803565190
11.813384109, 11.813560528
11.823384105, 11.823564512
11.833384109, 11.833559215
11.843384105, 11.843560037
11.853384109, 11.853559093
11.863384108, 11.863563692
11.873384109, 11.873559862
11.883384103, 11.883566586
11.893384113, 11.893561181
11.903384119, 11.903559674
11.913384109, 11.913561358
11.923384130, 11.923559617
11.933384108, 11.933560457
11.943384106, 11.943561440
11.953384114, 11.953556525
11.963384108, 11.963565575
11.973384105, 11.973560780
11.983384103, 11.983554455
11.993384125, 11.993561275
12.003384109, 12.003554836
12.013384111, 12.013558805
12.023384106, 12.023560387
12.033384109, 12.033560652
12.043384113, 12.043566757
12.053384117, 12.053560469
------------------------------
