------------------------------
test was performed using the following parameters: --mps=100 --burst=1 --reply-every=1 --msg-size=12 --time=10
------------------------------
sockperf: [Total Run] RunTime=10.100 sec; SentMessages=1011; ReceivedMessages=1010
sockperf: ========= Printing statistics for Server No: 0
sockperf: [Valid Duration] RunTime=9.990 sec; SentMessages=1000; ReceivedMessages=1000
sockperf: [2;35m====> avg-lat= 76.143 (std-dev=17.315)[0m
sockperf: # dropped messages = 0; # duplicated messages = 0; # out-of-order messages = 0
sockperf: [2;35mTotal 1000 observations[0m; each percentile contains 10.00 observations
sockperf: ---> <MAX> observation =  152.509
sockperf: ---> percentile  99.99 =  152.509
sockperf: ---> percentile  99.90 =  143.746
sockperf: ---> percentile  99.50 =  134.519
sockperf: ---> percentile  99.00 =  123.697
sockperf: ---> percentile  95.00 =  107.455
sockperf: ---> percentile  90.00 =   96.686
sockperf: ---> percentile  75.00 =   85.657
sockperf: ---> percentile  50.00 =   75.511
sockperf: ---> percentile  25.00 =   66.786
sockperf: ---> <MIN> observation =   30.975
------------------------------
txTime, rxTime
2.063537475, 2.063671432
2.073537508, 2.073648163
2.083537507, 2.083698080
2.093537487, 2.093695960
2.103537486, 2.103711951
2.113537487, 2.113741103
2.123537483, 2.123690758
2.133537480, 2.133723053
2.143537504, 2.143716479
2.153537489, 2.153693752
2.163537485, 2.163761704
2.173537497, 2.173704107
2.183537480, 2.183842500
2.193537490, 2.193754401
2.203537495, 2.203764696
2.213537478, 2.213782849
2.223537483, 2.223822443
2.233537481, 2.233729713
2.243537480, 2.243714243
2.253537485, 2.253709356
2.263537494, 2.263761415
2.273537488, 2.273722888
2.283537501, 2.283751212
2.293537500, 2.293753002
2.303537485, 2.303692483
2.313537487, 2.313684890
2.323537490, 2.323659950
2.333537497, 2.333736790
2.343537505, 2.343677185
2.353537489, 2.353666410
2.363537479, 2.363690788
2.373537479, 2.373743861
2.383537490, 2.383710511
2.393537489, 2.393721394
2.403537485, 2.403755136
2.413537502, 2.413700783
2.423537477, 2.423717774
2.433537483, 2.433763964
2.443537490, 2.443784884
2.453537489, 2.453671063
2.463537483, 2.463720835
2.473537503, 2.473790427
2.483537485, 2.483780450
2.493537486, 2.493730831
2.503537499, 2.503732348
2.513537483, 2.513694290
2.523537482, 2.523732620
2.533537490, 2.533706582
2.543537504, 2.543660660
2.553537487, 2.553689770
2.563537499, 2.563693492
2.573537499, 2.573643112
2.583537498, 2.583637397
2.593537483, 2.593635639
2.603537501, 2.603661786
2.613537488, 2.613637368
2.623537493, 2.623632367
2.633537489, 2.633636065
2.643537482, 2.643633949
2.653537505, 2.653632394
2.663537477, 2.663626714
2.673537485, 2.673630252
2.683537495, 2.683688254
2.693537485, 2.693642499
2.703537485, 2.703665050
2.713537481, 2.713661233
2.723537484, 2.723668268
2.733537489, 2.733656467
2.743537488, 2.743662141
2.753537483, 2.753675714
2.763537477, 2.763636617
2.773537486, 2.773675831
2.783537485, 2.783634375
2.793537503, 2.793676485
2.803537491, 2.803635784
2.813537484, 2.813632722
2.823537482, 2.823645447
2.833537497, 2.833644458
2.843537480, 2.843666226
2.853537483, 2.853632511
2.863537505, 2.863629903
2.873537486, 2.873666931
2.883537483, 2.883667246
2.893537487, 2.893718636
2.903537480, 2.903670386
2.913537494, 2.913644218
2.923537494, 2.923670948
2.933537490, 2.933671694
2.943537493, 2.943690167
2.953537481, 2.953635528
2.963537490, 2.963669478
2.973537475, 2.973689733
2.983537477, 2.983673648
2.993537484, 2.993652526
3.003537480, 3.003637032
3.013537486, 3.013659965
3.023537490, 3.023603396
3.033537486, 3.033813775
3.043537479, 3.043720071
3.053537486, 3.053761333
3.063537482, 3.063720943
3.073537486, 3.073630461
3.083537485, 3.083663644
3.093537475, 3.093675670
3.103537486, 3.103665563
3.113537490, 3.113615529
3.123537490, 3.123638355
3.133537490, 3.133659150
3.143537488, 3.143609099
3.153537475, 3.153672446
3.163537494, 3.163655611
3.173537495, 3.173686981
3.183537490, 3.183708416
3.193537487, 3.193669610
3.203537485, 3.203698874
3.213537479, 3.213696549
3.223537490, 3.223668375
3.233537489, 3.233676074
3.243537498, 3.243749612
3.253537484, 3.253674025
3.263537488, 3.263645725
3.273537479, 3.273716891
3.283537498, 3.283726379
3.293537489, 3.293668657
3.303537485, 3.303734275
3.313537500, 3.313719017
3.323537491, 3.323745336
3.333537486, 3.333748778
3.343537490, 3.343721216
3.353537495, 3.353752812
3.363537513, 3.363778070
3.373537484, 3.373757101
3.383537488, 3.383749409
3.393537479, 3.393667021
3.403537490, 3.403669199
3.413537483, 3.413686334
3.423537485, 3.423680662
3.433537484, 3.433704675
3.443537474, 3.443699604
3.453537486, 3.453679500
3.463537480, 3.463668675
3.473537481, 3.473669526
3.483537479, 3.483663700
3.493537492, 3.493745849
3.503537480, 3.503683976
3.513537483, 3.513691097
3.523537497, 3.523662192
3.533537477, 3.533707837
3.543537486, 3.543664200
3.553537481, 3.553688775
3.563537486, 3.563682030
3.573537479, 3.573696949
3.583537494, 3.583709800
3.593537498, 3.593675896
3.603537480, 3.603702530
3.613537481, 3.613730408
3.623537479, 3.623695454
3.633537478, 3.633684868
3.643537498, 3.643639097
3.653537481, 3.653741883
3.663537483, 3.663694654
3.673537484, 3.673665510
3.683537491, 3.683712987
3.693537487, 3.693706628
3.703537483, 3.703677213
3.713537484, 3.713680975
3.723537498, 3.723667282
3.733537497, 3.733670180
3.743537479, 3.743705299
3.753537494, 3.753675575
3.763537480, 3.763655511
3.773537500, 3.773676892
3.783537486, 3.783671237
3.793537494, 3.793655937
3.803537491, 3.803681724
3.813537484, 3.813694425
3.823537489, 3.823715901
3.833537488, 3.833699884
3.843537488, 3.843687795
3.853537483, 3.853680634
3.863537485, 3.863655341
3.873537487, 3.873710049
3.883537485, 3.883629898
3.893537490, 3.893651063
3.903537494, 3.903637142
3.913537494, 3.913666317
3.923537486, 3.923660738
3.933537487, 3.933646893
3.943537493, 3.943672429
3.953537481, 3.953680555
3.963537486, 3.963668837
3.973537489, 3.973642057
3.983537472, 3.983655676
3.993537487, 3.993722030
4.003537477, 4.003635538
4.013537476, 4.013712133
4.023537485, 4.023687178
4.033537505, 4.033685344
4.043537493, 4.043631098
4.053537495, 4.053711538
4.063537494, 4.063682823
4.073537486, 4.073642979
4.083537488, 4.083672636
4.093537479, 4.093673163
4.103537483, 4.103639084
4.113537479, 4.113665235
4.123537491, 4.123635923
4.133537483, 4.133638931
4.143537488, 4.143686496
4.153537489, 4.153613027
4.163537488, 4.163635612
4.173537484, 4.173599575
4.183537488, 4.183677360
4.193537484, 4.193613788
4.203537485, 4.203686796
4.213537492, 4.213740486
4.223537488, 4.223680285
4.233537484, 4.233618291
4.243537480, 4.243612188
4.253537483, 4.253626081
4.263537482, 4.263599433
4.273537479, 4.273613748
4.283537496, 4.283652409
4.293537475, 4.293602889
4.303537498, 4.303618105
4.313537481, 4.313641018
4.323537490, 4.323611910
4.333537489, 4.333690981
4.343537482, 4.343639875
4.353537473, 4.353624198
4.363537483, 4.363684568
4.373537478, 4.373713439
4.383537479, 4.383681549
4.393537483, 4.393747851
4.403537483, 4.403663960
4.413537484, 4.413692953
4.423537483, 4.423689701
4.433537484, 4.433735192
4.443537493, 4.443652901
4.453537495, 4.453683029
4.463537480, 4.463655808
4.473537475, 4.473683735
4.483537486, 4.483685286
4.493537484, 4.493674552
4.503537491, 4.503673429
4.513537479, 4.513705177
4.523537483, 4.523685959
4.533537484, 4.533701174
4.543537491, 4.543683158
4.553537489, 4.553696265
4.563537485, 4.563666805
4.573537487, 4.573690935
4.583537482, 4.583686411
4.593537486, 4.593692926
4.603537494, 4.603682722
4.613537483, 4.613687250
4.623537486, 4.623664461
4.633537484, 4.633709448
4.643537486, 4.643723030
4.653537481, 4.653716548
4.663537485, 4.663678919
4.673537492, 4.673744239
4.683537491, 4.683682496
4.693537486, 4.693784485
4.703537493, 4.703666772
4.713537489, 4.713703906
4.723537482, 4.723696301
4.733537484, 4.733716818
4.743537482, 4.743647652
4.753537490, 4.753700295
4.763537478, 4.763675752
4.773537482, 4.773705602
4.783537494, 4.783678978
4.793537490, 4.793698371
4.803537497, 4.803708968
4.813537475, 4.813703657
4.823537500, 4.823722641
4.833537482, 4.833732082
4.843537490, 4.843677929
4.853537486, 4.853704116
4.863537480, 4.863659661
4.873537494, 4.873712474
4.883537480, 4.883673784
4.893537489, 4.893721832
4.903537490, 4.903678478
4.913537486, 4.913695714
4.923537494, 4.923678145
4.933537490, 4.933688429
4.943537485, 4.943692174
4.953537479, 4.953672043
4.963537493, 4.963659675
4.973537490, 4.973690079
4.983537482, 4.983633595
4.993537486, 4.993708857
5.003537488, 5.003689669
5.013537483, 5.013691188
5.023537482, 5.023768323
5.033537483, 5.033685781
5.043537496, 5.043759010
5.053537484, 5.053767391
5.063537479, 5.063704168
5.073537484, 5.073730866
5.083537498, 5.083764671
5.093537486, 5.093705409
5.103537479, 5.103807226
5.113537500, 5.113675596
5.123537490, 5.123699476
5.133537484, 5.133750155
5.143537483, 5.143645839
5.153537479, 5.153697560
5.163537475, 5.163715531
5.173537483, 5.173686037
5.183537483, 5.183701105
5.193537490, 5.193694284
5.203537490, 5.203723316
5.213537488, 5.213718160
5.223537485, 5.223743985
5.233537489, 5.233652532
5.243537482, 5.243693808
5.253537486, 5.253661272
5.263537496, 5.263702797
5.273537490, 5.273608941
5.283537490, 5.283679809
5.293537479, 5.293695856
5.303537477, 5.303696767
5.313537484, 5.313705702
5.323537493, 5.323660854
5.333537486, 5.333634503
5.343537475, 5.343677529
5.353537490, 5.353646192
5.363537479, 5.363725641
5.373537498, 5.373697203
5.383537496, 5.383705997
5.393537487, 5.393688364
5.403537486, 5.403715801
5.413537486, 5.413694432
5.423537504, 5.423644697
5.433537490, 5.433705898
5.443537482, 5.443650175
5.453537476, 5.453680047
5.463537498, 5.463743572
5.473537484, 5.473711038
5.483537488, 5.483684870
5.493537478, 5.493705909
5.503537488, 5.503638331
5.513537484, 5.513669621
5.523537483, 5.523697971
5.533537483, 5.533691619
5.543537494, 5.543787503
5.553537503, 5.553778367
5.563537500, 5.563824992
5.573537479, 5.573683735
5.583537488, 5.583717211
5.593537476, 5.593663373
5.603537486, 5.603758812
5.613537478, 5.613709199
5.623537483, 5.623758572
5.633537484, 5.633709626
5.643537493, 5.643728752
5.653537497, 5.653689790
5.663537479, 5.663675102
5.673537494, 5.673702033
5.683537485, 5.683663471
5.693537486, 5.693695544
5.703537485, 5.703723027
5.713537506, 5.713696103
5.723537483, 5.723723662
5.733537486, 5.733699006
5.743537490, 5.743709423
5.753537487, 5.753666801
5.763537477, 5.763765214
5.773537490, 5.773663397
5.783537483, 5.783660736
5.793537484, 5.793640255
5.803537502, 5.803630303
5.813537489, 5.813635703
5.823537488, 5.823635952
5.833537501, 5.833682278
5.843537477, 5.843673533
5.853537479, 5.853671585
5.863537474, 5.863717202
5.873537481, 5.873676404
5.883537496, 5.883803245
5.893537489, 5.893707089
5.903537485, 5.903728404
5.913537508, 5.913681458
5.923537501, 5.923743807
5.933537492, 5.933698774
5.943537482, 5.943727260
5.953537498, 5.953755035
5.963537483, 5.963743191
5.973537487, 5.973674506
5.983537480, 5.983685129
5.993537489, 5.993637378
6.003537490, 6.003680046
6.013537495, 6.013622556
6.023537482, 6.023680179
6.033537476, 6.033691598
6.043537486, 6.043707604
6.053537484, 6.053700074
6.063537483, 6.063716464
6.073537487, 6.073722437
6.083537485, 6.083717775
6.093537486, 6.093732563
6.103537483, 6.103714478
6.113537483, 6.113717948
6.123537482, 6.123715801
6.133537481, 6.133676106
6.143537485, 6.143672756
6.153537492, 6.153709239
6.163537493, 6.163714912
6.173537486, 6.173703001
6.183537486, 6.183662258
6.193537489, 6.193667693
6.203537498, 6.203698748
6.213537476, 6.213696878
6.223537490, 6.223663347
6.233537487, 6.233657999
6.243537501, 6.243646011
6.253537484, 6.253730845
6.263537480, 6.263700348
6.273537473, 6.273703288
6.283537477, 6.283710645
6.293537490, 6.293678012
6.303537480, 6.303682042
6.313537497, 6.313710456
6.323537496, 6.323714382
6.333537483, 6.333733464
6.343537490, 6.343682473
6.353537491, 6.353768984
6.363537496, 6.363730473
6.373537489, 6.373758855
6.383537482, 6.383731294
6.393537489, 6.393689866
6.403537477, 6.403692327
6.413537489, 6.413703823
6.423537483, 6.423681412
6.433537484, 6.433677953
6.443537482, 6.443696040
6.453537478, 6.453688274
6.463537491, 6.463741865
6.473537490, 6.473721493
6.483537483, 6.483733454
6.493537484, 6.493640497
6.503537488, 6.503672495
6.513537479, 6.513728649
6.523537501, 6.523719833
6.533537484, 6.533671690
6.543537483, 6.543779255
6.553537478, 6.553721742
6.563537480, 6.563729671
6.573537483, 6.573709995
6.583537480, 6.583711150
6.593537490, 6.593745990
6.603537486, 6.603755473
6.613537481, 6.613659145
6.623537485, 6.623672338
6.633537475, 6.633687040
6.643537483, 6.643718721
6.653537478, 6.653679365
6.663537488, 6.663762729
6.673537483, 6.673730565
6.683537479, 6.683632320
6.693537495, 6.693646288
6.703537490, 6.703650694
6.713537484, 6.713640080
6.723537477, 6.723643166
6.733537494, 6.733635012
6.743537475, 6.743659337
6.753537476, 6.753636024
6.763537480, 6.763651583
6.773537486, 6.773669465
6.783537493, 6.783637490
6.793537483, 6.793627989
6.803537483, 6.803674667
6.813537476, 6.813635717
6.823537486, 6.823669024
6.833537486, 6.833705472
6.843537488, 6.843719375
6.853537490, 6.853696289
6.863537493, 6.863694007
6.873537481, 6.873683798
6.883537483, 6.883676550
6.893537489, 6.893674528
6.903537482, 6.903687762
6.913537487, 6.913703490
6.923537483, 6.923723407
6.933537487, 6.933737412
6.943537486, 6.943680916
6.953537494, 6.953694080
6.963537480, 6.963695202
6.973537489, 6.973631151
6.983537475, 6.983635964
6.993537483, 6.993662559
7.003537501, 7.003634195
7.013537487, 7.013636087
7.023537490, 7.023671812
7.033537481, 7.033697618
7.043537482, 7.043667427
7.053537483, 7.053697333
7.063537491, 7.063684011
7.073537476, 7.073675193
7.083537502, 7.083663341
7.093537484, 7.093680986
7.103537480, 7.103665151
7.113537475, 7.113651139
7.123537482, 7.123673326
7.133537476, 7.133740775
7.143537485, 7.143679443
7.153537487, 7.153705306
7.163537480, 7.163682477
7.173537487, 7.173689913
7.183537477, 7.183713629
7.193537487, 7.193676947
7.203537490, 7.203676151
7.213537500, 7.213718564
7.223537483, 7.223651604
7.233537481, 7.233677626
7.243537490, 7.243690355
7.253537489, 7.253661772
7.263537480, 7.263671798
7.273537479, 7.273672724
7.283537491, 7.283671501
7.293537484, 7.293658758
7.303537482, 7.303644543
7.313537481, 7.313690363
7.323537485, 7.323696749
7.333537486, 7.333676120
7.343537486, 7.343690730
7.353537480, 7.353687263
7.363537494, 7.363715981
7.373537486, 7.373669336
7.383537483, 7.383698988
7.393537489, 7.393644613
7.403537488, 7.403674585
7.413537476, 7.413662346
7.423537493, 7.423670950
7.433537490, 7.433652809
7.443537488, 7.443648253
7.453537490, 7.453674344
7.463537485, 7.463700344
7.473537476, 7.473646834
7.483537490, 7.483686154
7.493537482, 7.493635664
7.503537484, 7.503642519
7.513537498, 7.513628428
7.523537487, 7.523725895
7.533537479, 7.533634875
7.543537478, 7.543641780
7.553537483, 7.553637881
7.563537505, 7.563635468
7.573537480, 7.573633508
7.583537483, 7.583695640
7.593537485, 7.593671941
7.603537490, 7.603692738
7.613537488, 7.613699021
7.623537486, 7.623695152
7.633537480, 7.633683411
7.643537486, 7.643710810
7.653537491, 7.653707539
7.663537490, 7.663681618
7.673537482, 7.673710986
7.683537479, 7.683691345
7.693537480, 7.693720610
7.703537481, 7.703753728
7.713537485, 7.713653236
7.723537486, 7.723701561
7.733537490, 7.733724925
7.743537490, 7.743658678
7.753537485, 7.753661067
7.763537481, 7.763697846
7.773537486, 7.773679789
7.783537476, 7.783637295
7.793537485, 7.793703185
7.803537492, 7.803682227
7.813537490, 7.813729560
7.823537492, 7.823675931
7.833537482, 7.833710023
7.843537483, 7.843700325
7.853537480, 7.853748945
7.863537476, 7.863722399
7.873537475, 7.873684923
7.883537494, 7.883742674
7.893537483, 7.893769553
7.903537495, 7.903757173
7.913537488, 7.913737307
7.923537477, 7.923737776
7.933537497, 7.933694078
7.943537485, 7.943764696
7.953537484, 7.953724897
7.963537483, 7.963716339
7.973537481, 7.973717832
7.983537477, 7.983806516
7.993537484, 7.993714810
8.003537488, 8.003744285
8.013537478, 8.013717146
8.023537480, 8.023717509
8.033537576, 8.033729752
8.043537490, 8.043756253
8.053537486, 8.053728186
8.063537493, 8.063721569
8.073537488, 8.073719198
8.083537494, 8.083724945
8.093537486, 8.093715030
8.103537481, 8.103757739
8.113537490, 8.113704674
8.123537485, 8.123681218
8.133537479, 8.133725332
8.143537484, 8.143756687
8.153537496, 8.153714888
8.163537486, 8.163742942
8.173537482, 8.173720966
8.183537492, 8.183715536
8.193537477, 8.193741603
8.203537486, 8.203720017
8.213537486, 8.213705479
8.223537484, 8.223711128
8.233537475, 8.233719504
8.243537483, 8.243694011
8.253537486, 8.253707727
8.263537490, 8.263716216
8.273537479, 8.273685951
8.283537486, 8.283685584
8.293537485, 8.293705239
8.303537497, 8.303675948
8.313537486, 8.313720043
8.323537490, 8.323720508
8.333537475, 8.333741216
8.343537483, 8.343731189
8.353537490, 8.353700954
8.363537486, 8.363719837
8.373537482, 8.373710511
8.383537483, 8.383665811
8.393537491, 8.393730765
8.403537479, 8.403729899
8.413537490, 8.413724200
8.423537483, 8.423670899
8.433537479, 8.433697985
8.443537483, 8.443718780
8.453537486, 8.453738632
8.463537482, 8.463698873
8.473537490, 8.473697945
8.483537482, 8.483670108
8.493537486, 8.493690876
8.503537488, 8.503689421
8.513537481, 8.513703048
8.523537480, 8.523655658
8.533537492, 8.533711666
8.543537480, 8.543663968
8.553537479, 8.553709321
8.563537488, 8.563688714
8.573537487, 8.573724528
8.583537480, 8.583686949
8.593537487, 8.593702811
8.603537490, 8.603686712
8.613537483, 8.613676122
8.623537482, 8.623692374
8.633537486, 8.633752397
8.643537496, 8.643779040
8.653537486, 8.653684747
8.663537494, 8.663639198
8.673537587, 8.673656556
8.683537482, 8.683637433
8.693537486, 8.693670913
8.703537488, 8.703631184
8.713537487, 8.713635141
8.723537474, 8.723653942
8.733537478, 8.733636502
8.743537499, 8.743633721
8.753537484, 8.753638848
8.763537483, 8.763636013
8.773537486, 8.773655651
8.783537486, 8.783657351
8.793537481, 8.793674388
8.803537512, 8.803695603
8.813537500, 8.813685649
8.823537475, 8.823659744
8.833537489, 8.833672883
8.843537483, 8.843633331
8.853537487, 8.853705387
8.863537491, 8.863678480
8.873537484, 8.873717363
8.883537482, 8.883669050
8.893537483, 8.893733280
8.903537482, 8.903661683
8.913537486, 8.913682093
8.923537493, 8.923661080
8.933537494, 8.933676076
8.943537498, 8.943678758
8.953537484, 8.953670611
8.963537490, 8.963633811
8.973537481, 8.973634975
8.983537480, 8.983667465
8.993537483, 8.993634991
9.003537480, 9.003635263
9.013537486, 9.013683831
9.023537485, 9.023648642
9.033537486, 9.033704963
9.043537480, 9.043669954
9.053537481, 9.053627363
9.063537483, 9.063680248
9.073537495, 9.073647483
9.083537483, 9.083633085
9.093537489, 9.093671982
9.103537490, 9.103694613
9.113537483, 9.113631189
9.123537498, 9.123636056
9.133537489, 9.133634969
9.143537493, 9.143637951
9.153537494, 9.153646121
9.163537494, 9.163664882
9.173537484, 9.173637549
9.183537482, 9.183674536
9.193537490, 9.193631499
9.203537494, 9.203674273
9.213537483, 9.213635316
9.223537477, 9.223643545
9.233537476, 9.233671817
9.243537498, 9.243675518
9.253537489, 9.253636229
9.263537486, 9.263671776
9.273537486, 9.273633576
9.283537490, 9.283635019
9.293537490, 9.293635787
9.303537485, 9.303639924
9.313537492, 9.313663898
9.323537483, 9.323634905
9.333537484, 9.333645976
9.343537490, 9.343691730
9.353537484, 9.353694983
9.363537490, 9.363681712
9.373537487, 9.373693002
9.383537480, 9.383672140
9.393537492, 9.393678943
9.403537491, 9.403684735
9.413537483, 9.413644142
9.423537477, 9.423667055
9.433537490, 9.433659906
9.443537493, 9.443631068
9.453537471, 9.453638064
9.463537482, 9.463718598
9.473537489, 9.473702194
9.483537499, 9.483693795
9.493537487, 9.493713526
9.503537480, 9.503683677
9.513537476, 9.513624896
9.523537477, 9.523687890
9.533537483, 9.533636171
9.543537482, 9.543630536
9.553537486, 9.553686855
9.563537501, 9.563697136
9.573537483, 9.573722314
9.583537485, 9.583694135
9.593537481, 9.593693351
9.603537483, 9.603716002
9.613537482, 9.613721669
9.623537486, 9.623674039
9.633537485, 9.633746070
9.643537478, 9.643730850
9.653537484, 9.653722252
9.663537483, 9.663698554
9.673537501, 9.673722881
9.683537485, 9.683679214
9.693537486, 9.693712736
9.703537493, 9.703764285
9.713537478, 9.713696346
9.723537477, 9.723762232
9.733537487, 9.733723140
9.743537480, 9.743714842
9.753537489, 9.753693932
9.763537477, 9.763718537
9.773537478, 9.773795648
9.783537488, 9.783743202
9.793537484, 9.793690155
9.803537493, 9.803708266
9.813537478, 9.813709972
9.823537499, 9.823692959
9.833537484, 9.833696122
9.843537482, 9.843740959
9.853537479, 9.853713126
9.863537498, 9.863761259
9.873537489, 9.873691901
9.883537490, 9.883706789
9.893537492, 9.893737787
9.903537482, 9.903723810
9.913537483, 9.913687632
9.923537482, 9.923743396
9.933537490, 9.933709736
9.943537486, 9.943695838
9.953537483, 9.953697850
9.963537486, 9.963687464
9.973537483, 9.973706489
9.983537488, 9.983721382
9.993537475, 9.993714328
10.003537542, 10.003732447
10.013537476, 10.013715531
10.023537554, 10.023673765
10.033537490, 10.033672537
10.043537485, 10.043671989
10.053537473, 10.053672288
10.063537494, 10.063667776
10.073537490, 10.073671816
10.083537486, 10.083689347
10.093537484, 10.093695048
10.103537480, 10.103685564
10.113537473, 10.113691873
10.123537482, 10.123685931
10.133537481, 10.133696189
10.143537485, 10.143684007
10.153537497, 10.153692350
10.163537485, 10.163685381
10.173537473, 10.173694205
10.183537479, 10.183684975
10.193537487, 10.193691593
10.203537482, 10.203684691
10.213537490, 10.213694453
10.223537488, 10.223687269
10.233537475, 10.233686084
10.243537498, 10.243683984
10.253537494, 10.253694713
10.263537483, 10.263670702
10.273537479, 10.273693261
10.283537483, 10.283688323
10.293537473, 10.293691129
10.303537496, 10.303686624
10.313537484, 10.313691472
10.323537474, 10.323685018
10.333537475, 10.333690223
10.343537483, 10.343687101
10.353537476, 10.353692209
10.363537486, 10.363683101
10.373537481, 10.373695308
10.383537488, 10.383692808
10.393537490, 10.393694630
10.403537483, 10.403689883
10.413537484, 10.413690722
10.423537486, 10.423684153
10.433537481, 10.433684774
10.443537485, 10.443687876
10.453537495, 10.453690449
10.463537486, 10.463683613
10.473537471, 10.473691857
10.483537479, 10.483690070
10.493537484, 10.493695043
10.503537483, 10.503688984
10.513537481, 10.513670780
10.523537483, 10.523673410
10.533537484, 10.533689538
10.543537494, 10.543671641
10.553537483, 10.553687021
10.563537480, 10.563685831
10.573537490, 10.573694934
10.583537483, 10.583688094
10.593537481, 10.593686413
10.603537475, 10.603687828
10.613537476, 10.613693508
10.623537480, 10.623684505
10.633537489, 10.633677250
10.643537486, 10.643691166
10.653537476, 10.653678653
10.663537490, 10.663672712
10.673537478, 10.673692399
10.683537490, 10.683688192
10.693537483, 10.693692016
10.703537490, 10.703670664
10.713537479, 10.713688521
10.723537479, 10.723683845
10.733537476, 10.733673415
10.743537490, 10.743690664
10.753537481, 10.753694189
10.763537480, 10.763687683
10.773537483, 10.773691026
10.783537488, 10.783686445
10.793537490, 10.793686896
10.803537490, 10.803684232
10.813537489, 10.813693197
10.823537490, 10.823689140
10.833537479, 10.833689779
10.843537488, 10.843688218
10.853537483, 10.853690513
10.863537480, 10.863682487
10.873537483, 10.873694584
10.883537490, 10.883687934
10.893537490, 10.893691075
10.903537474, 10.903686643
10.913537487, 10.913679074
10.923537483, 10.923673664
10.933537489, 10.933683621
10.943537494, 10.943675462
10.953537486, 10.953681027
10.963537483, 10.963687890
10.973537490, 10.973689910
10.983537482, 10.983687097
10.993537495, 10.993685658
11.003537496, 11.003671695
11.013537483, 11.013675844
11.023537488, 11.023686519
11.033537476, 11.033689495
11.043537482, 11.043683117
11.053537481, 11.053687131
11.063537494, 11.063682915
11.073537483, 11.073687943
11.083537493, 11.083682931
11.093537484, 11.093692905
11.103537485, 11.103693689
11.113537489, 11.113693240
11.123537494, 11.123691518
11.133537478, 11.133693851
11.143537480, 11.143683163
11.153537486, 11.153692335
11.163537490, 11.163682766
11.173537484, 11.173688830
11.183537482, 11.183665259
11.193537479, 11.193686407
11.203537482, 11.203684208
11.213537479, 11.213692624
11.223537475, 11.223685739
11.233537489, 11.233683036
11.243537482, 11.243688480
11.253537479, 11.253692863
11.263537483, 11.263687148
11.273537479, 11.273689043
11.283537475, 11.283687138
11.293537481, 11.293690216
11.303537482, 11.303686298
11.313537486, 11.313688508
11.323537485, 11.323683791
11.333537487, 11.333689260
11.343537488, 11.343685962
11.353537494, 11.353689181
11.363537483, 11.363684432
11.373537489, 11.373693970
11.383537494, 11.383682991
11.393537492, 11.393693739
11.403537483, 11.403688223
11.413537479, 11.413684352
11.423537483, 11.423685774
11.433537473, 11.433687649
11.443537480, 11.443684252
11.453537478, 11.453693340
11.463537488, 11.463687805
11.473537483, 11.473687832
11.483537482, 11.483683910
11.493537479, 11.493693554
11.503537480, 11.503682425
11.513537490, 11.513686487
11.523537482, 11.523683731
11.533537497, 11.533690030
11.543537482, 11.543684724
11.553537479, 11.553688652
11.563537490, 11.563687181
11.573537484, 11.573695679
11.583537493, 11.583683033
11.593537487, 11.593692373
11.603537475, 11.603682454
11.613537478, 11.613688761
11.623537499, 11.623691007
11.633537483, 11.633706358
11.643537488, 11.643702765
11.653537483, 11.653710799
11.663537485, 11.663703251
11.673537487, 11.673706424
11.683537480, 11.683702980
11.693537479, 11.693706924
11.703537480, 11.703701546
11.713537476, 11.713707842
11.723537479, 11.723700592
11.733537478, 11.733710989
11.743537479, 11.743705727
11.753537486, 11.753707554
11.763537474, 11.763702511
11.773537489, 11.773710614
11.783537490, 11.783701660
11.793537478, 11.793708923
11.803537475, 11.803699796
11.813537484, 11.813707783
11.823537485, 11.823702061
11.833537483, 11.833713864
11.843537485, 11.843703287
11.853537479, 11.853708794
11.863537480, 11.863700562
11.873537484, 11.873709405
11.883537477, 11.883705291
11.893537486, 11.893712050
11.903537491, 11.903703273
11.913537478, 11.913707660
11.923537482, 11.923704767
11.933537484, 11.933712793
11.943537483, 11.943703299
11.953537487, 11.953706282
11.963537479, 11.963701421
11.973537484, 11.973705511
11.983537482, 11.983700671
11.993537483, 11.993707780
12.003537483, 12.003702106
12.013537484, 12.013714142
12.023537486, 12.023702755
12.033537484, 12.033708922
12.043537486, 12.043702463
12.053537483, 12.053710843
------------------------------
