------------------------------
test was performed using the following parameters: --mps=100 --burst=1 --reply-every=1 --msg-size=12 --time=10
------------------------------
sockperf: [Total Run] RunTime=10.100 sec; SentMessages=1011; ReceivedMessages=1010
sockperf: ========= Printing statistics for Server No: 0
sockperf: [Valid Duration] RunTime=9.990 sec; SentMessages=1000; ReceivedMessages=1000
sockperf: [2;35m====> avg-lat= 75.368 (std-dev=20.691)[0m
sockperf: # dropped messages = 0; # duplicated messages = 0; # out-of-order messages = 0
sockperf: [2;35mTotal 1000 observations[0m; each percentile contains 10.00 observations
sockperf: ---> <MAX> observation =  148.304
sockperf: ---> percentile  99.99 =  148.304
sockperf: ---> percentile  99.90 =  142.485
sockperf: ---> percentile  99.50 =  134.714
sockperf: ---> percentile  99.00 =  132.067
sockperf: ---> percentile  95.00 =  113.227
sockperf: ---> percentile  90.00 =  102.837
sockperf: ---> percentile  75.00 =   88.919
sockperf: ---> percentile  50.00 =   71.125
sockperf: ---> percentile  25.00 =   62.738
sockperf: ---> <MIN> observation =   30.523
------------------------------
txTime, rxTime
2.063115538, 2.063310160
2.073117785, 2.073269130
2.083115508, 2.083273645
2.093117466, 2.093315157
2.103118544, 2.103327316
2.113115539, 2.113290967
2.123115519, 2.123307079
2.133116425, 2.133288769
2.143115520, 2.143275792
2.153115535, 2.153300986
2.163115511, 2.163306593
2.173115513, 2.173349406
2.183115554, 2.183295265
2.193115560, 2.193273312
2.203115599, 2.203328350
2.213115527, 2.213290176
2.223115533, 2.223310618
2.233115522, 2.233301808
2.243115614, 2.243279910
2.253115533, 2.253307904
2.263115539, 2.263262745
2.273115516, 2.273238163
2.283115525, 2.283232498
2.293115516, 2.293185232
2.303115539, 2.303212879
2.313116114, 2.313243115
2.323115539, 2.323235806
2.333115513, 2.333242044
2.343115516, 2.343233269
2.353115536, 2.353191537
2.363115519, 2.363192505
2.373118217, 2.373214050
2.383119321, 2.383228764
2.393115519, 2.393196436
2.403115539, 2.403191407
2.413116553, 2.413227482
2.423115533, 2.423215555
2.433115538, 2.433194998
2.443120876, 2.443222764
2.453115535, 2.453209410
2.463115520, 2.463196742
2.473115517, 2.473207296
2.483115539, 2.483216894
2.493115797, 2.493227574
2.503116349, 2.503246476
2.513115535, 2.513182652
2.523116370, 2.523225284
2.533115538, 2.533341992
2.543115519, 2.543282640
2.553115519, 2.553262861
2.563119646, 2.563307719
2.573131289, 2.573327444
2.583115516, 2.583286138
2.593115541, 2.593307563
2.603115511, 2.603286989
2.613115522, 2.613278388
2.623115524, 2.623313747
2.633123606, 2.633366522
2.643115517, 2.643309535
2.653122278, 2.653336605
2.663119114, 2.663297592
2.673120399, 2.673319651
2.683115661, 2.683317333
2.693115561, 2.693308857
2.703115516, 2.703294136
2.713115538, 2.713274848
2.723115547, 2.723358178
2.733115538, 2.733301252
2.743115539, 2.743304168
2.753115536, 2.753288289
2.763115520, 2.763289899
2.773115541, 2.773272053
2.783125433, 2.783288237
2.793115535, 2.793381249
2.803115535, 2.803302419
2.813120186, 2.813303236
2.823124781, 2.823286680
2.833115520, 2.833304098
2.843115538, 2.843282352
2.853115535, 2.853267179
2.863115522, 2.863282509
2.873119543, 2.873301779
2.883115519, 2.883271739
2.893119225, 2.893326915
2.903116916, 2.903378146
2.913117519, 2.913295200
2.923115532, 2.923292031
2.933132209, 2.933296196
2.943115538, 2.943257739
2.953115536, 2.953270839
2.963116703, 2.963318222
2.973115514, 2.973303274
2.983115593, 2.983294947
2.993115525, 2.993334898
3.003115603, 3.003288712
3.013115520, 3.013347250
3.023115579, 3.023280767
3.033115517, 3.033290727
3.043115517, 3.043296030
3.053115516, 3.053264650
3.063115538, 3.063263230
3.073124449, 3.073310111
3.083115554, 3.083254852
3.093123980, 3.093317189
3.103115576, 3.103272552
3.113115533, 3.113255140
3.123115530, 3.123337693
3.133115535, 3.133286112
3.143115584, 3.143264904
3.153115591, 3.153337521
3.163115514, 3.163289666
3.173118734, 3.173324796
3.183115598, 3.183268240
3.193115554, 3.193270965
3.203115532, 3.203389539
3.213115512, 3.213366674
3.223115524, 3.223364017
3.233115507, 3.233327389
3.243115533, 3.243344160
3.253115517, 3.253252753
3.263115535, 3.263300587
3.273115620, 3.273274754
3.283115507, 3.283255762
3.293115507, 3.293327784
3.303115508, 3.303308208
3.313115606, 3.313333987
3.323115535, 3.323302973
3.333115539, 3.333307507
3.343115554, 3.343274071
3.353120892, 3.353316700
3.363115520, 3.363304441
3.373117268, 3.373327894
3.383115539, 3.383341021
3.393115533, 3.393285976
3.403115516, 3.403306637
3.413115517, 3.413275711
3.423115539, 3.423287593
3.433123484, 3.433363055
3.443116585, 3.443283342
3.453119384, 3.453307078
3.463115520, 3.463319842
3.473115511, 3.473295372
3.483115539, 3.483291218
3.493124405, 3.493285610
3.503115520, 3.503305005
3.513120104, 3.513329981
3.523115519, 3.523268257
3.533115532, 3.533268377
3.543115536, 3.543277050
3.553118528, 3.553305376
3.563118209, 3.563297874
3.573115593, 3.573270117
3.583116724, 3.583270488
3.593121426, 3.593315948
3.603119722, 3.603389151
3.613115530, 3.613295836
3.623115513, 3.623298604
3.633115516, 3.633293021
3.643115580, 3.643260200
3.653115536, 3.653332852
3.663115519, 3.663299149
3.673119386, 3.673326288
3.683115513, 3.683235857
3.693115533, 3.693231243
3.703115532, 3.703268835
3.713115536, 3.713223857
3.723120388, 3.723275505
3.733126308, 3.733277213
3.743123205, 3.743285851
3.753115550, 3.753195932
3.763119712, 3.763248300
3.773118065, 3.773251333
3.783115537, 3.783198461
3.793115558, 3.793190117
3.803115556, 3.803241783
3.813115550, 3.813211813
3.823115555, 3.823204681
3.833130145, 3.833223986
3.843115537, 3.843266953
3.853119360, 3.853307575
3.863115525, 3.863257201
3.873115537, 3.873246980
3.883125409, 3.883287815
3.893117592, 3.893267984
3.903115536, 3.903263558
3.913115525, 3.913255125
3.923115537, 3.923264788
3.933118656, 3.933308022
3.943115537, 3.943315360
3.953115539, 3.953276199
3.963119025, 3.963344603
3.973119920, 3.973285369
3.983115523, 3.983270185
3.993115514, 3.993322614
4.003115506, 4.003253074
4.013115506, 4.013236433
4.023115501, 4.023275501
4.033115503, 4.033231828
4.043115503, 4.043227725
4.053115503, 4.053311429
4.063115501, 4.063285578
4.073115503, 4.073263088
4.083115502, 4.083268557
4.093115506, 4.093238133
4.103115502, 4.103193077
4.113115505, 4.113280917
4.123115502, 4.123224830
4.133115503, 4.133199813
4.143115497, 4.143217857
4.153115502, 4.153190597
4.163115506, 4.163186330
4.173115500, 4.173218703
4.183115505, 4.183179585
4.193115511, 4.193197663
4.203115500, 4.203193283
4.213115524, 4.213194494
4.223115503, 4.223273013
4.233115500, 4.233248499
4.243115506, 4.243231720
4.253115508, 4.253267201
4.263115502, 4.263249478
4.273115506, 4.273237530
4.283115509, 4.283236183
4.293115503, 4.293243955
4.303115502, 4.303247188
4.313115502, 4.313272505
4.323115503, 4.323299062
4.333115507, 4.333256020
4.343115507, 4.343252568
4.353115502, 4.353263304
4.363115500, 4.363241501
4.373115498, 4.373239629
4.383115503, 4.383269465
4.393115506, 4.393263143
4.403115506, 4.403264095
4.413115500, 4.413243966
4.423115511, 4.423235614
4.433115505, 4.433297973
4.443115500, 4.443226243
4.453115507, 4.453311444
4.463115505, 4.463228019
4.473115502, 4.473247001
4.483115505, 4.483219952
4.493115506, 4.493264530
4.503115502, 4.503235184
4.513115502, 4.513230758
4.523115509, 4.523240974
4.533115500, 4.533214658
4.543115506, 4.543225535
4.553115503, 4.553230828
4.563115502, 4.563207201
4.573115508, 4.573264132
4.583115511, 4.583235509
4.593115503, 4.593265469
4.603115508, 4.603224958
4.613115505, 4.613198566
4.623115505, 4.623180008
4.633115507, 4.633195964
4.643115507, 4.643213786
4.653115515, 4.653222474
4.663115507, 4.663240065
4.673115503, 4.673208569
4.683115505, 4.683188893
4.693115546, 4.693241113
4.703115508, 4.703242665
4.713115502, 4.713298298
4.723115505, 4.723236381
4.733115546, 4.733288299
4.743115505, 4.743271736
4.753115505, 4.753232130
4.763115508, 4.763293497
4.773115503, 4.773281089
4.783115506, 4.783338678
4.793115509, 4.793257761
4.803115505, 4.803272770
4.813115513, 4.813281004
4.823115516, 4.823229844
4.833115503, 4.833261173
4.843115506, 4.843232685
4.853115502, 4.853269476
4.863115503, 4.863260773
4.873115513, 4.873263247
4.883115505, 4.883230544
4.893115502, 4.893261779
4.903115508, 4.903264392
4.913115500, 4.913256166
4.923115507, 4.923283493
4.933115500, 4.933265135
4.943115506, 4.943243156
4.953115512, 4.953240178
4.963115506, 4.963253101
4.973115509, 4.973248046
4.983115511, 4.983240255
4.993115505, 4.993207790
5.003115500, 5.003240759
5.013115503, 5.013316997
5.023115508, 5.023256968
5.033115509, 5.033248429
5.043115502, 5.043238286
5.053115502, 5.053263622
5.063115509, 5.063249136
5.073115506, 5.073299522
5.083115511, 5.083330354
5.093115506, 5.093252353
5.103115500, 5.103297003
5.113115505, 5.113236052
5.123115503, 5.123200949
5.133115505, 5.133258781
5.143115505, 5.143284552
5.153115511, 5.153319788
5.163115516, 5.163216927
5.173115509, 5.173288572
5.183115505, 5.183224165
5.193115500, 5.193299609
5.203115530, 5.203276543
5.213115507, 5.213314954
5.223115591, 5.223271972
5.233115524, 5.233317282
5.243115506, 5.243286476
5.253115502, 5.253320909
5.263115527, 5.263254657
5.273115505, 5.273247812
5.283115505, 5.283251433
5.293115506, 5.293292901
5.303115500, 5.303267766
5.313115500, 5.313284818
5.323115506, 5.323266509
5.333115509, 5.333240690
5.343115503, 5.343225540
5.353115510, 5.353269819
5.363115502, 5.363285084
5.373115503, 5.373263604
5.383115500, 5.383242889
5.393115506, 5.393238363
5.403115505, 5.403288384
5.413115501, 5.413206866
5.423115499, 5.423276110
5.433115509, 5.433298851
5.443115511, 5.443285899
5.453115503, 5.453251783
5.463115509, 5.463275101
5.473115503, 5.473301122
5.483115505, 5.483252209
5.493115505, 5.493236384
5.503115506, 5.503236913
5.513115503, 5.513232333
5.523115503, 5.523267157
5.533115505, 5.533262084
5.543115500, 5.543241579
5.553115509, 5.553242989
5.563115503, 5.563231856
5.573115507, 5.573302528
5.583115503, 5.583278602
5.593115520, 5.593239864
5.603115503, 5.603259892
5.613115503, 5.613276873
5.623115549, 5.623259615
5.633115509, 5.633322052
5.643115495, 5.643275187
5.653115506, 5.653228794
5.663115505, 5.663289047
5.673115502, 5.673205362
5.683115509, 5.683230545
5.693115505, 5.693256229
5.703115505, 5.703255689
5.713115502, 5.713176548
5.723115500, 5.723238067
5.733115505, 5.733233804
5.743115506, 5.743245951
5.753115502, 5.753345088
5.763115508, 5.763256539
5.773115509, 5.773286078
5.783115507, 5.783296634
5.793115504, 5.793259292
5.803115509, 5.803261574
5.813115508, 5.813268666
5.823115505, 5.823263112
5.833115505, 5.833233212
5.843115503, 5.843250859
5.853115500, 5.853271748
5.863115509, 5.863248221
5.873115500, 5.873228387
5.883115511, 5.883242074
5.893115505, 5.893222141
5.903115505, 5.903272805
5.913115505, 5.913264335
5.923115511, 5.923220062
5.933115505, 5.933319385
5.943115502, 5.943265903
5.953115502, 5.953269860
5.963115508, 5.963337873
5.973115513, 5.973276446
5.983115506, 5.983258230
5.993115508, 5.993245321
6.003115503, 6.003269052
6.013115505, 6.013266191
6.023115513, 6.023277260
6.033115514, 6.033284318
6.043115513, 6.043330536
6.053115528, 6.053341128
6.063115513, 6.063224683
6.073115502, 6.073272108
6.083115505, 6.083258431
6.093115503, 6.093283507
6.103115514, 6.103316023
6.113115528, 6.113289907
6.123115505, 6.123281629
6.133115531, 6.133301975
6.143115511, 6.143325446
6.153115513, 6.153348811
6.163115532, 6.163312021
6.173115522, 6.173323235
6.183115506, 6.183292640
6.193115528, 6.193330965
6.203115513, 6.203356726
6.213115508, 6.213335186
6.223115528, 6.223338727
6.233115524, 6.233296689
6.243115514, 6.243343241
6.253115530, 6.253284333
6.263115525, 6.263318010
6.273115513, 6.273319935
6.283115525, 6.283285832
6.293115522, 6.293325856
6.303115508, 6.303310804
6.313115522, 6.313318585
6.323115511, 6.323241437
6.333115514, 6.333299766
6.343115525, 6.343237638
6.353115528, 6.353234920
6.363115505, 6.363195775
6.373115505, 6.373193902
6.383115502, 6.383250386
6.393115508, 6.393208535
6.403115503, 6.403184755
6.413115506, 6.413198583
6.423115495, 6.423252383
6.433115500, 6.433301102
6.443115505, 6.443307390
6.453115499, 6.453280600
6.463115504, 6.463264260
6.473115501, 6.473224807
6.483115513, 6.483256470
6.493115502, 6.493240979
6.503115500, 6.503246513
6.513115503, 6.513245093
6.523115502, 6.523256198
6.533115541, 6.533281904
6.543115513, 6.543312486
6.553115503, 6.553374470
6.563115513, 6.563341309
6.573115525, 6.573328715
6.583115525, 6.583383188
6.593115527, 6.593318804
6.603115509, 6.603314923
6.613115528, 6.613288537
6.623115507, 6.623362499
6.633115530, 6.633361696
6.643115514, 6.643321278
6.653115506, 6.653372743
6.663115528, 6.663295054
6.673115504, 6.673293422
6.683115510, 6.683343836
6.693115530, 6.693307573
6.703115514, 6.703296464
6.713115532, 6.713338242
6.723115514, 6.723279118
6.733115525, 6.733321200
6.743115517, 6.743272141
6.753115507, 6.753297990
6.763115505, 6.763276672
6.773115502, 6.773271586
6.783115511, 6.783287924
6.793115524, 6.793287341
6.803115505, 6.803302089
6.813115509, 6.813299179
6.823115509, 6.823313401
6.833115509, 6.833325921
6.843115502, 6.843290518
6.853115503, 6.853321028
6.863115506, 6.863270901
6.873115511, 6.873332204
6.883115509, 6.883327597
6.893115509, 6.893378727
6.903115502, 6.903293341
6.913115509, 6.913375863
6.923115514, 6.923304073
6.933115503, 6.933340016
6.943115513, 6.943350604
6.953115506, 6.953311284
6.963115509, 6.963295057
6.973115506, 6.973323575
6.983115508, 6.983281933
6.993115505, 6.993400477
7.003115523, 7.003272786
7.013115519, 7.013313894
7.023115511, 7.023300142
7.033115528, 7.033282225
7.043115511, 7.043192404
7.053115514, 7.053293713
7.063115530, 7.063305347
7.073115533, 7.073237163
7.083115509, 7.083221737
7.093115524, 7.093293122
7.103115509, 7.103203331
7.113115503, 7.113187353
7.123115547, 7.123197922
7.133115508, 7.133199324
7.143115503, 7.143209191
7.153115508, 7.153202880
7.163115509, 7.163199517
7.173115500, 7.173208921
7.183115503, 7.183215535
7.193115509, 7.193191215
7.203115497, 7.203203135
7.213115505, 7.213215152
7.223115506, 7.223205174
7.233115502, 7.233220469
7.243115506, 7.243293776
7.253115500, 7.253201351
7.263115503, 7.263258399
7.273115517, 7.273238312
7.283115508, 7.283277181
7.293115505, 7.293267343
7.303115506, 7.303239771
7.313115506, 7.313226180
7.323115498, 7.323187730
7.333115508, 7.333208780
7.343115506, 7.343180964
7.353115502, 7.353201024
7.363115505, 7.363189470
7.373115509, 7.373194017
7.383115503, 7.383202635
7.393115505, 7.393205490
7.403115503, 7.403207631
7.413115511, 7.413223156
7.423115503, 7.423201767
7.433115506, 7.433225193
7.443115503, 7.443234061
7.453115506, 7.453252519
7.463115502, 7.463239584
7.473115503, 7.473228076
7.483115509, 7.483261432
7.493115509, 7.493281773
7.503115502, 7.503257445
7.513115509, 7.513250932
7.523115505, 7.523342013
7.533115506, 7.533245902
7.543115502, 7.543239967
7.553115502, 7.553298667
7.563115503, 7.563275013
7.573115504, 7.573226907
7.583115506, 7.583289985
7.593115508, 7.593308146
7.603115508, 7.603253677
7.613115506, 7.613235503
7.623115497, 7.623250385
7.633115511, 7.633240832
7.643115508, 7.643257362
7.653115510, 7.653279400
7.663115500, 7.663233443
7.673115509, 7.673260482
7.683115501, 7.683246354
7.693115517, 7.693255057
7.703115501, 7.703269046
7.713115502, 7.713268400
7.723115509, 7.723241928
7.733115510, 7.733299910
7.743115500, 7.743284856
7.753115509, 7.753309112
7.763115508, 7.763223094
7.773115503, 7.773247861
7.783115508, 7.783278861
7.793115505, 7.793245302
7.803115505, 7.803276381
7.813115500, 7.813232527
7.823115502, 7.823272430
7.833115506, 7.833214267
7.843115508, 7.843264637
7.853115508, 7.853268589
7.863115500, 7.863252276
7.873115508, 7.873235002
7.883115512, 7.883260187
7.893115507, 7.893289608
7.903115510, 7.903291035
7.913115508, 7.913275101
7.923115598, 7.923214826
7.933115508, 7.933241277
7.943115505, 7.943258084
7.953115503, 7.953296688
7.963115510, 7.963337726
7.973115502, 7.973311193
7.983115511, 7.983320215
7.993115505, 7.993304359
8.003115500, 8.003318478
8.013115502, 8.013274980
8.023115508, 8.023293845
8.033115502, 8.033279218
8.043115505, 8.043285930
8.053115502, 8.053282838
8.063115508, 8.063334529
8.073115509, 8.073305488
8.083115509, 8.083301798
8.093115500, 8.093289949
8.103115500, 8.103304127
8.113115505, 8.113319348
8.123115506, 8.123337814
8.133115524, 8.133379660
8.143115508, 8.143277082
8.153115509, 8.153299485
8.163115503, 8.163298556
8.173115505, 8.173294778
8.183115503, 8.183304946
8.193115506, 8.193301928
8.203115509, 8.203311208
8.213115508, 8.213330417
8.223115500, 8.223267304
8.233115503, 8.233326001
8.243115509, 8.243328542
8.253115530, 8.253359908
8.263115524, 8.263371551
8.273115530, 8.273371713
8.283115509, 8.283307915
8.293115525, 8.293412133
8.303115509, 8.303377992
8.313115527, 8.313368548
8.323115514, 8.323366415
8.333115526, 8.333341051
8.343115525, 8.343355224
8.353115522, 8.353347235
8.363115508, 8.363379571
8.373115509, 8.373313102
8.383115508, 8.383361984
8.393115528, 8.393337396
8.403115530, 8.403319410
8.413115527, 8.413365251
8.423115522, 8.423396444
8.433115514, 8.433382108
8.443115520, 8.443356183
8.453115528, 8.453314690
8.463115509, 8.463316138
8.473115525, 8.473203159
8.483115511, 8.483275713
8.493115517, 8.493233467
8.503115528, 8.503282505
8.513115524, 8.513189934
8.523115508, 8.523275293
8.533115522, 8.533181751
8.543115503, 8.543204694
8.553115509, 8.553194316
8.563115500, 8.563176652
8.573115500, 8.573187466
8.583115498, 8.583198336
8.593115503, 8.593189977
8.603115502, 8.603198476
8.613115500, 8.613210923
8.623115508, 8.623213340
8.633115509, 8.633217443
8.643115502, 8.643195615
8.653115509, 8.653189759
8.663115506, 8.663201026
8.673115506, 8.673225368
8.683115506, 8.683195869
8.693115505, 8.693184943
8.703115503, 8.703271534
8.713115503, 8.713232536
8.723115503, 8.723244130
8.733115505, 8.733256948
8.743115500, 8.743243099
8.753115508, 8.753233611
8.763115500, 8.763259976
8.773115508, 8.773294057
8.783115503, 8.783271093
8.793115508, 8.793235625
8.803115506, 8.803259141
8.813115509, 8.813251398
8.823115500, 8.823235077
8.833115509, 8.833287374
8.843115506, 8.843225098
8.853115510, 8.853257262
8.863115499, 8.863244426
8.873115507, 8.873240447
8.883115498, 8.883234294
8.893115503, 8.893278565
8.903115503, 8.903278588
8.913115503, 8.913240004
8.923115511, 8.923267624
8.933115500, 8.933232282
8.943115502, 8.943235950
8.953115509, 8.953253032
8.963115499, 8.963255508
8.973115506, 8.973267762
8.983115511, 8.983250572
8.993115506, 8.993290727
9.003115508, 9.003271519
9.013115506, 9.013269209
9.023115503, 9.023244100
9.033115509, 9.033224093
9.043115499, 9.043297793
9.053115502, 9.053342249
9.063115497, 9.063253365
9.073115509, 9.073276307
9.083115502, 9.083262365
9.093115508, 9.093278070
9.103115509, 9.103272866
9.113115502, 9.113248907
9.123115497, 9.123248937
9.133115503, 9.133259169
9.143115503, 9.143239629
9.153115508, 9.153285025
9.163115500, 9.163226445
9.173115505, 9.173298792
9.183115506, 9.183270023
9.193115516, 9.193232577
9.203115502, 9.203283238
9.213115503, 9.213261384
9.223115502, 9.223279829
9.233115503, 9.233255025
9.243115500, 9.243230783
9.253115506, 9.253240879
9.263115504, 9.263253527
9.273115507, 9.273233976
9.283115511, 9.283238465
9.293115502, 9.293255064
9.303115498, 9.303271922
9.313115505, 9.313237628
9.323115498, 9.323231120
9.333115511, 9.333260922
9.343115503, 9.343241999
9.353115508, 9.353258342
9.363115500, 9.363239093
9.373115506, 9.373267847
9.383115505, 9.383273922
9.393115508, 9.393265392
9.403115505, 9.403286725
9.413115505, 9.413260384
9.423115501, 9.423280052
9.433115502, 9.433251680
9.443115503, 9.443300281
9.453115506, 9.453338528
9.463115508, 9.463284302
9.473115511, 9.473252896
9.483115498, 9.483254175
9.493115522, 9.493294337
9.503115505, 9.503270858
9.513115505, 9.513242497
9.523115511, 9.523247865
9.533115509, 9.533308657
9.543115506, 9.543252168
9.553115504, 9.553266893
9.563115505, 9.563240383
9.573115514, 9.573272737
9.583115505, 9.583265795
9.593115502, 9.593267004
9.603115505, 9.603272168
9.613115520, 9.613266760
9.623115509, 9.623297778
9.633115507, 9.633357507
9.643115527, 9.643304563
9.653115528, 9.653287219
9.663115505, 9.663277231
9.673115524, 9.673321433
9.683115515, 9.683314372
9.693115514, 9.693359366
9.703115528, 9.703276992
9.713115528, 9.713286961
9.723115508, 9.723315639
9.733115530, 9.733393568
9.743115508, 9.743279331
9.753115516, 9.753316753
9.763115533, 9.763381265
9.773115524, 9.773349333
9.783115505, 9.783367454
9.793115525, 9.793314997
9.803115509, 9.803257827
9.813115505, 9.813272566
9.823115508, 9.823212618
9.833115506, 9.833236985
9.843115505, 9.843251284
9.853115502, 9.853256652
9.863115498, 9.863306399
9.873115502, 9.873293356
9.883115502, 9.883217533
9.893115509, 9.893252828
9.903115511, 9.903261850
9.913115500, 9.913268838
9.923115506, 9.923225398
9.933115500, 9.933262672
9.943115505, 9.943306499
9.953115507, 9.953269140
9.963115499, 9.963298214
9.973115515, 9.973280470
9.983115505, 9.983213605
9.993115509, 9.993229063
10.003115508, 10.003248437
10.013115508, 10.013256490
10.023115503, 10.023258551
10.033115498, 10.033246785
10.043115503, 10.043249526
10.053115507, 10.053246607
10.063115510, 10.063245085
10.073115504, 10.073245600
10.083115501, 10.083247035
10.093115508, 10.093247151
10.103115507, 10.103252891
10.113115506, 10.113250590
10.123115502, 10.123249218
10.133115501, 10.133248501
10.143115507, 10.143252619
10.153115502, 10.153245967
10.163115499, 10.163250172
10.173115503, 10.173249405
10.183115503, 10.183249968
10.193115505, 10.193246810
10.203115503, 10.203244369
10.213115507, 10.213244650
10.223115498, 10.223242963
10.233115507, 10.233244127
10.243115499, 10.243245228
10.253115500, 10.253247456
10.263115500, 10.263247063
10.273115507, 10.273242802
10.283115511, 10.283246310
10.293115507, 10.293243990
10.303115500, 10.303245014
10.313115501, 10.313241658
10.323115499, 10.323244742
10.333115505, 10.333243936
10.343115508, 10.343245328
10.353115501, 10.353244897
10.363115501, 10.363244710
10.373115501, 10.373245202
10.383115496, 10.383245513
10.393115520, 10.393246156
10.403115506, 10.403243398
10.413115497, 10.413246852
10.423115511, 10.423244893
10.433115500, 10.433243958
10.443115495, 10.443244380
10.453115509, 10.453241059
10.463115506, 10.463242745
10.473115509, 10.473242321
10.483115508, 10.483243980
10.493115502, 10.493246877
10.503115506, 10.503245596
10.513115513, 10.513243451
10.523115503, 10.523241862
10.533115509, 10.533242074
10.543115503, 10.543240198
10.553115507, 10.553239467
10.563115501, 10.563241060
10.573115507, 10.573244935
10.583115500, 10.583242667
10.593115500, 10.593240755
10.603115505, 10.603242263
10.613115501, 10.613238233
10.623115501, 10.623239422
10.633115508, 10.633240801
10.643115507, 10.643243069
10.653115498, 10.653244481
10.663115499, 10.663245645
10.673115500, 10.673242439
10.683115497, 10.683241958
10.693115505, 10.693239298
10.703115503, 10.703240055
10.713115507, 10.713239113
10.723115505, 10.723242370
10.733115504, 10.733242016
10.743115496, 10.743242179
10.753115502, 10.753244009
10.763115508, 10.763241618
10.773115506, 10.773241455
10.783115511, 10.783244061
10.793115506, 10.793241179
10.803115502, 10.803241599
10.813115502, 10.813242793
10.823115503, 10.823246522
10.833115505, 10.833241793
10.843115505, 10.843242890
10.853115504, 10.853241506
10.863115504, 10.863241802
10.873115504, 10.873238468
10.883115500, 10.883248330
10.893115503, 10.893245359
10.903115505, 10.903242933
10.913115501, 10.913241861
10.923115498, 10.923242169
10.933115501, 10.933241678
10.943115507, 10.943242312
10.953115501, 10.953243230
10.963115503, 10.963242622
10.973115508, 10.973242186
10.983115498, 10.983246652
10.993115501, 10.993241213
11.003115508, 11.003239351
11.013115502, 11.013241909
11.023115499, 11.023244403
11.033115501, 11.033238704
11.043115496, 11.043240682
11.053115500, 11.053240411
11.063115507, 11.063304353
11.073115506, 11.073241774
11.083115504, 11.083241975
11.093115505, 11.093243346
11.103115502, 11.103239114
11.113115506, 11.113248437
11.123115505, 11.123239580
11.133115507, 11.133243907
11.143115507, 11.143244212
11.153115505, 11.153242614
11.163115502, 11.163242126
11.173115502, 11.173238982
11.183115501, 11.183243126
11.193115505, 11.193242906
11.203115509, 11.203242068
11.213115507, 11.213249674
11.223115500, 11.223241579
11.233115502, 11.233239380
11.243115506, 11.243239436
11.253115506, 11.253239336
11.263115506, 11.263237646
11.273115504, 11.273241682
11.283115503, 11.283240942
11.293115505, 11.293245331
11.303115509, 11.303252710
11.313115508, 11.313243626
11.323115500, 11.323243257
11.333115509, 11.333240792
11.343115503, 11.343241618
11.353115504, 11.353242444
11.363115503, 11.363240064
11.373115506, 11.373248694
11.383115507, 11.383241731
11.393115504, 11.393241188
11.403115504, 11.403243443
11.413115498, 11.413238961
11.423115505, 11.423241889
11.433115503, 11.433242261
11.443115505, 11.443245216
11.453115508, 11.453248227
11.463115501, 11.463241298
11.473115498, 11.473241228
11.483115503, 11.483242582
11.493115507, 11.493241322
11.503115503, 11.503240501
11.513115507, 11.513240000
11.523115503, 11.523239698
11.533115509, 11.533244710
11.543115500, 11.543241678
11.553115502, 11.553242220
11.563115509, 11.563242281
11.573115500, 11.573241166
11.583115504, 11.583243503
11.593115500, 11.593238749
11.603115506, 11.603245780
11.613115506, 11.613245669
11.623115503, 11.623240968
11.633115503, 11.633243140
11.643115496, 11.643240902
11.653115511, 11.653243114
11.663115502, 11.663242005
11.673115500, 11.673240789
11.683115507, 11.683241978
11.693115508, 11.693249016
11.703115504, 11.703241517
11.713115509, 11.713243380
11.723115503, 11.723241389
11.733115503, 11.733243731
11.743115503, 11.743240853
11.753115504, 11.753242492
11.763115496, 11.763242472
11.773115509, 11.773245702
11.783115502, 11.783240213
11.793115500, 11.793242473
11.803115500, 11.803239736
11.813115504, 11.813242732
11.823115496, 11.823240859
11.833115503, 11.833238892
11.843115505, 11.843244663
11.853115507, 11.853245101
11.863115498, 11.863239567
11.873115506, 11.873241213
11.883115498, 11.883239768
11.893115503, 11.893237516
11.903115502, 11.903241129
11.913115507, 11.913241750
11.923115503, 11.923240587
11.933115502, 11.933245998
11.943115505, 11.943241094
11.953115507, 11.953287390
11.963115502, 11.963294886
11.973115498, 11.973294562
11.983115508, 11.983289836
11.993115506, 11.993294581
12.003115497, 12.003288175
12.013115506, 12.013298154
12.023115500, 12.023291486
12.033115502, 12.033294007
12.043115502, 12.043288936
12.053115503, 12.053294594
------------------------------
