------------------------------
test was performed using the following parameters: --mps=100 --burst=1 --reply-every=1 --msg-size=12 --time=10
------------------------------
sockperf: [Total Run] RunTime=10.100 sec; SentMessages=1011; ReceivedMessages=1010
sockperf: ========= Printing statistics for Server No: 0
sockperf: [Valid Duration] RunTime=9.990 sec; SentMessages=1000; ReceivedMessages=1000
sockperf: [2;35m====> avg-lat=1353.220 (std-dev=657.347)[0m
sockperf: # dropped messages = 0; # duplicated messages = 0; # out-of-order messages = 0
sockperf: [2;35mTotal 1000 observations[0m; each percentile contains 10.00 observations
sockperf: ---> <MAX> observation = 1848.909
sockperf: ---> percentile  99.99 = 1848.909
sockperf: ---> percentile  99.90 = 1840.530
sockperf: ---> percentile  99.50 = 1827.963
sockperf: ---> percentile  99.00 = 1822.244
sockperf: ---> percentile  95.00 = 1792.302
sockperf: ---> percentile  90.00 = 1780.039
sockperf: ---> percentile  75.00 = 1746.714
sockperf: ---> percentile  50.00 = 1672.330
sockperf: ---> percentile  25.00 = 1527.549
sockperf: ---> <MIN> observation =   66.037
------------------------------
txTime, rxTime
2.065697226, 2.068840652
2.075697263, 2.078906403
2.085697235, 2.088978357
2.095697220, 2.098962117
2.105697225, 2.108965999
2.115697214, 2.118884439
2.125697231, 2.128960535
2.135697214, 2.138827148
2.145697228, 2.148829847
2.155697213, 2.158887519
2.165697221, 2.169010563
2.175697217, 2.178957259
2.185697225, 2.188826775
2.195697220, 2.198844559
2.205697228, 2.208895085
2.215697215, 2.218915159
2.225697233, 2.228980215
2.235697215, 2.238847833
2.245697226, 2.248856125
2.255697220, 2.258892390
2.265697220, 2.268959101
2.275697217, 2.278902245
2.285697219, 2.288804130
2.295697236, 2.298911756
2.305697222, 2.308898580
2.315697212, 2.318911252
2.325697231, 2.328992940
2.335697216, 2.338854334
2.345697213, 2.348853711
2.355697211, 2.358864357
2.365697226, 2.368850379
2.375697234, 2.378906944
2.385697237, 2.388869367
2.395697239, 2.398865977
2.405697224, 2.408849447
2.415697237, 2.418840279
2.425697229, 2.428921232
2.435697239, 2.438842530
2.445697229, 2.448906496
2.455697239, 2.458963563
2.465697216, 2.468933149
2.475697236, 2.478900115
2.485697224, 2.488916763
2.495697220, 2.498863985
2.505697231, 2.508948276
2.515697214, 2.518913749
2.525697232, 2.528905511
2.535697240, 2.538845458
2.545697229, 2.548837668
2.555697237, 2.558977861
2.565697223, 2.568941674
2.575697242, 2.578910220
2.585697235, 2.588965554
2.595697209, 2.598975133
2.605697222, 2.609036957
2.615697204, 2.618916700
2.625697229, 2.628858849
2.635697207, 2.638843630
2.645697222, 2.648936114
2.655697245, 2.658944316
2.665697224, 2.668881178
2.675697208, 2.678934805
2.685697219, 2.688918138
2.695697207, 2.698939249
2.705697224, 2.708834828
2.715697219, 2.718878130
2.725697227, 2.729066543
2.735697212, 2.739018625
2.745697239, 2.749067476
2.755697233, 2.759042455
2.765697223, 2.768940072
2.775697238, 2.778660192
2.785697227, 2.788976861
2.795697239, 2.798970018
2.805697226, 2.808979054
2.815697240, 2.818981431
2.825697238, 2.828979653
2.835697237, 2.838942399
2.845697221, 2.849048176
2.855697240, 2.859019092
2.865697224, 2.869019368
2.875697237, 2.879035487
2.885697237, 2.889077862
2.895697242, 2.899025001
2.905697220, 2.909063211
2.915697234, 2.918964650
2.925697226, 2.929014772
2.935697233, 2.938968379
2.945697234, 2.949048582
2.955697242, 2.959050333
2.965697228, 2.968974247
2.975697233, 2.979015019
2.985697228, 2.989020781
2.995697242, 2.999031029
3.005697218, 3.009021007
3.015697237, 3.018681865
3.025697305, 3.029131532
3.035697227, 3.039097653
3.045697229, 3.048992458
3.055697214, 3.059084328
3.065697211, 3.069076343
3.075697217, 3.079140704
3.085697222, 3.089063489
3.095697214, 3.099029433
3.105697237, 3.109121145
3.115697217, 3.118971924
3.125697213, 3.129096127
3.135697222, 3.139033582
3.145697230, 3.149120003
3.155697218, 3.159089703
3.165697223, 3.169022126
3.175697212, 3.179041279
3.185697221, 3.189037847
3.195697228, 3.199068244
3.205697222, 3.209091775
3.215697236, 3.219084552
3.225697229, 3.229072510
3.235697226, 3.239090503
3.245697222, 3.249003627
3.255697239, 3.259075248
3.265697225, 3.268968422
3.275697240, 3.279024519
3.285697228, 3.289041890
3.295697244, 3.299105429
3.305697217, 3.309096388
3.315697247, 3.319085598
3.325697225, 3.329115251
3.335697233, 3.339094401
3.345697222, 3.349103863
3.355697236, 3.359106817
3.365697218, 3.369000221
3.375697234, 3.379031562
3.385697247, 3.389098763
3.395697237, 3.399072534
3.405697230, 3.408968190
3.415697234, 3.419054686
3.425697218, 3.429122034
3.435697236, 3.439007194
3.445697222, 3.449031182
3.455697241, 3.459086016
3.465697231, 3.469069674
3.475697237, 3.479100962
3.485697216, 3.489159258
3.495697233, 3.499105353
3.505697229, 3.509118472
3.515697223, 3.519132890
3.525697237, 3.529197211
3.535697240, 3.539169787
3.545697218, 3.549157394
3.555697252, 3.559137535
3.565697240, 3.569156951
3.575697239, 3.579179486
3.585697220, 3.589038940
3.595697236, 3.598757188
3.605697213, 3.609130817
3.615697238, 3.619180416
3.625697224, 3.629175386
3.635697240, 3.639100409
3.645697227, 3.649149846
3.655697231, 3.659109545
3.665697234, 3.669159501
3.675697242, 3.679209053
3.685697226, 3.689064517
3.695697237, 3.699085331
3.705697244, 3.709193590
3.715697220, 3.719185934
3.725697222, 3.729123809
3.735697245, 3.739111599
3.745697238, 3.749138897
3.755697240, 3.759201931
3.765697234, 3.769181789
3.775697239, 3.779170914
3.785697234, 3.789200869
3.795697242, 3.799161983
3.805697225, 3.809172599
3.815697245, 3.819190003
3.825697218, 3.829152906
3.835697240, 3.839172470
3.845697222, 3.849000965
3.855697240, 3.859147513
3.865697225, 3.869195706
3.875697247, 3.879190524
3.885697229, 3.889160682
3.895697220, 3.899101189
3.905697214, 3.909242284
3.915697252, 3.919177562
3.925697221, 3.929225009
3.935697216, 3.939190507
3.945697229, 3.949109298
3.955697236, 3.959116215
3.965697225, 3.969161602
3.975697237, 3.979142379
3.985697221, 3.989044764
3.995697242, 3.999172427
4.005697230, 4.009071228
4.015697240, 4.019156746
4.025697240, 4.029270063
4.035697240, 4.039143166
4.045697231, 4.049272311
4.055697220, 4.059208856
4.065697252, 4.069299568
4.075697221, 4.079219099
4.085697219, 4.089232590
4.095697215, 4.099328270
4.105697224, 4.109263247
4.115697215, 4.119198385
4.125697222, 4.129247397
4.135697218, 4.139156241
4.145697221, 4.149202865
4.155697214, 4.159167846
4.165697224, 4.169233387
4.175697223, 4.179225482
4.185697227, 4.189203605
4.195697244, 4.199108002
4.205697222, 4.209189387
4.215697263, 4.219180677
4.225697234, 4.229184153
4.235697240, 4.239173866
4.245697223, 4.249246197
4.255697237, 4.259142798
4.265697210, 4.269122684
4.275697234, 4.279168848
4.285697242, 4.289187099
4.295697245, 4.299229292
4.305697243, 4.309151620
4.315697233, 4.319027520
4.325697235, 4.329181972
4.335697302, 4.339232776
4.345697246, 4.349256489
4.355697236, 4.359243579
4.365697244, 4.369217087
4.375697218, 4.379113647
4.385697214, 4.389220088
4.395697239, 4.399132742
4.405697219, 4.409192181
4.415697234, 4.419112864
4.425697226, 4.429153874
4.435697220, 4.439218276
4.445697216, 4.449328217
4.455697248, 4.459212477
4.465697229, 4.469235388
4.475697242, 4.479219295
4.485697224, 4.489281829
4.495697240, 4.499183371
4.505697238, 4.509205163
4.515697240, 4.519257263
4.525697222, 4.529192241
4.535697212, 4.539185925
4.545697218, 4.549241997
4.555697236, 4.559209156
4.565697235, 4.569157017
4.575697238, 4.579075551
4.585697234, 4.589158691
4.595697238, 4.599177202
4.605697243, 4.609172851
4.615697240, 4.619106464
4.625697237, 4.629154349
4.635697233, 4.639210725
4.645697221, 4.649117927
4.655697237, 4.659145742
4.665697224, 4.669229247
4.675697244, 4.679042993
4.685697219, 4.689172414
4.695697244, 4.699122968
4.705697240, 4.709218718
4.715697237, 4.719197773
4.725697235, 4.729218816
4.735697239, 4.739206691
4.745697240, 4.749160480
4.755697241, 4.759170769
4.765697239, 4.769195345
4.775697236, 4.779165413
4.785697238, 4.789163698
4.795697237, 4.799258977
4.805697215, 4.809198559
4.815697253, 4.819205931
4.825697224, 4.829232114
4.835697231, 4.839035101
4.845697244, 4.849086805
4.855697222, 4.859201414
4.865697225, 4.869262205
4.875697236, 4.879197513
4.885697246, 4.889158334
4.895697239, 4.899191624
4.905697229, 4.909162037
4.915697237, 4.919200065
4.925697214, 4.929215887
4.935697239, 4.939279085
4.945697242, 4.949227707
4.955697239, 4.959275919
4.965697242, 4.969215023
4.975697233, 4.979208153
4.985697237, 4.989067659
4.995697240, 4.998996929
5.005697244, 5.009273253
5.015697237, 5.019266965
5.025697319, 5.029255347
5.035697228, 5.039201812
5.045697216, 5.049278695
5.055697225, 5.059279154
5.065697228, 5.069291993
5.075697214, 5.079268676
5.085697222, 5.089313783
5.095697209, 5.099294123
5.105697224, 5.109282081
5.115697217, 5.119269836
5.125697223, 5.129395042
5.135697212, 5.139239021
5.145697222, 5.149320734
5.155697212, 5.159214541
5.165697218, 5.169280513
5.175697212, 5.179309825
5.185697225, 5.189247930
5.195697210, 5.199283990
5.205697227, 5.209324667
5.215697218, 5.219245025
5.225697218, 5.229177761
5.235697218, 5.239235852
5.245697221, 5.249267982
5.255697217, 5.259104795
5.265697223, 5.269204852
5.275697209, 5.279240634
5.285697224, 5.289323127
5.295697223, 5.299257302
5.305697224, 5.309340917
5.315697222, 5.319080632
5.325697229, 5.329302058
5.335697214, 5.339219904
5.345697221, 5.349248377
5.355697217, 5.359128527
5.365697223, 5.369157197
5.375697217, 5.379212516
5.385697225, 5.389273255
5.395697209, 5.399247006
5.405697214, 5.409198497
5.415697222, 5.419226563
5.425697222, 5.429310624
5.435697210, 5.439276137
5.445697223, 5.449261929
5.455697222, 5.459353149
5.465697221, 5.469219978
5.475697214, 5.479195843
5.485697229, 5.489210399
5.495697218, 5.499160269
5.505697229, 5.509339379
5.515697210, 5.519259140
5.525697216, 5.529361709
5.535697222, 5.539279815
5.545697231, 5.549323275
5.555697226, 5.559328009
5.565697223, 5.569271468
5.575697210, 5.579280122
5.585697213, 5.589208250
5.595697223, 5.599267022
5.605697225, 5.609263286
5.615697208, 5.619267450
5.625697222, 5.629237866
5.635697212, 5.639274544
5.645697233, 5.649264332
5.655697217, 5.659152318
5.665697222, 5.669317315
5.675697228, 5.679191730
5.685697220, 5.689288235
5.695697233, 5.699230080
5.705697219, 5.709266142
5.715697239, 5.719158104
5.725697221, 5.729292112
5.735697240, 5.739166240
5.745697226, 5.749343368
5.755697240, 5.759209134
5.765697221, 5.769351949
5.775697217, 5.779203718
5.785697229, 5.789331251
5.795697217, 5.799257102
5.805697222, 5.809250061
5.815697210, 5.819192386
5.825697224, 5.829097735
5.835697240, 5.839240695
5.845697225, 5.849182867
5.855697217, 5.859355673
5.865697229, 5.869281583
5.875697239, 5.879198032
5.885697214, 5.889257763
5.895697239, 5.899243408
5.905697222, 5.909246777
5.915697217, 5.919257609
5.925697227, 5.929328180
5.935697222, 5.939304943
5.945697224, 5.949157634
5.955697240, 5.959279815
5.965697222, 5.969255501
5.975697237, 5.979321849
5.985697223, 5.989181023
5.995697242, 5.999269583
6.005697243, 6.009278564
6.015697245, 6.019250117
6.025697228, 6.029159731
6.035697220, 6.039216310
6.045697240, 6.049378302
6.055697216, 6.059252487
6.065697216, 6.069347464
6.075697212, 6.079239969
6.085697221, 6.089293736
6.095697214, 6.099170529
6.105697225, 6.109262578
6.115697208, 6.119191511
6.125697224, 6.129268139
6.135697237, 6.139288475
6.145697229, 6.149273924
6.155697210, 6.159232404
6.165697239, 6.169237544
6.175697218, 6.179187930
6.185697222, 6.189171273
6.195697240, 6.199112677
6.205697228, 6.209194870
6.215697239, 6.219277043
6.225697228, 6.229201786
6.235697237, 6.239262941
6.245697241, 6.249228796
6.255697218, 6.259188944
6.265697236, 6.269159385
6.275697234, 6.279307850
6.285697240, 6.289217256
6.295697242, 6.299178947
6.305697238, 6.309221047
6.315697231, 6.319177736
6.325697228, 6.329190658
6.335697237, 6.339220750
6.345697222, 6.349145506
6.355697239, 6.359261787
6.365697221, 6.369215239
6.375697242, 6.379220713
6.385697327, 6.389359898
6.395697219, 6.399194835
6.405697223, 6.409227565
6.415697215, 6.419190442
6.425697224, 6.429203585
6.435697214, 6.439190078
6.445697223, 6.449320546
6.455697217, 6.459199771
6.465697221, 6.469216488
6.475697214, 6.479257524
6.485697218, 6.489328440
6.495697240, 6.499150291
6.505697241, 6.509123206
6.515697239, 6.519206529
6.525697227, 6.529229640
6.535697220, 6.539261798
6.545697225, 6.549325829
6.555697222, 6.559346345
6.565697220, 6.569243451
6.575697225, 6.579256323
6.585697231, 6.589199110
6.595697240, 6.599211356
6.605697240, 6.609187089
6.615697242, 6.619237079
6.625697242, 6.629213912
6.635697237, 6.639161893
6.645697242, 6.649182453
6.655697245, 6.659243588
6.665697233, 6.669234123
6.675697239, 6.679172330
6.685697242, 6.689134426
6.695697237, 6.699198628
6.705697234, 6.709192602
6.715697236, 6.719201969
6.725697240, 6.729215063
6.735697246, 6.739181176
6.745697229, 6.749189855
6.755697233, 6.759232689
6.765697228, 6.769271909
6.775697235, 6.779258354
6.785697237, 6.789260251
6.795697240, 6.799172128
6.805697226, 6.809224857
6.815697220, 6.819197970
6.825697242, 6.829258906
6.835697227, 6.839242204
6.845697214, 6.849203610
6.855697214, 6.859218674
6.865697228, 6.869318443
6.875697217, 6.879170551
6.885697222, 6.889259897
6.895697214, 6.899148742
6.905697222, 6.909251304
6.915697233, 6.919201830
6.925697236, 6.929189516
6.935697226, 6.939187203
6.945697222, 6.949193897
6.955697239, 6.959232656
6.965697224, 6.969137045
6.975697242, 6.979208956
6.985697229, 6.989200184
6.995697233, 6.999160652
7.005697220, 7.009240885
7.015697236, 7.019149609
7.025697241, 7.029193309
7.035697244, 7.039246244
7.045697218, 7.049139761
7.055697244, 7.059270066
7.065697225, 7.069244721
7.075697242, 7.079151350
7.085697222, 7.089242623
7.095697239, 7.099249767
7.105697220, 7.109238659
7.115697248, 7.119322226
7.125697236, 7.129300902
7.135697220, 7.139282455
7.145697237, 7.149247371
7.155697215, 7.159273831
7.165697231, 7.169214041
7.175697236, 7.179330350
7.185697219, 7.189300023
7.195697236, 7.199204807
7.205697218, 7.209197564
7.215697242, 7.219216430
7.225697231, 7.229304663
7.235697239, 7.239327068
7.245697228, 7.249341717
7.255697212, 7.259156358
7.265697218, 7.268773498
7.275697217, 7.278598524
7.285697222, 7.288706938
7.295697239, 7.298761305
7.305697224, 7.308722931
7.315697226, 7.318701331
7.325697224, 7.328695366
7.335697239, 7.338709269
7.345697221, 7.348783806
7.355697242, 7.358811793
7.365697228, 7.368697470
7.375697236, 7.378815397
7.385697238, 7.388695297
7.395697233, 7.398827585
7.405697229, 7.408807480
7.415697233, 7.418744375
7.425697221, 7.428783373
7.435697219, 7.438784697
7.445697212, 7.448732871
7.455697231, 7.458719894
7.465697226, 7.468720878
7.475697236, 7.478732199
7.485697227, 7.488729086
7.495697245, 7.498725063
7.505697213, 7.508723820
7.515697231, 7.518735844
7.525697222, 7.528775781
7.535697236, 7.538752334
7.545697237, 7.548741574
7.555697222, 7.558680859
7.565697222, 7.568798742
7.575697225, 7.578793019
7.585697227, 7.588718968
7.595697236, 7.598673224
7.605697225, 7.608692828
7.615697218, 7.618790854
7.625697211, 7.628778847
7.635697234, 7.638702843
7.645697223, 7.648715106
7.655697226, 7.658846537
7.665697244, 7.668732712
7.675697226, 7.678713420
7.685697216, 7.688791368
7.695697234, 7.698821553
7.705697227, 7.708748378
7.715697220, 7.718803137
7.725697219, 7.728827614
7.735697236, 7.738696101
7.745697221, 7.748771817
7.755697237, 7.758776561
7.765697223, 7.768748289
7.775697237, 7.778902871
7.785697221, 7.788731829
7.795697233, 7.798774416
7.805697224, 7.808808749
7.815697239, 7.818747111
7.825697222, 7.828800658
7.835697240, 7.838873836
7.845697223, 7.848959956
7.855697228, 7.858875170
7.865697224, 7.868801419
7.875697237, 7.878876597
7.885697225, 7.888850124
7.895697238, 7.898803193
7.905697228, 7.908854498
7.915697236, 7.918741300
7.925697218, 7.928906933
7.935697236, 7.938806290
7.945697240, 7.948856927
7.955697236, 7.958822063
7.965697227, 7.968898961
7.975697218, 7.978854288
7.985697216, 7.988840317
7.995697240, 7.998859921
8.005697227, 8.008781302
8.015697239, 8.018889179
8.025697244, 8.028887415
8.035697237, 8.038870348
8.045697222, 8.048958871
8.055697212, 8.058893161
8.065697245, 8.068898242
8.075697215, 8.078874795
8.085697225, 8.088767260
8.095697242, 8.098893053
8.105697238, 8.108941430
8.115697242, 8.118832832
8.125697229, 8.128908185
8.135697237, 8.138837178
8.145697244, 8.148950142
8.155697239, 8.158883720
8.165697222, 8.168864145
8.175697233, 8.178884666
8.185697228, 8.188874258
8.195697240, 8.198896399
8.205697229, 8.208991841
8.215697222, 8.218887148
8.225697219, 8.228840872
8.235697234, 8.238882187
8.245697235, 8.248817109
8.255697237, 8.258881210
8.265697229, 8.268889850
8.275697237, 8.278895363
8.285697221, 8.288903310
8.295697244, 8.298879150
8.305697222, 8.308946831
8.315697242, 8.318922217
8.325697226, 8.328895783
8.335697236, 8.338832370
8.345697221, 8.348911198
8.355697237, 8.358807295
8.365697227, 8.368970539
8.375697239, 8.378912616
8.385697230, 8.388967044
8.395697218, 8.398909372
8.405697221, 8.408833671
8.415697240, 8.418817911
8.425697229, 8.428933354
8.435697222, 8.438935248
8.445697218, 8.448912752
8.455697244, 8.458970160
8.465697216, 8.468916923
8.475697242, 8.478875564
8.485697240, 8.489104859
8.495697223, 8.498956591
8.505697232, 8.509023945
8.515697233, 8.518897440
8.525697243, 8.529007179
8.535697234, 8.539024035
8.545697235, 8.549070427
8.555697244, 8.559037623
8.565697243, 8.569080645
8.575697217, 8.579022675
8.585697221, 8.589002393
8.595697240, 8.598977814
8.605697223, 8.609017328
8.615697209, 8.619031730
8.625697226, 8.629003093
8.635697233, 8.638997620
8.645697219, 8.648706511
8.655697244, 8.658996319
8.665697228, 8.669033420
8.675697236, 8.679024879
8.685697223, 8.689017320
8.695697239, 8.699024342
8.705697224, 8.708945638
8.715697248, 8.718932655
8.725697227, 8.729025365
8.735697217, 8.739001420
8.745697224, 8.749006175
8.755697244, 8.759044785
8.765697218, 8.768965680
8.775697236, 8.779069115
8.785697243, 8.788976706
8.795697240, 8.798990485
8.805697237, 8.808992609
8.815697234, 8.819001548
8.825697238, 8.829013117
8.835697245, 8.839058574
8.845697220, 8.849026025
8.855697237, 8.859068417
8.865697227, 8.869092530
8.875697223, 8.879024600
8.885697220, 8.889055651
8.895697234, 8.899028109
8.905697242, 8.909156234
8.915697236, 8.918983422
8.925697235, 8.929077920
8.935697242, 8.938995213
8.945697238, 8.948991945
8.955697237, 8.959055743
8.965697242, 8.969094858
8.975697237, 8.979029873
8.985697247, 8.989072863
8.995697242, 8.999058898
9.005697240, 9.009110618
9.015697244, 9.019089163
9.025697330, 9.029137155
9.035697227, 9.039094599
9.045697221, 9.049127159
9.055697217, 9.059107709
9.065697243, 9.069059196
9.075697220, 9.079075172
9.085697231, 9.089104058
9.095697212, 9.099118876
9.105697247, 9.109039264
9.115697223, 9.119034287
9.125697224, 9.128995988
9.135697240, 9.139087793
9.145697243, 9.149121995
9.155697234, 9.159014237
9.165697228, 9.169044428
9.175697237, 9.179011004
9.185697243, 9.188943681
9.195697240, 9.198989303
9.205697226, 9.209090085
9.215697230, 9.219048022
9.225697224, 9.229073910
9.235697225, 9.239013032
9.245697221, 9.249042057
9.255697234, 9.259018948
9.265697225, 9.269078634
9.275697243, 9.279072077
9.285697222, 9.289057064
9.295697239, 9.299083230
9.305697222, 9.309031459
9.315697239, 9.318944345
9.325697240, 9.329047330
9.335697237, 9.339051089
9.345697219, 9.348982816
9.355697237, 9.359144480
9.365697232, 9.369085928
9.375697244, 9.379078755
9.385697247, 9.389110138
9.395697226, 9.399169554
9.405697242, 9.409050072
9.415697239, 9.419085404
9.425697237, 9.429056270
9.435697239, 9.439027763
9.445697235, 9.449132230
9.455697236, 9.459118573
9.465697237, 9.469111472
9.475697212, 9.479122223
9.485697219, 9.489090789
9.495697236, 9.499150618
9.505697236, 9.509062724
9.515697244, 9.518931788
9.525697243, 9.529106131
9.535697233, 9.539214258
9.545697222, 9.549103752
9.555697244, 9.559140137
9.565697229, 9.569108253
9.575697222, 9.579167735
9.585697226, 9.589194738
9.595697236, 9.599145517
9.605697214, 9.609094076
9.615697240, 9.619029991
9.625697223, 9.629182088
9.635697220, 9.639146922
9.645697229, 9.649036859
9.655697217, 9.659194901
9.665697218, 9.669046865
9.675697239, 9.679059916
9.685697245, 9.689211673
9.695697231, 9.699174366
9.705697228, 9.709184861
9.715697225, 9.719145767
9.725697219, 9.729131929
9.735697218, 9.739085138
9.745697220, 9.749179203
9.755697207, 9.759119675
9.765697232, 9.769201641
9.775697236, 9.779142103
9.785697213, 9.789154126
9.795697228, 9.799126580
9.805697224, 9.809065597
9.815697236, 9.819159262
9.825697238, 9.829139377
9.835697234, 9.839242954
9.845697241, 9.849092116
9.855697234, 9.859088490
9.865697223, 9.869159791
9.875697236, 9.879035719
9.885697220, 9.889120849
9.895697223, 9.899076171
9.905697219, 9.909210714
9.915697239, 9.919127439
9.925697226, 9.928269196
9.935697231, 9.937006336
9.945697216, 9.946962866
9.955697237, 9.957035958
9.965697211, 9.967041565
9.975697235, 9.977002356
9.985697224, 9.986999088
9.995697234, 9.997095653
10.005697339, 10.006334906
10.015697248, 10.015845001
10.025697237, 10.025893862
10.035697238, 10.035910759
10.045697229, 10.045932694
10.055697241, 10.055928331
10.065697231, 10.065933061
10.075697230, 10.075934985
10.085697231, 10.085930997
10.095697230, 10.095931866
10.105697238, 10.105932280
10.115697233, 10.115916700
10.125697234, 10.125928727
10.135697236, 10.135916707
10.145697232, 10.145872866
10.155697223, 10.155867933
10.165697229, 10.165865850
10.175697214, 10.175866656
10.185697207, 10.185862849
10.195697216, 10.195844034
10.205697204, 10.205861827
10.215697220, 10.215863084
10.225697208, 10.225861541
10.235697208, 10.235855909
10.245697207, 10.245859302
10.255697219, 10.255856322
10.265697207, 10.265858395
10.275697212, 10.275855856
10.285697210, 10.285857083
10.295697214, 10.295857550
10.305697208, 10.305856389
10.315697209, 10.315856558
10.325697204, 10.325855702
10.335697214, 10.335859625
10.345697208, 10.345855070
10.355697209, 10.355853513
10.365697216, 10.365859142
10.375697206, 10.375856693
10.385697210, 10.385858815
10.395697214, 10.395855530
10.405697215, 10.405857794
10.415697209, 10.415859244
10.425697213, 10.425855937
10.435697211, 10.435858811
10.445697210, 10.445857723
10.455697205, 10.455855835
10.465697210, 10.465855945
10.475697208, 10.475856151
10.485697215, 10.485858204
10.495697217, 10.495857411
10.505697202, 10.505855915
10.515697211, 10.515855710
10.525697205, 10.525857835
10.535697209, 10.535849626
10.545697213, 10.545856357
10.555697209, 10.555856738
10.565697202, 10.565855648
10.575697212, 10.575856587
10.585697208, 10.585858440
10.595697205, 10.595858248
10.605697215, 10.605855926
10.615697212, 10.615842838
10.625697205, 10.625855506
10.635697206, 10.635855649
10.645697208, 10.645855364
10.655697233, 10.655860400
10.665697218, 10.665857483
10.675697212, 10.675859149
10.685697207, 10.685855607
10.695697208, 10.695846600
10.705697210, 10.705856101
10.715697209, 10.715860002
10.725697220, 10.725858954
10.735697209, 10.735848969
10.745697205, 10.745855879
10.755697206, 10.755856225
10.765697215, 10.765855969
10.775697209, 10.775859263
10.785697216, 10.785863591
10.795697211, 10.795857605
10.805697218, 10.805857694
10.815697223, 10.815859658
10.825697215, 10.825856196
10.835697214, 10.835856550
10.845697208, 10.845856187
10.855697208, 10.855857100
10.865697204, 10.865854942
10.875697211, 10.875856262
10.885697218, 10.885856071
10.895697214, 10.895859064
10.905697205, 10.905858579
10.915697211, 10.915858916
10.925697208, 10.925856869
10.935697206, 10.935855879
10.945697213, 10.945855500
10.955697216, 10.955859100
10.965697213, 10.965856875
10.975697217, 10.975849174
10.985697218, 10.985856316
10.995697219, 10.995838566
11.005697210, 11.005856163
11.015697205, 11.015858368
11.025697220, 11.025857312
11.035697206, 11.035855835
11.045697204, 11.045855975
11.055697212, 11.055858464
11.065697212, 11.065856052
11.075697208, 11.075856577
11.085697212, 11.085856008
11.095697209, 11.095855401
11.105697204, 11.105855484
11.115697206, 11.115858538
11.125697207, 11.125858493
11.135697206, 11.135861033
11.145697212, 11.145855981
11.155697211, 11.155856348
11.165697208, 11.165856314
11.175697205, 11.175856224
11.185697210, 11.185856016
11.195697209, 11.195844711
11.205697208, 11.205856147
11.215697209, 11.215856771
11.225697202, 11.225858517
11.235697209, 11.235856233
11.245697216, 11.245854878
11.255697205, 11.255855864
11.265697212, 11.265855639
11.275697203, 11.275829277
11.285697207, 11.285858159
11.295697211, 11.295855794
11.305697208, 11.305856185
11.315697212, 11.315858619
11.325697207, 11.325858327
11.335697209, 11.335859317
11.345697205, 11.345856655
11.355697214, 11.355855706
11.365697210, 11.365858323
11.375697206, 11.375859392
11.385697210, 11.385856756
11.395697214, 11.395859320
11.405697210, 11.405856408
11.415697208, 11.415858601
11.425697212, 11.425855260
11.435697208, 11.435857275
11.445697208, 11.445856340
11.455697214, 11.455859838
11.465697205, 11.465855707
11.475697205, 11.475855343
11.485697208, 11.485855695
11.495697209, 11.495856175
11.505697215, 11.505859351
11.515697217, 11.515857231
11.525697215, 11.525838301
11.535697223, 11.535852651
11.545697210, 11.545858288
11.555697208, 11.555859328
11.565697212, 11.565855703
11.575697209, 11.575856325
11.585697210, 11.585857576
11.595697212, 11.595856164
11.605697213, 11.605855861
11.615697212, 11.615856020
11.625697207, 11.625855549
11.635697212, 11.635858895
11.645697204, 11.645859990
11.655697214, 11.655856705
11.665697213, 11.665857568
11.675697208, 11.675856400
11.685697216, 11.685855519
11.695697201, 11.695838067
11.705697204, 11.705855686
11.715697212, 11.715856037
11.725697213, 11.725855797
11.735697205, 11.735858769
11.745697218, 11.745858380
11.755697212, 11.755855813
11.765697212, 11.765856974
11.775697222, 11.775856609
11.785697210, 11.785858384
11.795697212, 11.795855668
11.805697210, 11.805857199
11.815697206, 11.815856779
11.825697221, 11.825856024
11.835697208, 11.835855969
11.845697207, 11.845858436
11.855697209, 11.855842011
11.865697210, 11.865856079
11.875697212, 11.875856773
11.885697205, 11.885857325
11.895697209, 11.895857752
11.905697208, 11.905858166
11.915697239, 11.915867989
11.925697220, 11.925858187
11.935697211, 11.935856274
11.945697215, 11.945856152
11.955697216, 11.955855927
11.965697215, 11.965858629
11.975697208, 11.975863892
11.985697212, 11.985856619
11.995697225, 11.995858762
12.005697216, 12.005860857
12.015697217, 12.015856759
12.025697218, 12.025856487
12.035697208, 12.035831688
12.045697208, 12.045855067
12.055697216, 12.055866205
------------------------------
