------------------------------
test was performed using the following parameters: --mps=100 --burst=1 --reply-every=1 --msg-size=12 --time=10
------------------------------
sockperf: [Total Run] RunTime=10.100 sec; SentMessages=1011; ReceivedMessages=1010
sockperf: ========= Printing statistics for Server No: 0
sockperf: [Valid Duration] RunTime=9.990 sec; SentMessages=1000; ReceivedMessages=1000
sockperf: [2;35m====> avg-lat= 83.505 (std-dev=34.129)[0m
sockperf: # dropped messages = 0; # duplicated messages = 0; # out-of-order messages = 0
sockperf: [2;35mTotal 1000 observations[0m; each percentile contains 10.00 observations
sockperf: ---> <MAX> observation =  512.568
sockperf: ---> percentile  99.99 =  512.568
sockperf: ---> percentile  99.90 =  469.867
sockperf: ---> percentile  99.50 =  330.423
sockperf: ---> percentile  99.00 =  173.494
sockperf: ---> percentile  95.00 =  109.957
sockperf: ---> percentile  90.00 =   99.576
sockperf: ---> percentile  75.00 =   89.020
sockperf: ---> percentile  50.00 =   78.767
sockperf: ---> percentile  25.00 =   71.645
sockperf: ---> <MIN> observation =   28.001
------------------------------
txTime, rxTime
2.064401772, 2.064530649
2.074401784, 2.074574047
2.084401972, 2.084568409
2.094401774, 2.094577411
2.104401775, 2.104549762
2.114401758, 2.114543869
2.124401767, 2.124564470
2.134401779, 2.134569470
2.144401764, 2.144524550
2.154401780, 2.154551563
2.164401767, 2.164552297
2.174401755, 2.174553756
2.184401769, 2.184541306
2.194401760, 2.194562321
2.204401759, 2.204539091
2.214401754, 2.214562547
2.224401765, 2.224522555
2.234401757, 2.234551241
2.244401761, 2.244545212
2.254401758, 2.254528896
2.264401761, 2.264527121
2.274401757, 2.274531620
2.284401761, 2.284528187
2.294401760, 2.294526891
2.304401765, 2.304525848
2.314401754, 2.314542102
2.324401852, 2.324516460
2.334401760, 2.334552631
2.344401756, 2.344516005
2.354401757, 2.354532436
2.364401757, 2.364537068
2.374401766, 2.374512518
2.384401751, 2.384520338
2.394401768, 2.394541739
2.404401754, 2.404520701
2.414401757, 2.414554637
2.424401756, 2.424533010
2.434401763, 2.434556265
2.444401759, 2.444528929
2.454401757, 2.454537170
2.464401761, 2.464576061
2.474401761, 2.474505933
2.484401759, 2.484553779
2.494401761, 2.494540108
2.504401757, 2.504521936
2.514401757, 2.514560362
2.524401889, 2.524609668
2.534401757, 2.534718239
2.544401765, 2.544528949
2.554401766, 2.554457770
2.564401761, 2.564540112
2.574401752, 2.574575127
2.584401767, 2.584565166
2.594401761, 2.594540266
2.604401761, 2.604538664
2.614401768, 2.614557861
2.624401757, 2.624580714
2.634401768, 2.634552002
2.644401762, 2.644532903
2.654401760, 2.654546618
2.664401757, 2.664537204
2.674401760, 2.674621674
2.684401754, 2.684614442
2.694401755, 2.694550728
2.704401765, 2.704548749
2.714401761, 2.714566555
2.724401767, 2.724550602
2.734401755, 2.734577040
2.744401761, 2.744588184
2.754401761, 2.754554004
2.764401764, 2.764587713
2.774401772, 2.774560228
2.784401764, 2.784576907
2.794401766, 2.794571775
2.804401767, 2.804578658
2.814401763, 2.814547558
2.824401762, 2.824592540
2.834401763, 2.834549980
2.844401854, 2.844597036
2.854401765, 2.854600296
2.864401767, 2.864554575
2.874401752, 2.874567516
2.884401762, 2.884553636
2.894401757, 2.894546026
2.904401762, 2.904571652
2.914401761, 2.914565044
2.924401764, 2.924559815
2.934401754, 2.934568442
2.944401765, 2.944558397
2.954401765, 2.954563697
2.964401761, 2.964567707
2.974401761, 2.974576257
2.984401762, 2.984576526
2.994402158, 2.994592160
3.004401765, 3.004570632
3.014401832, 3.014542028
3.024401770, 3.024558176
3.034401758, 3.034572405
3.044401759, 3.044597610
3.054401760, 3.054578436
3.064401764, 3.064558868
3.074401758, 3.074551541
3.084401762, 3.084556260
3.094401765, 3.094564002
3.104401762, 3.104578390
3.114401766, 3.114558244
3.124401765, 3.124549192
3.134401766, 3.134532395
3.144401764, 3.144586916
3.154401765, 3.154539603
3.164401764, 3.164546928
3.174401763, 3.174557165
3.184401764, 3.184544655
3.194401763, 3.194571088
3.204401767, 3.204553760
3.214401758, 3.214581927
3.224401757, 3.224544268
3.234401758, 3.234554606
3.244401769, 3.244556119
3.254401755, 3.254547297
3.264401764, 3.264540019
3.274401750, 3.274552940
3.284401767, 3.284624797
3.294401767, 3.294538531
3.304401761, 3.304574001
3.314401760, 3.314552767
3.324401761, 3.324549982
3.334401765, 3.334569972
3.344401761, 3.344563959
3.354401762, 3.354541324
3.364401767, 3.364551988
3.374401767, 3.374553011
3.384401772, 3.384551122
3.394401765, 3.394562082
3.404401759, 3.404550150
3.414401830, 3.414589217
3.424401764, 3.424559443
3.434401762, 3.434546514
3.444401766, 3.444595134
3.454401757, 3.454589140
3.464401755, 3.464584758
3.474401765, 3.474559127
3.484401767, 3.484549790
3.494401768, 3.494576419
3.504401764, 3.504593214
3.514401760, 3.514571309
3.524401766, 3.524582972
3.534401763, 3.534576283
3.544401761, 3.544555051
3.554401765, 3.554540197
3.564401769, 3.564672914
3.574401759, 3.574535853
3.584401755, 3.584585948
3.594401763, 3.594568669
3.604401761, 3.604566968
3.614401760, 3.614576115
3.624401765, 3.624553201
3.634401761, 3.634587790
3.644401769, 3.644558476
3.654401765, 3.654571322
3.664401762, 3.664582763
3.674401763, 3.674588164
3.684401757, 3.684576133
3.694401837, 3.694551233
3.704401767, 3.704574990
3.714401768, 3.714553876
3.724401835, 3.724551373
3.734401765, 3.734578357
3.744401762, 3.744546794
3.754401825, 3.754578379
3.764401762, 3.764571063
3.774401791, 3.774573774
3.784401757, 3.784575540
3.794401761, 3.794581060
3.804401765, 3.804562859
3.814401758, 3.814549512
3.824401762, 3.824554280
3.834401837, 3.834581351
3.844401759, 3.844585848
3.854401760, 3.854572392
3.864401765, 3.864583155
3.874401760, 3.874587886
3.884401765, 3.884611704
3.894401760, 3.894584204
3.904401773, 3.904556392
3.914401766, 3.914555253
3.924401881, 3.924575263
3.934401755, 3.934576121
3.944401764, 3.944584023
3.954401769, 3.954585797
3.964401756, 3.964570606
3.974401763, 3.974559560
3.984401762, 3.984537810
3.994401758, 3.994549792
4.004401832, 4.004517572
4.014401791, 4.014595921
4.024401766, 4.024529462
4.034401859, 4.034523610
4.044401844, 4.044555625
4.054410077, 4.054553412
4.064404096, 4.064518817
4.074403569, 4.074564430
4.084401775, 4.084515082
4.094401806, 4.094531750
4.104401781, 4.104518928
4.114410840, 4.114529124
4.124401879, 4.124561858
4.134404907, 4.134505698
4.144401786, 4.144495238
4.154411865, 4.154535045
4.164401787, 4.164589792
4.174404324, 4.174578817
4.184401832, 4.184634777
4.194404798, 4.194562977
4.204401860, 4.204600041
4.214401839, 4.214569896
4.224409647, 4.224601650
4.234410452, 4.234591759
4.244405972, 4.244601401
4.254401782, 4.254586924
4.264401868, 4.264629863
4.274401788, 4.274582328
4.284401806, 4.284575451
4.294401787, 4.294603999
4.304405304, 4.304573470
4.314401785, 4.314581768
4.324401919, 4.324625559
4.334401782, 4.334594220
4.344402438, 4.344569900
4.354401784, 4.354606651
4.364406644, 4.364625444
4.374401761, 4.374615618
4.384401761, 4.384615165
4.394401782, 4.394576895
4.404401769, 4.404690239
4.414401782, 4.414651380
4.424401765, 4.424556174
4.434401767, 4.434594154
4.444401767, 4.444601457
4.454401862, 4.454594997
4.464406126, 4.464592697
4.474401840, 4.474562730
4.484407444, 4.484597849
4.494401860, 4.494604895
4.504404187, 4.504568308
4.514401829, 4.514564290
4.524401839, 4.524582965
4.534401818, 4.534629111
4.544404533, 4.544575610
4.554401764, 4.554587387
4.564401765, 4.564569033
4.574401769, 4.574590489
4.584401792, 4.584579521
4.594403223, 4.594586728
4.604408164, 4.604602445
4.614401840, 4.614593379
4.624408412, 4.624598787
4.634411860, 4.634526777
4.644405030, 4.644482572
4.654401793, 4.654513369
4.664401809, 4.664581010
4.674403728, 4.674605553
4.684401830, 4.684608406
4.694401845, 4.694580660
4.704404190, 4.704605707
4.714401845, 4.714543959
4.724401792, 4.724550552
4.734410197, 4.734531124
4.744406044, 4.744572479
4.754406583, 4.754552936
4.764405693, 4.764517873
4.774401835, 4.774535280
4.784401770, 4.784542302
4.794401785, 4.794556907
4.804401767, 4.804555004
4.814402083, 4.814585538
4.824401765, 4.824531008
4.834401778, 4.834551181
4.844412595, 4.844583410
4.854406275, 4.854539879
4.864401762, 4.864514882
4.874401764, 4.874528593
4.884406737, 4.884496081
4.894401774, 4.894583447
4.904407841, 4.904568797
4.914401775, 4.914580796
4.924401767, 4.924600734
4.934401782, 4.934591942
4.944401912, 4.944568966
4.954401770, 4.954597015
4.964401823, 4.964628354
4.974401772, 4.974606288
4.984401763, 4.984581962
4.994401782, 4.994589722
5.004403596, 5.004577483
5.014401769, 5.014607538
5.024401768, 5.024570403
5.034402107, 5.034603885
5.044401776, 5.044590029
5.054401761, 5.054584982
5.064401782, 5.064564547
5.074402612, 5.074574012
5.084401767, 5.084584588
5.094401782, 5.094620272
5.104401767, 5.104589426
5.114401908, 5.114594430
5.124404190, 5.124579594
5.134411307, 5.134570047
5.144409718, 5.144588897
5.154404013, 5.154548598
5.164401767, 5.164572508
5.174401772, 5.174577659
5.184406151, 5.184635018
5.194408762, 5.194615267
5.204406312, 5.204557061
5.214401772, 5.214598813
5.224401779, 5.224567496
5.234401786, 5.234612687
5.244406197, 5.244603552
5.254405378, 5.254578529
5.264401844, 5.264589775
5.274402217, 5.274597608
5.284401839, 5.284616292
5.294401783, 5.294565800
5.304401779, 5.304527315
5.314401859, 5.314565247
5.324401815, 5.324564733
5.334401793, 5.334523632
5.344401778, 5.344568785
5.354401783, 5.354602230
5.364401779, 5.364580546
5.374401772, 5.374609517
5.384401763, 5.384560773
5.394401770, 5.394586054
5.404401787, 5.404579782
5.414401832, 5.414642907
5.424401765, 5.424647773
5.434401761, 5.434644250
5.444401764, 5.444640861
5.454401829, 5.454634764
5.464401784, 5.464641601
5.474401763, 5.474644649
5.484401829, 5.484643573
5.494401765, 5.494583060
5.504407140, 5.504583357
5.514404539, 5.514583763
5.524401769, 5.524588485
5.534412863, 5.534626927
5.544407724, 5.544610088
5.554401791, 5.554690392
5.564402149, 5.564587920
5.574401779, 5.574568349
5.584403745, 5.584566076
5.594409086, 5.594548156
5.604401773, 5.604555541
5.614403430, 5.614587712
5.624402754, 5.624581233
5.634401908, 5.634593515
5.644401786, 5.644725997
5.654409425, 5.654604655
5.664401765, 5.664721838
5.674401766, 5.674541881
5.684401767, 5.684678821
5.694401779, 5.694534843
5.704401780, 5.704535865
5.714401782, 5.714626067
5.724401764, 5.724543287
5.734405046, 5.734567602
5.744407137, 5.744572167
5.754401777, 5.754570701
5.764410083, 5.764599256
5.774401784, 5.774592618
5.784401849, 5.784567361
5.794401776, 5.794574217
5.804401769, 5.804584910
5.814413507, 5.814606598
5.824401775, 5.824570830
5.834404106, 5.834603258
5.844401770, 5.844587893
5.854401769, 5.854578378
5.864401770, 5.864580840
5.874402800, 5.874574813
5.884401829, 5.884551881
5.894401785, 5.894598357
5.904401817, 5.904572346
5.914401766, 5.914564193
5.924401773, 5.924585078
5.934401828, 5.934581758
5.944411064, 5.944502904
5.954411966, 5.954546782
5.964401808, 5.964475015
5.974405653, 5.974576054
5.984401765, 5.984545372
5.994401801, 5.994581019
6.004401781, 6.004572184
6.014407591, 6.014585102
6.024409676, 6.024595295
6.034402417, 6.034553090
6.044401765, 6.044598470
6.054401787, 6.054580209
6.064405192, 6.064545637
6.074401787, 6.074606081
6.084410819, 6.084631809
6.094403443, 6.094585102
6.104401773, 6.104597084
6.114401943, 6.114625514
6.124401776, 6.124574150
6.134402690, 6.134588884
6.144407550, 6.144590675
6.154401779, 6.154572231
6.164401786, 6.164581249
6.174401878, 6.174577029
6.184401772, 6.184588196
6.194401771, 6.194561182
6.204405790, 6.204582383
6.214401777, 6.214565199
6.224401762, 6.224601465
6.234401782, 6.234608803
6.244401787, 6.244602507
6.254409424, 6.254595574
6.264401855, 6.264607557
6.274413317, 6.274570556
6.284405425, 6.284610408
6.294401780, 6.294570736
6.304402466, 6.304596223
6.314402721, 6.314588489
6.324402348, 6.324590819
6.334401766, 6.334578608
6.344417458, 6.344553430
6.354401765, 6.354519180
6.364401781, 6.364520019
6.374405859, 6.374561564
6.384401786, 6.384572196
6.394401839, 6.394558223
6.404401772, 6.404530497
6.414401776, 6.414546378
6.424405555, 6.424529646
6.434401788, 6.434530999
6.444401760, 6.444537681
6.454401885, 6.454547880
6.464401772, 6.464555396
6.474401946, 6.474569750
6.484401763, 6.484531570
6.494401755, 6.494540094
6.504401884, 6.504514210
6.514401754, 6.514540535
6.524401902, 6.524526050
6.534401791, 6.534565235
6.544402433, 6.544566567
6.554406059, 6.554584608
6.564401787, 6.564538090
6.574401926, 6.574568677
6.584407426, 6.584538363
6.594401834, 6.594526550
6.604404573, 6.604541320
6.614401779, 6.614502413
6.624409191, 6.624494561
6.634409157, 6.634521747
6.644401776, 6.644625326
6.654401791, 6.654557288
6.664401822, 6.664580231
6.674410354, 6.674586252
6.684403491, 6.684581153
6.694403694, 6.694604262
6.704401770, 6.704574553
6.714404308, 6.714587834
6.724409598, 6.724625495
6.734401777, 6.734578297
6.744416138, 6.744656217
6.754403653, 6.754583653
6.764407617, 6.764680600
6.774404179, 6.774735739
6.784401781, 6.784595189
6.794401766, 6.794530052
6.804401885, 6.804614507
6.814406021, 6.814577983
6.824401769, 6.824579105
6.834401779, 6.834535390
6.844401770, 6.844535434
6.854401850, 6.854549111
6.864416047, 6.864516485
6.874401761, 6.874490406
6.884401846, 6.884547015
6.894401776, 6.894584318
6.904401881, 6.904560636
6.914401817, 6.914551901
6.924409901, 6.924563804
6.934405791, 6.934574562
6.944406017, 6.944562048
6.954401840, 6.954567449
6.964405984, 6.964568954
6.974401902, 6.974533662
6.984401783, 6.984528079
6.994411000, 6.994587329
7.004401934, 7.004538203
7.014416905, 7.014595094
7.024403916, 7.024543954
7.034401891, 7.034549256
7.044407505, 7.044519670
7.054401785, 7.054553857
7.064401770, 7.064497888
7.074401785, 7.074531967
7.084401775, 7.084550670
7.094401777, 7.094494031
7.104401764, 7.104553023
7.114401763, 7.114522205
7.124401769, 7.124546409
7.134401908, 7.134506441
7.144403715, 7.144558298
7.154401761, 7.154516671
7.164401860, 7.164508469
7.174401774, 7.174475962
7.184401833, 7.184553272
7.194401772, 7.194506454
7.204401780, 7.204536154
7.214418607, 7.214567916
7.224415560, 7.224543289
7.234401916, 7.234544551
7.244401770, 7.244558039
7.254401839, 7.254494132
7.264417517, 7.264563437
7.274401829, 7.274546122
7.284403298, 7.284527149
7.294407198, 7.294573643
7.304404607, 7.304558435
7.314401766, 7.314535915
7.324402586, 7.324540106
7.334411750, 7.334572068
7.344401775, 7.344558813
7.354401769, 7.354537197
7.364401764, 7.364559751
7.374402186, 7.374542819
7.384401772, 7.384585749
7.394401845, 7.394529989
7.404418017, 7.404596549
7.414403743, 7.414550237
7.424403638, 7.424543649
7.434403209, 7.434621068
7.444401762, 7.444549863
7.454407876, 7.454555333
7.464401757, 7.464556164
7.474403342, 7.474562443
7.484409830, 7.484583387
7.494401787, 7.494559377
7.504401770, 7.504542105
7.514405350, 7.514568101
7.524401806, 7.524530771
7.534401787, 7.534552855
7.544401795, 7.544530696
7.554401771, 7.554528977
7.564401770, 7.564547918
7.574412078, 7.574572184
7.584401783, 7.584541915
7.594401787, 7.594539270
7.604409237, 7.604556526
7.614401796, 7.614536278
7.624401775, 7.624543771
7.634404566, 7.634568306
7.644401764, 7.644517229
7.654401790, 7.654648775
7.664401764, 7.664550724
7.674401777, 7.674547496
7.684401769, 7.684552042
7.694402218, 7.694552487
7.704401772, 7.704577949
7.714401829, 7.714517438
7.724408076, 7.724571292
7.734408619, 7.734554964
7.744401778, 7.744541451
7.754401769, 7.754516020
7.764405193, 7.764529575
7.774404644, 7.774558870
7.784403818, 7.784528272
7.794401784, 7.794573502
7.804401765, 7.804557379
7.814401768, 7.814583545
7.824401770, 7.824527083
7.834404033, 7.834529094
7.844402413, 7.844506631
7.854412959, 7.854510868
7.864403835, 7.864508111
7.874403599, 7.874539818
7.884401769, 7.884548435
7.894401785, 7.894547038
7.904403213, 7.904572916
7.914401795, 7.914538442
7.924408731, 7.924565605
7.934401780, 7.934555086
7.944405825, 7.944545389
7.954417407, 7.954552288
7.964401772, 7.964544790
7.974402072, 7.974520456
7.984412695, 7.984580864
7.994401772, 7.994622478
8.004403418, 8.004515606
8.014401766, 8.014511424
8.024403624, 8.024553201
8.034403476, 8.034565778
8.044416476, 8.044574011
8.054401772, 8.054572357
8.064401762, 8.064518300
8.074401782, 8.074568573
8.084401770, 8.084563210
8.094401784, 8.094510695
8.104401765, 8.104563777
8.114408840, 8.114522571
8.124401772, 8.124571993
8.134401766, 8.134494514
8.144401887, 8.144555505
8.154401777, 8.154593685
8.164401769, 8.164556394
8.174401771, 8.174543482
8.184402631, 8.184549892
8.194401776, 8.194560525
8.204405365, 8.204550648
8.214411857, 8.214527480
8.224401784, 8.224547888
8.234401787, 8.234501626
8.244401857, 8.244530130
8.254408533, 8.254565412
8.264419018, 8.264599248
8.274401766, 8.274570308
8.284401904, 8.284576495
8.294403579, 8.294541371
8.304407664, 8.304540658
8.314401790, 8.314513504
8.324404701, 8.324515549
8.334401772, 8.334542671
8.344401787, 8.344553790
8.354401771, 8.354528003
8.364401772, 8.364547224
8.374408484, 8.374582300
8.384401769, 8.384526606
8.394401779, 8.394533807
8.404401860, 8.404558729
8.414401788, 8.414532848
8.424403358, 8.424509800
8.434401791, 8.434516095
8.444401769, 8.444557699
8.454401765, 8.454616565
8.464401767, 8.464531356
8.474411303, 8.474575243
8.484401757, 8.484540492
8.494401757, 8.494517176
8.504401756, 8.504533836
8.514401775, 8.514544827
8.524412161, 8.524521536
8.534401858, 8.534489446
8.544403949, 8.544540711
8.554401840, 8.554521469
8.564401776, 8.564573176
8.574402925, 8.574543182
8.584402694, 8.584583535
8.594401826, 8.594552739
8.604401778, 8.604597769
8.614415449, 8.614554768
8.624406101, 8.624586804
8.634401834, 8.634565268
8.644412063, 8.644614865
8.654409616, 8.654633399
8.664417892, 8.664592025
8.674402478, 8.674611858
8.684407181, 8.684596249
8.694401788, 8.694616912
8.704401764, 8.704607841
8.714401902, 8.714639578
8.724403065, 8.724594240
8.734401788, 8.734573750
8.744401767, 8.744603876
8.754401791, 8.754568296
8.764401778, 8.764564576
8.774401769, 8.774583613
8.784401926, 8.784605034
8.794406664, 8.794585315
8.804401765, 8.804556361
8.814401915, 8.814610406
8.824406614, 8.824563144
8.834402303, 8.834595741
8.844401816, 8.844553782
8.854403002, 8.854593995
8.864401978, 8.864591057
8.874411802, 8.874609092
8.884401843, 8.884571019
8.894401782, 8.894557603
8.904401764, 8.904575304
8.914401815, 8.914543487
8.924401765, 8.924576029
8.934407979, 8.934566792
8.944401765, 8.944538494
8.954401768, 8.954610838
8.964401765, 8.964594543
8.974401768, 8.974559808
8.984407607, 8.984603320
8.994401780, 8.994595103
9.004401769, 9.004569742
9.014401769, 9.014570861
9.024401773, 9.024551015
9.034403506, 9.034586249
9.044401925, 9.044582962
9.054405699, 9.054577231
9.064401792, 9.064548321
9.074401782, 9.074564998
9.084401792, 9.084578885
9.094401784, 9.094569124
9.104401772, 9.104558102
9.114401769, 9.114535247
9.124401838, 9.124494172
9.134402775, 9.134607017
9.144413814, 9.144594011
9.154401771, 9.154596941
9.164401772, 9.164582904
9.174401784, 9.174590242
9.184401892, 9.184573298
9.194401780, 9.194642096
9.204401772, 9.204589963
9.214408236, 9.214587580
9.224401975, 9.224594452
9.234404913, 9.234610273
9.244405882, 9.244604858
9.254401776, 9.254577607
9.264401765, 9.264586248
9.274403849, 9.274611959
9.284404314, 9.284554371
9.294401793, 9.294583121
9.304401780, 9.304554278
9.314401801, 9.314612514
9.324401783, 9.324618361
9.334401777, 9.334582224
9.344408821, 9.344569076
9.354401785, 9.354556270
9.364401772, 9.364663537
9.374401772, 9.374573807
9.384411015, 9.384601214
9.394411893, 9.394517010
9.404402812, 9.404540114
9.414409762, 9.414594520
9.424401805, 9.424481770
9.434401769, 9.434533662
9.444401821, 9.444536912
9.454402721, 9.454582131
9.464401758, 9.464571573
9.474401826, 9.474547382
9.484403622, 9.484627335
9.494401757, 9.494526014
9.504411396, 9.504544807
9.514401922, 9.514566800
9.524401757, 9.524532533
9.534401770, 9.534574209
9.544401914, 9.544564331
9.554417691, 9.554574120
9.564401763, 9.564499228
9.574401778, 9.574568174
9.584401824, 9.584508323
9.594401804, 9.594542741
9.604412412, 9.604548984
9.614424776, 9.614575598
9.624401845, 9.624552106
9.634401770, 9.634514788
9.644403090, 9.644552564
9.654401789, 9.654554118
9.664401764, 9.664584379
9.674401785, 9.674557085
9.684401782, 9.684565798
9.694408497, 9.694600096
9.704401759, 9.704639052
9.714401768, 9.714568568
9.724403746, 9.724546575
9.734401789, 9.734579829
9.744401783, 9.744601524
9.754406679, 9.754569963
9.764407639, 9.764564096
9.774401776, 9.774560000
9.784401766, 9.784577638
9.794401831, 9.794597713
9.804418316, 9.804608124
9.814401789, 9.814562068
9.824404516, 9.824592351
9.834401790, 9.834748778
9.844401772, 9.844881530
9.854401787, 9.854956221
9.864401851, 9.865035631
9.874401815, 9.875038951
9.884401914, 9.885062760
9.894406129, 9.895124635
9.904401916, 9.905254491
9.914402787, 9.915322320
9.924402787, 9.925342523
9.934401771, 9.935426909
9.944401777, 9.944538243
9.954401759, 9.954536409
9.964401766, 9.964547687
9.974401760, 9.974537088
9.984401761, 9.984538071
9.994401762, 9.994543370
10.004401750, 10.004542181
10.014401755, 10.014575665
10.024401755, 10.024535298
10.034401759, 10.034538927
10.044401768, 10.044535680
10.054401764, 10.054546687
10.064401757, 10.064549315
10.074401755, 10.074552262
10.084401767, 10.084550405
10.094401758, 10.094554470
10.104401763, 10.104550349
10.114401764, 10.114554264
10.124401759, 10.124547921
10.134401753, 10.134549070
10.144401754, 10.144546865
10.154401764, 10.154548340
10.164401757, 10.164550277
10.174401761, 10.174546147
10.184401754, 10.184548933
10.194401767, 10.194546733
10.204401762, 10.204546734
10.214401758, 10.214549084
10.224401760, 10.224547046
10.234401761, 10.234550369
10.244401751, 10.244553768
10.254401758, 10.254548056
10.264401755, 10.264548006
10.274401761, 10.274546796
10.284401768, 10.284544106
10.294401761, 10.294549891
10.304401751, 10.304549418
10.314401761, 10.314542806
10.324401754, 10.324551987
10.334401759, 10.334549599
10.344401768, 10.344550174
10.354401763, 10.354547132
10.364401762, 10.364549274
10.374401764, 10.374544660
10.384401768, 10.384545060
10.394401767, 10.394551689
10.404401754, 10.404551197
10.414401753, 10.414548261
10.424401751, 10.424551537
10.434401767, 10.434546248
10.444401762, 10.444546020
10.454401753, 10.454548051
10.464401765, 10.464546194
10.474401761, 10.474548759
10.484401752, 10.484550193
10.494401761, 10.494549955
10.504401765, 10.504551824
10.514401755, 10.514550202
10.524401768, 10.524546925
10.534401764, 10.534544731
10.544401760, 10.544544752
10.554401759, 10.554540484
10.564401762, 10.564552704
10.574401763, 10.574651563
10.584401760, 10.584546822
10.594401756, 10.594544448
10.604401752, 10.604545685
10.614401755, 10.614546381
10.624401765, 10.624546956
10.634401755, 10.634545481
10.644401760, 10.644549751
10.654401759, 10.654547505
10.664401757, 10.664544629
10.674401761, 10.674543139
10.684401767, 10.684541648
10.694401767, 10.694545882
10.704401762, 10.704544261
10.714401763, 10.714546048
10.724401757, 10.724549167
10.734401758, 10.734546930
10.744401762, 10.744464820
10.754401758, 10.754541516
10.764401760, 10.764549700
10.774401759, 10.774548555
10.784401757, 10.784547537
10.794401756, 10.794542524
10.804401765, 10.804546603
10.814401755, 10.814544016
10.824401785, 10.824549721
10.834401759, 10.834554128
10.844401750, 10.844544200
10.854401763, 10.854550284
10.864401753, 10.864548460
10.874401766, 10.874542153
10.884401753, 10.884548452
10.894401761, 10.894545074
10.904401757, 10.904548755
10.914401766, 10.914542421
10.924401757, 10.924544224
10.934401766, 10.934548273
10.944401759, 10.944544263
10.954401757, 10.954543514
10.964401756, 10.964548777
10.974401755, 10.974542333
10.984401761, 10.984546458
10.994401760, 10.994547288
11.004401769, 11.004544682
11.014401765, 11.014544685
11.024401757, 11.024546207
11.034401752, 11.034550548
11.044401773, 11.044550462
11.054401758, 11.054551592
11.064401757, 11.064546860
11.074401761, 11.074546097
11.084401757, 11.084547876
11.094401760, 11.094546586
11.104401753, 11.104545269
11.114401761, 11.114544183
11.124401757, 11.124547413
11.134401765, 11.134570861
11.144401759, 11.144552600
11.154401755, 11.154544742
11.164401759, 11.164543600
11.174401758, 11.174545341
11.184401753, 11.184547732
11.194401765, 11.194545855
11.204401767, 11.204551049
11.214401760, 11.214548184
11.224401754, 11.224543423
11.234401763, 11.234548715
11.244401762, 11.244547841
11.254401760, 11.254546166
11.264401756, 11.264541879
11.274401765, 11.274543419
11.284401753, 11.284548594
11.294401754, 11.294542020
11.304401767, 11.304549829
11.314401755, 11.314544463
11.324401756, 11.324550692
11.334401758, 11.334547060
11.344401759, 11.344544412
11.354401760, 11.354549023
11.364401769, 11.364549748
11.374401752, 11.374546468
11.384401787, 11.384549341
11.394401761, 11.394546845
11.404401757, 11.404545675
11.414401761, 11.414546522
11.424401757, 11.424548360
11.434401755, 11.434573095
11.444401750, 11.444576902
11.454401768, 11.454572293
11.464401756, 11.464577062
11.474401766, 11.474573502
11.484401753, 11.484573828
11.494401760, 11.494565773
11.504401762, 11.504573743
11.514401769, 11.514571167
11.524401769, 11.524574884
11.534401760, 11.534573338
11.544401757, 11.544566870
11.554401752, 11.554565260
11.564401753, 11.564571520
11.574401760, 11.574573090
11.584401757, 11.584566123
11.594401760, 11.594566631
11.604401759, 11.604576752
11.614401765, 11.614573178
11.624401767, 11.624576113
11.634401755, 11.634551266
11.644401764, 11.644574119
11.654401765, 11.654545178
11.664401753, 11.664572987
11.674401760, 11.674531402
11.684401750, 11.684574051
11.694401754, 11.694563781
11.704401761, 11.704574172
11.714401758, 11.714567019
11.724401769, 11.724566541
11.734401760, 11.734573717
11.744401754, 11.744572194
11.754401760, 11.754572850
11.764401759, 11.764577973
11.774401768, 11.774573633
11.784401769, 11.784573457
11.794401765, 11.794535038
11.804401753, 11.804571910
11.814401766, 11.814571653
11.824401761, 11.824572147
11.834401757, 11.834570750
11.844401759, 11.844575409
11.854401754, 11.854572359
11.864401762, 11.864578304
11.874401761, 11.874571915
11.884401762, 11.884571850
11.894401758, 11.894566446
11.904401764, 11.904573495
11.914401765, 11.914564414
11.924401756, 11.924572909
11.934401754, 11.934572340
11.944401754, 11.944568602
11.954401768, 11.954573590
11.964401761, 11.964570707
11.974401766, 11.974571364
11.984401764, 11.984570389
11.994401761, 11.994572683
12.004401769, 12.004574949
12.014401754, 12.014565128
12.024401761, 12.024574673
12.034401765, 12.034542334
12.044401757, 12.044572317
12.054401761, 12.054570690
------------------------------
