------------------------------
test was performed using the following parameters: --mps=100 --burst=1 --reply-every=1 --msg-size=12 --time=10
------------------------------
sockperf: [Total Run] RunTime=10.100 sec; SentMessages=1011; ReceivedMessages=1010
sockperf: ========= Printing statistics for Server No: 0
sockperf: [Valid Duration] RunTime=9.980 sec; SentMessages=999; ReceivedMessages=999
sockperf: [2;35m====> avg-lat=1387.979 (std-dev=661.068)[0m
sockperf: # dropped messages = 0; # duplicated messages = 0; # out-of-order messages = 0
sockperf: [2;35mTotal 999 observations[0m; each percentile contains 9.99 observations
sockperf: ---> <MAX> observation = 1956.667
sockperf: ---> percentile  99.99 = 1956.667
sockperf: ---> percentile  99.90 = 1954.805
sockperf: ---> percentile  99.50 = 1943.518
sockperf: ---> percentile  99.00 = 1933.533
sockperf: ---> percentile  95.00 = 1892.809
sockperf: ---> percentile  90.00 = 1871.602
sockperf: ---> percentile  75.00 = 1810.401
sockperf: ---> percentile  50.00 = 1682.377
sockperf: ---> percentile  25.00 = 1473.945
sockperf: ---> <MIN> observation =   83.577
------------------------------
txTime, rxTime
2.066405421, 2.070068839
2.076405439, 2.080136840
2.086405428, 2.090125513
2.096405422, 2.100158914
2.106405430, 2.110106117
2.116405427, 2.120127036
2.126405426, 2.130148631
2.136405424, 2.140212815
2.146405430, 2.150194320
2.156405430, 2.160313919
2.166405448, 2.170112122
2.176405431, 2.180179566
2.186405422, 2.189277032
2.196405430, 2.199414630
2.206405423, 2.209351003
2.216405429, 2.219323092
2.226405440, 2.229343988
2.236405433, 2.239297489
2.246405432, 2.249472370
2.256405427, 2.259505417
2.266406223, 2.269401764
2.276405439, 2.279642011
2.286405439, 2.289598480
2.296405428, 2.299547745
2.306405434, 2.309638109
2.316405428, 2.319708433
2.326405420, 2.329604527
2.336405436, 2.339681852
2.346405426, 2.349745016
2.356405425, 2.359700765
2.366405432, 2.369723439
2.376405433, 2.379810045
2.386405424, 2.389839762
2.396405438, 2.399833451
2.406407393, 2.409880510
2.416405420, 2.419890153
2.426405423, 2.429848778
2.436405439, 2.439883870
2.446405427, 2.450007775
2.456405424, 2.459992144
2.466405433, 2.469963908
2.476405435, 2.479981559
2.486405425, 2.490037055
2.496405433, 2.500006071
2.506405437, 2.510051671
2.516405430, 2.520103895
2.526405437, 2.530083114
2.536405427, 2.540128586
2.546405426, 2.550174194
2.556405643, 2.560119898
2.566405448, 2.570202934
2.576405433, 2.580305845
2.586405444, 2.590231948
2.596405431, 2.600036579
2.606405416, 2.609986288
2.616405424, 2.620096551
2.626405544, 2.630049911
2.636405430, 2.640182383
2.646405428, 2.650087224
2.656405431, 2.660115096
2.666405434, 2.670153194
2.676405435, 2.680227013
2.686405429, 2.690155395
2.696405428, 2.700315039
2.706405438, 2.710148740
2.716405439, 2.720200166
2.726405425, 2.730186948
2.736405422, 2.739673766
2.746405441, 2.749116561
2.756405420, 2.759055480
2.766405426, 2.769108814
2.776412911, 2.779266528
2.786405413, 2.789267673
2.796405432, 2.799123614
2.806405428, 2.809227891
2.816405432, 2.819299538
2.826405424, 2.829272947
2.836405430, 2.839402189
2.846405428, 2.849395910
2.856405432, 2.859447709
2.866405423, 2.869358223
2.876405419, 2.879368878
2.886405431, 2.889420765
2.896405442, 2.899367372
2.906410418, 2.909493100
2.916405422, 2.919353314
2.926405440, 2.929548737
2.936408373, 2.939553263
2.946405424, 2.949635127
2.956405428, 2.959670192
2.966405431, 2.969629148
2.976405438, 2.979705157
2.986405428, 2.989704158
2.996405422, 2.999690747
3.006405431, 3.009661223
3.016405430, 3.019617003
3.026405427, 3.029600285
3.036405439, 3.039811191
3.046405431, 3.049852994
3.056405428, 3.059883939
3.066405423, 3.069873820
3.076405419, 3.079853951
3.086405420, 3.089885474
3.096405433, 3.099998502
3.106405448, 3.110031899
3.116405422, 3.119985121
3.126407331, 3.129887725
3.136405435, 3.139960005
3.146405424, 3.149967350
3.156405436, 3.159934793
3.166405435, 3.170025569
3.176405436, 3.180052144
3.186405434, 3.190163170
3.196405428, 3.200030096
3.206405420, 3.209962316
3.216405426, 3.219834205
3.226405428, 3.230213384
3.236405430, 3.240143819
3.246405425, 3.250134979
3.256405432, 3.260137741
3.266405482, 3.270216804
3.276405425, 3.279499524
3.286413411, 3.289511674
3.296405417, 3.299566681
3.306405439, 3.309420433
3.316405420, 3.319509124
3.326405438, 3.329544184
3.336409443, 3.339540455
3.346405426, 3.349526951
3.356405427, 3.359486888
3.366405428, 3.369630050
3.376405425, 3.379729736
3.386405429, 3.389676981
3.396405424, 3.399829952
3.406405429, 3.409743330
3.416405427, 3.419776908
3.426405441, 3.429724152
3.436405434, 3.439766597
3.446405431, 3.449857773
3.456405431, 3.459860516
3.466405434, 3.469963549
3.476405430, 3.479833986
3.486405432, 3.489937439
3.496405439, 3.499884469
3.506405420, 3.509872652
3.516405444, 3.520018636
3.526405430, 3.530084179
3.536405422, 3.539954060
3.546405428, 3.550123937
3.556405417, 3.559997146
3.566405438, 3.570030843
3.576405433, 3.580069445
3.586411271, 3.590291028
3.596405420, 3.600195444
3.606419084, 3.610315429
3.616405443, 3.620189480
3.626405424, 3.630225652
3.636405433, 3.640144661
3.646405426, 3.649872468
3.656405433, 3.659820478
3.666405427, 3.670004344
3.676405420, 3.679846925
3.686405411, 3.689957282
3.696405424, 3.699926614
3.706405427, 3.709979550
3.716405422, 3.719937429
3.726405423, 3.730026226
3.736405425, 3.739994635
3.746409946, 3.750157534
3.756405422, 3.760005316
3.766405445, 3.770020879
3.776405427, 3.780062146
3.786405428, 3.790068217
3.796405427, 3.800118341
3.806405429, 3.810173591
3.816405417, 3.820245537
3.826405423, 3.830204579
3.836405431, 3.840221644
3.846405422, 3.850205120
3.856405431, 3.859511214
3.866405443, 3.869547309
3.876405422, 3.879583999
3.886405439, 3.889517888
3.896405427, 3.899499488
3.906405422, 3.909608623
3.916413832, 3.919657718
3.926405435, 3.929555851
3.936405433, 3.939579959
3.946405434, 3.949764217
3.956410484, 3.959830289
3.966405427, 3.969705368
3.976405435, 3.979677566
3.986405437, 3.989683334
3.996405437, 3.999715488
4.006405436, 4.009758428
4.016405430, 4.019722229
4.026405441, 4.029823427
4.036405428, 4.039791561
4.046405435, 4.049820652
4.056405432, 4.059804932
4.066405441, 4.069821707
4.076405422, 4.079922447
4.086405427, 4.089945725
4.096405419, 4.099969064
4.106405424, 4.109978948
4.116406704, 4.120096724
4.126405436, 4.130035044
4.136405413, 4.140027150
4.146405430, 4.150170160
4.156405419, 4.160154675
4.166405426, 4.170172187
4.176405427, 4.180040761
4.186405444, 4.190138379
4.196405422, 4.200268419
4.206405421, 4.210283097
4.216405433, 4.220181543
4.226405427, 4.229535788
4.236405435, 4.239540788
4.246405437, 4.249550452
4.256405431, 4.259659610
4.266405432, 4.269688160
4.276405435, 4.279538402
4.286405426, 4.289590563
4.296405436, 4.299645469
4.306405418, 4.309749036
4.316411982, 4.319685797
4.326405436, 4.329726278
4.336405433, 4.339807482
4.346405431, 4.349746954
4.356405440, 4.359679712
4.366405428, 4.369792402
4.376405430, 4.379772451
4.386405424, 4.389743644
4.396405424, 4.399856303
4.406405415, 4.409930620
4.416405420, 4.419887671
4.426413032, 4.429979057
4.436409339, 4.439996765
4.446405439, 4.449979524
4.456410242, 4.460109894
4.466405435, 4.470017624
4.476405425, 4.479990148
4.486405432, 4.490074517
4.496405430, 4.500027714
4.506405448, 4.510152279
4.516405431, 4.520059093
4.526405428, 4.530169073
4.536405431, 4.540177319
4.546405448, 4.550148147
4.556405420, 4.560195928
4.566405441, 4.570181685
4.576405417, 4.579460593
4.586405423, 4.589577361
4.596405424, 4.599480434
4.606405440, 4.609481081
4.616405437, 4.619581843
4.626422022, 4.629602440
4.636405425, 4.639549230
4.646405426, 4.649588517
4.656405442, 4.659597961
4.666405424, 4.669873784
4.676405425, 4.679773642
4.686405431, 4.689711044
4.696405416, 4.699869219
4.706405426, 4.709712731
4.716405438, 4.719756128
4.726405425, 4.729792105
4.736405424, 4.739822138
4.746405428, 4.749889793
4.756409682, 4.759905190
4.766405425, 4.769894497
4.776405418, 4.779834712
4.786405441, 4.790007165
4.796405436, 4.800027457
4.806406976, 4.810085181
4.816405428, 4.820090823
4.826405424, 4.829989111
4.836405436, 4.840036259
4.846411346, 4.850172032
4.856405420, 4.860102802
4.866405423, 4.870059925
4.876405433, 4.880068370
4.886405432, 4.890244460
4.896405431, 4.900065496
4.906405430, 4.910113901
4.916405428, 4.920207321
4.926405448, 4.930213500
4.936405433, 4.940199016
4.946405419, 4.949486757
4.956405422, 4.959488874
4.966405435, 4.969556719
4.976408818, 4.979599538
4.986405425, 4.989554783
4.996405438, 4.999403129
5.006405430, 5.009620295
5.016405427, 5.019569440
5.026405437, 5.029594163
5.036405424, 5.039498000
5.046405431, 5.049767169
5.056405443, 5.059749399
5.066405437, 5.069727666
5.076405431, 5.079705185
5.086410208, 5.089857508
5.096405452, 5.099873473
5.106405425, 5.109830140
5.116405427, 5.119884255
5.126405418, 5.129901013
5.136405422, 5.139911075
5.146405442, 5.149968914
5.156405435, 5.159917382
5.166405445, 5.169997097
5.176405422, 5.180022923
5.186405428, 5.189980087
5.196409875, 5.200103821
5.206405423, 5.210120643
5.216405420, 5.220058663
5.226405437, 5.229897086
5.236405435, 5.240041321
5.246406002, 5.250152438
5.256405427, 5.260238206
5.266405432, 5.269975123
5.276405425, 5.280110190
5.286405424, 5.290081222
5.296405435, 5.300176001
5.306405421, 5.310174346
5.316405431, 5.320068245
5.326409428, 5.330158036
5.336405444, 5.340018056
5.346405423, 5.350036733
5.356405430, 5.360060510
5.366405435, 5.370049437
5.376405428, 5.380286357
5.386405435, 5.390134789
5.396405433, 5.400181731
5.406405441, 5.410272509
5.416405438, 5.420165563
5.426405426, 5.430111840
5.436405427, 5.439601087
5.446405433, 5.449582481
5.456405431, 5.459663304
5.466405431, 5.469569497
5.476405424, 5.479718829
5.486405423, 5.489637890
5.496405425, 5.499658552
5.506405428, 5.509784865
5.516405427, 5.519791073
5.526405427, 5.529743608
5.536405428, 5.539910732
5.546405428, 5.549816965
5.556405431, 5.559814363
5.566405439, 5.569897011
5.576405435, 5.579872561
5.586405439, 5.589907476
5.596409369, 5.599906171
5.606410881, 5.609939019
5.616405424, 5.620012138
5.626405444, 5.629954227
5.636405435, 5.640085555
5.646405441, 5.649970711
5.656405438, 5.660071262
5.666405428, 5.670065755
5.676405430, 5.680147113
5.686405426, 5.690125875
5.696405431, 5.700103527
5.706405443, 5.710090805
5.716409047, 5.720134287
5.726405415, 5.730180186
5.736405426, 5.740197810
5.746405425, 5.750279696
5.756405430, 5.759893038
5.766405434, 5.769540739
5.776405433, 5.779651835
5.786405423, 5.789526984
5.796405433, 5.799509615
5.806405421, 5.809574904
5.816405444, 5.819566669
5.826405439, 5.829554319
5.836405441, 5.839618572
5.846405421, 5.849633780
5.856408798, 5.859719466
5.866405434, 5.869714485
5.876412063, 5.879846547
5.886405436, 5.889719810
5.896409379, 5.899817026
5.906405423, 5.909830110
5.916405424, 5.919856307
5.926405448, 5.929909150
5.936405435, 5.939900452
5.946405435, 5.949873297
5.956405419, 5.960029352
5.966405437, 5.969973903
5.976407408, 5.980017361
5.986405427, 5.990102135
5.996405436, 6.000096826
6.006405436, 6.010013344
6.016405430, 6.020120909
6.026405424, 6.030119681
6.036405441, 6.040134203
6.046405443, 6.050117680
6.056405424, 6.060252722
6.066405444, 6.070214337
6.076405499, 6.080167452
6.086405426, 6.090215515
6.096405439, 6.100115458
6.106405428, 6.109752221
6.116405436, 6.119823720
6.126405423, 6.129913615
6.136405416, 6.140079970
6.146405424, 6.149923479
6.156405431, 6.159986049
6.166405434, 6.169983837
6.176405422, 6.180013744
6.186405432, 6.190089351
6.196405424, 6.200066025
6.206405428, 6.210022737
6.216405433, 6.220089163
6.226405419, 6.230067697
6.236405443, 6.240084454
6.246405431, 6.250126442
6.256405439, 6.260135163
6.266405431, 6.270130248
6.276405433, 6.280107566
6.286405437, 6.290154311
6.296405428, 6.300219867
6.306405437, 6.310177865
6.316405422, 6.320179785
6.326405424, 6.330196177
6.336405442, 6.340213610
6.346406764, 6.350132403
6.356405431, 6.359628706
6.366405427, 6.369622082
6.376405428, 6.379588488
6.386405493, 6.389699614
6.396415833, 6.399705065
6.406405436, 6.409725848
6.416405443, 6.419747559
6.426405438, 6.429742296
6.436405424, 6.439733542
6.446405431, 6.449655133
6.456405432, 6.459770187
6.466405441, 6.469752022
6.476405422, 6.479813824
6.486405432, 6.489739601
6.496405435, 6.499800082
6.506405440, 6.509815784
6.516405430, 6.519749492
6.526405432, 6.529961981
6.536405439, 6.539863927
6.546405426, 6.549919301
6.556405425, 6.560050681
6.566405424, 6.570035045
6.576405425, 6.580060990
6.586405435, 6.590010505
6.596405424, 6.600050232
6.606405440, 6.610177032
6.616405431, 6.620166230
6.626409291, 6.630185570
6.636405444, 6.640113481
6.646405434, 6.650133081
6.656405424, 6.660162773
6.666405428, 6.670188031
6.676405425, 6.680135291
6.686405436, 6.689894823
6.696405437, 6.699609604
6.706405431, 6.709620499
6.716405438, 6.719680192
6.726405433, 6.729742239
6.736405420, 6.739773972
6.746405423, 6.749766260
6.756405437, 6.759821824
6.766405438, 6.769821538
6.776405436, 6.779751544
6.786405444, 6.789849354
6.796405422, 6.799838758
6.806405424, 6.809868415
6.816405426, 6.819912018
6.826405441, 6.830001202
6.836405433, 6.840049012
6.846405423, 6.850062850
6.856405441, 6.860010803
6.866405472, 6.870043334
6.876405441, 6.880032383
6.886405431, 6.890143940
6.896405512, 6.900174895
6.906405440, 6.910171455
6.916405427, 6.920105758
6.926405424, 6.930185733
6.936405441, 6.940292478
6.946405428, 6.950202191
6.956405444, 6.959872517
6.966405433, 6.969471815
6.976405428, 6.979568404
6.986405415, 6.989432901
6.996405430, 6.999449436
7.006405431, 7.009556833
7.016409886, 7.019634605
7.026408887, 7.029720221
7.036405441, 7.039753504
7.046405429, 7.049660126
7.056405422, 7.059708537
7.066405430, 7.069674616
7.076405433, 7.079742487
7.086405435, 7.089760278
7.096405439, 7.099792745
7.106405435, 7.109735259
7.116405435, 7.119790007
7.126405426, 7.129801190
7.136405430, 7.139890269
7.146405442, 7.149837977
7.156405424, 7.159896231
7.166405432, 7.169874707
7.176405439, 7.179955090
7.186405441, 7.189936370
7.196405425, 7.200057211
7.206405432, 7.209933073
7.216405421, 7.220133444
7.226405426, 7.230016242
7.236405430, 7.239925833
7.246405423, 7.250027939
7.256405423, 7.260079201
7.266405441, 7.270181949
7.276405425, 7.280061385
7.286405431, 7.290179633
7.296405422, 7.300163714
7.306405432, 7.310132290
7.316405420, 7.320187790
7.326405426, 7.330318762
7.336405427, 7.340203477
7.346405424, 7.349255849
7.356405441, 7.359303702
7.366405424, 7.369130851
7.376405438, 7.379162716
7.386406040, 7.389335155
7.396405422, 7.399240824
7.406405423, 7.409191738
7.416405431, 7.419315678
7.426405429, 7.429172644
7.436405423, 7.439296124
7.446405431, 7.449169188
7.456405435, 7.459384768
7.466405413, 7.469336944
7.476405837, 7.479483521
7.486405421, 7.489500715
7.496405432, 7.499435271
7.506405443, 7.509584992
7.516405422, 7.519566564
7.526405424, 7.529557550
7.536405433, 7.539623910
7.546405423, 7.549643025
7.556405434, 7.559612297
7.566405422, 7.569662625
7.576405424, 7.579584841
7.586405441, 7.589717028
7.596412396, 7.599777378
7.606405444, 7.609799108
7.616405423, 7.619834410
7.626405432, 7.629761475
7.636405431, 7.639820500
7.646405432, 7.649771915
7.656405444, 7.659903378
7.666405431, 7.669920809
7.676405425, 7.679902443
7.686405428, 7.689863845
7.696405428, 7.699922402
7.706405424, 7.710015283
7.716405438, 7.719891456
7.726405418, 7.729910467
7.736405425, 7.739901035
7.746405437, 7.749937988
7.756405443, 7.760014865
7.766405428, 7.770011770
7.776405430, 7.779938770
7.786405437, 7.789968847
7.796405431, 7.799951678
7.806405436, 7.810134135
7.816405435, 7.820134623
7.826405435, 7.829676257
7.836405438, 7.839662662
7.846405431, 7.849683664
7.856405438, 7.859678433
7.866405435, 7.869676641
7.876405431, 7.879655218
7.886405425, 7.889727617
7.896405434, 7.899751423
7.906405442, 7.909774095
7.916405439, 7.919767686
7.926405564, 7.929844567
7.936405445, 7.939845843
7.946405426, 7.949890164
7.956419403, 7.960013170
7.966405426, 7.970124170
7.976405419, 7.979986509
7.986405443, 7.989989148
7.996405438, 7.999983660
8.006405423, 8.010008405
8.016405423, 8.020119922
8.026405492, 8.030111527
8.036405417, 8.040060933
8.046405441, 8.050195487
8.056405425, 8.060074444
8.066405418, 8.069612684
8.076405425, 8.079664770
8.086405439, 8.089801953
8.096405436, 8.099762158
8.106405435, 8.109801611
8.116405438, 8.119746407
8.126407452, 8.129844461
8.136405438, 8.139833667
8.146405443, 8.149814375
8.156405417, 8.159845751
8.166405434, 8.169949820
8.176405427, 8.179930905
8.186405435, 8.189968469
8.196405430, 8.199965955
8.206405439, 8.209992393
8.216405428, 8.219967767
8.226405428, 8.230040251
8.236405424, 8.240111979
8.246410835, 8.250265114
8.256405438, 8.260122578
8.266405433, 8.270097575
8.276405422, 8.280127613
8.286405439, 8.290197056
8.296405433, 8.300187469
8.306405428, 8.310108838
8.316405428, 8.320212383
8.326405424, 8.330213008
8.336405406, 8.339529845
8.346405438, 8.349627148
8.356405425, 8.359715912
8.366405401, 8.369533825
8.376405427, 8.379519686
8.386405420, 8.389545269
8.396405433, 8.399587723
8.406405429, 8.409639030
8.416405433, 8.419660038
8.426405419, 8.429663986
8.436409196, 8.439801915
8.446405434, 8.449833398
8.456405436, 8.459742124
8.466405427, 8.469773987
8.476405432, 8.479724238
8.486406215, 8.489821312
8.496405413, 8.499858317
8.506405422, 8.509868567
8.516405408, 8.520006467
8.526405494, 8.529973423
8.536405424, 8.540003498
8.546405442, 8.549942352
8.556411152, 8.559924816
8.566405422, 8.569997598
8.576405428, 8.580009752
8.586405632, 8.590050159
8.596405428, 8.600071182
8.606405430, 8.610138482
8.616405479, 8.620012990
8.626408187, 8.630110864
8.636407295, 8.640166181
8.646405435, 8.650120079
8.656405430, 8.660100618
8.666405425, 8.670123159
8.676405440, 8.680262746
8.686405436, 8.690191055
8.696405417, 8.699970560
8.706405416, 8.709410947
8.716405441, 8.719444665
8.726405440, 8.729440094
8.736405433, 8.739501869
8.746406159, 8.749535257
8.756405433, 8.759612014
8.766405431, 8.769495540
8.776405435, 8.779635424
8.786405478, 8.789628751
8.796405424, 8.799710440
8.806405447, 8.809764123
8.816405452, 8.819772306
8.826405426, 8.829762675
8.836405419, 8.839725862
8.846405426, 8.849742992
8.856405428, 8.859749651
8.866405418, 8.869845073
8.876405425, 8.879831038
8.886405433, 8.889843681
8.896405439, 8.899834420
8.906405425, 8.909906985
8.916405437, 8.919849947
8.926405440, 8.929976386
8.936407777, 8.940097637
8.946417289, 8.949986224
8.956405420, 8.959923996
8.966405429, 8.969998387
8.976405422, 8.980157865
8.986405430, 8.990083141
8.996405430, 9.000072315
9.006405429, 9.010119584
9.016405439, 9.020055213
9.026405435, 9.030201865
9.036405433, 9.040157393
9.046405432, 9.050057372
9.056405425, 9.060241893
9.066405429, 9.070109928
9.076405414, 9.080109270
9.086405415, 9.089493592
9.096405428, 9.099513460
9.106405433, 9.109624273
9.116405431, 9.119494231
9.126405430, 9.129456264
9.136405428, 9.139375938
9.146405430, 9.149637786
9.156405439, 9.159686673
9.166405423, 9.169642881
9.176405438, 9.179605452
9.186405423, 9.189708545
9.196405436, 9.199713816
9.206405420, 9.209611537
9.216405435, 9.219686951
9.226405430, 9.229820118
9.236405423, 9.239836493
9.246405423, 9.249936906
9.256405440, 9.259864894
9.266405434, 9.269929128
9.276405435, 9.279758773
9.286405437, 9.289909260
9.296405428, 9.299869600
9.306405431, 9.309852226
9.316415726, 9.320121145
9.326405423, 9.330121403
9.336405434, 9.339909589
9.346405434, 9.350077375
9.356405436, 9.360009786
9.366405431, 9.370104574
9.376405430, 9.380212364
9.386405412, 9.390134615
9.396405419, 9.400100661
9.406405438, 9.410095740
9.416405436, 9.420179138
9.426405430, 9.429996569
9.436405435, 9.439746306
9.446405416, 9.449744237
9.456405413, 9.459714251
9.466405439, 9.469683650
9.476405428, 9.479744135
9.486405426, 9.489820018
9.496405431, 9.499830449
9.506405421, 9.510024477
9.516405441, 9.519963964
9.526405427, 9.529863595
9.536405417, 9.540039849
9.546405438, 9.549921013
9.556405426, 9.559981213
9.566405421, 9.570102219
9.576405435, 9.580121480
9.586405441, 9.590131726
9.596405444, 9.599969187
9.606405422, 9.610081576
9.616405428, 9.620137343
9.626412817, 9.629815169
9.636405441, 9.639559168
9.646405428, 9.649428752
9.656405424, 9.659504032
9.666405443, 9.669559797
9.676405441, 9.679547200
9.686405432, 9.689587470
9.696405430, 9.699509532
9.706405427, 9.709523103
9.716405431, 9.719539096
9.726405433, 9.729589586
9.736408559, 9.739702644
9.746405419, 9.749662066
9.756405436, 9.759740063
9.766405433, 9.769729414
9.776405428, 9.779740137
9.786405441, 9.789765841
9.796405430, 9.799779735
9.806405439, 9.809779958
9.816405438, 9.819796162
9.826410499, 9.828977229
9.836411185, 9.838942581
9.846409978, 9.849054770
9.856405424, 9.859012381
9.866405435, 9.869102091
9.876405436, 9.878493371
9.886405884, 9.888523949
9.896405433, 9.898607899
9.906405432, 9.908582036
9.916405431, 9.918575125
9.926405424, 9.928666116
9.936405426, 9.938617501
9.946405424, 9.948666376
9.956406216, 9.958713343
9.966405427, 9.968640254
9.976405436, 9.977928077
9.986405425, 9.987945005
9.996409576, 9.998029923
10.006405431, 10.007611307
10.016405421, 10.017121098
10.026405415, 10.027170099
10.036405426, 10.037165358
10.046405412, 10.047192295
10.056405411, 10.057187034
10.066405415, 10.067150298
10.076405420, 10.077196108
10.086405414, 10.087273226
10.096405430, 10.097177250
10.106405414, 10.107205940
10.116405437, 10.117205776
10.126405423, 10.127200862
10.136405413, 10.137185775
10.146405415, 10.147196098
10.156405430, 10.157166965
10.166405411, 10.167191225
10.176405433, 10.177186458
10.186405416, 10.187237208
10.196405420, 10.197150648
10.206405417, 10.207192693
10.216405426, 10.217187884
10.226405445, 10.226637899
10.236405430, 10.236638910
10.246405420, 10.246646458
10.256405433, 10.256615310
10.266405412, 10.266640275
10.276405429, 10.276637895
10.286405409, 10.286581803
10.296405410, 10.296581216
10.306405407, 10.306577886
10.316405400, 10.316578705
10.326405404, 10.326579104
10.336405424, 10.336575352
10.346405400, 10.346577950
10.356405408, 10.356574730
10.366405414, 10.366576237
10.376405415, 10.376578833
10.386405407, 10.386576507
10.396405403, 10.396577368
10.406405409, 10.406577205
10.416405411, 10.416574821
10.426405401, 10.426576439
10.436405416, 10.436574722
10.446405415, 10.446577709
10.456405419, 10.456579594
10.466405411, 10.466576051
10.476405403, 10.476574280
10.486405406, 10.486580688
10.496405419, 10.496576933
10.506405401, 10.506579982
10.516405411, 10.516575003
10.526405404, 10.526573765
10.536405407, 10.536579202
10.546405411, 10.546572756
10.556405403, 10.556578602
10.566405401, 10.566580622
10.576405403, 10.576578763
10.586405407, 10.586578860
10.596405411, 10.596579041
10.606405404, 10.606576983
10.616405415, 10.616581801
10.626405411, 10.626575738
10.636405410, 10.636574616
10.646405406, 10.646579439
10.656405426, 10.656577540
10.666405406, 10.666576384
10.676405403, 10.676576194
10.686405404, 10.686575590
10.696405408, 10.696577416
10.706405398, 10.706576766
10.716405413, 10.716576094
10.726405411, 10.726580041
10.736405408, 10.736574907
10.746405411, 10.746576286
10.756405410, 10.756575610
10.766405403, 10.766580267
10.776405411, 10.776579886
10.786405418, 10.786582643
10.796405410, 10.796574549
10.806405409, 10.806581323
10.816405411, 10.816579820
10.826405407, 10.826577736
10.836405408, 10.836574954
10.846405411, 10.846580205
10.856405416, 10.856581943
10.866405417, 10.866579544
10.876405411, 10.876578529
10.886405412, 10.886577207
10.896405426, 10.896576445
10.906405403, 10.906574065
10.916405408, 10.916575940
10.926405411, 10.926578548
10.936405410, 10.936578720
10.946405400, 10.946573861
10.956405403, 10.956574403
10.966405411, 10.966578760
10.976405415, 10.976578572
10.986405401, 10.986574488
10.996405411, 10.996574894
11.006405414, 11.006579201
11.016405403, 11.016576066
11.026405401, 11.026578161
11.036405405, 11.036576275
11.046405404, 11.046575464
11.056405419, 11.056575077
11.066405406, 11.066576826
11.076405408, 11.076577453
11.086405411, 11.086576428
11.096405405, 11.096576432
11.106405409, 11.106575374
11.116405410, 11.116575630
11.126405406, 11.126577298
11.136405421, 11.136576281
11.146405418, 11.146576577
11.156405405, 11.156575431
11.166405404, 11.166575667
11.176405405, 11.176578031
11.186405404, 11.186574627
11.196405408, 11.196575185
11.206405403, 11.206580166
11.216405403, 11.216575717
11.226405406, 11.226574346
11.236405415, 11.236580503
11.246405404, 11.246577723
11.256405416, 11.256574591
11.266405407, 11.266575817
11.276405416, 11.276574371
11.286405404, 11.286577483
11.296405411, 11.296579389
11.306405409, 11.306576172
11.316405405, 11.316577910
11.326405409, 11.326577232
11.336405407, 11.336576559
11.346405409, 11.346575441
11.356405405, 11.356574118
11.366405437, 11.366579632
11.376405411, 11.376576176
11.386405409, 11.386576766
11.396405416, 11.396579183
11.406405406, 11.406577732
11.416405403, 11.416577021
11.426405403, 11.426578146
11.436405403, 11.436575480
11.446405409, 11.446582774
11.456405416, 11.456575848
11.466405404, 11.466580394
11.476405407, 11.476574236
11.486405406, 11.486578855
11.496405410, 11.496582034
11.506405411, 11.506576668
11.516405407, 11.516576877
11.526405411, 11.526576436
11.536405403, 11.536577162
11.546405409, 11.546575248
11.556405408, 11.556575264
11.566405411, 11.566576397
11.576405416, 11.576579648
11.586405404, 11.586575194
11.596405413, 11.596576754
11.606405407, 11.606578361
11.616405413, 11.616575707
11.626405409, 11.626576029
11.636405407, 11.636578254
11.646405411, 11.646579520
11.656405407, 11.656577806
11.666405407, 11.666577042
11.676405413, 11.676575692
11.686405406, 11.686578571
11.696405408, 11.696574676
11.706405411, 11.706577573
11.716405408, 11.716575603
11.726405407, 11.726579243
11.736405410, 11.736577190
11.746405403, 11.746574889
11.756405419, 11.756575930
11.766405401, 11.766580263
11.776405419, 11.776574418
11.786405414, 11.786580224
11.796405410, 11.796574711
11.806405403, 11.806575083
11.816405411, 11.816579339
11.826405423, 11.826576292
11.836405407, 11.836578101
11.846405422, 11.846577494
11.856405411, 11.856576214
11.866405401, 11.866576488
11.876405415, 11.876578853
11.886405404, 11.886574417
11.896405407, 11.896576892
11.906405415, 11.906576310
11.916405408, 11.916575742
11.926405414, 11.926577485
11.936405418, 11.936575878
11.946405403, 11.946577143
11.956405408, 11.956573278
11.966405403, 11.966576019
11.976405411, 11.976572567
11.986405406, 11.986574961
11.996405411, 11.996577243
12.006405411, 12.006579919
12.016405411, 12.016577490
12.026405406, 12.026578283
12.036405413, 12.036577869
12.046405436, 12.046578563
------------------------------
