------------------------------
test was performed using the following parameters: --mps=100 --burst=1 --reply-every=1 --msg-size=12 --time=10
------------------------------
sockperf: [Total Run] RunTime=10.100 sec; SentMessages=1011; ReceivedMessages=1010
sockperf: ========= Printing statistics for Server No: 0
sockperf: [Valid Duration] RunTime=9.990 sec; SentMessages=1000; ReceivedMessages=1000
sockperf: [2;35m====> avg-lat= 62.449 (std-dev=17.419)[0m
sockperf: # dropped messages = 0; # duplicated messages = 0; # out-of-order messages = 0
sockperf: [2;35mTotal 1000 observations[0m; each percentile contains 10.00 observations
sockperf: ---> <MAX> observation =  136.515
sockperf: ---> percentile  99.99 =  136.515
sockperf: ---> percentile  99.90 =  131.100
sockperf: ---> percentile  99.50 =  114.770
sockperf: ---> percentile  99.00 =  111.083
sockperf: ---> percentile  95.00 =   90.977
sockperf: ---> percentile  90.00 =   85.151
sockperf: ---> percentile  75.00 =   72.561
sockperf: ---> percentile  50.00 =   63.673
sockperf: ---> percentile  25.00 =   49.657
sockperf: ---> <MIN> observation =   25.537
------------------------------
txTime, rxTime
2.063615863, 2.063788237
2.073615857, 2.073808044
2.083615861, 2.083805641
2.093615862, 2.093824707
2.103615875, 2.103825065
2.113615862, 2.113836437
2.123615870, 2.123815377
2.133615879, 2.133840408
2.143615883, 2.143798214
2.153615863, 2.153831954
2.163615877, 2.163836761
2.173615862, 2.173825167
2.183615864, 2.183819868
2.193615882, 2.193801819
2.203615882, 2.203824035
2.213615881, 2.213845422
2.223615886, 2.223769502
2.233615857, 2.233824232
2.243615886, 2.243838053
2.253615881, 2.253840246
2.263615885, 2.263797841
2.273615863, 2.273845951
2.283615869, 2.283878071
2.293615868, 2.293780707
2.303615856, 2.303768974
2.313615871, 2.313772641
2.323615867, 2.323761527
2.333615854, 2.333783926
2.343615863, 2.343793051
2.353615985, 2.353810282
2.363615866, 2.363751136
2.373615868, 2.373749141
2.383615874, 2.383842461
2.393615851, 2.393780372
2.403615859, 2.403781711
2.413615852, 2.413759072
2.423615859, 2.423789693
2.433615865, 2.433765281
2.443615861, 2.443762049
2.453615860, 2.453769326
2.463615866, 2.463792547
2.473615868, 2.473778745
2.483615853, 2.483772102
2.493615870, 2.493798453
2.503615869, 2.503797862
2.513615862, 2.513799768
2.523615855, 2.523795192
2.533615862, 2.533797182
2.543615864, 2.543828169
2.553615868, 2.553825969
2.563615866, 2.563773294
2.573615862, 2.573849289
2.583615861, 2.583696868
2.593615859, 2.593708712
2.603615859, 2.603707497
2.613615859, 2.613709838
2.623615856, 2.623697713
2.633615857, 2.633703243
2.643615863, 2.643689231
2.653615857, 2.653708437
2.663615859, 2.663714649
2.673615862, 2.673797091
2.683615867, 2.683751498
2.693615868, 2.693744908
2.703615856, 2.703771316
2.713615855, 2.713737565
2.723615861, 2.723718816
2.733615953, 2.733762061
2.743615867, 2.743759684
2.753615867, 2.753738616
2.763615877, 2.763767684
2.773615859, 2.773759758
2.783615866, 2.783746243
2.793615863, 2.793710449
2.803615859, 2.803734000
2.813615862, 2.813756647
2.823615866, 2.823725702
2.833615865, 2.833747717
2.843615861, 2.843783260
2.853615865, 2.853739480
2.863615866, 2.863799114
2.873615867, 2.873773927
2.883615869, 2.883792751
2.893615855, 2.893782700
2.903615861, 2.903775145
2.913615862, 2.913757163
2.923615863, 2.923731807
2.933615868, 2.933798685
2.943615863, 2.943771374
2.953615859, 2.953780724
2.963615863, 2.963769162
2.973615953, 2.973800713
2.983615864, 2.983777355
2.993615857, 2.993766600
3.003615855, 3.003792381
3.013615865, 3.013785953
3.023615859, 3.023754662
3.033615863, 3.033785257
3.043615859, 3.043746117
3.053615868, 3.053775155
3.063615866, 3.063760235
3.073615855, 3.073726751
3.083615866, 3.083733872
3.093615863, 3.093764082
3.103615859, 3.103736896
3.113615863, 3.113775324
3.123615858, 3.123753391
3.133615863, 3.133756331
3.143615872, 3.143753204
3.153615860, 3.153765116
3.163615859, 3.163753995
3.173615862, 3.173733355
3.183615863, 3.183734086
3.193615855, 3.193717055
3.203615866, 3.203723371
3.213615867, 3.213743958
3.223615869, 3.223726973
3.233615867, 3.233781502
3.243615859, 3.243770177
3.253615950, 3.253699392
3.263615861, 3.263725026
3.273615865, 3.273705172
3.283615867, 3.283725076
3.293615873, 3.293705046
3.303615864, 3.303693041
3.313615870, 3.313700871
3.323615863, 3.323681712
3.333615857, 3.333698272
3.343615861, 3.343705845
3.353615953, 3.353735300
3.363615916, 3.363711959
3.373615865, 3.373803370
3.383615864, 3.383723554
3.393615878, 3.393726677
3.403615859, 3.403718087
3.413615852, 3.413776514
3.423615870, 3.423737295
3.433615855, 3.433761259
3.443615861, 3.443782139
3.453615857, 3.453756404
3.463615859, 3.463735369
3.473615857, 3.473859446
3.483615863, 3.483730287
3.493615867, 3.493781295
3.503615869, 3.503753032
3.513615865, 3.513742022
3.523615869, 3.523738045
3.533615865, 3.533722396
3.543615864, 3.543774980
3.553615857, 3.553761204
3.563615863, 3.563697386
3.573615857, 3.573734151
3.583615859, 3.583751445
3.593615860, 3.593738479
3.603615858, 3.603739661
3.613615857, 3.613765876
3.623615861, 3.623691237
3.633615857, 3.633824870
3.643615855, 3.643778588
3.653615854, 3.653727390
3.663615863, 3.663722670
3.673615863, 3.673726051
3.683615863, 3.683732200
3.693615862, 3.693745191
3.703615863, 3.703727682
3.713615852, 3.713761207
3.723615866, 3.723766096
3.733615860, 3.733686915
3.743615867, 3.743717674
3.753615865, 3.753705005
3.763615866, 3.763715180
3.773615870, 3.773716924
3.783615869, 3.783803443
3.793615863, 3.793742016
3.803615864, 3.803678414
3.813615863, 3.813757738
3.823615861, 3.823760006
3.833615854, 3.833779468
3.843615858, 3.843743767
3.853615857, 3.853746078
3.863615859, 3.863762886
3.873615860, 3.873736145
3.883615859, 3.883736018
3.893615859, 3.893742508
3.903615864, 3.903724497
3.913615857, 3.913735507
3.923615863, 3.923777906
3.933615868, 3.933762772
3.943615864, 3.943747269
3.953615857, 3.953740323
3.963615858, 3.963744143
3.973615863, 3.973770740
3.983615863, 3.983741424
3.993615855, 3.993756698
4.003615866, 4.003766301
4.013615865, 4.013736652
4.023615866, 4.023740763
4.033615863, 4.033757598
4.043615863, 4.043728656
4.053615859, 4.053735979
4.063615858, 4.063748597
4.073615862, 4.073752626
4.083615869, 4.083750334
4.093615859, 4.093742197
4.103615861, 4.103758958
4.113615863, 4.113735719
4.123615864, 4.123732620
4.133615860, 4.133737479
4.143615921, 4.143740235
4.153615857, 4.153714750
4.163615861, 4.163757202
4.173615865, 4.173766495
4.183615866, 4.183739271
4.193615855, 4.193809299
4.203615855, 4.203709205
4.213615857, 4.213730232
4.223615863, 4.223698358
4.233615857, 4.233726893
4.243615864, 4.243770597
4.253615862, 4.253780170
4.263615929, 4.263759907
4.273615928, 4.273702890
4.283615859, 4.283701123
4.293615868, 4.293735372
4.303615960, 4.303741486
4.313615860, 4.313731227
4.323615866, 4.323758183
4.333615862, 4.333739912
4.343615858, 4.343742967
4.353615863, 4.353730010
4.363615859, 4.363732816
4.373615852, 4.373733846
4.383615864, 4.383739504
4.393615863, 4.393734986
4.403615861, 4.403782851
4.413615862, 4.413760984
4.423615858, 4.423742349
4.433615865, 4.433743317
4.443615861, 4.443737008
4.453615957, 4.453740811
4.463615863, 4.463735683
4.473615863, 4.473778472
4.483615866, 4.483720703
4.493615857, 4.493771402
4.503615858, 4.503818721
4.513615867, 4.513717593
4.523615855, 4.523714237
4.533615863, 4.533725677
4.543615859, 4.543741367
4.553615867, 4.553738930
4.563615866, 4.563749347
4.573615862, 4.573753592
4.583615863, 4.583728897
4.593615863, 4.593743277
4.603615866, 4.603731223
4.613615855, 4.613734814
4.623615867, 4.623709150
4.633615857, 4.633794853
4.643615861, 4.643771434
4.653615860, 4.653734912
4.663615864, 4.663802695
4.673615862, 4.673742998
4.683615864, 4.683748117
4.693615860, 4.693733291
4.703615863, 4.703764345
4.713615862, 4.713717315
4.723615852, 4.723748172
4.733615867, 4.733735946
4.743615863, 4.743768366
4.753615868, 4.753763062
4.763615864, 4.763724888
4.773615860, 4.773746629
4.783615859, 4.783745341
4.793615857, 4.793736764
4.803615864, 4.803769993
4.813615863, 4.813749602
4.823615859, 4.823730989
4.833615855, 4.833747578
4.843615864, 4.843735945
4.853615857, 4.853746627
4.863615867, 4.863752776
4.873615859, 4.873732138
4.883615866, 4.883737632
4.893615863, 4.893744869
4.903615953, 4.903729668
4.913615859, 4.913809332
4.923615877, 4.923779141
4.933615868, 4.933730103
4.943615861, 4.943733803
4.953615862, 4.953795654
4.963615863, 4.963759305
4.973615857, 4.973764617
4.983615858, 4.983745226
4.993615857, 4.993761079
5.003615861, 5.003721638
5.013615865, 5.013724772
5.023615866, 5.023711209
5.033615855, 5.033709999
5.043615858, 5.043711313
5.053615870, 5.053687837
5.063615856, 5.063715563
5.073615859, 5.073720724
5.083615864, 5.083739136
5.093615852, 5.093704480
5.103615864, 5.103689297
5.113615863, 5.113690730
5.123615861, 5.123735440
5.133615950, 5.133728344
5.143615870, 5.143722875
5.153615860, 5.153711183
5.163615863, 5.163739918
5.173615867, 5.173743673
5.183615866, 5.183722215
5.193615857, 5.193698860
5.203615858, 5.203716241
5.213615863, 5.213727821
5.223615864, 5.223715361
5.233615865, 5.233787298
5.243615869, 5.243727808
5.253615854, 5.253726634
5.263615859, 5.263741164
5.273615862, 5.273683721
5.283615859, 5.283761765
5.293615865, 5.293699265
5.303615869, 5.303700892
5.313615862, 5.313702958
5.323615870, 5.323755934
5.333615854, 5.333721160
5.343615856, 5.343722825
5.353615859, 5.353713171
5.363615863, 5.363755415
5.373615865, 5.373715657
5.383615858, 5.383690131
5.393615952, 5.393735002
5.403615855, 5.403695603
5.413615857, 5.413699733
5.423615870, 5.423765548
5.433615860, 5.433765552
5.443615853, 5.443753124
5.453615854, 5.453746951
5.463615863, 5.463762026
5.473615863, 5.473739845
5.483615861, 5.483741963
5.493615855, 5.493747199
5.503615864, 5.503745367
5.513615860, 5.513734558
5.523615858, 5.523734264
5.533615862, 5.533739305
5.543615861, 5.543706419
5.553615867, 5.553679092
5.563615863, 5.563671515
5.573615857, 5.573743640
5.583615859, 5.583702186
5.593615865, 5.593699546
5.603615866, 5.603710001
5.613615863, 5.613766539
5.623615861, 5.623749661
5.633615855, 5.633736396
5.643615859, 5.643756788
5.653615867, 5.653771664
5.663615856, 5.663729338
5.673615854, 5.673750482
5.683615864, 5.683770214
5.693615854, 5.693775704
5.703615885, 5.703736920
5.713615867, 5.713684735
5.723615861, 5.723722973
5.733615865, 5.733745522
5.743615864, 5.743776553
5.753615859, 5.753742639
5.763615866, 5.763759214
5.773615862, 5.773775635
5.783615855, 5.783732979
5.793615862, 5.793747259
5.803615863, 5.803717963
5.813615855, 5.813773034
5.823615863, 5.823733261
5.833615865, 5.833711958
5.843615864, 5.843698401
5.853615867, 5.853691390
5.863615864, 5.863732042
5.873615857, 5.873776735
5.883615861, 5.883718775
5.893615863, 5.893724662
5.903615864, 5.903748052
5.913615855, 5.913770955
5.923615867, 5.923740265
5.933615862, 5.933760765
5.943615859, 5.943734223
5.953615890, 5.953738665
5.963615867, 5.963699430
5.973615868, 5.973744409
5.983615859, 5.983726156
5.993615867, 5.993726144
6.003615866, 6.003734111
6.013615865, 6.013714825
6.023615863, 6.023690259
6.033615863, 6.033739022
6.043615863, 6.043737404
6.053615857, 6.053737588
6.063615875, 6.063738896
6.073615860, 6.073761093
6.083615864, 6.083743605
6.093615855, 6.093764202
6.103615863, 6.103747404
6.113615862, 6.113726675
6.123615864, 6.123751785
6.133615860, 6.133734388
6.143615864, 6.143746101
6.153615865, 6.153741382
6.163615863, 6.163758221
6.173615859, 6.173757632
6.183615855, 6.183767198
6.193615857, 6.193730535
6.203615858, 6.203726902
6.213615998, 6.213754075
6.223615863, 6.223740570
6.233615859, 6.233754811
6.243615869, 6.243748799
6.253615857, 6.253744828
6.263615870, 6.263762733
6.273615860, 6.273723722
6.283615863, 6.283792220
6.293615859, 6.293748800
6.303615858, 6.303736141
6.313615863, 6.313767152
6.323615863, 6.323719673
6.333615862, 6.333745928
6.343615870, 6.343747749
6.353615867, 6.353784074
6.363615866, 6.363811886
6.373615863, 6.373724236
6.383615864, 6.383770984
6.393615971, 6.393733802
6.403615858, 6.403759912
6.413615855, 6.413761930
6.423615856, 6.423739252
6.433615868, 6.433760343
6.443615861, 6.443717637
6.453615859, 6.453759418
6.463615869, 6.463762267
6.473615868, 6.473721155
6.483615867, 6.483747470
6.493615859, 6.493725546
6.503615861, 6.503723480
6.513615871, 6.513772918
6.523615853, 6.523766184
6.533615863, 6.533755493
6.543615858, 6.543714220
6.553615860, 6.553692904
6.563615864, 6.563700441
6.573615870, 6.573702464
6.583615866, 6.583700641
6.593615868, 6.593717159
6.603615863, 6.603726695
6.613615928, 6.613681236
6.623615863, 6.623718898
6.633615855, 6.633719005
6.643615858, 6.643729917
6.653615859, 6.653724382
6.663615863, 6.663760802
6.673615860, 6.673817285
6.683615866, 6.683742173
6.693615855, 6.693715803
6.703615864, 6.703719037
6.713615860, 6.713733715
6.723615870, 6.723749818
6.733615863, 6.733702824
6.743615863, 6.743750261
6.753615860, 6.753693821
6.763615866, 6.763679942
6.773615952, 6.773689291
6.783615858, 6.783731542
6.793615863, 6.793710389
6.803615858, 6.803727380
6.813615855, 6.813736818
6.823615866, 6.823704596
6.833615857, 6.833761708
6.843615856, 6.843709092
6.853615867, 6.853702886
6.863615863, 6.863726925
6.873615863, 6.873753016
6.883615863, 6.883704178
6.893615857, 6.893736259
6.903615859, 6.903703191
6.913615863, 6.913731306
6.923615866, 6.923731594
6.933615862, 6.933723111
6.943615866, 6.943750861
6.953615859, 6.953770766
6.963615856, 6.963772134
6.973615860, 6.973786163
6.983615867, 6.983757886
6.993615863, 6.993777034
7.003615853, 7.003722553
7.013615867, 7.013687946
7.023615861, 7.023700338
7.033615860, 7.033692887
7.043615866, 7.043769642
7.053615865, 7.053722980
7.063615863, 7.063769009
7.073615859, 7.073756600
7.083615866, 7.083775203
7.093615860, 7.093770993
7.103615864, 7.103761718
7.113615863, 7.113764017
7.123615863, 7.123715991
7.133615855, 7.133777724
7.143615864, 7.143731529
7.153615862, 7.153774880
7.163615858, 7.163735519
7.173615884, 7.173731789
7.183615859, 7.183739321
7.193615863, 7.193734623
7.203615859, 7.203754553
7.213615857, 7.213774092
7.223615859, 7.223734835
7.233615867, 7.233721867
7.243615861, 7.243758437
7.253615860, 7.253762229
7.263615859, 7.263737387
7.273615865, 7.273729748
7.283615863, 7.283743420
7.293615859, 7.293702111
7.303615870, 7.303726298
7.313615868, 7.313750516
7.323615858, 7.323726420
7.333615857, 7.333730853
7.343615859, 7.343736389
7.353615860, 7.353698250
7.363615870, 7.363767370
7.373615867, 7.373743498
7.383615863, 7.383700580
7.393615868, 7.393726593
7.403615859, 7.403706445
7.413615863, 7.413726149
7.423615866, 7.423751362
7.433615868, 7.433720628
7.443615864, 7.443733871
7.453615859, 7.453771129
7.463615864, 7.463710655
7.473615860, 7.473739205
7.483615867, 7.483788545
7.493615860, 7.493734072
7.503615864, 7.503726381
7.513615860, 7.513712654
7.523615861, 7.523749898
7.533615863, 7.533789474
7.543615856, 7.543777600
7.553615857, 7.553726711
7.563615867, 7.563812771
7.573615868, 7.573767718
7.583615869, 7.583705208
7.593615863, 7.593760203
7.603615859, 7.603721266
7.613615854, 7.613705278
7.623615858, 7.623762703
7.633615860, 7.633708477
7.643615861, 7.643708215
7.653615867, 7.653727333
7.663615861, 7.663742019
7.673615851, 7.673751074
7.683615858, 7.683750740
7.693615857, 7.693711195
7.703615861, 7.703702053
7.713615857, 7.713715948
7.723615861, 7.723679997
7.733615863, 7.733752083
7.743615954, 7.743767841
7.753615863, 7.753721360
7.763615866, 7.763764680
7.773615862, 7.773888892
7.783615869, 7.783747350
7.793615859, 7.793679761
7.803615878, 7.803790015
7.813615862, 7.813746408
7.823615864, 7.823810204
7.833615865, 7.833711327
7.843615866, 7.843706232
7.853615857, 7.853750576
7.863615953, 7.863691329
7.873615862, 7.873740347
7.883615872, 7.883683046
7.893615862, 7.893708826
7.903615863, 7.903763000
7.913615867, 7.913731893
7.923615864, 7.923724296
7.933615863, 7.933707896
7.943615861, 7.943688258
7.953615862, 7.953672604
7.963615858, 7.963691825
7.973615857, 7.973737749
7.983615863, 7.983708746
7.993615958, 7.993692681
8.003615866, 8.003672532
8.013615874, 8.013700445
8.023615866, 8.023718020
8.033615855, 8.033699632
8.043615859, 8.043717075
8.053615860, 8.053723865
8.063615870, 8.063717329
8.073615860, 8.073699747
8.083615859, 8.083694921
8.093615859, 8.093709503
8.103615858, 8.103764375
8.113615857, 8.113692064
8.123615858, 8.123684472
8.133615868, 8.133723230
8.143615863, 8.143704732
8.153615857, 8.153716834
8.163615867, 8.163694008
8.173615865, 8.173680333
8.183615856, 8.183674891
8.193615859, 8.193712010
8.203615893, 8.203675273
8.213615857, 8.213784505
8.223615864, 8.223671656
8.233615859, 8.233747545
8.243615864, 8.243843309
8.253615863, 8.253767998
8.263615864, 8.263796926
8.273615863, 8.273773934
8.283615953, 8.283709055
8.293615854, 8.293704296
8.303615866, 8.303695380
8.313615857, 8.313719412
8.323615861, 8.323695178
8.333615862, 8.333684158
8.343615859, 8.343694997
8.353615859, 8.353695364
8.363615856, 8.363673841
8.373615863, 8.373712400
8.383615859, 8.383699405
8.393615862, 8.393680396
8.403615869, 8.403708983
8.413615860, 8.413697330
8.423615863, 8.423684966
8.433615862, 8.433675792
8.443615859, 8.443706646
8.453615859, 8.453677309
8.463615877, 8.463691760
8.473615854, 8.473708747
8.483615863, 8.483681428
8.493615859, 8.493739425
8.503615861, 8.503683292
8.513615865, 8.513692329
8.523615863, 8.523696224
8.533615863, 8.533699439
8.543615858, 8.543686851
8.553615873, 8.553688687
8.563615861, 8.563673506
8.573615863, 8.573703164
8.583615861, 8.583699479
8.593615955, 8.593684356
8.603615864, 8.603701458
8.613615862, 8.613727817
8.623615861, 8.623708668
8.633615867, 8.633697969
8.643615866, 8.643703414
8.653615860, 8.653693382
8.663615863, 8.663684876
8.673615865, 8.673702627
8.683615856, 8.683693871
8.693615860, 8.693698457
8.703615867, 8.703694894
8.713615859, 8.713677282
8.723615858, 8.723702744
8.733615953, 8.733704664
8.743615858, 8.743710521
8.753615854, 8.753691114
8.763615861, 8.763689867
8.773615865, 8.773739987
8.783615864, 8.783731703
8.793615857, 8.793694461
8.803615863, 8.803705204
8.813615857, 8.813721828
8.823615866, 8.823708989
8.833615859, 8.833727224
8.843615859, 8.843697962
8.853615857, 8.853709339
8.863615863, 8.863688956
8.873615863, 8.873702633
8.883615869, 8.883736185
8.893615859, 8.893744726
8.903615959, 8.903734704
8.913615862, 8.913700078
8.923615856, 8.923705784
8.933615930, 8.933709906
8.943615863, 8.943716688
8.953615860, 8.953674691
8.963615866, 8.963762482
8.973615862, 8.973686187
8.983615861, 8.983750727
8.993615852, 8.993698871
9.003615859, 9.003694138
9.013615860, 9.013747902
9.023615864, 9.023764088
9.033615859, 9.033698646
9.043615858, 9.043704614
9.053615862, 9.053689663
9.063615866, 9.063698123
9.073615860, 9.073687874
9.083615863, 9.083708629
9.093615855, 9.093671920
9.103615866, 9.103671462
9.113615862, 9.113706610
9.123615864, 9.123682677
9.133615950, 9.133681508
9.143615861, 9.143683245
9.153615868, 9.153707840
9.163615867, 9.163685696
9.173615855, 9.173697459
9.183615861, 9.183680960
9.193615863, 9.193708443
9.203615858, 9.203715042
9.213615867, 9.213702523
9.223615864, 9.223683712
9.233615855, 9.233701307
9.243615863, 9.243713074
9.253615855, 9.253707976
9.263615864, 9.263684946
9.273615868, 9.273674889
9.283615864, 9.283684175
9.293615868, 9.293685223
9.303615861, 9.303707738
9.313615865, 9.313729444
9.323615863, 9.323719455
9.333615857, 9.333685243
9.343615970, 9.343710484
9.353615860, 9.353674150
9.363615864, 9.363703973
9.373615863, 9.373709996
9.383615861, 9.383712289
9.393615862, 9.393674497
9.403615861, 9.403720269
9.413615865, 9.413709542
9.423615856, 9.423698695
9.433615863, 9.433702524
9.443615863, 9.443690420
9.453615857, 9.453702742
9.463615858, 9.463693825
9.473615859, 9.473695902
9.483615863, 9.483728427
9.493615867, 9.493703783
9.503615858, 9.503711716
9.513615863, 9.513707468
9.523615861, 9.523710394
9.533615857, 9.533721379
9.543615864, 9.543712403
9.553615859, 9.553698288
9.563615861, 9.563701568
9.573615857, 9.573697601
9.583615861, 9.583694806
9.593615855, 9.593700037
9.603615858, 9.603682680
9.613615860, 9.613776298
9.623615861, 9.623789418
9.633615855, 9.633719205
9.643615856, 9.643741816
9.653615852, 9.653754192
9.663615866, 9.663727492
9.673615865, 9.673699796
9.683615870, 9.683696970
9.693615859, 9.693704188
9.703615861, 9.703689179
9.713615852, 9.713728015
9.723615864, 9.723710975
9.733615863, 9.733700603
9.743615863, 9.743737270
9.753615860, 9.753718413
9.763615867, 9.763713849
9.773615859, 9.773809793
9.783615858, 9.783769249
9.793615949, 9.793672620
9.803615863, 9.803671413
9.813615860, 9.813833498
9.823615856, 9.823666932
9.833615860, 9.833818530
9.843615866, 9.843778980
9.853615865, 9.853814896
9.863615861, 9.863783281
9.873615860, 9.873802527
9.883615859, 9.883765657
9.893615953, 9.893722428
9.903615856, 9.903690195
9.913615863, 9.913699199
9.923615867, 9.923704622
9.933615860, 9.933718867
9.943615863, 9.943738724
9.953615868, 9.953718173
9.963615856, 9.963736015
9.973615863, 9.973715447
9.983615864, 9.983742250
9.993615939, 9.993731655
10.003615918, 10.003753640
10.013615922, 10.013713384
10.023615888, 10.023670022
10.033615860, 10.033747700
10.043615861, 10.043783443
10.053615860, 10.053789363
10.063615869, 10.063788063
10.073615859, 10.073786630
10.083615863, 10.083786227
10.093615865, 10.093790555
10.103615858, 10.103787078
10.113615857, 10.113786386
10.123615852, 10.123786615
10.133615857, 10.133788336
10.143615861, 10.143787942
10.153615860, 10.153788208
10.163615856, 10.163787904
10.173615863, 10.173790276
10.183615872, 10.183784579
10.193615854, 10.193785407
10.203615856, 10.203786953
10.213615857, 10.213786861
10.223615864, 10.223785564
10.233615863, 10.233789548
10.243615869, 10.243785006
10.253615849, 10.253792051
10.263615863, 10.263761303
10.273615855, 10.273785230
10.283615856, 10.283786320
10.293615855, 10.293786502
10.303615855, 10.303787294
10.313615863, 10.313791369
10.323615869, 10.323786958
10.333615862, 10.333788479
10.343615866, 10.343791431
10.353615857, 10.353788625
10.363615858, 10.363783541
10.373615852, 10.373786561
10.383615864, 10.383786265
10.393615857, 10.393789883
10.403615869, 10.403785954
10.413615860, 10.413788203
10.423615859, 10.423785621
10.433615862, 10.433784589
10.443615856, 10.443754572
10.453615859, 10.453749754
10.463615858, 10.463749685
10.473615859, 10.473754816
10.483615863, 10.483747092
10.493615854, 10.493748175
10.503615855, 10.503745161
10.513615870, 10.513744196
10.523615856, 10.523745959
10.533615863, 10.533746511
10.543615864, 10.543746854
10.553615859, 10.553747767
10.563615867, 10.563746965
10.573615854, 10.573752473
10.583615858, 10.583746139
10.593615859, 10.593749496
10.603615866, 10.603743385
10.613615859, 10.613743621
10.623615861, 10.623746246
10.633615857, 10.633745964
10.643615869, 10.643744644
10.653615854, 10.653746534
10.663615853, 10.663745139
10.673615862, 10.673746062
10.683615870, 10.683745403
10.693615863, 10.693747592
10.703615869, 10.703746090
10.713615860, 10.713747414
10.723615859, 10.723744400
10.733615857, 10.733747838
10.743615856, 10.743742782
10.753615862, 10.753744243
10.763615864, 10.763742837
10.773615857, 10.773748813
10.783615863, 10.783743235
10.793615855, 10.793748044
10.803615864, 10.803746445
10.813615868, 10.813747998
10.823615855, 10.823744745
10.833615859, 10.833746331
10.843615863, 10.843746668
10.853615857, 10.853743798
10.863615861, 10.863744980
10.873615857, 10.873745925
10.883615870, 10.883747855
10.893615862, 10.893751325
10.903615863, 10.903746264
10.913615852, 10.913744873
10.923615864, 10.923746320
10.933615855, 10.933745243
10.943615858, 10.943745433
10.953615859, 10.953750800
10.963615864, 10.963743185
10.973615852, 10.973748783
10.983615856, 10.983745270
10.993615857, 10.993743568
11.003615858, 11.003746204
11.013615862, 11.013747134
11.023615858, 11.023746635
11.033615854, 11.033747415
11.043615858, 11.043746063
11.053615863, 11.053748961
11.063615855, 11.063743968
11.073615870, 11.073711726
11.083615856, 11.083746753
11.093615857, 11.093745150
11.103615859, 11.103745180
11.113615857, 11.113751105
11.123615861, 11.123746374
11.133615862, 11.133746738
11.143615858, 11.143746710
11.153615851, 11.153746136
11.163615864, 11.163743505
11.173615865, 11.173743879
11.183615856, 11.183744367
11.193615854, 11.193750701
11.203615859, 11.203744808
11.213615851, 11.213749541
11.223615859, 11.223749134
11.233615906, 11.233745516
11.243615864, 11.243743914
11.253615854, 11.253743965
11.263615861, 11.263743208
11.273615859, 11.273746798
11.283615856, 11.283746268
11.293615860, 11.293747327
11.303615856, 11.303743188
11.313615863, 11.313745686
11.323615858, 11.323743744
11.333615865, 11.333744172
11.343615867, 11.343744863
11.353615862, 11.353750783
11.363615870, 11.363744914
11.373615855, 11.373747115
11.383615855, 11.383746750
11.393615859, 11.393743530
11.403615858, 11.403745514
11.413615857, 11.413743596
11.423615866, 11.423741920
11.433615859, 11.433746073
11.443615859, 11.443743695
11.453615854, 11.453751966
11.463615869, 11.463746338
11.473615868, 11.473747433
11.483615856, 11.483741941
11.493615860, 11.493746637
11.503615861, 11.503723606
11.513615863, 11.513750297
11.523615859, 11.523746556
11.533615859, 11.533750554
11.543615859, 11.543744699
11.553615855, 11.553743757
11.563615859, 11.563746840
11.573615854, 11.573743463
11.583615863, 11.583745561
11.593615867, 11.593746340
11.603615861, 11.603745087
11.613615859, 11.613750698
11.623615859, 11.623743182
11.633615857, 11.633744708
11.643615855, 11.643746410
11.653615862, 11.653747805
11.663615859, 11.663746628
11.673615854, 11.673746646
11.683615856, 11.683745316
11.693615852, 11.693750865
11.703615861, 11.703744195
11.713615871, 11.713746634
11.723615869, 11.723747053
11.733615863, 11.733750851
11.743615864, 11.743747647
11.753615857, 11.753745356
11.763615858, 11.763747050
11.773615860, 11.773747338
11.783615859, 11.783743488
11.793615863, 11.793744074
11.803615855, 11.803743979
11.813615855, 11.813745805
11.823615859, 11.823745496
11.833615860, 11.833749632
11.843615866, 11.843747463
11.853615867, 11.853747047
11.863615872, 11.863746748
11.873615859, 11.873779948
11.883615856, 11.883782267
11.893615857, 11.893782101
11.903615858, 11.903783969
11.913615855, 11.913786449
11.923615867, 11.923787171
11.933615855, 11.933782571
11.943615855, 11.943782798
11.953615863, 11.953782721
11.963615855, 11.963780355
11.973615855, 11.973783488
11.983615856, 11.983783465
11.993615857, 11.993782382
12.003615863, 12.003782239
12.013615863, 12.013785037
12.023615859, 12.023777999
12.033615862, 12.033783882
12.043615856, 12.043781920
12.053615855, 12.053779708
------------------------------
