------------------------------
test was performed using the following parameters: --mps=100 --burst=1 --reply-every=1 --msg-size=12 --time=10
------------------------------
sockperf: [Total Run] RunTime=10.100 sec; SentMessages=1011; ReceivedMessages=1010
sockperf: ========= Printing statistics for Server No: 0
sockperf: [Valid Duration] RunTime=9.990 sec; SentMessages=1000; ReceivedMessages=1000
sockperf: [2;35m====> avg-lat=1254.620 (std-dev=608.665)[0m
sockperf: # dropped messages = 0; # duplicated messages = 0; # out-of-order messages = 0
sockperf: [2;35mTotal 1000 observations[0m; each percentile contains 10.00 observations
sockperf: ---> <MAX> observation = 1757.420
sockperf: ---> percentile  99.99 = 1757.420
sockperf: ---> percentile  99.90 = 1755.173
sockperf: ---> percentile  99.50 = 1736.227
sockperf: ---> percentile  99.00 = 1725.939
sockperf: ---> percentile  95.00 = 1682.915
sockperf: ---> percentile  90.00 = 1654.377
sockperf: ---> percentile  75.00 = 1608.827
sockperf: ---> percentile  50.00 = 1543.797
sockperf: ---> percentile  25.00 = 1431.117
sockperf: ---> <MIN> observation =   44.625
------------------------------
txTime, rxTime
2.066770161, 2.069613084
2.076770168, 2.079638880
2.086770173, 2.089606240
2.096770168, 2.099502711
2.106770164, 2.109600894
2.116770175, 2.119511282
2.126770156, 2.129586111
2.136770168, 2.139541969
2.146770155, 2.149649970
2.156770152, 2.159697180
2.166770167, 2.169590175
2.176770157, 2.179693012
2.186770167, 2.189715625
2.196770168, 2.199620333
2.206770166, 2.209701259
2.216770156, 2.219636271
2.226770170, 2.229613031
2.236770157, 2.239575856
2.246770176, 2.249573294
2.256770160, 2.259626701
2.266770162, 2.269693580
2.276770152, 2.279740988
2.286770173, 2.289700582
2.296770174, 2.299602192
2.306770178, 2.309682986
2.316770165, 2.319609318
2.326770173, 2.329584953
2.336770171, 2.339601281
2.346770173, 2.349620560
2.356770171, 2.359506986
2.366770153, 2.369655775
2.376770173, 2.379732249
2.386770162, 2.389632397
2.396770174, 2.399720484
2.406770167, 2.409600655
2.416770144, 2.419621323
2.426770159, 2.429685152
2.436770162, 2.439637736
2.446770173, 2.449642219
2.456770143, 2.459583150
2.466770175, 2.469757768
2.476770173, 2.479642001
2.486770153, 2.489564070
2.496770168, 2.499690083
2.506770180, 2.509700067
2.516770157, 2.519657908
2.526770174, 2.529679489
2.536771942, 2.539698130
2.546770174, 2.549595620
2.556770157, 2.559683369
2.566770173, 2.569648760
2.576770154, 2.579687103
2.586770170, 2.589719646
2.596770171, 2.599654093
2.606770148, 2.609680198
2.616770159, 2.619780127
2.626770158, 2.629529288
2.636770152, 2.639651820
2.646770181, 2.649640440
2.656770175, 2.659706737
2.666770173, 2.669717278
2.676770173, 2.679736010
2.686770171, 2.689623688
2.696770156, 2.699696875
2.706770163, 2.709770941
2.716770172, 2.719772473
2.726770153, 2.729811834
2.736770173, 2.739762447
2.746770178, 2.749675686
2.756770170, 2.759736672
2.766770172, 2.769613195
2.776770158, 2.779679407
2.786770160, 2.789683052
2.796770159, 2.799737609
2.806770171, 2.809771127
2.816770165, 2.819791666
2.826770175, 2.829768959
2.836770175, 2.839689716
2.846770291, 2.849706677
2.856770178, 2.859719788
2.866770165, 2.869828802
2.876770152, 2.879692801
2.886770174, 2.889640363
2.896770159, 2.899715210
2.906770168, 2.909668657
2.916770168, 2.919749741
2.926770175, 2.929601355
2.936770161, 2.939509760
2.946770160, 2.949556635
2.956770178, 2.959226641
2.966770171, 2.969227500
2.976770154, 2.979420058
2.986770168, 2.989678739
2.996770170, 2.999721117
3.006770171, 3.009657651
3.016770170, 3.019700421
3.026770147, 3.029709560
3.036770171, 3.039600413
3.046781306, 3.049776911
3.056770173, 3.059668960
3.066770160, 3.069728264
3.076770171, 3.079779584
3.086770148, 3.089800661
3.096770162, 3.099735980
3.106770158, 3.109763010
3.116770165, 3.119752567
3.126770166, 3.129765032
3.136770176, 3.139600274
3.146770163, 3.149703355
3.156770153, 3.159667028
3.166770171, 3.169693621
3.176770165, 3.179781355
3.186770160, 3.189725566
3.196770170, 3.199758270
3.206770152, 3.209776078
3.216770175, 3.219716303
3.226773917, 3.229861512
3.236770156, 3.239826117
3.246770158, 3.249758069
3.256770163, 3.259831496
3.266770148, 3.269833003
3.276770295, 3.279734758
3.286770175, 3.289883687
3.296770146, 3.299786617
3.306770160, 3.309777502
3.316773836, 3.319953943
3.326770160, 3.329720320
3.336770161, 3.339770910
3.346770160, 3.349804288
3.356770158, 3.359721865
3.366770172, 3.369759508
3.376780812, 3.379862994
3.386770145, 3.389770709
3.396770163, 3.399757769
3.406770172, 3.409859712
3.416770169, 3.419763710
3.426770166, 3.429757362
3.436770173, 3.439753559
3.446770169, 3.449825244
3.456770179, 3.459692498
3.466770177, 3.469818939
3.476770152, 3.479735939
3.486770167, 3.489789723
3.496770174, 3.499659826
3.506770179, 3.509743481
3.516770173, 3.519836061
3.526770175, 3.529728805
3.536770175, 3.539784544
3.546771972, 3.549829756
3.556770149, 3.559701688
3.566770145, 3.569749006
3.576770176, 3.579737029
3.586770171, 3.589709918
3.596770161, 3.599721500
3.606779254, 3.609764920
3.616770178, 3.619707538
3.626770180, 3.629768677
3.636770154, 3.639716025
3.646770174, 3.649694612
3.656770160, 3.659773524
3.666770172, 3.669751632
3.676770170, 3.679701815
3.686774735, 3.689814754
3.696770160, 3.699742570
3.706770175, 3.709726267
3.716773568, 3.719855903
3.726770160, 3.729671523
3.736770168, 3.739784416
3.746770169, 3.749789802
3.756770170, 3.759761482
3.766770151, 3.769847477
3.776770253, 3.779782169
3.786770170, 3.789690487
3.796770179, 3.799819868
3.806774944, 3.809862251
3.816770175, 3.819730525
3.826770167, 3.829706827
3.836770148, 3.839708404
3.846770152, 3.849671982
3.856773240, 3.859805431
3.866770168, 3.869687729
3.876770180, 3.879750567
3.886770176, 3.889687987
3.896770170, 3.899638389
3.906770168, 3.909761155
3.916770171, 3.919856561
3.926770172, 3.929716525
3.936770175, 3.939890311
3.946770935, 3.949864277
3.956770214, 3.959816071
3.966770163, 3.969811582
3.976770165, 3.979820325
3.986770169, 3.989770717
3.996770167, 3.999780899
4.006782713, 4.009858938
4.016770171, 4.019795437
4.026770178, 4.029835592
4.036770175, 4.039804022
4.046770177, 4.049824034
4.056770167, 4.059871927
4.066770172, 4.069731138
4.076770178, 4.079786136
4.086770144, 4.089762779
4.096770175, 4.099761020
4.106770180, 4.109807710
4.116770174, 4.119788081
4.126770167, 4.129835198
4.136770165, 4.139740999
4.146770171, 4.149755667
4.156770153, 4.159791422
4.166770170, 4.169760996
4.176770175, 4.179820483
4.186770183, 4.189760467
4.196770170, 4.199820657
4.206770668, 4.209912001
4.216770184, 4.219803406
4.226770183, 4.229795685
4.236770168, 4.239790308
4.246770156, 4.249757993
4.256770159, 4.259798184
4.266770166, 4.269736180
4.276770158, 4.279838706
4.286773741, 4.289899778
4.296770158, 4.299878040
4.306770152, 4.309812815
4.316770175, 4.319795047
4.326770160, 4.329921717
4.336770156, 4.339854084
4.346770155, 4.349770811
4.356770157, 4.359866430
4.366770152, 4.369743391
4.376770170, 4.379820527
4.386787144, 4.389876895
4.396773646, 4.399777759
4.406770155, 4.409817463
4.416770163, 4.419867456
4.426770152, 4.429838991
4.436770154, 4.439769990
4.446770178, 4.449931839
4.456770163, 4.459949533
4.466770183, 4.469865840
4.476770296, 4.479861342
4.486770177, 4.489803708
4.496770162, 4.499839014
4.506770166, 4.509912518
4.516770159, 4.519880751
4.526770169, 4.529945943
4.536770179, 4.539852201
4.546770175, 4.549838308
4.556770176, 4.559923932
4.566773167, 4.569896217
4.576770173, 4.579896327
4.586770172, 4.589920690
4.596770177, 4.599901650
4.606770161, 4.609924134
4.616770152, 4.619891032
4.626770172, 4.629887186
4.636770173, 4.639879438
4.646770166, 4.649877978
4.656770156, 4.659812384
4.666770167, 4.669853175
4.676770178, 4.679851037
4.686770163, 4.689910344
4.696770184, 4.699964179
4.706770165, 4.709906250
4.716770157, 4.719879111
4.726776182, 4.729935529
4.736771847, 4.739888664
4.746770171, 4.749825990
4.756770175, 4.759960073
4.766772662, 4.770002815
4.776770179, 4.779823486
4.786770169, 4.789843396
4.796776873, 4.799958359
4.806770163, 4.809844185
4.816770167, 4.819805440
4.826770175, 4.829885841
4.836775183, 4.839938451
4.846770171, 4.849857755
4.856772476, 4.859863426
4.866770163, 4.869898355
4.876770161, 4.879767153
4.886770171, 4.889743153
4.896770153, 4.899811846
4.906770152, 4.909884842
4.916770151, 4.919772909
4.926770166, 4.929928682
4.936770167, 4.939804015
4.946770147, 4.949782560
4.956770218, 4.959822627
4.966770155, 4.969806166
4.976770165, 4.979825134
4.986770163, 4.989931069
4.996775502, 4.999910726
5.006770152, 5.009843728
5.016770153, 5.019830850
5.026770169, 5.029780487
5.036770158, 5.039824462
5.046770163, 5.049866009
5.056770164, 5.059987819
5.066770152, 5.069793621
5.076776819, 5.079932395
5.086770165, 5.089785982
5.096770148, 5.099763494
5.106770154, 5.109844781
5.116770172, 5.119753916
5.126770169, 5.129858583
5.136771091, 5.139850067
5.146770163, 5.149810724
5.156770165, 5.159928748
5.166770150, 5.169848854
5.176771584, 5.179862818
5.186770157, 5.189830424
5.196770169, 5.199824819
5.206770160, 5.209799499
5.216770173, 5.219850628
5.226770172, 5.229770346
5.236772824, 5.239901643
5.246770167, 5.249836902
5.256770156, 5.259835772
5.266770163, 5.269966881
5.276770154, 5.279869586
5.286770163, 5.289935164
5.296770182, 5.299840287
5.306770151, 5.309894964
5.316770171, 5.319922900
5.326770151, 5.329882018
5.336770167, 5.339889402
5.346770167, 5.349988323
5.356770169, 5.359828755
5.366770186, 5.369919832
5.376770170, 5.379909166
5.386770161, 5.389928550
5.396770163, 5.399828718
5.406770176, 5.409920604
5.416770176, 5.419863780
5.426770171, 5.429862962
5.436770176, 5.439858717
5.446770163, 5.449948890
5.456770159, 5.459868050
5.466770175, 5.469856469
5.476770181, 5.479868096
5.486770166, 5.489874467
5.496770179, 5.499817004
5.506770158, 5.509850227
5.516770175, 5.519858793
5.526770169, 5.529828802
5.536770168, 5.539859382
5.546770152, 5.549907382
5.556770157, 5.559837942
5.566775090, 5.569890652
5.576770167, 5.579771393
5.586770243, 5.589818664
5.596770162, 5.599833253
5.606770174, 5.609879115
5.616770170, 5.619943459
5.626770170, 5.629849592
5.636770156, 5.639901404
5.646770175, 5.649856877
5.656777537, 5.660113991
5.666770169, 5.669890863
5.676770167, 5.679916142
5.686770165, 5.689887904
5.696770175, 5.699909505
5.706770166, 5.709813565
5.716772458, 5.719991976
5.726770177, 5.729897696
5.736770171, 5.739961893
5.746770164, 5.749887677
5.756770173, 5.759962882
5.766770167, 5.770032754
5.776770182, 5.780056738
5.786770161, 5.789966458
5.796778481, 5.800049767
5.806770175, 5.810004188
5.816770175, 5.819888156
5.826770163, 5.829958717
5.836770152, 5.839912730
5.846770184, 5.849896828
5.856770184, 5.859923169
5.866772500, 5.869966847
5.876770252, 5.879914436
5.886770171, 5.889899405
5.896770176, 5.899941276
5.906770169, 5.909928903
5.916770175, 5.919899554
5.926770196, 5.929885520
5.936770173, 5.940065151
5.946770148, 5.949962637
5.956770179, 5.959975903
5.966770169, 5.969946089
5.976770159, 5.980013753
5.986770167, 5.989922050
5.996770156, 5.999894392
6.006771841, 6.009960226
6.016770165, 6.019907187
6.026770165, 6.029862468
6.036770173, 6.039969552
6.046770169, 6.049985489
6.056770178, 6.059955912
6.066770173, 6.069917595
6.076770178, 6.079944714
6.086770166, 6.090029880
6.096770171, 6.099968099
6.106770171, 6.109972509
6.116770151, 6.119955028
6.126770172, 6.129932536
6.136770170, 6.139943012
6.146770166, 6.149993210
6.156770178, 6.159957518
6.166770169, 6.169963865
6.176770175, 6.179882614
6.186770172, 6.190080337
6.196770176, 6.199899862
6.206770169, 6.209864155
6.216770143, 6.219867393
6.226770171, 6.229979875
6.236770169, 6.239926022
6.246770171, 6.249996493
6.256770160, 6.259840725
6.266770166, 6.270042201
6.276770159, 6.279884845
6.286770171, 6.289911039
6.296770158, 6.299960896
6.306770173, 6.309905375
6.316770157, 6.319855604
6.326770174, 6.329977469
6.336770159, 6.339922303
6.346770144, 6.349978388
6.356770162, 6.359905767
6.366770180, 6.369893694
6.376774756, 6.380067780
6.386770152, 6.389951846
6.396770158, 6.399888595
6.406770168, 6.409912149
6.416770144, 6.419935287
6.426770160, 6.429894102
6.436770165, 6.439869555
6.446771769, 6.449992563
6.456770157, 6.459889095
6.466770147, 6.469894195
6.476770157, 6.479960517
6.486770148, 6.489977258
6.496770164, 6.499943406
6.506770164, 6.510103437
6.516770178, 6.519987686
6.526770169, 6.529944166
6.536770253, 6.540015459
6.546770171, 6.549995078
6.556770157, 6.560037445
6.566770171, 6.570055683
6.576770173, 6.579999452
6.586770171, 6.589983682
6.596770177, 6.599984654
6.606770172, 6.610042346
6.616770182, 6.620035675
6.626770169, 6.630005526
6.636770170, 6.640071810
6.646770151, 6.650108985
6.656770177, 6.659909178
6.666770174, 6.670027479
6.676770166, 6.679978780
6.686770173, 6.689916100
6.696770170, 6.700032845
6.706770177, 6.710009221
6.716773498, 6.719986186
6.726770167, 6.729946912
6.736770163, 6.739903801
6.746770171, 6.749924710
6.756770362, 6.759963013
6.766770181, 6.769978872
6.776770171, 6.779974517
6.786770167, 6.789966785
6.796770165, 6.799988792
6.806770154, 6.809915583
6.816770164, 6.820011609
6.826770172, 6.829918959
6.836770154, 6.839973495
6.846774389, 6.850074601
6.856775718, 6.859993813
6.866770158, 6.869794591
6.876770154, 6.879938625
6.886777465, 6.890026147
6.896770167, 6.899948859
6.906770165, 6.909862670
6.916770165, 6.919978809
6.926770174, 6.929949338
6.936771521, 6.940045917
6.946770166, 6.950081425
6.956770157, 6.959972785
6.966770155, 6.970037297
6.976770170, 6.979974133
6.986770154, 6.989944803
6.996770167, 6.999990854
7.006770156, 7.009996494
7.016770175, 7.019955956
7.026770158, 7.029987001
7.036770546, 7.039997827
7.046770163, 7.049932684
7.056770157, 7.059860990
7.066770158, 7.069884929
7.076770948, 7.080030668
7.086773638, 7.090008100
7.096770181, 7.100079185
7.106770174, 7.109962428
7.116770169, 7.120065089
7.126770172, 7.129903996
7.136770178, 7.140004680
7.146770178, 7.150080657
7.156770178, 7.160037340
7.166771273, 7.170059758
7.176770163, 7.179958244
7.186770154, 7.189967880
7.196770167, 7.200024687
7.206770148, 7.210034484
7.216770152, 7.220039686
7.226770161, 7.229919333
7.236770165, 7.239939213
7.246770156, 7.250021260
7.256773381, 7.260096624
7.266770157, 7.270020505
7.276770170, 7.279908199
7.286770177, 7.290044211
7.296770171, 7.300068449
7.306770171, 7.309981819
7.316770166, 7.319984021
7.326772119, 7.330088963
7.336770183, 7.339950682
7.346770173, 7.349876082
7.356770165, 7.359953835
7.366770157, 7.369968745
7.376770176, 7.379936577
7.386770174, 7.390137991
7.396770167, 7.400073685
7.406776134, 7.409961624
7.416770179, 7.419943678
7.426770173, 7.430039319
7.436770170, 7.439972233
7.446770167, 7.450051743
7.456774919, 7.460184686
7.466770148, 7.470127099
7.476770150, 7.480015024
7.486770154, 7.489999777
7.496770288, 7.500042405
7.506770164, 7.510152023
7.516770161, 7.520097734
7.526770163, 7.530067299
7.536773228, 7.540105120
7.546770170, 7.550062673
7.556770177, 7.559992125
7.566770169, 7.569957395
7.576770157, 7.579964901
7.586770169, 7.589957023
7.596771828, 7.599990855
7.606770167, 7.609993147
7.616770173, 7.619929546
7.626770166, 7.629908762
7.636770179, 7.639938760
7.646770169, 7.649986537
7.656770176, 7.660044663
7.666770171, 7.670070655
7.676789857, 7.680043848
7.686770167, 7.690078266
7.696770169, 7.699943207
7.706770152, 7.710019918
7.716770156, 7.719996683
7.726770173, 7.729913574
7.736770165, 7.739962672
7.746770175, 7.750025019
7.756770176, 7.760021946
7.766770174, 7.769875868
7.776770170, 7.779972861
7.786770167, 7.789968611
7.796770173, 7.800038613
7.806770169, 7.809951170
7.816770167, 7.820057478
7.826793465, 7.830092576
7.836770168, 7.840050680
7.846770180, 7.849948951
7.856770160, 7.860031119
7.866770167, 7.869960616
7.876770182, 7.880018955
7.886770160, 7.890169490
7.896770168, 7.899976977
7.906770176, 7.909959446
7.916770156, 7.919962087
7.926770171, 7.929946919
7.936770149, 7.939966745
7.946770171, 7.949964925
7.956770170, 7.960019823
7.966770172, 7.970160527
7.976770166, 7.980046438
7.986770174, 7.989963917
7.996770153, 8.000031770
8.006770158, 8.009880427
8.016770175, 8.019946471
8.026770172, 8.030032990
8.036770152, 8.039976728
8.046770167, 8.049966024
8.056770172, 8.060078926
8.066770169, 8.070025449
8.076770160, 8.079967456
8.086770166, 8.090005174
8.096770157, 8.099970973
8.106770161, 8.109996195
8.116770183, 8.120005743
8.126770158, 8.130054540
8.136770169, 8.140007329
8.146770169, 8.150120589
8.156770176, 8.160015810
8.166770164, 8.170135010
8.176770171, 8.180030880
8.186774508, 8.190045039
8.196770173, 8.199816371
8.206770166, 8.209950716
8.216770157, 8.220018536
8.226770169, 8.230023957
8.236770169, 8.240011762
8.246770174, 8.250015684
8.256770178, 8.260065219
8.266770174, 8.269867483
8.276770173, 8.279976953
8.286770171, 8.290020483
8.296770173, 8.299954985
8.306770167, 8.310001393
8.316770165, 8.320107476
8.326770167, 8.329977582
8.336770156, 8.340074046
8.346770174, 8.350155750
8.356770158, 8.360058743
8.366770169, 8.369974197
8.376770180, 8.379963350
8.386770178, 8.389995331
8.396770174, 8.400051695
8.406770177, 8.409949848
8.416771506, 8.420043503
8.426770152, 8.429815592
8.436770170, 8.439897101
8.446770166, 8.449895240
8.456789776, 8.460090767
8.466770153, 8.470124429
8.476770154, 8.480168892
8.486770156, 8.489936405
8.496770160, 8.499968724
8.506770171, 8.509978770
8.516789331, 8.520140802
8.526770163, 8.530008136
8.536770177, 8.540058196
8.546770165, 8.550140209
8.556770153, 8.559993004
8.566770180, 8.569935855
8.576772918, 8.580110941
8.586770167, 8.589920558
8.596770160, 8.600012778
8.606770156, 8.610166210
8.616770174, 8.620150877
8.626770147, 8.629986910
8.636770154, 8.639966425
8.646770177, 8.650051726
8.656770171, 8.660124383
8.666770153, 8.670030171
8.676770182, 8.679970207
8.686770178, 8.690079023
8.696773699, 8.700249696
8.706770172, 8.710017175
8.716773890, 8.720123522
8.726770174, 8.729953442
8.736770176, 8.739927674
8.746770171, 8.749985797
8.756770156, 8.760069989
8.766770164, 8.770074675
8.776770169, 8.780027783
8.786770158, 8.790040177
8.796770175, 8.800079415
8.806770175, 8.810010965
8.816770737, 8.820225369
8.826770147, 8.830072581
8.836770171, 8.840276001
8.846770166, 8.850203988
8.856786558, 8.860276435
8.866770163, 8.870108051
8.876770172, 8.880008207
8.886770173, 8.890046226
8.896770173, 8.900083454
8.906770175, 8.910071111
8.916770178, 8.920016579
8.926770167, 8.930069842
8.936770151, 8.940177955
8.946770169, 8.950180042
8.956772322, 8.960110979
8.966770172, 8.970181624
8.976770160, 8.980123022
8.986770392, 8.990222272
8.996770662, 9.000145235
9.006770166, 9.010026856
9.016770188, 9.020014983
9.026770158, 9.029967497
9.036771613, 9.040106286
9.046770174, 9.050041552
9.056770173, 9.059836886
9.066770165, 9.070115668
9.076770266, 9.080195741
9.086770178, 9.090050984
9.096770167, 9.100047099
9.106770172, 9.110185227
9.116770152, 9.120057452
9.126770172, 9.130231366
9.136770161, 9.140242615
9.146770164, 9.150102892
9.156770159, 9.160025539
9.166770157, 9.169975720
9.176770159, 9.180191207
9.186770750, 9.190210053
9.196770178, 9.199948716
9.206770150, 9.210046395
9.216770171, 9.220104130
9.226770169, 9.230032933
9.236770168, 9.239975975
9.246770174, 9.250022627
9.256770180, 9.260280526
9.266770169, 9.270171115
9.276770169, 9.280084178
9.286770171, 9.290039413
9.296770170, 9.300093154
9.306770163, 9.310039481
9.316770173, 9.320090491
9.326770174, 9.330071288
9.336770173, 9.340082467
9.346770178, 9.350056938
9.356770157, 9.360237098
9.366770164, 9.370095032
9.376770169, 9.380105573
9.386770166, 9.390102943
9.396770184, 9.400044220
9.406770175, 9.409963136
9.416770179, 9.420113653
9.426770166, 9.430098961
9.436770171, 9.440057944
9.446770175, 9.450015128
9.456770180, 9.460021662
9.466770175, 9.470189918
9.476772769, 9.480186530
9.486770176, 9.490214315
9.496770163, 9.500087154
9.506770179, 9.510092483
9.516770170, 9.520074321
9.526770158, 9.530236684
9.536770160, 9.540101651
9.546770172, 9.550048513
9.556770168, 9.559944227
9.566770167, 9.570076630
9.576770160, 9.579979068
9.586770175, 9.590066881
9.596770149, 9.600175752
9.606770167, 9.610158987
9.616770168, 9.620138294
9.626770139, 9.630050408
9.636770160, 9.640048490
9.646770158, 9.650189871
9.656779751, 9.660191897
9.666770199, 9.670136676
9.676770295, 9.680149062
9.686770167, 9.690051983
9.696770176, 9.700105190
9.706770150, 9.710185004
9.716770163, 9.720200671
9.726770189, 9.730285030
9.736770168, 9.740200167
9.746770152, 9.750050888
9.756770156, 9.760066609
9.766770163, 9.770167914
9.776770167, 9.779995357
9.786770163, 9.790046155
9.796770179, 9.800054105
9.806770158, 9.810135525
9.816772097, 9.820142116
9.826770161, 9.830147428
9.836770152, 9.840157602
9.846770171, 9.850159931
9.856770165, 9.860122057
9.866770154, 9.870129312
9.876770178, 9.880136009
9.886770166, 9.890128360
9.896770182, 9.900146387
9.906770147, 9.910115886
9.916770159, 9.920100328
9.926770173, 9.928776092
9.936770171, 9.938410086
9.946773887, 9.948397656
9.956770154, 9.958383375
9.966770175, 9.968381339
9.976770180, 9.978347989
9.986770172, 9.987653016
9.996773626, 9.997132015
10.006770141, 10.006896710
10.016770137, 10.016930824
10.026770138, 10.026895968
10.036770139, 10.036896287
10.046770146, 10.046895557
10.056770145, 10.056894608
10.066770144, 10.066892114
10.076770143, 10.076896025
10.086770144, 10.086899578
10.096770143, 10.096879966
10.106770144, 10.106868678
10.116770145, 10.116864980
10.126770146, 10.126861614
10.136770142, 10.136860257
10.146770139, 10.146859390
10.156770142, 10.156859490
10.166770146, 10.166865127
10.176770142, 10.176888949
10.186770139, 10.186889133
10.196770140, 10.196889531
10.206770138, 10.206891575
10.216770140, 10.216888985
10.226770150, 10.226894510
10.236770142, 10.236892732
10.246770138, 10.246894513
10.256770137, 10.256895389
10.266770144, 10.266896716
10.276770145, 10.276901358
10.286770146, 10.286899717
10.296770145, 10.296892170
10.306770136, 10.306890587
10.316770140, 10.316891136
10.326770146, 10.326890230
10.336770146, 10.336896269
10.346770139, 10.346896599
10.356770142, 10.356898025
10.366770139, 10.366896577
10.376770140, 10.376895796
10.386770138, 10.386888795
10.396770142, 10.396888835
10.406770136, 10.406888806
10.416770139, 10.416889620
10.426770144, 10.426895628
10.436770135, 10.436895465
10.446770143, 10.446895722
10.456770145, 10.456897574
10.466770141, 10.466896588
10.476770150, 10.476896265
10.486770143, 10.486891021
10.496770135, 10.496890400
10.506770146, 10.506888468
10.516770145, 10.516896460
10.526770136, 10.526897859
10.536770142, 10.536896536
10.546770158, 10.546899215
10.556770137, 10.556878659
10.566770144, 10.566891864
10.576770145, 10.576889634
10.586770138, 10.586888670
10.596770142, 10.596937032
10.606770138, 10.606943987
10.616770134, 10.616944694
10.626770139, 10.626942904
10.636770140, 10.636945095
10.646770144, 10.646943855
10.656770142, 10.656936824
10.666770143, 10.666939338
10.676770142, 10.676947730
10.686770146, 10.686945037
10.696770146, 10.696945041
10.706770143, 10.706945011
10.716770145, 10.716944068
10.726770144, 10.726949912
10.736770135, 10.736939436
10.746770141, 10.746936129
10.756770137, 10.756936235
10.766770146, 10.766943829
10.776770143, 10.776944016
10.786770139, 10.786943068
10.796770140, 10.796947895
10.806770144, 10.806943297
10.816770145, 10.816937481
10.826770146, 10.826943568
10.836770142, 10.836943890
10.846770146, 10.846912335
10.856770137, 10.856943166
10.866770141, 10.866938371
10.876770140, 10.876947672
10.886770144, 10.886945366
10.896770146, 10.896937081
10.906770141, 10.906943735
10.916770137, 10.916949102
10.926770141, 10.926943021
10.936770146, 10.936946916
10.946770141, 10.946942922
10.956770143, 10.956937855
10.966770138, 10.966943539
10.976770142, 10.976949260
10.986770143, 10.986943655
10.996770140, 10.996943852
11.006770143, 11.006942881
11.016770140, 11.016943118
11.026770146, 11.026944142
11.036770140, 11.036946289
11.046770138, 11.046942991
11.056770146, 11.056936163
11.066770138, 11.066943502
11.076770140, 11.076940529
11.086770144, 11.086937574
11.096770137, 11.096937373
11.106770138, 11.106942879
11.116770140, 11.116936802
11.126770143, 11.126944836
11.136770139, 11.136943318
11.146770136, 11.146944267
11.156770140, 11.156943956
11.166770136, 11.166942458
11.176770140, 11.176937120
11.186770136, 11.186937160
11.196770143, 11.196943551
11.206770136, 11.206943065
11.216770143, 11.216949897
11.226770141, 11.226943449
11.236770140, 11.236944628
11.246770139, 11.246943223
11.256770142, 11.256943280
11.266770143, 11.266944539
11.276770139, 11.276947063
11.286770147, 11.286941463
11.296770142, 11.296938280
11.306770141, 11.306937659
11.316770143, 11.316937241
11.326770138, 11.326944057
11.336770143, 11.336938187
11.346770139, 11.346935659
11.356770132, 11.356946205
11.366770138, 11.366943272
11.376770143, 11.376943512
11.386770146, 11.386935826
11.396770134, 11.396942828
11.406770144, 11.406936003
11.416770145, 11.416943342
11.426770143, 11.426944128
11.436770145, 11.436937053
11.446770143, 11.446935895
11.456770134, 11.456943834
11.466770144, 11.466942851
11.476770143, 11.476941810
11.486770146, 11.486937525
11.496770143, 11.496936582
11.506770138, 11.506944251
11.516770140, 11.516938010
11.526770143, 11.526998097
11.536770139, 11.536936484
11.546770138, 11.546946250
11.556770140, 11.556944127
11.566770146, 11.566944589
11.576770139, 11.576936904
11.586770139, 11.586942358
11.596770148, 11.596943652
11.606770146, 11.606942982
11.616770139, 11.616936389
11.626770144, 11.626942628
11.636770142, 11.636943447
11.646770144, 11.646942362
11.656770139, 11.656937216
11.666770144, 11.666943415
11.676770143, 11.676948419
11.686770135, 11.686937219
11.696770143, 11.696944096
11.706770144, 11.706943765
11.716770151, 11.716943772
11.726770139, 11.726939489
11.736770145, 11.736944038
11.746770139, 11.746936975
11.756770137, 11.756945592
11.766770139, 11.766935509
11.776770142, 11.776938721
11.786770138, 11.786939732
11.796770143, 11.796944169
11.806770139, 11.806942946
11.816770137, 11.816942983
11.826770141, 11.826936245
11.836770143, 11.836944211
11.846770138, 11.846914102
11.856770142, 11.856942915
11.866770138, 11.866943374
11.876770139, 11.876941141
11.886770138, 11.886942986
11.896770140, 11.896944417
11.906770143, 11.906943757
11.916770137, 11.916944969
11.926770141, 11.926936171
11.936770140, 11.936937932
11.946770138, 11.946943152
11.956770142, 11.956943476
11.966770155, 11.966951868
11.976770140, 11.976945387
11.986770143, 11.986945494
11.996770140, 11.996937234
12.006770146, 12.006942605
12.016770142, 12.016943640
12.026770139, 12.026943121
12.036770139, 12.036947708
12.046770143, 12.046943987
12.056770135, 12.056943422
------------------------------
