------------------------------
test was performed using the following parameters: --mps=100 --burst=1 --reply-every=1 --msg-size=12 --time=10
------------------------------
sockperf: [Total Run] RunTime=10.100 sec; SentMessages=1011; ReceivedMessages=1010
sockperf: ========= Printing statistics for Server No: 0
sockperf: [Valid Duration] RunTime=9.990 sec; SentMessages=1000; ReceivedMessages=1000
sockperf: [2;35m====> avg-lat=1283.760 (std-dev=609.909)[0m
sockperf: # dropped messages = 0; # duplicated messages = 0; # out-of-order messages = 0
sockperf: [2;35mTotal 1000 observations[0m; each percentile contains 10.00 observations
sockperf: ---> <MAX> observation = 1852.626
sockperf: ---> percentile  99.99 = 1852.626
sockperf: ---> percentile  99.90 = 1833.779
sockperf: ---> percentile  99.50 = 1777.993
sockperf: ---> percentile  99.00 = 1756.153
sockperf: ---> percentile  95.00 = 1695.097
sockperf: ---> percentile  90.00 = 1673.340
sockperf: ---> percentile  75.00 = 1635.777
sockperf: ---> percentile  50.00 = 1568.726
sockperf: ---> percentile  25.00 = 1465.930
sockperf: ---> <MIN> observation =   78.326
------------------------------
txTime, rxTime
2.064260886, 2.067020204
2.074260872, 2.077331584
2.084260875, 2.087149161
2.094260873, 2.097246158
2.104260870, 2.107110064
2.114260866, 2.117055094
2.124260871, 2.127101798
2.134260866, 2.137044092
2.144260870, 2.147137601
2.154260867, 2.157151808
2.164260868, 2.167124508
2.174260875, 2.177120937
2.184260868, 2.187255272
2.194260875, 2.197128627
2.204260852, 2.207201346
2.214260878, 2.217191932
2.224260892, 2.227183996
2.234260883, 2.237269325
2.244260875, 2.247062063
2.254260888, 2.257155285
2.264260860, 2.267256633
2.274260863, 2.277271638
2.284260849, 2.287171635
2.294260855, 2.297197382
2.304260875, 2.307177896
2.314260867, 2.317122812
2.324260851, 2.327202310
2.334260866, 2.337261604
2.344260946, 2.347500017
2.354260882, 2.357232702
2.364260867, 2.367166989
2.374260876, 2.377215434
2.384260862, 2.387143043
2.394260870, 2.397301698
2.404260868, 2.407220318
2.414260875, 2.417238410
2.424260884, 2.427283551
2.434260882, 2.437155400
2.444260870, 2.447168295
2.454260876, 2.457195697
2.464260856, 2.467205590
2.474260867, 2.477221670
2.484260871, 2.487141881
2.494260878, 2.497248281
2.504260870, 2.507132163
2.514260871, 2.517213965
2.524260870, 2.527160857
2.534260861, 2.537121686
2.544260875, 2.547241638
2.554260855, 2.557174165
2.564260888, 2.567199400
2.574260882, 2.577242739
2.584260851, 2.587187530
2.594260875, 2.597176197
2.604260871, 2.607191684
2.614260869, 2.617319000
2.624260880, 2.627282954
2.634260871, 2.637172041
2.644260876, 2.647236291
2.654260864, 2.657248290
2.664260884, 2.667167090
2.674260858, 2.677214126
2.684260871, 2.687192732
2.694260865, 2.697245713
2.704260881, 2.707197980
2.714260850, 2.717235238
2.724260875, 2.727234757
2.734260868, 2.737235127
2.744260887, 2.747236743
2.754260873, 2.757249068
2.764260852, 2.767270957
2.774260860, 2.777267589
2.784260862, 2.787302249
2.794260857, 2.797216009
2.804260856, 2.807369850
2.814260864, 2.817294954
2.824260852, 2.827360608
2.834260871, 2.837335769
2.844260871, 2.847271742
2.854260867, 2.857297707
2.864260859, 2.867247824
2.874260863, 2.877329235
2.884260865, 2.887338474
2.894260860, 2.897370903
2.904260873, 2.907195016
2.914260881, 2.917345574
2.924260854, 2.927284603
2.934260865, 2.937271166
2.944260854, 2.947209024
2.954260880, 2.957377040
2.964260871, 2.967262526
2.974260875, 2.977265039
2.984260846, 2.987292819
2.994260878, 2.997268605
3.004260849, 3.007247658
3.014260848, 3.017365546
3.024260873, 3.027351041
3.034260859, 3.037388018
3.044260873, 3.047123268
3.054260875, 3.057067408
3.064260870, 3.067324843
3.074260858, 3.077389272
3.084260878, 3.087331354
3.094260867, 3.097216390
3.104260891, 3.107345302
3.114260861, 3.117372624
3.124260876, 3.127310603
3.134260856, 3.137314578
3.144260881, 3.147294830
3.154260862, 3.157269868
3.164260851, 3.167393813
3.174260872, 3.177311625
3.184260871, 3.187365264
3.194260858, 3.197317841
3.204260871, 3.207200842
3.214260863, 3.217323313
3.224260869, 3.227369459
3.234260861, 3.237348150
3.244260862, 3.247419116
3.254260875, 3.257272749
3.264260857, 3.267392440
3.274260879, 3.277299892
3.284260875, 3.287410233
3.294260872, 3.297374294
3.304260852, 3.307240270
3.314260871, 3.317298454
3.324260875, 3.327391769
3.334260874, 3.337330970
3.344260873, 3.347343929
3.354260872, 3.357368986
3.364260873, 3.367462892
3.374260869, 3.377460945
3.384260863, 3.387416826
3.394260869, 3.397429516
3.404260867, 3.407343242
3.414260874, 3.417387843
3.424260871, 3.427371575
3.434260875, 3.437445758
3.444260878, 3.447508763
3.454260876, 3.457395822
3.464260875, 3.467405322
3.474260872, 3.477267069
3.484260875, 3.487328143
3.494260867, 3.497384104
3.504260886, 3.507395687
3.514260873, 3.517320350
3.524260870, 3.527374483
3.534260879, 3.537486128
3.544260856, 3.547350176
3.554260877, 3.557414407
3.564260868, 3.567422878
3.574260862, 3.577392112
3.584260870, 3.587386885
3.594260878, 3.597400319
3.604260851, 3.607261611
3.614260871, 3.617433201
3.624260884, 3.627410389
3.634260874, 3.637328865
3.644260870, 3.647356002
3.654260871, 3.657410976
3.664260873, 3.667419374
3.674260877, 3.677455169
3.684260879, 3.687345680
3.694260873, 3.697444743
3.704260868, 3.707410670
3.714260875, 3.717416048
3.724260881, 3.727398334
3.734260866, 3.737345932
3.744260873, 3.747381368
3.754260877, 3.757326865
3.764260868, 3.767348743
3.774260873, 3.777418090
3.784260862, 3.787383799
3.794260878, 3.797325880
3.804260878, 3.807413638
3.814260866, 3.817471947
3.824260893, 3.827443493
3.834260880, 3.837394541
3.844260875, 3.847451146
3.854260875, 3.857403720
3.864260879, 3.867379590
3.874260874, 3.877428239
3.884260875, 3.887382356
3.894260869, 3.897424704
3.904260867, 3.907333015
3.914260877, 3.917453289
3.924260875, 3.927384521
3.934260876, 3.937412426
3.944260875, 3.947480386
3.954260883, 3.957370574
3.964260870, 3.967357988
3.974260874, 3.977339147
3.984260871, 3.987370324
3.994260870, 3.997325083
4.004260871, 4.007411267
4.014260941, 4.017439050
4.024260873, 4.027299770
4.034260872, 4.037413484
4.044260889, 4.047392879
4.054260874, 4.057337437
4.064260871, 4.066991592
4.074260875, 4.077127291
4.084260887, 4.087323537
4.094260877, 4.097410181
4.104260871, 4.107335957
4.114260876, 4.117477507
4.124260863, 4.127392507
4.134260880, 4.137456783
4.144260934, 4.147340158
4.154260850, 4.157447114
4.164260871, 4.167508021
4.174260869, 4.177413287
4.184260860, 4.187433075
4.194260860, 4.197381477
4.204260857, 4.207380814
4.214260855, 4.217356722
4.224260871, 4.227406404
4.234260867, 4.237221559
4.244260848, 4.247427309
4.254260858, 4.257237067
4.264260859, 4.267322509
4.274260877, 4.277315331
4.284260863, 4.287370456
4.294260867, 4.297394118
4.304260865, 4.307398480
4.314260861, 4.317209428
4.324260863, 4.327396489
4.334260853, 4.337357536
4.344260862, 4.347336238
4.354260865, 4.357383049
4.364260867, 4.367442661
4.374260871, 4.377401070
4.384260873, 4.387417521
4.394260874, 4.397396515
4.404260876, 4.407407649
4.414260875, 4.417350246
4.424260876, 4.427431155
4.434260863, 4.437440612
4.444260851, 4.447322271
4.454260874, 4.457386538
4.464260884, 4.467351794
4.474260881, 4.477259234
4.484260873, 4.487346449
4.494260870, 4.497362399
4.504260875, 4.507408959
4.514260878, 4.517404076
4.524260868, 4.527476106
4.534260866, 4.537488597
4.544260875, 4.547307020
4.554260873, 4.557385746
4.564260856, 4.567003680
4.574260874, 4.577226618
4.584260867, 4.587409905
4.594260880, 4.597378390
4.604260879, 4.607359463
4.614260861, 4.617326597
4.624260867, 4.627286248
4.634260874, 4.637430218
4.644260878, 4.647384598
4.654260871, 4.657320199
4.664260846, 4.667046199
4.674260858, 4.677370586
4.684260852, 4.687411235
4.694260875, 4.697531082
4.704260873, 4.707313020
4.714260879, 4.717392115
4.724260878, 4.727292645
4.734260878, 4.737381007
4.744260870, 4.747340747
4.754260871, 4.757440335
4.764260895, 4.767320901
4.774260880, 4.777344080
4.784260849, 4.787357455
4.794260879, 4.797388050
4.804260852, 4.807316662
4.814260880, 4.817353843
4.824260875, 4.827384716
4.834260867, 4.837337160
4.844260873, 4.847451506
4.854260883, 4.857324851
4.864260871, 4.867576371
4.874260875, 4.877375855
4.884260868, 4.887353244
4.894260873, 4.897462484
4.904260871, 4.907340246
4.914260872, 4.917376308
4.924260870, 4.927445381
4.934260878, 4.937425059
4.944260873, 4.947417480
4.954260872, 4.957384485
4.964260867, 4.967335578
4.974260882, 4.977257986
4.984260878, 4.987315180
4.994260874, 4.997337740
5.004260867, 5.007300508
5.014260877, 5.017386703
5.024260885, 5.027362243
5.034260875, 5.037493213
5.044260870, 5.047325433
5.054260877, 5.057317492
5.064260870, 5.067339766
5.074260876, 5.077344538
5.084260870, 5.087494425
5.094260862, 5.097375610
5.104260870, 5.107351803
5.114260872, 5.117331309
5.124260879, 5.127455139
5.134260880, 5.137468002
5.144260871, 5.147441676
5.154260896, 5.157676731
5.164261122, 5.167344759
5.174260858, 5.177267190
5.184260857, 5.187476071
5.194260865, 5.197368835
5.204260857, 5.207344302
5.214260853, 5.217556384
5.224260860, 5.227329840
5.234260877, 5.237258733
5.244260891, 5.247372485
5.254260882, 5.257350120
5.264260859, 5.267343453
5.274260880, 5.277410340
5.284260854, 5.287474723
5.294260867, 5.297310014
5.304260871, 5.307384806
5.314260871, 5.317522513
5.324260851, 5.327253467
5.334260864, 5.337350576
5.344260863, 5.347582629
5.354260856, 5.357236086
5.364260873, 5.367322972
5.374260860, 5.377450265
5.384260875, 5.387295036
5.394260877, 5.397336963
5.404260867, 5.407396223
5.414260872, 5.417430008
5.424260876, 5.427280704
5.434260874, 5.437376199
5.444260867, 5.447441791
5.454260884, 5.457387203
5.464260868, 5.467531966
5.474260877, 5.477474376
5.484260876, 5.487281145
5.494260869, 5.497523103
5.504260871, 5.507391808
5.514260875, 5.517347814
5.524260867, 5.527346054
5.534260874, 5.537360596
5.544260876, 5.547413148
5.554260873, 5.557287407
5.564260868, 5.567470741
5.574260872, 5.577315242
5.584260857, 5.587230445
5.594260877, 5.597644944
5.604260870, 5.607355313
5.614260860, 5.617334776
5.624260874, 5.627435042
5.634260875, 5.637399215
5.644260875, 5.647309659
5.654260875, 5.657353175
5.664260870, 5.667633797
5.674260866, 5.677384483
5.684260876, 5.687350706
5.694260873, 5.697394650
5.704260871, 5.707455049
5.714260858, 5.717433196
5.724260875, 5.727388240
5.734260861, 5.737408723
5.744260876, 5.747363561
5.754260881, 5.757433938
5.764260868, 5.767422241
5.774260853, 5.777364444
5.784260857, 5.787602604
5.794260866, 5.797422803
5.804260878, 5.807413587
5.814260864, 5.817428207
5.824260876, 5.827416735
5.834260856, 5.837412633
5.844260878, 5.847459531
5.854260886, 5.857474112
5.864260862, 5.867398725
5.874260865, 5.877448273
5.884260873, 5.887422670
5.894260863, 5.897375882
5.904260873, 5.907288453
5.914260886, 5.917392587
5.924260857, 5.927384172
5.934260869, 5.937490280
5.944260881, 5.947382700
5.954260860, 5.957488037
5.964260870, 5.967588788
5.974260878, 5.977405947
5.984260870, 5.987389226
5.994260868, 5.997423193
6.004260879, 6.007440551
6.014260875, 6.017513823
6.024260878, 6.027533359
6.034260868, 6.037541425
6.044260863, 6.047418914
6.054260872, 6.057428821
6.064260871, 6.067513109
6.074260880, 6.077437964
6.084260879, 6.087496396
6.094260860, 6.097525367
6.104260873, 6.107371300
6.114260867, 6.117457923
6.124260875, 6.127420507
6.134260874, 6.137505818
6.144260859, 6.147515430
6.154260855, 6.157567969
6.164260856, 6.167564085
6.174260875, 6.177452653
6.184260846, 6.187325906
6.194260874, 6.197494374
6.204260875, 6.207507678
6.214260871, 6.217452985
6.224260873, 6.227531838
6.234260883, 6.237428665
6.244260884, 6.247517619
6.254260964, 6.257475837
6.264260882, 6.267424482
6.274260882, 6.277496946
6.284260871, 6.287452687
6.294260902, 6.297421169
6.304260960, 6.307405190
6.314261016, 6.317505612
6.324260955, 6.327469068
6.334260877, 6.337513903
6.344260882, 6.347441934
6.354260972, 6.357438168
6.364260881, 6.367458725
6.374260891, 6.377381869
6.384260870, 6.387404886
6.394260878, 6.397431160
6.404260875, 6.407513753
6.414260965, 6.417491153
6.424260961, 6.427452521
6.434260880, 6.437405419
6.444260879, 6.447395025
6.454260880, 6.457467761
6.464260885, 6.467515908
6.474260878, 6.477692143
6.484260876, 6.487501022
6.494260857, 6.497507540
6.504260872, 6.507391217
6.514260867, 6.517561341
6.524260875, 6.527548127
6.534260861, 6.537574669
6.544260868, 6.547468146
6.554260869, 6.557656286
6.564260862, 6.567542128
6.574260877, 6.577486259
6.584260867, 6.587365796
6.594260871, 6.597433840
6.604260852, 6.607455827
6.614260858, 6.617455226
6.624260871, 6.627538716
6.634260871, 6.637502399
6.644260857, 6.647487439
6.654260877, 6.657485584
6.664260878, 6.667463325
6.674260874, 6.677502198
6.684260881, 6.687852544
6.694260873, 6.697551565
6.704260873, 6.707555355
6.714260880, 6.717484380
6.724260868, 6.727645158
6.734260874, 6.737523071
6.744260886, 6.747429901
6.754260881, 6.757487530
6.764260879, 6.767588910
6.774260875, 6.777516056
6.784260846, 6.787490059
6.794260877, 6.797447153
6.804260879, 6.807555610
6.814260855, 6.817469793
6.824260874, 6.827492666
6.834260861, 6.837487848
6.844260871, 6.847531442
6.854260875, 6.857503088
6.864260887, 6.867460970
6.874260876, 6.877476005
6.884260852, 6.887568934
6.894260875, 6.897545306
6.904260849, 6.907500889
6.914260858, 6.917592321
6.924260875, 6.927546811
6.934260871, 6.937590064
6.944260870, 6.947581515
6.954260867, 6.957660076
6.964260862, 6.967635876
6.974260877, 6.977547730
6.984260875, 6.987561142
6.994260861, 6.997615141
7.004260862, 7.007729823
7.014260866, 7.017580435
7.024260854, 7.027538902
7.034260860, 7.037534340
7.044260879, 7.047590981
7.054260878, 7.057574194
7.064260868, 7.067530550
7.074260880, 7.077583840
7.084260873, 7.087567864
7.094260875, 7.097585481
7.104260875, 7.107599081
7.114260867, 7.117598350
7.124260854, 7.127520960
7.134260874, 7.137547778
7.144260871, 7.147590687
7.154260880, 7.157488481
7.164260878, 7.167623283
7.174260865, 7.177726495
7.184260871, 7.187480169
7.194260872, 7.197534607
7.204260873, 7.207350879
7.214260869, 7.217400251
7.224260879, 7.227626980
7.234260881, 7.237534683
7.244260873, 7.247532428
7.254260886, 7.257740870
7.264260875, 7.267442114
7.274260875, 7.277607557
7.284260876, 7.287420356
7.294260876, 7.297551144
7.304260876, 7.307620801
7.314260852, 7.317542088
7.324260849, 7.327612534
7.334260871, 7.337530602
7.344260882, 7.347559244
7.354260865, 7.357453167
7.364260848, 7.367492514
7.374260861, 7.377578201
7.384260868, 7.387538317
7.394260852, 7.397595740
7.404260876, 7.407499483
7.414260885, 7.417438683
7.424260872, 7.427563979
7.434260860, 7.437474730
7.444260873, 7.447459398
7.454260882, 7.457579177
7.464260875, 7.467576114
7.474260883, 7.477504039
7.484260868, 7.487495381
7.494260878, 7.497519419
7.504260867, 7.507434760
7.514260875, 7.517668916
7.524260876, 7.527531043
7.534260875, 7.537545748
7.544260878, 7.547571093
7.554260875, 7.557472321
7.564260875, 7.567554570
7.574260880, 7.577767505
7.584260873, 7.587412030
7.594260874, 7.597514296
7.604260876, 7.607514207
7.614260885, 7.617546096
7.624260876, 7.627510675
7.634260880, 7.637639223
7.644260879, 7.647623499
7.654260887, 7.657480851
7.664260868, 7.667512321
7.674260862, 7.677523659
7.684260876, 7.687493947
7.694260871, 7.697425358
7.704267339, 7.707612377
7.714297018, 7.717570398
7.724263120, 7.727543995
7.734260882, 7.737449056
7.744260875, 7.747418034
7.754260858, 7.757485522
7.764260872, 7.767504884
7.774260880, 7.777525514
7.784260857, 7.787579928
7.794260871, 7.797636783
7.804260879, 7.807586159
7.814260856, 7.817476477
7.824260873, 7.827512258
7.834260876, 7.837518676
7.844260870, 7.847490736
7.854260884, 7.857555580
7.864260870, 7.867614650
7.874260875, 7.877630917
7.884260873, 7.887537326
7.894260871, 7.897484412
7.904260876, 7.907515593
7.914260878, 7.917600858
7.924260875, 7.927535147
7.934260869, 7.937577989
7.944260879, 7.947522104
7.954260875, 7.957706444
7.964260880, 7.967569601
7.974260880, 7.977572243
7.984260876, 7.987582786
7.994260871, 7.997564293
8.004260873, 8.007631445
8.014260867, 8.017533566
8.024260876, 8.027495376
8.034260867, 8.037714055
8.044260852, 8.047520174
8.054260875, 8.057597085
8.064260887, 8.067636262
8.074260876, 8.077816864
8.084260867, 8.087586414
8.094260868, 8.097680056
8.104260875, 8.107507027
8.114260871, 8.117569419
8.124260879, 8.127556147
8.134260879, 8.137536301
8.144260859, 8.147558332
8.154260876, 8.157664181
8.164260938, 8.167493977
8.174260863, 8.177518903
8.184260862, 8.187530379
8.194260865, 8.197545199
8.204260857, 8.207530222
8.214260861, 8.217928420
8.224260854, 8.227452491
8.234260855, 8.237605385
8.244260871, 8.247491256
8.254260863, 8.257482662
8.264260859, 8.267098408
8.274260869, 8.277505535
8.284260851, 8.287537957
8.294260852, 8.297533043
8.304260875, 8.307643553
8.314260868, 8.317544502
8.324260851, 8.327663647
8.334260870, 8.337562553
8.344260857, 8.347673839
8.354260856, 8.357516955
8.364260875, 8.367556629
8.374260860, 8.377504412
8.384260860, 8.387808616
8.394260867, 8.397556972
8.404260857, 8.407572935
8.414260856, 8.417515199
8.424260867, 8.427539281
8.434260861, 8.437520685
8.444260873, 8.447592264
8.454260860, 8.457637942
8.464260859, 8.467534929
8.474260860, 8.477586701
8.484260867, 8.487485112
8.494260869, 8.497514847
8.504260860, 8.507430546
8.514260862, 8.517546773
8.524260857, 8.527732774
8.534260848, 8.537530323
8.544260851, 8.547460965
8.554260875, 8.557584611
8.564260862, 8.567552687
8.574260859, 8.577579496
8.584260856, 8.587565688
8.594260858, 8.597966112
8.604260863, 8.607514265
8.614260862, 8.617570039
8.624260854, 8.627654334
8.634260873, 8.637672649
8.644260857, 8.647569746
8.654260853, 8.657450930
8.664260854, 8.667543508
8.674260861, 8.677694844
8.684260856, 8.687601879
8.694260883, 8.697578058
8.704260854, 8.707790674
8.714260864, 8.717828942
8.724260878, 8.727645822
8.734260856, 8.737571415
8.744260857, 8.747475146
8.754260858, 8.757509811
8.764260862, 8.767525562
8.774260858, 8.777802678
8.784260879, 8.787561518
8.794260866, 8.797601413
8.804260863, 8.807568506
8.814260867, 8.817618938
8.824260860, 8.827726848
8.834260861, 8.837607869
8.844260861, 8.847611806
8.854260877, 8.857508377
8.864260875, 8.867623592
8.874260878, 8.877599788
8.884260870, 8.887612267
8.894260878, 8.897570531
8.904260879, 8.907773137
8.914260875, 8.917526841
8.924260861, 8.927585758
8.934260860, 8.937533001
8.944260895, 8.947683231
8.954260876, 8.957531056
8.964260875, 8.967632411
8.974260861, 8.977692642
8.984260868, 8.987586529
8.994260880, 8.997618825
9.004260868, 9.007626595
9.014260874, 9.017800848
9.024260873, 9.027670774
9.034260874, 9.037618981
9.044260875, 9.047572627
9.054260863, 9.057658271
9.064260876, 9.067702588
9.074260869, 9.077602319
9.084260875, 9.087484912
9.094260869, 9.097928085
9.104260871, 9.107669406
9.114260878, 9.117595380
9.124260865, 9.127620759
9.134260874, 9.137637740
9.144260878, 9.147414394
9.154260867, 9.157616417
9.164260851, 9.167554503
9.174260860, 9.177587578
9.184260867, 9.187560286
9.194260853, 9.197584886
9.204260882, 9.207546468
9.214260861, 9.217650498
9.224260889, 9.227545513
9.234260867, 9.237581320
9.244260870, 9.247614440
9.254260856, 9.257617593
9.264260871, 9.267571404
9.274260855, 9.277610238
9.284260868, 9.287560293
9.294260878, 9.297651073
9.304260854, 9.307545464
9.314260872, 9.317576596
9.324260879, 9.327480429
9.334260878, 9.337575832
9.344260878, 9.347621258
9.354260882, 9.357546661
9.364260851, 9.367647336
9.374260860, 9.377662109
9.384260875, 9.387595396
9.394260865, 9.397642458
9.404260859, 9.407644108
9.414260860, 9.417574038
9.424260857, 9.427510952
9.434260864, 9.437617640
9.444260876, 9.447580559
9.454260858, 9.457689214
9.464260854, 9.467603079
9.474260861, 9.477592962
9.484260859, 9.487568810
9.494260861, 9.497670781
9.504260871, 9.507647669
9.514260858, 9.517567637
9.524260870, 9.527575297
9.534260861, 9.537550027
9.544260875, 9.547427027
9.554260877, 9.557621484
9.564260868, 9.567514735
9.574260880, 9.577506624
9.584260875, 9.587576521
9.594260869, 9.597556804
9.604260868, 9.607484645
9.614260858, 9.617597392
9.624260870, 9.627594036
9.634260857, 9.637574555
9.644260867, 9.647742347
9.654260877, 9.657577497
9.664260869, 9.667767266
9.674260875, 9.677546091
9.684260881, 9.687608285
9.694260865, 9.697614147
9.704260878, 9.707490440
9.714260871, 9.717547180
9.724260878, 9.727537983
9.734260861, 9.737661943
9.744260887, 9.747569169
9.754260865, 9.757633572
9.764260878, 9.767616763
9.774260876, 9.777604901
9.784260862, 9.787773169
9.794260869, 9.797601452
9.804260868, 9.807653992
9.814260876, 9.817607194
9.824260869, 9.827537070
9.834260869, 9.837618759
9.844260868, 9.847514484
9.854260856, 9.857583533
9.864260876, 9.867586680
9.874260862, 9.877748074
9.884260870, 9.887591639
9.894260881, 9.897714813
9.904260868, 9.907679072
9.914260874, 9.917561375
9.924260875, 9.927627747
9.934260869, 9.937640361
9.944260876, 9.947656624
9.954260872, 9.957666667
9.964260884, 9.966700003
9.974260863, 9.975884322
9.984260876, 9.985842331
9.994260855, 9.996004165
10.004260877, 10.005962984
10.014260860, 10.015931765
10.024260877, 10.025181373
10.034260873, 10.035174154
10.044260870, 10.044532151
10.054260874, 10.054498463
10.064260853, 10.064544819
10.074260868, 10.074505600
10.084260870, 10.084504519
10.094260857, 10.094502084
10.104260865, 10.104487797
10.114260855, 10.114502542
10.124260856, 10.124504768
10.134260869, 10.134503883
10.144260875, 10.144481877
10.154260888, 10.154441772
10.164260850, 10.164434700
10.174260847, 10.174433362
10.184260845, 10.184435548
10.194260846, 10.194436854
10.204260853, 10.204435524
10.214260866, 10.214424231
10.224260848, 10.224430250
10.234260869, 10.234440620
10.244260859, 10.244438107
10.254260847, 10.254438251
10.264260848, 10.264434502
10.274260847, 10.274434990
10.284260843, 10.284433669
10.294260847, 10.294435416
10.304260848, 10.304435202
10.314260850, 10.314434704
10.324260843, 10.324435960
10.334260847, 10.334431920
10.344260846, 10.344431758
10.354260854, 10.354432812
10.364260853, 10.364434506
10.374260850, 10.374435773
10.384260848, 10.384434267
10.394260844, 10.394434527
10.404260848, 10.404433786
10.414260847, 10.414431941
10.424260851, 10.424428624
10.434260846, 10.434432961
10.444260842, 10.444435364
10.454260843, 10.454435005
10.464260850, 10.464435233
10.474260854, 10.474435416
10.484260846, 10.484434879
10.494260850, 10.494434672
10.504260848, 10.504433762
10.514260847, 10.514431628
10.524260848, 10.524433375
10.534260850, 10.534432583
10.544260850, 10.544434046
10.554260846, 10.554434304
10.564260845, 10.564433704
10.574260841, 10.574434227
10.584260850, 10.584432410
10.594260846, 10.594433493
10.604260851, 10.604435189
10.614260847, 10.614430444
10.624260850, 10.624434365
10.634260850, 10.634429097
10.644260848, 10.644433053
10.654260847, 10.654434193
10.664260851, 10.664433227
10.674260849, 10.674435072
10.684260853, 10.684436819
10.694260849, 10.694434684
10.704260851, 10.704431829
10.714260854, 10.714432075
10.724260850, 10.724432494
10.734260869, 10.734445450
10.744260848, 10.744436898
10.754260843, 10.754434798
10.764260850, 10.764433636
10.774260846, 10.774431463
10.784260848, 10.784436607
10.794260849, 10.794435061
10.804260848, 10.804434269
10.814260844, 10.814429997
10.824260846, 10.824426572
10.834260849, 10.834433826
10.844260848, 10.844433693
10.854260852, 10.854438648
10.864260846, 10.864435121
10.874260849, 10.874434757
10.884260851, 10.884433512
10.894260847, 10.894436077
10.904260846, 10.904433437
10.914260854, 10.914433156
10.924260851, 10.924430691
10.934260844, 10.934432397
10.944260848, 10.944435930
10.954260847, 10.954434407
10.964260848, 10.964436015
10.974260846, 10.974434080
10.984260846, 10.984433051
10.994260849, 10.994434042
11.004260848, 11.004432822
11.014260847, 11.014429445
11.024260851, 11.024432038
11.034260850, 11.034433553
11.044260850, 11.044434608
11.054260846, 11.054434159
11.064260851, 11.064433110
11.074260846, 11.074434647
11.084260850, 11.084424625
11.094260852, 11.094436370
11.104260853, 11.104434698
11.114260841, 11.114436139
11.124260853, 11.124427482
11.134260846, 11.134431975
11.144260845, 11.144433997
11.154260849, 11.154434813
11.164260846, 11.164432238
11.174260844, 11.174434824
11.184260845, 11.184434760
11.194260857, 11.194433906
11.204260850, 11.204433926
11.214260852, 11.214432405
11.224260845, 11.224434570
11.234260858, 11.234440062
11.244260851, 11.244435357
11.254260852, 11.254437074
11.264260845, 11.264434984
11.274260846, 11.274433422
11.284260846, 11.284437850
11.294260852, 11.294434664
11.304260851, 11.304433936
11.314260849, 11.314435062
11.324260851, 11.324433173
11.334260847, 11.334433862
11.344260840, 11.344433154
11.354260844, 11.354433028
11.364260846, 11.364436433
11.374260850, 11.374435635
11.384260845, 11.384432544
11.394260852, 11.394433405
11.404260843, 11.404433620
11.414260847, 11.414431270
11.424260848, 11.424433701
11.434260852, 11.434433091
11.444260850, 11.444435090
11.454260846, 11.454433972
11.464260846, 11.464435975
11.474260871, 11.474434563
11.484260851, 11.484434738
11.494260854, 11.494435574
11.504260850, 11.504432104
11.514260846, 11.514429590
11.524260853, 11.524433426
11.534260850, 11.534433614
11.544260846, 11.544433355
11.554260850, 11.554437266
11.564260854, 11.564434531
11.574260850, 11.574437486
11.584260853, 11.584433522
11.594260846, 11.594435787
11.604260853, 11.604434142
11.614260854, 11.614427239
11.624260851, 11.624433099
11.634260852, 11.634430570
11.644260850, 11.644427317
11.654260843, 11.654434059
11.664260845, 11.664425536
11.674260854, 11.674435079
11.684260846, 11.684434199
11.694260852, 11.694435032
11.704260848, 11.704435107
11.714260847, 11.714417500
11.724260846, 11.724430858
11.734260874, 11.734443210
11.744260848, 11.744435150
11.754260849, 11.754433976
11.764260845, 11.764432874
11.774260843, 11.774434628
11.784260851, 11.784436233
11.794260850, 11.794434518
11.804260853, 11.804435060
11.814260855, 11.814425936
11.824260845, 11.824428965
11.834260844, 11.834434396
11.844260846, 11.844435136
11.854260847, 11.854436974
11.864260854, 11.864434298
11.874260852, 11.874434814
11.884260853, 11.884434667
11.894260846, 11.894434517
11.904260846, 11.904433415
11.914260852, 11.914428925
11.924260848, 11.924431770
11.934260849, 11.934433923
11.944260846, 11.944436534
11.954260847, 11.954434424
11.964260845, 11.964434523
11.974260850, 11.974434492
11.984260854, 11.984433928
11.994260852, 11.994436168
12.004260842, 12.004440441
12.014260846, 12.014426112
12.024260845, 12.024431837
12.034260850, 12.034431885
12.044260848, 12.044434469
12.054260854, 12.054434001
------------------------------
