------------------------------
test was performed using the following parameters: --mps=100 --burst=1 --reply-every=1 --msg-size=12 --time=10
------------------------------
sockperf: [Total Run] RunTime=10.100 sec; SentMessages=1011; ReceivedMessages=1010
sockperf: ========= Printing statistics for Server No: 0
sockperf: [Valid Duration] RunTime=9.990 sec; SentMessages=1000; ReceivedMessages=1000
sockperf: [2;35m====> avg-lat= 81.466 (std-dev=17.541)[0m
sockperf: # dropped messages = 0; # duplicated messages = 0; # out-of-order messages = 0
sockperf: [2;35mTotal 1000 observations[0m; each percentile contains 10.00 observations
sockperf: ---> <MAX> observation =  156.098
sockperf: ---> percentile  99.99 =  156.098
sockperf: ---> percentile  99.90 =  149.843
sockperf: ---> percentile  99.50 =  129.338
sockperf: ---> percentile  99.00 =  122.505
sockperf: ---> percentile  95.00 =  106.414
sockperf: ---> percentile  90.00 =   98.923
sockperf: ---> percentile  75.00 =   91.550
sockperf: ---> percentile  50.00 =   84.716
sockperf: ---> percentile  25.00 =   72.640
sockperf: ---> <MIN> observation =   30.275
------------------------------
txTime, rxTime
2.062527340, 2.062733584
2.072527338, 2.072721606
2.082527359, 2.082728011
2.092527341, 2.092706493
2.102527343, 2.102709302
2.112527343, 2.112839540
2.122527343, 2.122710908
2.132527340, 2.132761677
2.142527357, 2.142729654
2.152527341, 2.152760512
2.162527345, 2.162763907
2.172527343, 2.172827031
2.182527334, 2.182786221
2.192527337, 2.192712192
2.202527353, 2.202720865
2.212527338, 2.212702717
2.222527337, 2.222727172
2.232527341, 2.232714263
2.242527334, 2.242762537
2.252527345, 2.252723802
2.262527351, 2.262717228
2.272527343, 2.272777230
2.282527341, 2.282691594
2.292527353, 2.292681947
2.302527356, 2.302671096
2.312527343, 2.312698514
2.322527354, 2.322696667
2.332527338, 2.332721071
2.342527337, 2.342677596
2.352527397, 2.352717883
2.362527332, 2.362694242
2.372527333, 2.372687314
2.382527336, 2.382645944
2.392527332, 2.392665497
2.402527346, 2.402635187
2.412527346, 2.412766130
2.422527353, 2.422734390
2.432527345, 2.432786809
2.442527356, 2.442745499
2.452527338, 2.452737483
2.462527340, 2.462722027
2.472527356, 2.472728700
2.482527343, 2.482775219
2.492527338, 2.492742009
2.502527349, 2.502726225
2.512527341, 2.512702086
2.522527340, 2.522697503
2.532527332, 2.532697174
2.542527334, 2.542724128
2.552527330, 2.552628670
2.562527341, 2.562683522
2.572527340, 2.572741796
2.582527353, 2.582726292
2.592527353, 2.592721933
2.602527341, 2.602706178
2.612527343, 2.612718195
2.622527357, 2.622698507
2.632527354, 2.632764203
2.642527345, 2.642707661
2.652527338, 2.652667227
2.662527334, 2.662655445
2.672527371, 2.672720445
2.682527332, 2.682635772
2.692527340, 2.692677597
2.702527354, 2.702724181
2.712527354, 2.712695168
2.722527359, 2.722653291
2.732527337, 2.732693215
2.742527337, 2.742658616
2.752527334, 2.752630523
2.762527335, 2.762693534
2.772527346, 2.772699562
2.782527332, 2.782654825
2.792527336, 2.792722522
2.802527337, 2.802698430
2.812527337, 2.812709813
2.822527337, 2.822702690
2.832527335, 2.832704714
2.842527335, 2.842685713
2.852527349, 2.852692560
2.862527348, 2.862701392
2.872527345, 2.872756578
2.882527343, 2.882735761
2.892527348, 2.892764482
2.902527334, 2.902771743
2.912527353, 2.912735751
2.922527334, 2.922683124
2.932527336, 2.932727744
2.942527336, 2.942740165
2.952527353, 2.952718092
2.962527353, 2.962722576
2.972527335, 2.972713381
2.982527347, 2.982711792
2.992527332, 2.992717398
3.002527349, 3.002737228
3.012527337, 3.012734496
3.022527365, 3.022714091
3.032527337, 3.032704649
3.042527364, 3.042732357
3.052527356, 3.052677723
3.062527357, 3.062754314
3.072527343, 3.072654046
3.082527345, 3.082665998
3.092527362, 3.092687583
3.102527360, 3.102685344
3.112527348, 3.112646881
3.122527359, 3.122682832
3.132527360, 3.132662902
3.142527356, 3.142712627
3.152527362, 3.152682810
3.162527364, 3.162666549
3.172527354, 3.172674380
3.182527335, 3.182706594
3.192527370, 3.192707796
3.202527354, 3.202727081
3.212527346, 3.212694999
3.222527343, 3.222649375
3.232527354, 3.232687946
3.242527332, 3.242685464
3.252527371, 3.252685603
3.262527362, 3.262680989
3.272527357, 3.272639041
3.282532929, 3.282706109
3.292527371, 3.292753530
3.302527349, 3.302683873
3.312527360, 3.312691821
3.322527419, 3.322674061
3.332527364, 3.332630086
3.342527367, 3.342703852
3.352527357, 3.352658076
3.362527362, 3.362659741
3.372530607, 3.372682737
3.382527357, 3.382681379
3.392527359, 3.392626339
3.402527356, 3.402662676
3.412527359, 3.412659311
3.422527364, 3.422649862
3.432527370, 3.432746253
3.442527365, 3.442670828
3.452527365, 3.452656043
3.462527357, 3.462655607
3.472527354, 3.472692406
3.482527373, 3.482626150
3.492527364, 3.492661278
3.502527359, 3.502608237
3.512527343, 3.512654759
3.522527360, 3.522674017
3.532527343, 3.532700245
3.542527360, 3.542625777
3.552532283, 3.552654931
3.562531020, 3.562636499
3.572527337, 3.572614206
3.582527357, 3.582606081
3.592527365, 3.592623965
3.602527343, 3.602596918
3.612531265, 3.612615603
3.622530269, 3.622705222
3.632527357, 3.632699628
3.642533374, 3.642694794
3.652527357, 3.652682740
3.662527360, 3.662655542
3.672527360, 3.672682219
3.682527359, 3.682675523
3.692527359, 3.692704076
3.702527357, 3.702696509
3.712531145, 3.712692395
3.722527365, 3.722671789
3.732527357, 3.732721690
3.742527343, 3.742700001
3.752527370, 3.752720210
3.762527401, 3.762710715
3.772527454, 3.772674088
3.782527342, 3.782677709
3.792527358, 3.792609772
3.802527350, 3.802708325
3.812527362, 3.812673925
3.822527364, 3.822680579
3.832527360, 3.832669045
3.842528663, 3.842647354
3.852533963, 3.852704791
3.862531486, 3.862680730
3.872529795, 3.872653498
3.882527356, 3.882713716
3.892532549, 3.892691789
3.902535299, 3.902686547
3.912527367, 3.912637390
3.922527356, 3.922693668
3.932530940, 3.932681371
3.942534818, 3.942733093
3.952527362, 3.952701497
3.962527359, 3.962641080
3.972527345, 3.972691047
3.982527359, 3.982642327
3.992527343, 3.992662778
4.002527365, 4.002611239
4.012527362, 4.012690028
4.022528237, 4.022698097
4.032527356, 4.032705214
4.042527362, 4.042633659
4.052527346, 4.052670357
4.062533381, 4.062699728
4.072527390, 4.072634205
4.082527360, 4.082694808
4.092527356, 4.092701622
4.102527364, 4.102684850
4.112527371, 4.112648799
4.122527368, 4.122659771
4.132531260, 4.132703523
4.142528663, 4.142678498
4.152527367, 4.152667913
4.162527356, 4.162674339
4.172527362, 4.172622136
4.182527354, 4.182648215
4.192529377, 4.192660574
4.202527360, 4.202628829
4.212527349, 4.212593786
4.222529667, 4.222660761
4.232527356, 4.232603002
4.242527354, 4.242708203
4.252529542, 4.252727391
4.262527334, 4.262709280
4.272527354, 4.272684648
4.282527360, 4.282722557
4.292527337, 4.292719803
4.302527357, 4.302779164
4.312527359, 4.312724576
4.322527336, 4.322705111
4.332527363, 4.332712185
4.342527346, 4.342764838
4.352527343, 4.352714050
4.362530731, 4.362686754
4.372527364, 4.372678365
4.382527364, 4.382693445
4.392527362, 4.392696502
4.402527349, 4.402737937
4.412527335, 4.412681705
4.422527356, 4.422696863
4.432527359, 4.432726489
4.442527343, 4.442688453
4.452527354, 4.452712857
4.462527355, 4.462712758
4.472527357, 4.472707908
4.482527360, 4.482684272
4.492527357, 4.492647594
4.502527359, 4.502685658
4.512527343, 4.512678264
4.522527365, 4.522671068
4.532527345, 4.532670228
4.542529173, 4.542711462
4.552531301, 4.552679991
4.562527368, 4.562698734
4.572527339, 4.572664956
4.582527362, 4.582633472
4.592527371, 4.592676347
4.602527417, 4.602711804
4.612527357, 4.612671925
4.622530523, 4.622701224
4.632527335, 4.632640532
4.642527352, 4.642649773
4.652527371, 4.652668655
4.662527357, 4.662637445
4.672527356, 4.672613569
4.682539344, 4.682692621
4.692527359, 4.692651022
4.702527354, 4.702628482
4.712527364, 4.712671614
4.722527360, 4.722644168
4.732527364, 4.732714110
4.742527362, 4.742672100
4.752527362, 4.752699135
4.762527348, 4.762694956
4.772527400, 4.772692240
4.782527357, 4.782768716
4.792527357, 4.792751755
4.802536213, 4.802775176
4.812527360, 4.812713110
4.822527362, 4.822711785
4.832527357, 4.832696256
4.842527362, 4.842706689
4.852527360, 4.852697710
4.862533518, 4.862754427
4.872527365, 4.872680216
4.882527359, 4.882689708
4.892527364, 4.892710941
4.902527356, 4.902706338
4.912527359, 4.912739045
4.922527351, 4.922695695
4.932533709, 4.932750673
4.942527364, 4.942748574
4.952527360, 4.952760186
4.962527362, 4.962683956
4.972527364, 4.972681526
4.982527338, 4.982665622
4.992527362, 4.992681949
5.002527360, 5.002750117
5.012527360, 5.012680353
5.022531748, 5.022758303
5.032527340, 5.032688246
5.042527362, 5.042709700
5.052527359, 5.052720681
5.062527354, 5.062696042
5.072527354, 5.072728195
5.082527360, 5.082701754
5.092531484, 5.092715687
5.102527356, 5.102696396
5.112527346, 5.112696780
5.122527354, 5.122685655
5.132527376, 5.132691636
5.142527360, 5.142674913
5.152527345, 5.152682420
5.162527338, 5.162681670
5.172527364, 5.172710932
5.182527362, 5.182782787
5.192527332, 5.192737763
5.202527338, 5.202735204
5.212527357, 5.212708380
5.222527353, 5.222786031
5.232532610, 5.232756359
5.242527346, 5.242747270
5.252527341, 5.252663820
5.262527351, 5.262662810
5.272527356, 5.272709381
5.282527334, 5.282670387
5.292527338, 5.292693271
5.302527360, 5.302808085
5.312527346, 5.312757580
5.322527364, 5.322772376
5.332527338, 5.332656841
5.342534876, 5.342725405
5.352527358, 5.352675651
5.362527363, 5.362606497
5.372527360, 5.372632261
5.382527363, 5.382612754
5.392527363, 5.392607312
5.402527363, 5.402614221
5.412527337, 5.412632132
5.422530894, 5.422691040
5.432527362, 5.432675575
5.442527340, 5.442623042
5.452527340, 5.452650062
5.462527365, 5.462624869
5.472527337, 5.472658654
5.482527356, 5.482623936
5.492527364, 5.492627951
5.502527359, 5.502653187
5.512527344, 5.512621581
5.522527337, 5.522670668
5.532527357, 5.532641602
5.542527336, 5.542609802
5.552527360, 5.552611037
5.562527358, 5.562659901
5.572527339, 5.572611040
5.582527336, 5.582605717
5.592527354, 5.592651605
5.602527357, 5.602618450
5.612527356, 5.612637549
5.622527364, 5.622601846
5.632527365, 5.632687248
5.642527346, 5.642600794
5.652527356, 5.652592005
5.662527360, 5.662604939
5.672527364, 5.672621666
5.682527357, 5.682605504
5.692527362, 5.692628254
5.702527364, 5.702609635
5.712527345, 5.712625733
5.722527368, 5.722631213
5.732527364, 5.732605084
5.742527356, 5.742596906
5.752527356, 5.752664743
5.762527360, 5.762590336
5.772527357, 5.772655115
5.782527376, 5.782616826
5.792527356, 5.792663446
5.802527359, 5.802606439
5.812527354, 5.812600398
5.822527362, 5.822646630
5.832527893, 5.832715990
5.842527341, 5.842692649
5.852527334, 5.852641790
5.862527359, 5.862618174
5.872527357, 5.872666683
5.882527364, 5.882599877
5.892527356, 5.892648068
5.902532187, 5.902644403
5.912527349, 5.912673201
5.922527360, 5.922683107
5.932530693, 5.932630201
5.942527346, 5.942679862
5.952532683, 5.952655696
5.962527353, 5.962619787
5.972527335, 5.972638814
5.982527360, 5.982668800
5.992543546, 5.992698864
6.002540585, 6.002740616
6.012527359, 6.012705745
6.022527341, 6.022644316
6.032527356, 6.032680284
6.042527348, 6.042708861
6.052529642, 6.052639005
6.062527359, 6.062615202
6.072527354, 6.072684428
6.082527357, 6.082629033
6.092536834, 6.092649025
6.102527356, 6.102726139
6.112527364, 6.112626788
6.122527340, 6.122631147
6.132527356, 6.132616550
6.142527349, 6.142628194
6.152527356, 6.152682005
6.162527364, 6.162690118
6.172530373, 6.172666274
6.182527343, 6.182656240
6.192527360, 6.192680241
6.202527354, 6.202646879
6.212527359, 6.212608788
6.222527413, 6.222676881
6.232528110, 6.232677746
6.242527346, 6.242691620
6.252527357, 6.252688614
6.262527354, 6.262683110
6.272527349, 6.272681285
6.282527357, 6.282658228
6.292527356, 6.292670619
6.302527360, 6.302709041
6.312527345, 6.312720370
6.322527357, 6.322662887
6.332527348, 6.332699255
6.342535599, 6.342716854
6.352527359, 6.352713025
6.362527357, 6.362711193
6.372527354, 6.372716715
6.382532817, 6.382748375
6.392536633, 6.392721862
6.402527331, 6.402691437
6.412527380, 6.412688444
6.422527341, 6.422725131
6.432527360, 6.432696627
6.442527362, 6.442669833
6.452527356, 6.452720730
6.462527368, 6.462719708
6.472527356, 6.472708006
6.482527337, 6.482721744
6.492527359, 6.492719423
6.502527364, 6.502740880
6.512527357, 6.512722634
6.522527332, 6.522706531
6.532527368, 6.532695023
6.542527360, 6.542692297
6.552527357, 6.552707778
6.562527364, 6.562676668
6.572531110, 6.572714752
6.582527330, 6.582696492
6.592527337, 6.592682631
6.602527371, 6.602694765
6.612531881, 6.612723627
6.622527356, 6.622683964
6.632527360, 6.632755955
6.642527357, 6.642704415
6.652527356, 6.652715883
6.662527341, 6.662734168
6.672527360, 6.672754453
6.682527341, 6.682688440
6.692527389, 6.692692676
6.702531128, 6.702754271
6.712527371, 6.712681657
6.722527348, 6.722711606
6.732527359, 6.732753934
6.742527356, 6.742710631
6.752527357, 6.752681728
6.762527354, 6.762699491
6.772527357, 6.772705434
6.782527359, 6.782680527
6.792527365, 6.792716637
6.802527354, 6.802666285
6.812531634, 6.812723510
6.822527357, 6.822694413
6.832530316, 6.832725017
6.842527401, 6.842708713
6.852527390, 6.852706236
6.862536598, 6.862751481
6.872527362, 6.872705885
6.882527360, 6.882750369
6.892527357, 6.892715156
6.902527354, 6.902735753
6.912527356, 6.912699833
6.922527353, 6.922695815
6.932527353, 6.932701777
6.942527359, 6.942694928
6.952527356, 6.952684679
6.962527356, 6.962712551
6.972527362, 6.972662519
6.982527349, 6.982700852
6.992527356, 6.992753116
7.002527349, 7.002676499
7.012527364, 7.012672081
7.022531764, 7.022729611
7.032527340, 7.032704355
7.042527360, 7.042685818
7.052527337, 7.052684959
7.062527360, 7.062702576
7.072527357, 7.072678770
7.082527356, 7.082707698
7.092527362, 7.092689741
7.102527337, 7.102691262
7.112527345, 7.112730753
7.122527360, 7.122707396
7.132527364, 7.132701990
7.142527365, 7.142663776
7.152527364, 7.152696357
7.162527360, 7.162707139
7.172527357, 7.172698774
7.182527354, 7.182700746
7.192527357, 7.192687864
7.202527356, 7.202712755
7.212527356, 7.212668818
7.222527362, 7.222698190
7.232527362, 7.232694708
7.242527364, 7.242704778
7.252527357, 7.252693666
7.262527362, 7.262650829
7.272527364, 7.272673993
7.282527360, 7.282649157
7.292527351, 7.292640674
7.302527330, 7.302647961
7.312527357, 7.312647651
7.322527341, 7.322674694
7.332527340, 7.332662999
7.342527397, 7.342622409
7.352527364, 7.352678081
7.362527362, 7.362697137
7.372527362, 7.372631127
7.382527356, 7.382659029
7.392527359, 7.392711581
7.402536089, 7.402644718
7.412527364, 7.412650796
7.422527357, 7.422654775
7.432527343, 7.432696088
7.442527341, 7.442652827
7.452527359, 7.452637206
7.462527367, 7.462687578
7.472527359, 7.472614460
7.482527334, 7.482657273
7.492527356, 7.492631654
7.502527345, 7.502716314
7.512527359, 7.512667166
7.522527373, 7.522675187
7.532527397, 7.532633822
7.542527364, 7.542671359
7.552527364, 7.552651567
7.562534878, 7.562702440
7.572527357, 7.572714359
7.582527395, 7.582647578
7.592527360, 7.592683378
7.602527360, 7.602674689
7.612527362, 7.612638824
7.622527362, 7.622668511
7.632527356, 7.632648202
7.642527351, 7.642638487
7.652527359, 7.652697315
7.662527362, 7.662720780
7.672527360, 7.672667149
7.682527356, 7.682664085
7.692527357, 7.692629639
7.702527357, 7.702683246
7.712527359, 7.712684764
7.722527395, 7.722692272
7.732527362, 7.732681613
7.742527359, 7.742738800
7.752527360, 7.752686266
7.762527359, 7.762708235
7.772527343, 7.772687908
7.782527360, 7.782689305
7.792527360, 7.792711111
7.802527358, 7.802687830
7.812527364, 7.812718732
7.822527360, 7.822710943
7.832535406, 7.832716488
7.842527356, 7.842698364
7.852527356, 7.852676699
7.862527355, 7.862711606
7.872527360, 7.872729375
7.882527366, 7.882695782
7.892527362, 7.892719635
7.902527365, 7.902687732
7.912527357, 7.912685814
7.922527357, 7.922642365
7.932527360, 7.932702018
7.942527358, 7.942696028
7.952533623, 7.952700326
7.962527358, 7.962714176
7.972527366, 7.972708408
7.982527362, 7.982675875
7.992527723, 7.992747147
8.002527351, 8.002718815
8.012527776, 8.012725528
8.022527673, 8.022701475
8.032530735, 8.032688816
8.042527353, 8.042731743
8.052534222, 8.052737086
8.062530742, 8.062725888
8.072527365, 8.072703203
8.082527345, 8.082704853
8.092527356, 8.092705284
8.102527359, 8.102686770
8.112527360, 8.112710462
8.122527365, 8.122707169
8.132527357, 8.132709859
8.142527359, 8.142671776
8.152527365, 8.152694347
8.162527354, 8.162688505
8.172527360, 8.172701516
8.182527359, 8.182681828
8.192527334, 8.192701406
8.202527356, 8.202699055
8.212527359, 8.212684018
8.222527362, 8.222691751
8.232527346, 8.232706045
8.242533174, 8.242735513
8.252527346, 8.252681330
8.262527343, 8.262682357
8.272527356, 8.272683118
8.282527360, 8.282691325
8.292527362, 8.292673485
8.302527365, 8.302703165
8.312527360, 8.312688202
8.322531458, 8.322700766
8.332527357, 8.332708920
8.342527360, 8.342689736
8.352527360, 8.352714533
8.362527365, 8.362681408
8.372527345, 8.372668462
8.382527359, 8.382702361
8.392527359, 8.392696063
8.402527359, 8.402688020
8.412527403, 8.412700650
8.422527362, 8.422707039
8.432527348, 8.432721622
8.442527698, 8.442702077
8.452527356, 8.452680566
8.462528374, 8.462731994
8.472527357, 8.472663459
8.482527357, 8.482649105
8.492527367, 8.492673539
8.502527362, 8.502716056
8.512527343, 8.512658689
8.522529285, 8.522690922
8.532527360, 8.532699039
8.542527362, 8.542639068
8.552527354, 8.552672635
8.562527356, 8.562661574
8.572527365, 8.572644080
8.582527364, 8.582687374
8.592527362, 8.592667735
8.602527365, 8.602659269
8.612527370, 8.612626312
8.622527359, 8.622667296
8.632527359, 8.632677042
8.642527362, 8.642614393
8.652527346, 8.652654511
8.662527362, 8.662656122
8.672530515, 8.672653621
8.682527359, 8.682649835
8.692527356, 8.692654639
8.702527356, 8.702655476
8.712527357, 8.712684035
8.722527360, 8.722714763
8.732527359, 8.732674394
8.742527360, 8.742681946
8.752527356, 8.752673715
8.762527365, 8.762660421
8.772527360, 8.772691634
8.782527357, 8.782646484
8.792527362, 8.792682047
8.802534386, 8.802702811
8.812527364, 8.812670605
8.822527346, 8.822686348
8.832527364, 8.832660222
8.842527359, 8.842698755
8.852527353, 8.852677590
8.862527360, 8.862681419
8.872527359, 8.872682529
8.882527357, 8.882696398
8.892527365, 8.892660781
8.902527362, 8.902670959
8.912527359, 8.912665151
8.922527357, 8.922646836
8.932527362, 8.932660570
8.942527354, 8.942700854
8.952527340, 8.952668522
8.962527362, 8.962697216
8.972527353, 8.972698513
8.982527354, 8.982702535
8.992527345, 8.992686553
9.002527362, 9.002710058
9.012531925, 9.012743272
9.022527365, 9.022717400
9.032527357, 9.032704182
9.042527365, 9.042721273
9.052527367, 9.052713645
9.062527356, 9.062719031
9.072533535, 9.072647285
9.082527360, 9.082668571
9.092527357, 9.092669389
9.102527360, 9.102653782
9.112527357, 9.112693300
9.122527799, 9.122641692
9.132527353, 9.132690084
9.142527346, 9.142638028
9.152527359, 9.152624301
9.162527356, 9.162634480
9.172527360, 9.172610435
9.182527360, 9.182640927
9.192527346, 9.192600014
9.202527340, 9.202589791
9.212527365, 9.212654297
9.222536002, 9.222684060
9.232527354, 9.232616233
9.242527370, 9.242608837
9.252527923, 9.252635236
9.262527353, 9.262649451
9.272527359, 9.272587909
9.282527365, 9.282663527
9.292528268, 9.292618443
9.302527360, 9.302610989
9.312527357, 9.312591631
9.322527346, 9.322702776
9.332527356, 9.332683105
9.342527356, 9.342677472
9.352527354, 9.352704153
9.362527360, 9.362711331
9.372527359, 9.372750841
9.382527354, 9.382686940
9.392527364, 9.392679488
9.402527359, 9.402683992
9.412527346, 9.412675732
9.422527364, 9.422670127
9.432532612, 9.432700722
9.442527357, 9.442687136
9.452527338, 9.452689746
9.462527360, 9.462685638
9.472527364, 9.472690728
9.482527364, 9.482695255
9.492527338, 9.492698992
9.502527364, 9.502708283
9.512527373, 9.512703144
9.522527362, 9.522693500
9.532527360, 9.532710827
9.542531729, 9.542719553
9.552527362, 9.552689449
9.562527365, 9.562693110
9.572527357, 9.572690679
9.582527368, 9.582692865
9.592527338, 9.592680313
9.602527371, 9.602716139
9.612527392, 9.612726373
9.622527360, 9.622706856
9.632530891, 9.632696751
9.642527357, 9.642717294
9.652538392, 9.652714921
9.662527364, 9.662662480
9.672527349, 9.672717038
9.682527370, 9.682707519
9.692527360, 9.692678487
9.702527364, 9.702718364
9.712527357, 9.712713645
9.722527356, 9.722709545
9.732527360, 9.732675149
9.742527362, 9.742712433
9.752527360, 9.752684940
9.762527356, 9.762670153
9.772543590, 9.772707871
9.782527889, 9.782702003
9.792533750, 9.792703697
9.802527364, 9.802656624
9.812527345, 9.812682087
9.822527365, 9.822698899
9.832527370, 9.832663317
9.842527356, 9.842698183
9.852527362, 9.852703858
9.862527364, 9.862676232
9.872527356, 9.872696129
9.882527362, 9.882712343
9.892530071, 9.892735172
9.902527341, 9.902688071
9.912527356, 9.912720938
9.922527359, 9.922696395
9.932527364, 9.932700023
9.942527356, 9.942672988
9.952527360, 9.952707848
9.962527364, 9.962686391
9.972527487, 9.972698581
9.982527351, 9.982705010
9.992527346, 9.992709532
10.002527343, 10.002718171
10.012527351, 10.012714719
10.022527337, 10.022704591
10.032527351, 10.032703692
10.042527332, 10.042702352
10.052527338, 10.052725653
10.062527357, 10.062707822
10.072527345, 10.072694771
10.082527330, 10.082721447
10.092527337, 10.092698210
10.102527340, 10.102702304
10.112527340, 10.112717807
10.122527348, 10.122709536
10.132527330, 10.132701396
10.142527337, 10.142697092
10.152527334, 10.152711553
10.162527343, 10.162699342
10.172527334, 10.172703338
10.182527349, 10.182707655
10.192527343, 10.192713205
10.202527343, 10.202709005
10.212527346, 10.212715853
10.222527351, 10.222716450
10.232527346, 10.232717643
10.242527346, 10.242715532
10.252527345, 10.252704325
10.262527343, 10.262707529
10.272527349, 10.272725708
10.282527341, 10.282722822
10.292527335, 10.292706316
10.302527346, 10.302701883
10.312527346, 10.312712092
10.322527334, 10.322720316
10.332527346, 10.332734338
10.342527338, 10.342714376
10.352527332, 10.352718313
10.362527348, 10.362715900
10.372527338, 10.372727255
10.382527348, 10.382708135
10.392527345, 10.392716161
10.402527346, 10.402712224
10.412527334, 10.412718564
10.422527346, 10.422726381
10.432527341, 10.432710516
10.442527348, 10.442710974
10.452527348, 10.452716877
10.462527353, 10.462710366
10.472527334, 10.472714880
10.482527348, 10.482719001
10.492527341, 10.492718188
10.502527351, 10.502725665
10.512527346, 10.512710382
10.522527349, 10.522716948
10.532527327, 10.532716953
10.542527330, 10.542711787
10.552527337, 10.552718494
10.562527345, 10.562702113
10.572527343, 10.572717747
10.582527335, 10.582717187
10.592527338, 10.592719601
10.602527348, 10.602681461
10.612527346, 10.612717713
10.622527345, 10.622713696
10.632527346, 10.632719511
10.642527351, 10.642699619
10.652527334, 10.652733839
10.662527353, 10.662704504
10.672527346, 10.672726856
10.682527343, 10.682712989
10.692527357, 10.692732418
10.702527354, 10.702716298
10.712527330, 10.712698082
10.722527343, 10.722700721
10.732527340, 10.732721314
10.742527346, 10.742717037
10.752527353, 10.752709125
10.762527351, 10.762719189
10.772527354, 10.772698733
10.782527338, 10.782713456
10.792527346, 10.792716922
10.802527346, 10.802708340
10.812527354, 10.812703534
10.822527338, 10.822702252
10.832527362, 10.832704396
10.842527343, 10.842711077
10.852527332, 10.852729870
10.862527330, 10.862722773
10.872527345, 10.872700023
10.882527351, 10.882709465
10.892527338, 10.892730435
10.902527349, 10.902705571
10.912527345, 10.912715257
10.922527353, 10.922712341
10.932527353, 10.932704106
10.942527357, 10.942703927
10.952527340, 10.952709725
10.962527353, 10.962700223
10.972527338, 10.972713112
10.982527334, 10.982709678
10.992527351, 10.992709431
11.002527351, 11.002696208
11.012527334, 11.012698768
11.022527349, 11.022695556
11.032527343, 11.032697354
11.042527348, 11.042696235
11.052527346, 11.052701164
11.062527338, 11.062696560
11.072527337, 11.072696387
11.082527346, 11.082697975
11.092527340, 11.092696625
11.102527345, 11.102698127
11.112527351, 11.112697432
11.122527346, 11.122697771
11.132527343, 11.132704665
11.142527346, 11.142696166
11.152527329, 11.152697744
11.162527340, 11.162696581
11.172527343, 11.172696429
11.182527362, 11.182695954
11.192527338, 11.192698736
11.202527343, 11.202696052
11.212527340, 11.212702576
11.222527349, 11.222697239
11.232527346, 11.232696527
11.242527349, 11.242687651
11.252527329, 11.252696148
11.262527345, 11.262696788
11.272527337, 11.272696865
11.282527348, 11.282698859
11.292527345, 11.292702391
11.302527337, 11.302697201
11.312527341, 11.312697108
11.322527338, 11.322695799
11.332527348, 11.332696889
11.342527335, 11.342698689
11.352527349, 11.352697152
11.362527349, 11.362696235
11.372527340, 11.372702783
11.382527351, 11.382696380
11.392527337, 11.392698043
11.402527338, 11.402696745
11.412527351, 11.412698701
11.422527345, 11.422695393
11.432527334, 11.432706353
11.442527335, 11.442704142
11.452527346, 11.452710400
11.462527330, 11.462706823
11.472527343, 11.472704927
11.482527346, 11.482703626
11.492527329, 11.492703624
11.502527351, 11.502703255
11.512527341, 11.512704474
11.522527348, 11.522704467
11.532527348, 11.532710645
11.542527329, 11.542704103
11.552527340, 11.552706682
11.562527351, 11.562704723
11.572527338, 11.572706646
11.582527384, 11.582714369
11.592527335, 11.592707723
11.602527335, 11.602704254
11.612527332, 11.612712162
11.622527346, 11.622705056
11.632527338, 11.632703825
11.642527345, 11.642705276
11.652527348, 11.652703986
11.662527348, 11.662705335
11.672527332, 11.672703803
11.682527353, 11.682702844
11.692527341, 11.692710385
11.702527337, 11.702703336
11.712527343, 11.712704938
11.722527349, 11.722703305
11.732527326, 11.732704964
11.742527348, 11.742706882
11.752527341, 11.752707736
11.762527351, 11.762705909
11.772527351, 11.772712382
11.782527326, 11.782704944
11.792527335, 11.792704007
11.802527348, 11.802704305
11.812527343, 11.812703288
11.822527348, 11.822705989
11.832527346, 11.832703676
11.842527351, 11.842699933
11.852527343, 11.852708487
11.862527330, 11.862702314
11.872527337, 11.872703512
11.882527353, 11.882703345
11.892527346, 11.892704213
11.902527346, 11.902703771
11.912527330, 11.912705094
11.922527349, 11.922702355
11.932527332, 11.932709567
11.942527340, 11.942704464
11.952527353, 11.952704071
11.962527346, 11.962703608
11.972527340, 11.972705588
11.982527346, 11.982704384
11.992527338, 11.992704561
12.002527338, 12.002706453
12.012527357, 12.012710261
12.022527335, 12.022705363
12.032527326, 12.032703774
12.042527345, 12.042701742
12.052527340, 12.052705527
------------------------------
