------------------------------
test was performed using the following parameters: --mps=100 --burst=1 --reply-every=1 --msg-size=12 --time=10
------------------------------
sockperf: [Total Run] RunTime=10.100 sec; SentMessages=1011; ReceivedMessages=1010
sockperf: ========= Printing statistics for Server No: 0
sockperf: [Valid Duration] RunTime=9.990 sec; SentMessages=1000; ReceivedMessages=1000
sockperf: [2;35m====> avg-lat= 50.102 (std-dev=18.353)[0m
sockperf: # dropped messages = 0; # duplicated messages = 0; # out-of-order messages = 0
sockperf: [2;35mTotal 1000 observations[0m; each percentile contains 10.00 observations
sockperf: ---> <MAX> observation =  120.013
sockperf: ---> percentile  99.99 =  120.013
sockperf: ---> percentile  99.90 =  106.620
sockperf: ---> percentile  99.50 =   97.621
sockperf: ---> percentile  99.00 =   92.061
sockperf: ---> percentile  95.00 =   82.284
sockperf: ---> percentile  90.00 =   76.273
sockperf: ---> percentile  75.00 =   71.188
sockperf: ---> percentile  50.00 =   40.360
sockperf: ---> percentile  25.00 =   35.948
sockperf: ---> <MIN> observation =   26.357
------------------------------
txTime, rxTime
2.063518192, 2.063589297
2.073518179, 2.073654145
2.083518189, 2.083582985
2.093518183, 2.093598904
2.103518189, 2.103609205
2.113518496, 2.113606028
2.123518192, 2.123651834
2.133518183, 2.133592737
2.143518194, 2.143607295
2.153518187, 2.153601926
2.163518190, 2.163605476
2.173518256, 2.173604206
2.183518193, 2.183604218
2.193518186, 2.193594296
2.203518179, 2.203591347
2.213518187, 2.213593003
2.223518188, 2.223600093
2.233518183, 2.233595613
2.243518180, 2.243594317
2.253518183, 2.253586280
2.263518182, 2.263589535
2.273518189, 2.273588363
2.283518187, 2.283595625
2.293518194, 2.293608369
2.303518191, 2.303615405
2.313518184, 2.313601079
2.323518187, 2.323608229
2.333518172, 2.333592303
2.343518187, 2.343603857
2.353518183, 2.353598123
2.363518194, 2.363579353
2.373518181, 2.373592379
2.383518190, 2.383594041
2.393518160, 2.393583337
2.403518183, 2.403613348
2.413518189, 2.413596780
2.423518185, 2.423594133
2.433518190, 2.433616426
2.443518172, 2.443587051
2.453518176, 2.453592310
2.463518193, 2.463581857
2.473518273, 2.473589485
2.483518187, 2.483644303
2.493518186, 2.493595463
2.503518191, 2.503599908
2.513518173, 2.513605287
2.523518163, 2.523592936
2.533518222, 2.533616862
2.543518185, 2.543604350
2.553518162, 2.553591333
2.563518168, 2.563582842
2.573518151, 2.573580164
2.583518165, 2.583593989
2.593518161, 2.593579925
2.603518255, 2.603590598
2.613518170, 2.613597200
2.623518166, 2.623588615
2.633518164, 2.633604322
2.643518166, 2.643597453
2.653518167, 2.653599723
2.663518163, 2.663591135
2.673518166, 2.673600490
2.683518162, 2.683585438
2.693518161, 2.693602409
2.703518165, 2.703587693
2.713518161, 2.713580074
2.723518155, 2.723588706
2.733518153, 2.733589828
2.743518160, 2.743598459
2.753518153, 2.753607644
2.763518162, 2.763593902
2.773518158, 2.773591679
2.783518152, 2.783591749
2.793518159, 2.793592124
2.803518162, 2.803586095
2.813518153, 2.813597907
2.823518157, 2.823589872
2.833518162, 2.833583756
2.843518160, 2.843592725
2.853518164, 2.853589282
2.863518158, 2.863581510
2.873518155, 2.873590640
2.883518163, 2.883589313
2.893518161, 2.893591262
2.903518163, 2.903583727
2.913518164, 2.913580396
2.923518157, 2.923591973
2.933518156, 2.933592230
2.943518157, 2.943588353
2.953518166, 2.953623788
2.963518171, 2.963624601
2.973518164, 2.973575514
2.983518162, 2.983582814
2.993518177, 2.993601324
3.003518163, 3.003590835
3.013518161, 3.013576543
3.023518166, 3.023585058
3.033518161, 3.033592159
3.043518163, 3.043595985
3.053518164, 3.053589471
3.063518163, 3.063585912
3.073518162, 3.073586899
3.083518166, 3.083585364
3.093518164, 3.093580292
3.103518162, 3.103590058
3.113518156, 3.113590171
3.123518166, 3.123575684
3.133518159, 3.133599276
3.143518158, 3.143587423
3.153518169, 3.153580247
3.163518165, 3.163575879
3.173518166, 3.173594985
3.183518165, 3.183588520
3.193518169, 3.193583419
3.203518162, 3.203589845
3.213518161, 3.213584640
3.223518162, 3.223581911
3.233518161, 3.233585354
3.243518160, 3.243581676
3.253518153, 3.253593346
3.263518157, 3.263595418
3.273518158, 3.273605990
3.283518162, 3.283597131
3.293518153, 3.293582796
3.303518168, 3.303595930
3.313518167, 3.313593292
3.323518160, 3.323586944
3.333518162, 3.333590078
3.343518155, 3.343600308
3.353518159, 3.353581703
3.363518166, 3.363602350
3.373518164, 3.373589042
3.383518162, 3.383585318
3.393518169, 3.393587692
3.403518165, 3.403598705
3.413518159, 3.413595147
3.423518168, 3.423593667
3.433518166, 3.433607614
3.443518163, 3.443585967
3.453518166, 3.453592383
3.463518168, 3.463592759
3.473518150, 3.473594320
3.483518155, 3.483594490
3.493518158, 3.493597179
3.503518160, 3.503596252
3.513518167, 3.513597388
3.523518163, 3.523597018
3.533518155, 3.533593793
3.543518163, 3.543589605
3.553518159, 3.553587262
3.563518166, 3.563593847
3.573518162, 3.573590095
3.583518155, 3.583595605
3.593518150, 3.593592860
3.603518166, 3.603583318
3.613518162, 3.613593409
3.623518166, 3.623590214
3.633518167, 3.633592997
3.643518165, 3.643588995
3.653518158, 3.653592400
3.663518166, 3.663576970
3.673518166, 3.673585093
3.683518168, 3.683579004
3.693518162, 3.693619656
3.703518162, 3.703596583
3.713518162, 3.713595924
3.723518163, 3.723578292
3.733518166, 3.733591647
3.743518170, 3.743588839
3.753518166, 3.753586021
3.763518165, 3.763584653
3.773518166, 3.773571065
3.783518162, 3.783593614
3.793518162, 3.793580584
3.803518163, 3.803598884
3.813518164, 3.813590483
3.823518162, 3.823596096
3.833518161, 3.833589945
3.843518168, 3.843593794
3.853518164, 3.853586086
3.863518163, 3.863588934
3.873518230, 3.873590460
3.883518163, 3.883591896
3.893518158, 3.893581323
3.903518160, 3.903593795
3.913518245, 3.913589798
3.923518168, 3.923586400
3.933518166, 3.933599415
3.943518165, 3.943595311
3.953518158, 3.953583353
3.963518170, 3.963594799
3.973518166, 3.973591377
3.983518162, 3.983585946
3.993518185, 3.993629318
4.003518185, 4.003593164
4.013518185, 4.013631684
4.023518181, 4.023598857
4.033518178, 4.033588794
4.043518181, 4.043589600
4.053518183, 4.053595721
4.063518419, 4.063600957
4.073518185, 4.073593793
4.083518185, 4.083586790
4.093518178, 4.093603940
4.103518252, 4.103605791
4.113518186, 4.113582291
4.123518187, 4.123591760
4.133518180, 4.133584487
4.143518362, 4.143591220
4.153518278, 4.153590310
4.163518190, 4.163586900
4.173518207, 4.173591956
4.183518184, 4.183598510
4.193518185, 4.193598596
4.203518263, 4.203602836
4.213518287, 4.213598894
4.223518282, 4.223588762
4.233518186, 4.233593188
4.243518487, 4.243589507
4.253518275, 4.253588821
4.263518195, 4.263606068
4.273518436, 4.273606766
4.283518187, 4.283584549
4.293518271, 4.293583693
4.303518184, 4.303591850
4.313518172, 4.313580631
4.323518192, 4.323602072
4.333518186, 4.333583408
4.343518181, 4.343585174
4.353518180, 4.353597112
4.363518190, 4.363588825
4.373518186, 4.373613186
4.383518252, 4.383588029
4.393518185, 4.393607540
4.403518187, 4.403593152
4.413518185, 4.413583830
4.423518185, 4.423593230
4.433518385, 4.433593660
4.443518271, 4.443592202
4.453518178, 4.453600122
4.463518188, 4.463579835
4.473518262, 4.473593739
4.483518181, 4.483599451
4.493518169, 4.493598616
4.503518193, 4.503579572
4.513518192, 4.513598154
4.523518181, 4.523584069
4.533518188, 4.533595400
4.543518274, 4.543587432
4.553518170, 4.553598518
4.563518188, 4.563610673
4.573518181, 4.573595466
4.583518168, 4.583586726
4.593518162, 4.593586511
4.603518157, 4.603594498
4.613518153, 4.613581476
4.623518163, 4.623593320
4.633518158, 4.633596895
4.643518163, 4.643577951
4.653518162, 4.653589787
4.663518160, 4.663622027
4.673518155, 4.673600795
4.683518155, 4.683589595
4.693518153, 4.693594236
4.703518162, 4.703582020
4.713518162, 4.713605080
4.723518162, 4.723603723
4.733518162, 4.733588628
4.743518166, 4.743593257
4.753518164, 4.753579239
4.763518166, 4.763582936
4.773518164, 4.773593221
4.783518170, 4.783599774
4.793518166, 4.793600209
4.803518165, 4.803586812
4.813518167, 4.813589334
4.823518168, 4.823590860
4.833518155, 4.833593584
4.843518163, 4.843579039
4.853518164, 4.853584252
4.863518163, 4.863598840
4.873518167, 4.873600304
4.883518160, 4.883588128
4.893518161, 4.893588208
4.903518155, 4.903604200
4.913518155, 4.913591415
4.923518160, 4.923589488
4.933518167, 4.933583986
4.943518155, 4.943593816
4.953518159, 4.953602540
4.963518166, 4.963590074
4.973518173, 4.973596114
4.983518160, 4.983604936
4.993518191, 4.993612176
5.003518177, 5.003603652
5.013518183, 5.013607406
5.023518185, 5.023601401
5.033518425, 5.033598480
5.043518181, 5.043593929
5.053518186, 5.053606455
5.063518247, 5.063601461
5.073518183, 5.073590415
5.083518190, 5.083592137
5.093518180, 5.093597372
5.103518190, 5.103605769
5.113518335, 5.113601768
5.123518187, 5.123601423
5.133518170, 5.133589757
5.143518278, 5.143591032
5.153518251, 5.153591565
5.163518203, 5.163592170
5.173518185, 5.173602980
5.183518188, 5.183587145
5.193518273, 5.193603126
5.203518247, 5.203616015
5.213518210, 5.213599892
5.223518194, 5.223595283
5.233518379, 5.233604946
5.243518205, 5.243590540
5.253518187, 5.253602258
5.263518192, 5.263596999
5.273518182, 5.273594838
5.283518195, 5.283595272
5.293518187, 5.293594224
5.303518184, 5.303585200
5.313518384, 5.313599867
5.323518192, 5.323586049
5.333518190, 5.333591202
5.343518189, 5.343595837
5.353518179, 5.353603727
5.363518247, 5.363596603
5.373518188, 5.373593653
5.383518328, 5.383589515
5.393518318, 5.393594259
5.403518183, 5.403637867
5.413518169, 5.413661292
5.423518183, 5.423605077
5.433518172, 5.433612943
5.443518194, 5.443621972
5.453518182, 5.453637369
5.463518178, 5.463595922
5.473518232, 5.473599739
5.483518333, 5.483603719
5.493518179, 5.493607144
5.503518192, 5.503597027
5.513518177, 5.513612463
5.523518189, 5.523577419
5.533518187, 5.533590045
5.543518186, 5.543592255
5.553518428, 5.553606713
5.563518369, 5.563584333
5.573518210, 5.573593367
5.583518378, 5.583587150
5.593518187, 5.593601782
5.603518190, 5.603602933
5.613518270, 5.613612283
5.623518160, 5.623616643
5.633518155, 5.633586827
5.643518157, 5.643588264
5.653518158, 5.653585316
5.663518157, 5.663591128
5.673518159, 5.673582993
5.683518157, 5.683584857
5.693518159, 5.693598877
5.703518170, 5.703596500
5.713518153, 5.713597001
5.723518162, 5.723585643
5.733518159, 5.733588082
5.743518170, 5.743588397
5.753518148, 5.753590962
5.763518162, 5.763598991
5.773518169, 5.773595728
5.783518163, 5.783597447
5.793518170, 5.793593180
5.803518165, 5.803588886
5.813518158, 5.813595121
5.823518162, 5.823595057
5.833518166, 5.833583576
5.843518170, 5.843586499
5.853518169, 5.853592831
5.863518158, 5.863590448
5.873518164, 5.873593545
5.883518160, 5.883597265
5.893518162, 5.893587815
5.903518166, 5.903591188
5.913518159, 5.913599189
5.923518155, 5.923590487
5.933518159, 5.933588979
5.943518166, 5.943580398
5.953518166, 5.953590794
5.963518177, 5.963592137
5.973518167, 5.973593557
5.983518162, 5.983594046
5.993518166, 5.993629888
6.003518160, 6.003615391
6.013518153, 6.013645091
6.023518155, 6.023592161
6.033518162, 6.033585151
6.043518168, 6.043585007
6.053518159, 6.053594797
6.063518165, 6.063588804
6.073518167, 6.073578575
6.083518157, 6.083589651
6.093518156, 6.093587139
6.103518163, 6.103594842
6.113518156, 6.113591552
6.123518163, 6.123576945
6.133518161, 6.133587422
6.143518157, 6.143580823
6.153518159, 6.153586381
6.163518162, 6.163587937
6.173518164, 6.173591274
6.183518165, 6.183589036
6.193518162, 6.193597532
6.203518170, 6.203593958
6.213518161, 6.213585646
6.223518162, 6.223598784
6.233518158, 6.233602671
6.243518166, 6.243579839
6.253518156, 6.253590875
6.263518158, 6.263592579
6.273518169, 6.273579700
6.283518160, 6.283586736
6.293518164, 6.293591597
6.303518170, 6.303592805
6.313518162, 6.313580293
6.323518162, 6.323588278
6.333518162, 6.333590564
6.343518166, 6.343581361
6.353518161, 6.353592623
6.363518166, 6.363592147
6.373518161, 6.373593927
6.383518165, 6.383596012
6.393518167, 6.393589282
6.403518165, 6.403585776
6.413518162, 6.413583710
6.423518163, 6.423587075
6.433518166, 6.433601826
6.443518163, 6.443602979
6.453518167, 6.453582584
6.463518165, 6.463600883
6.473518162, 6.473593389
6.483518162, 6.483583739
6.493518161, 6.493587480
6.503518160, 6.503587576
6.513518159, 6.513585016
6.523518166, 6.523594820
6.533518158, 6.533585289
6.543518162, 6.543590828
6.553518161, 6.553594928
6.563518154, 6.563585552
6.573518162, 6.573589620
6.583518162, 6.583586857
6.593518153, 6.593585357
6.603518166, 6.603601150
6.613518169, 6.613586808
6.623518152, 6.623591253
6.633518169, 6.633593545
6.643518166, 6.643591045
6.653518159, 6.653591724
6.663518154, 6.663575071
6.673518169, 6.673598940
6.683518158, 6.683592153
6.693518164, 6.693595084
6.703518163, 6.703595879
6.713518158, 6.713585136
6.723518163, 6.723581987
6.733518166, 6.733597772
6.743518163, 6.743590558
6.753518158, 6.753591775
6.763518160, 6.763590181
6.773518158, 6.773582527
6.783518166, 6.783606916
6.793518166, 6.793595503
6.803518160, 6.803591771
6.813518162, 6.813588934
6.823518166, 6.823577372
6.833518161, 6.833581534
6.843518168, 6.843581695
6.853518166, 6.853600527
6.863518165, 6.863597502
6.873518164, 6.873593347
6.883518160, 6.883587123
6.893518167, 6.893598673
6.903518165, 6.903602376
6.913518167, 6.913584079
6.923518168, 6.923591673
6.933518170, 6.933581569
6.943518225, 6.943588927
6.953518167, 6.953594077
6.963518176, 6.963591128
6.973518167, 6.973576738
6.983518160, 6.983605206
6.993518169, 6.993600282
7.003518170, 7.003590787
7.013518156, 7.013591532
7.023518151, 7.023592346
7.033518161, 7.033586686
7.043518163, 7.043590290
7.053518161, 7.053592539
7.063518154, 7.063580394
7.073518155, 7.073591001
7.083518160, 7.083593778
7.093518158, 7.093589444
7.103518165, 7.103588569
7.113518169, 7.113591876
7.123518163, 7.123604214
7.133518159, 7.133600242
7.143518168, 7.143585252
7.153518162, 7.153589814
7.163518162, 7.163578791
7.173518169, 7.173587722
7.183518166, 7.183608304
7.193518164, 7.193585532
7.203518170, 7.203574801
7.213518164, 7.213594904
7.223518166, 7.223580493
7.233518161, 7.233592558
7.243518163, 7.243595091
7.253518159, 7.253576187
7.263518162, 7.263580858
7.273518161, 7.273583241
7.283518162, 7.283577520
7.293518219, 7.293581675
7.303518154, 7.303587729
7.313518161, 7.313585245
7.323518163, 7.323605319
7.333518162, 7.333588243
7.343518163, 7.343582786
7.353518161, 7.353603092
7.363518157, 7.363596978
7.373518164, 7.373589268
7.383518165, 7.383594038
7.393518164, 7.393599630
7.403518168, 7.403582705
7.413518164, 7.413593684
7.423518163, 7.423596216
7.433518162, 7.433579411
7.443518170, 7.443591503
7.453518162, 7.453588554
7.463518163, 7.463603448
7.473518166, 7.473583020
7.483518166, 7.483593767
7.493518162, 7.493586331
7.503518163, 7.503579252
7.513518167, 7.513674725
7.523518165, 7.523657184
7.533518155, 7.533670702
7.543518166, 7.543666040
7.553518156, 7.553665042
7.563518157, 7.563679164
7.573518155, 7.573672979
7.583518165, 7.583664202
7.593518167, 7.593677663
7.603518162, 7.603607119
7.613518166, 7.613583442
7.623518168, 7.623599962
7.633518169, 7.633643581
7.643518168, 7.643636799
7.653518166, 7.653637026
7.663518166, 7.663639024
7.673518159, 7.673625402
7.683518166, 7.683632675
7.693518162, 7.693653813
7.703518166, 7.703649828
7.713518167, 7.713648282
7.723518158, 7.723649392
7.733518162, 7.733638186
7.743518162, 7.743660292
7.753518169, 7.753642219
7.763518170, 7.763643663
7.773518159, 7.773673814
7.783518157, 7.783652211
7.793518150, 7.793639304
7.803518154, 7.803666902
7.813518159, 7.813718811
7.823518162, 7.823641312
7.833518161, 7.833665329
7.843518165, 7.843645087
7.853518158, 7.853702281
7.863518162, 7.863674899
7.873518159, 7.873639571
7.883518162, 7.883620434
7.893518161, 7.893715260
7.903518160, 7.903643874
7.913518158, 7.913645392
7.923518163, 7.923592161
7.933518161, 7.933713711
7.943518163, 7.943687103
7.953518167, 7.953656981
7.963518174, 7.963690605
7.973518166, 7.973641260
7.983518166, 7.983758194
7.993518181, 7.993645792
8.003518163, 8.003597376
8.013518169, 8.013600516
8.023518162, 8.023591626
8.033518150, 8.033590112
8.043518158, 8.043593539
8.053518159, 8.053594745
8.063518165, 8.063597247
8.073518159, 8.073589539
8.083518162, 8.083584830
8.093518150, 8.093591162
8.103518154, 8.103597010
8.113518167, 8.113587264
8.123518163, 8.123594364
8.133518167, 8.133576802
8.143518162, 8.143581513
8.153518164, 8.153587166
8.163518168, 8.163579231
8.173518166, 8.173601881
8.183518168, 8.183583051
8.193518159, 8.193586779
8.203518163, 8.203593091
8.213518153, 8.213597715
8.223518163, 8.223593584
8.233518166, 8.233603654
8.243518165, 8.243586632
8.253518159, 8.253602331
8.263518163, 8.263625954
8.273518164, 8.273584542
8.283518160, 8.283682909
8.293518162, 8.293678115
8.303518157, 8.303666831
8.313518161, 8.313675232
8.323518158, 8.323663765
8.333518153, 8.333680707
8.343518157, 8.343673202
8.353518158, 8.353678953
8.363518162, 8.363661193
8.373518162, 8.373678721
8.383518160, 8.383668364
8.393518153, 8.393681554
8.403518158, 8.403682728
8.413518169, 8.413600542
8.423518162, 8.423595136
8.433518159, 8.433581477
8.443518162, 8.443599381
8.453518159, 8.453581476
8.463518166, 8.463588157
8.473518156, 8.473591022
8.483518168, 8.483584758
8.493518164, 8.493596707
8.503518166, 8.503602222
8.513518167, 8.513571301
8.523518165, 8.523617284
8.533518164, 8.533604101
8.543518162, 8.543588826
8.553518164, 8.553577726
8.563518166, 8.563590397
8.573518167, 8.573580824
8.583518170, 8.583578521
8.593518167, 8.593572430
8.603518168, 8.603620734
8.613518159, 8.613685273
8.623518170, 8.623632394
8.633518166, 8.633637313
8.643518166, 8.643654865
8.653518161, 8.653670492
8.663518170, 8.663604194
8.673518166, 8.673617023
8.683518162, 8.683705407
8.693518167, 8.693617144
8.703518160, 8.703605623
8.713518162, 8.713628323
8.723518163, 8.723631212
8.733518166, 8.733711087
8.743518165, 8.743611056
8.753518161, 8.753623702
8.763518168, 8.763670801
8.773518159, 8.773682771
8.783518165, 8.783651988
8.793518166, 8.793620157
8.803518166, 8.803703046
8.813518159, 8.813665585
8.823518168, 8.823677058
8.833518169, 8.833731410
8.843518160, 8.843656788
8.853518162, 8.853634748
8.863518160, 8.863664468
8.873518166, 8.873651938
8.883518162, 8.883681207
8.893518161, 8.893602983
8.903518166, 8.903662480
8.913518166, 8.913636656
8.923518163, 8.923637783
8.933518164, 8.933660679
8.943518162, 8.943654911
8.953518155, 8.953713398
8.963518154, 8.963697184
8.973518169, 8.973655854
8.983518165, 8.983699926
8.993518169, 8.993624551
9.003518157, 9.003598192
9.013518156, 9.013594225
9.023518163, 9.023591059
9.033518158, 9.033595046
9.043518160, 9.043584374
9.053518155, 9.053590943
9.063518155, 9.063587284
9.073518153, 9.073575969
9.083518155, 9.083651322
9.093518155, 9.093638115
9.103518170, 9.103645777
9.113518159, 9.113641387
9.123518163, 9.123630664
9.133518169, 9.133633113
9.143518160, 9.143639949
9.153518162, 9.153631252
9.163518155, 9.163650881
9.173518151, 9.173634628
9.183518165, 9.183642141
9.193518170, 9.193642738
9.203518171, 9.203626287
9.213518161, 9.213627661
9.223518168, 9.223621321
9.233518164, 9.233669628
9.243518163, 9.243662950
9.253518159, 9.253613665
9.263518155, 9.263665764
9.273518164, 9.273661401
9.283518163, 9.283616812
9.293518164, 9.293599930
9.303518170, 9.303588751
9.313518158, 9.313605285
9.323518158, 9.323608681
9.333518161, 9.333602297
9.343518165, 9.343599961
9.353518164, 9.353593996
9.363518163, 9.363584241
9.373518158, 9.373591516
9.383518157, 9.383585179
9.393518151, 9.393597663
9.403518170, 9.403577367
9.413518162, 9.413610215
9.423518170, 9.423582189
9.433518161, 9.433572520
9.443518160, 9.443618033
9.453518161, 9.453570875
9.463518165, 9.463580586
9.473518162, 9.473594895
9.483518165, 9.483588106
9.493518162, 9.493594085
9.503518163, 9.503633881
9.513518164, 9.513619225
9.523518168, 9.523675364
9.533518159, 9.533667514
9.543518170, 9.543629298
9.553518156, 9.553657656
9.563518166, 9.563653205
9.573518158, 9.573669254
9.583518157, 9.583679863
9.593518153, 9.593684007
9.603518155, 9.603657740
9.613518155, 9.613665027
9.623518162, 9.623672337
9.633518153, 9.633668214
9.643518165, 9.643683490
9.653518153, 9.653682315
9.663518155, 9.663664872
9.673518167, 9.673677862
9.683518165, 9.683661861
9.693518162, 9.693680234
9.703518162, 9.703680713
9.713518153, 9.713673293
9.723518165, 9.723661315
9.733518159, 9.733675895
9.743518160, 9.743673987
9.753518161, 9.753677630
9.763518155, 9.763667651
9.773518150, 9.773673111
9.783518162, 9.783677655
9.793518156, 9.793677302
9.803518160, 9.803675713
9.813518164, 9.813636600
9.823518163, 9.823669784
9.833518159, 9.833655066
9.843518162, 9.843679557
9.853518162, 9.853675990
9.863518170, 9.863632798
9.873518164, 9.873614048
9.883518162, 9.883590353
9.893518166, 9.893597680
9.903518163, 9.903596636
9.913518161, 9.913595866
9.923518165, 9.923598502
9.933518161, 9.933599935
9.943518166, 9.943587960
9.953518170, 9.953589339
9.963518170, 9.963586832
9.973518159, 9.973598075
9.983518157, 9.983591785
9.993518164, 9.993610145
10.003518185, 10.003601491
10.013518159, 10.013644256
10.023518166, 10.023678040
10.033518167, 10.033675453
10.043518170, 10.043680658
10.053518166, 10.053668525
10.063518166, 10.063668140
10.073518158, 10.073668711
10.083518163, 10.083671007
10.093518164, 10.093667737
10.103518166, 10.103670407
10.113518167, 10.113670584
10.123518158, 10.123665843
10.133518162, 10.133662110
10.143518168, 10.143662112
10.153518159, 10.153658993
10.163518154, 10.163663591
10.173518169, 10.173665218
10.183518160, 10.183661075
10.193518151, 10.193659762
10.203518160, 10.203663508
10.213518158, 10.213676713
10.223518162, 10.223668338
10.233518156, 10.233660482
10.243518160, 10.243663214
10.253518161, 10.253665201
10.263518154, 10.263662946
10.273518155, 10.273669578
10.283518168, 10.283666408
10.293518166, 10.293660925
10.303518152, 10.303660543
10.313518155, 10.313673757
10.323518163, 10.323660598
10.333518156, 10.333662372
10.343518154, 10.343663955
10.353518164, 10.353662395
10.363518157, 10.363665385
10.373518151, 10.373678974
10.383518160, 10.383661921
10.393518151, 10.393665256
10.403518154, 10.403665185
10.413518153, 10.413624887
10.423518154, 10.423661981
10.433518155, 10.433662667
10.443518154, 10.443658192
10.453518161, 10.453666148
10.463518154, 10.463667355
10.473518159, 10.473665053
10.483518155, 10.483664468
10.493518151, 10.493672931
10.503518168, 10.503664899
10.513518164, 10.513620323
10.523518152, 10.523659024
10.533518166, 10.533664306
10.543518163, 10.543666787
10.553518151, 10.553665061
10.563518165, 10.563664499
10.573518155, 10.573667260
10.583518154, 10.583662330
10.593518167, 10.593664764
10.603518168, 10.603664215
10.613518148, 10.613620443
10.623518160, 10.623660825
10.633518159, 10.633659414
10.643518162, 10.643659627
10.653518156, 10.653661615
10.663518168, 10.663663489
10.673518150, 10.673665706
10.683518157, 10.683663396
10.693518151, 10.693669879
10.703518163, 10.703664123
10.713518153, 10.713623004
10.723518163, 10.723663434
10.733518148, 10.733665915
10.743518154, 10.743664532
10.753518156, 10.753666643
10.763518162, 10.763665982
10.773518151, 10.773667009
10.783518157, 10.783660991
10.793518162, 10.793660704
10.803518168, 10.803660546
10.813518162, 10.813621428
10.823518158, 10.823661913
10.833518169, 10.833663111
10.843518162, 10.843664760
10.853518148, 10.853662294
10.863518165, 10.863663279
10.873518159, 10.873661139
10.883518166, 10.883659818
10.893518167, 10.893661983
10.903518170, 10.903666945
10.913518156, 10.913627789
10.923518162, 10.923663374
10.933518162, 10.933666531
10.943518154, 10.943658987
10.953518169, 10.953671318
10.963518165, 10.963667063
10.973518148, 10.973662858
10.983518152, 10.983662695
10.993518167, 10.993602769
11.003518168, 11.003661458
11.013518158, 11.013695770
11.023518158, 11.023659682
11.033518164, 11.033660265
11.043518163, 11.043660070
11.053518158, 11.053662148
11.063518168, 11.063661559
11.073518162, 11.073662730
11.083518162, 11.083665091
11.093518161, 11.093665201
11.103518168, 11.103660827
11.113518167, 11.113667187
11.123518160, 11.123663265
11.133518162, 11.133665817
11.143518162, 11.143661962
11.153518151, 11.153663389
11.163518158, 11.163662420
11.173518159, 11.173660791
11.183518162, 11.183660307
11.193518156, 11.193659359
11.203518166, 11.203664176
11.213518162, 11.213646572
11.223518168, 11.223659196
11.233518162, 11.233661492
11.243518166, 11.243665074
11.253518162, 11.253663924
11.263518163, 11.263664725
11.273518167, 11.273667045
11.283518168, 11.283660648
11.293518161, 11.293663940
11.303518165, 11.303664016
11.313518161, 11.313656539
11.323518165, 11.323659867
11.333518164, 11.333590288
11.343518163, 11.343662614
11.353518161, 11.353660431
11.363518165, 11.363660858
11.373518162, 11.373663376
11.383518160, 11.383667136
11.393518159, 11.393660578
11.403518166, 11.403661409
11.413518164, 11.413672941
11.423518166, 11.423664717
11.433518167, 11.433662538
11.443518168, 11.443663579
11.453518164, 11.453664153
11.463518162, 11.463664442
11.473518156, 11.473665847
11.483518155, 11.483659062
11.493518153, 11.493662463
11.503518160, 11.503662838
11.513518156, 11.513625914
11.523518163, 11.523661329
11.533518164, 11.533663197
11.543518165, 11.543659819
11.553518167, 11.553663005
11.563518170, 11.563660086
11.573518158, 11.573661879
11.583518165, 11.583661881
11.593518159, 11.593665048
11.603518168, 11.603663140
11.613518162, 11.613664854
11.623518163, 11.623664736
11.633518156, 11.633663791
11.643518163, 11.643667325
11.653518166, 11.653659081
11.663518163, 11.663686417
11.673518159, 11.673683276
11.683518158, 11.683686034
11.693518155, 11.693687523
11.703518158, 11.703688647
11.713518166, 11.713623626
11.723518168, 11.723687058
11.733518167, 11.733687860
11.743518168, 11.743679966
11.753518166, 11.753679848
11.763518163, 11.763691130
11.773518156, 11.773690004
11.783518165, 11.783688434
11.793518169, 11.793692565
11.803518168, 11.803679903
11.813518164, 11.813624414
11.823518162, 11.823686807
11.833518155, 11.833682883
11.843518163, 11.843687136
11.853518169, 11.853690798
11.863518165, 11.863684573
11.873518150, 11.873690965
11.883518166, 11.883679363
11.893518151, 11.893689115
11.903518157, 11.903679982
11.913518156, 11.913623481
11.923518170, 11.923689242
11.933518156, 11.933666191
11.943518157, 11.943687801
11.953518156, 11.953704699
11.963518162, 11.963685780
11.973518161, 11.973690032
11.983518162, 11.983685917
11.993518156, 11.993677764
12.003518168, 12.003687314
12.013518159, 12.013687904
12.023518163, 12.023686706
12.033518159, 12.033691325
12.043518168, 12.043684643
12.053518156, 12.053687081
------------------------------
