------------------------------
test was performed using the following parameters: --mps=100 --burst=1 --reply-every=1 --msg-size=12 --time=10
------------------------------
sockperf: [Total Run] RunTime=10.100 sec; SentMessages=1011; ReceivedMessages=1010
sockperf: ========= Printing statistics for Server No: 0
sockperf: [Valid Duration] RunTime=9.990 sec; SentMessages=1000; ReceivedMessages=1000
sockperf: [2;35m====> avg-lat= 89.365 (std-dev=29.430)[0m
sockperf: # dropped messages = 0; # duplicated messages = 0; # out-of-order messages = 0
sockperf: [2;35mTotal 1000 observations[0m; each percentile contains 10.00 observations
sockperf: ---> <MAX> observation =  151.862
sockperf: ---> percentile  99.99 =  151.862
sockperf: ---> percentile  99.90 =  151.766
sockperf: ---> percentile  99.50 =  151.414
sockperf: ---> percentile  99.00 =  150.828
sockperf: ---> percentile  95.00 =  147.426
sockperf: ---> percentile  90.00 =  145.052
sockperf: ---> percentile  75.00 =  100.534
sockperf: ---> percentile  50.00 =   83.214
sockperf: ---> percentile  25.00 =   69.140
sockperf: ---> <MIN> observation =   40.372
------------------------------
txTime, rxTime
2.063357672, 2.063581485
2.073357652, 2.073537151
2.083357656, 2.083539709
2.093357669, 2.093529678
2.103357673, 2.103512242
2.113357660, 2.113539845
2.123357673, 2.123495498
2.133357652, 2.133526444
2.143357651, 2.143490116
2.153357652, 2.153548625
2.163357672, 2.163545673
2.173357658, 2.173556502
2.183357653, 2.183529786
2.193357666, 2.193543014
2.203357656, 2.203559612
2.213357657, 2.213534735
2.223357675, 2.223614303
2.233357671, 2.233516678
2.243357654, 2.243518086
2.253357676, 2.253576095
2.263357672, 2.263563190
2.273357652, 2.273599541
2.283357669, 2.283571337
2.293357655, 2.293556112
2.303357658, 2.303577284
2.313357673, 2.313589388
2.323357670, 2.323630178
2.333357655, 2.333592255
2.343357688, 2.343566455
2.353357654, 2.353583387
2.363357658, 2.363580759
2.373357673, 2.373587793
2.383357670, 2.383586973
2.393357673, 2.393550107
2.403357672, 2.403595646
2.413357658, 2.413537794
2.423357677, 2.423596595
2.433357657, 2.433557421
2.443357667, 2.443543502
2.453357679, 2.453540837
2.463357656, 2.463571930
2.473357669, 2.473556172
2.483357648, 2.483589223
2.493357655, 2.493535407
2.503357658, 2.503586150
2.513357674, 2.513532759
2.523357659, 2.523456573
2.533357657, 2.533455539
2.543357675, 2.543492574
2.553357668, 2.553468705
2.563357645, 2.563453144
2.573357662, 2.573448450
2.583357795, 2.583474399
2.593357752, 2.593466744
2.603358022, 2.603452852
2.613357688, 2.613453493
2.623357828, 2.623472457
2.633357916, 2.633458422
2.643357808, 2.643482156
2.653357731, 2.653473557
2.663357662, 2.663485805
2.673357921, 2.673480279
2.683357913, 2.683470949
2.693357784, 2.693465558
2.703358018, 2.703486419
2.713357670, 2.713456954
2.723357813, 2.723475130
2.733357858, 2.733455254
2.743357955, 2.743466964
2.753357951, 2.753468423
2.763357666, 2.763455081
2.773357978, 2.773472350
2.783357756, 2.783481834
2.793357885, 2.793464392
2.803357930, 2.803482074
2.813357760, 2.813480472
2.823357763, 2.823461292
2.833357710, 2.833479141
2.843357701, 2.843457566
2.853357785, 2.853462935
2.863357747, 2.863473448
2.873360940, 2.873474278
2.883357781, 2.883465568
2.893357890, 2.893478983
2.903359166, 2.903472209
2.913357939, 2.913460377
2.923357704, 2.923471260
2.933357664, 2.933471561
2.943357673, 2.943474383
2.953357751, 2.953473307
2.963357805, 2.963468854
2.973357681, 2.973462348
2.983357717, 2.983471268
2.993357795, 2.993469027
3.003357785, 3.003459420
3.013357762, 3.013457913
3.023357684, 3.023454154
3.033357754, 3.033463617
3.043357867, 3.043469446
3.053357667, 3.053479002
3.063357687, 3.063455375
3.073357699, 3.073464969
3.083357742, 3.083482988
3.093357759, 3.093465183
3.103357797, 3.103471765
3.113357670, 3.113493005
3.123357998, 3.123451694
3.133360934, 3.133479788
3.143357679, 3.143510296
3.153357765, 3.153471149
3.163357706, 3.163483708
3.173357686, 3.173466208
3.183357673, 3.183465285
3.193357743, 3.193459780
3.203357693, 3.203485408
3.213357771, 3.213458173
3.223357668, 3.223477875
3.233357733, 3.233438478
3.243357662, 3.243466957
3.253357882, 3.253468221
3.263357879, 3.263480984
3.273357812, 3.273473308
3.283357826, 3.283497192
3.293357735, 3.293460682
3.303357793, 3.303464231
3.313357789, 3.313470043
3.323357740, 3.323471893
3.333357912, 3.333443115
3.343357731, 3.343486949
3.353357683, 3.353461407
3.363357668, 3.363502478
3.373357735, 3.373498531
3.383360635, 3.383501770
3.393357784, 3.393466426
3.403357696, 3.403491081
3.413357935, 3.413509010
3.423357698, 3.423508506
3.433357661, 3.433511365
3.443357725, 3.443502039
3.453357673, 3.453465992
3.463357668, 3.463509349
3.473357760, 3.473485139
3.483357688, 3.483484099
3.493357752, 3.493482370
3.503357682, 3.503486165
3.513357708, 3.513512606
3.523357894, 3.523502573
3.533357746, 3.533496834
3.543357665, 3.543502187
3.553357733, 3.553507466
3.563357736, 3.563490222
3.573357669, 3.573505617
3.583357752, 3.583497555
3.593357737, 3.593520146
3.603357706, 3.603506428
3.613357804, 3.613497126
3.623357671, 3.623503649
3.633357808, 3.633487376
3.643357748, 3.643474607
3.653357705, 3.653513446
3.663357799, 3.663503951
3.673357727, 3.673500120
3.683357740, 3.683451533
3.693357778, 3.693526539
3.703357886, 3.703523638
3.713357729, 3.713523880
3.723357755, 3.723524791
3.733357946, 3.733514218
3.743357758, 3.743541413
3.753357778, 3.753545331
3.763357875, 3.763541819
3.773357702, 3.773530029
3.783357761, 3.783579372
3.793357771, 3.793495576
3.803357717, 3.803521241
3.813357677, 3.813506971
3.823357703, 3.823452469
3.833357735, 3.833451804
3.843357666, 3.843499004
3.853357669, 3.853491725
3.863357687, 3.863500673
3.873357795, 3.873503914
3.883357684, 3.883523673
3.893357699, 3.893470942
3.903357663, 3.903555788
3.913357711, 3.913534799
3.923357674, 3.923501336
3.933357680, 3.933492917
3.943357660, 3.943476197
3.953357662, 3.953534958
3.963357752, 3.963498339
3.973357656, 3.973496949
3.983357873, 3.983461532
3.993357659, 3.993481400
4.003357733, 4.003475761
4.013357662, 4.013447675
4.023357860, 4.023450662
4.033357675, 4.033521207
4.043357750, 4.043536160
4.053357774, 4.053527793
4.063357789, 4.063548496
4.073358674, 4.073557907
4.083357974, 4.083554183
4.093357659, 4.093564213
4.103357859, 4.103536225
4.113357861, 4.113547992
4.123357794, 4.123535829
4.133357686, 4.133540688
4.143357854, 4.143533921
4.153357699, 4.153552149
4.163357859, 4.163542012
4.173357809, 4.173542660
4.183359965, 4.183546587
4.193357836, 4.193535640
4.203357793, 4.203555150
4.213357782, 4.213532345
4.223357753, 4.223501565
4.233357737, 4.233549296
4.243359458, 4.243520466
4.253357669, 4.253529876
4.263357701, 4.263495592
4.273357956, 4.273546752
4.283357682, 4.283547595
4.293357651, 4.293537716
4.303357778, 4.303550141
4.313357656, 4.313541346
4.323357684, 4.323541074
4.333357667, 4.333549410
4.343357840, 4.343559675
4.353357688, 4.353526446
4.363360024, 4.363550546
4.373359279, 4.373594045
4.383357867, 4.383543992
4.393357785, 4.393507024
4.403357769, 4.403490214
4.413357662, 4.413509830
4.423357680, 4.423496304
4.433357681, 4.433498850
4.443357701, 4.443498914
4.453357677, 4.453536134
4.463357669, 4.463523889
4.473357694, 4.473555567
4.483357737, 4.483561263
4.493357773, 4.493526970
4.503357917, 4.503529748
4.513357973, 4.513520481
4.523357753, 4.523542648
4.533357670, 4.533538209
4.543357755, 4.543509981
4.553357735, 4.553556039
4.563357668, 4.563509488
4.573357689, 4.573529034
4.583357756, 4.583535057
4.593357702, 4.593466208
4.603357688, 4.603479543
4.613359042, 4.613463873
4.623357853, 4.623455267
4.633357744, 4.633470088
4.643357704, 4.643468740
4.653357767, 4.653461034
4.663357662, 4.663450692
4.673357665, 4.673461991
4.683357666, 4.683461824
4.693357669, 4.693462334
4.703357740, 4.703490466
4.713357669, 4.713476300
4.723357682, 4.723475738
4.733357858, 4.733462155
4.743357706, 4.743455277
4.753357738, 4.753464184
4.763357980, 4.763482841
4.773357691, 4.773460110
4.783357692, 4.783458464
4.793357683, 4.793469219
4.803357704, 4.803461085
4.813357669, 4.813460256
4.823359837, 4.823476560
4.833357665, 4.833460440
4.843357668, 4.843467665
4.853357703, 4.853478492
4.863357699, 4.863492267
4.873357683, 4.873458123
4.883357706, 4.883471454
4.893357749, 4.893477551
4.903358129, 4.903466020
4.913358979, 4.913477914
4.923357687, 4.923460917
4.933359611, 4.933466257
4.943357693, 4.943489643
4.953357776, 4.953501868
4.963357684, 4.963471344
4.973357684, 4.973499458
4.983357671, 4.983495461
4.993357733, 4.993496916
5.003358468, 5.003460407
5.013357683, 5.013473503
5.023357739, 5.023491307
5.033357708, 5.033540513
5.043357687, 5.043522130
5.053357714, 5.053497695
5.063357777, 5.063486623
5.073357774, 5.073488513
5.083357662, 5.083494616
5.093357861, 5.093485655
5.103357753, 5.103498542
5.113357744, 5.113496474
5.123357687, 5.123492302
5.133358171, 5.133495547
5.143357916, 5.143539350
5.153364885, 5.153527368
5.163357770, 5.163538794
5.173358012, 5.173559080
5.183357725, 5.183547978
5.193357686, 5.193532489
5.203358659, 5.203531975
5.213357667, 5.213522445
5.223357740, 5.223513151
5.233357866, 5.233542938
5.243357900, 5.243516827
5.253357879, 5.253537757
5.263357742, 5.263540925
5.273357669, 5.273547117
5.283357786, 5.283530576
5.293359757, 5.293533488
5.303357736, 5.303552627
5.313357735, 5.313520893
5.323357671, 5.323545462
5.333357760, 5.333526007
5.343357660, 5.343571442
5.353357662, 5.353542271
5.363357658, 5.363524514
5.373357661, 5.373569013
5.383357685, 5.383536044
5.393357678, 5.393550216
5.403357671, 5.403542676
5.413357667, 5.413499793
5.423357739, 5.423523152
5.433357702, 5.433519600
5.443357673, 5.443509044
5.453357681, 5.453503211
5.463357684, 5.463536525
5.473357755, 5.473542497
5.483357665, 5.483551671
5.493357748, 5.493534696
5.503357755, 5.503516558
5.513357665, 5.513550297
5.523357747, 5.523538879
5.533357741, 5.533529380
5.543357755, 5.543525015
5.553357743, 5.553539519
5.563357688, 5.563539083
5.573357667, 5.573464524
5.583357737, 5.583539582
5.593357770, 5.593523765
5.603357737, 5.603493647
5.613357768, 5.613493348
5.623357777, 5.623462137
5.633357861, 5.633487280
5.643357671, 5.643487341
5.653357658, 5.653548694
5.663358576, 5.663510224
5.673357658, 5.673485597
5.683357668, 5.683519367
5.693357733, 5.693508594
5.703357696, 5.703488138
5.713357746, 5.713529421
5.723357864, 5.723470346
5.733357670, 5.733536995
5.743357793, 5.743600301
5.753357743, 5.753522219
5.763357692, 5.763485047
5.773357665, 5.773541076
5.783357875, 5.783509805
5.793357688, 5.793509975
5.803357786, 5.803493186
5.813357716, 5.813528050
5.823357750, 5.823516408
5.833357937, 5.833486039
5.843357734, 5.843471801
5.853357735, 5.853522058
5.863357789, 5.863500870
5.873357855, 5.873501279
5.883357865, 5.883505661
5.893357732, 5.893507679
5.903357698, 5.903540498
5.913357954, 5.913526693
5.923358195, 5.923494766
5.933357699, 5.933514518
5.943357671, 5.943507459
5.953357743, 5.953490329
5.963357778, 5.963501870
5.973357759, 5.973513862
5.983357685, 5.983469427
5.993357855, 5.993501253
6.003361010, 6.003506632
6.013357868, 6.013495486
6.023357744, 6.023535982
6.033358071, 6.033499076
6.043357687, 6.043499571
6.053357768, 6.053547790
6.063357841, 6.063490696
6.073357738, 6.073504007
6.083357781, 6.083539332
6.093358128, 6.093501711
6.103357761, 6.103526704
6.113357934, 6.113520292
6.123357990, 6.123544904
6.133357962, 6.133532002
6.143357811, 6.143512760
6.153357699, 6.153537058
6.163357781, 6.163545719
6.173357664, 6.173529337
6.183357810, 6.183511858
6.193358666, 6.193504943
6.203357761, 6.203529235
6.213365522, 6.213531952
6.223357787, 6.223515483
6.233357764, 6.233552639
6.243357680, 6.243542429
6.253357925, 6.253531315
6.263357784, 6.263514388
6.273357734, 6.273538781
6.283357683, 6.283544513
6.293357827, 6.293503937
6.303357762, 6.303490349
6.313357750, 6.313505760
6.323357905, 6.323519796
6.333357740, 6.333539323
6.343357735, 6.343520735
6.353357982, 6.353515635
6.363357924, 6.363521081
6.373357750, 6.373544824
6.383357661, 6.383520266
6.393357755, 6.393535837
6.403357755, 6.403540475
6.413357946, 6.413543126
6.423357921, 6.423531235
6.433359651, 6.433520746
6.443357740, 6.443529351
6.453357688, 6.453534327
6.463357749, 6.463518729
6.473357753, 6.473542351
6.483357713, 6.483523860
6.493359408, 6.493507347
6.503360465, 6.503545786
6.513357750, 6.513540859
6.523357737, 6.523548241
6.533357864, 6.533566475
6.543357664, 6.543524081
6.553357688, 6.553539893
6.563357762, 6.563538271
6.573357753, 6.573529319
6.583359705, 6.583533335
6.593357737, 6.593533402
6.603357741, 6.603525499
6.613361643, 6.613508247
6.623357746, 6.623515083
6.633358858, 6.633536816
6.643357684, 6.643532530
6.653357717, 6.653514269
6.663357774, 6.663523001
6.673357745, 6.673550882
6.683357733, 6.683520210
6.693357680, 6.693525545
6.703357789, 6.703456163
6.713357685, 6.713468980
6.723357710, 6.723460654
6.733357753, 6.733460819
6.743357735, 6.743472372
6.753357748, 6.753465708
6.763357942, 6.763473902
6.773357742, 6.773460863
6.783357768, 6.783463011
6.793357709, 6.793508163
6.803357844, 6.803497521
6.813357922, 6.813505091
6.823357707, 6.823516335
6.833357665, 6.833457350
6.843357725, 6.843462593
6.853357870, 6.853516304
6.863357721, 6.863536210
6.873357922, 6.873481347
6.883357688, 6.883465637
6.893357763, 6.893531079
6.903357737, 6.903493291
6.913357712, 6.913486108
6.923357774, 6.923499127
6.933357669, 6.933501733
6.943360506, 6.943528911
6.953357745, 6.953479743
6.963357748, 6.963498735
6.973357669, 6.973508009
6.983357675, 6.983604002
6.993357744, 6.993506875
7.003357746, 7.003500129
7.013357737, 7.013494427
7.023357863, 7.023504537
7.033357775, 7.033504137
7.043359533, 7.043508980
7.053357753, 7.053489097
7.063357737, 7.063564578
7.073357924, 7.073511777
7.083359176, 7.083528402
7.093357663, 7.093506570
7.103357839, 7.103510406
7.113357726, 7.113533399
7.123357669, 7.123527026
7.133357905, 7.133551360
7.143357778, 7.143505062
7.153357841, 7.153527205
7.163357714, 7.163556014
7.173359632, 7.173550699
7.183357762, 7.183522723
7.193357772, 7.193526632
7.203357877, 7.203537420
7.213357696, 7.213528951
7.223357733, 7.223529669
7.233359367, 7.233515821
7.243357740, 7.243536390
7.253357736, 7.253536493
7.263358588, 7.263524233
7.273361877, 7.273562706
7.283357791, 7.283541422
7.293357725, 7.293558109
7.303357772, 7.303556857
7.313357724, 7.313531151
7.323357682, 7.323504527
7.333357954, 7.333506014
7.343357745, 7.343533877
7.353357871, 7.353502354
7.363357739, 7.363524758
7.373357721, 7.373581385
7.383357752, 7.383533337
7.393357740, 7.393506882
7.403357731, 7.403508948
7.413357855, 7.413530479
7.423357813, 7.423519449
7.433357669, 7.433520183
7.443357666, 7.443507881
7.453357727, 7.453516625
7.463357687, 7.463517858
7.473357740, 7.473529503
7.483357673, 7.483513096
7.493361092, 7.493523672
7.503360055, 7.503529431
7.513357659, 7.513566413
7.523357663, 7.523528991
7.533357921, 7.533508066
7.543357660, 7.543511121
7.553357661, 7.553540506
7.563357666, 7.563525084
7.573357664, 7.573527706
7.583357682, 7.583454561
7.593357737, 7.593466186
7.603357759, 7.603460954
7.613359600, 7.613479671
7.623357739, 7.623468104
7.633357746, 7.633457826
7.643357763, 7.643458330
7.653357673, 7.653481152
7.663357688, 7.663469256
7.673357669, 7.673454981
7.683357654, 7.683467769
7.693357729, 7.693457973
7.703357669, 7.703470556
7.713357839, 7.713473312
7.723357744, 7.723471784
7.733357755, 7.733458120
7.743360271, 7.743459371
7.753357746, 7.753462689
7.763357688, 7.763458926
7.773357659, 7.773480936
7.783357750, 7.783462259
7.793357695, 7.793528139
7.803357811, 7.803516696
7.813357899, 7.813500488
7.823357695, 7.823515740
7.833357755, 7.833521215
7.843357793, 7.843497253
7.853357661, 7.853490852
7.863357774, 7.863482565
7.873357680, 7.873455604
7.883358025, 7.883474369
7.893357776, 7.893502900
7.903357775, 7.903463481
7.913357741, 7.913510938
7.923357815, 7.923502716
7.933357692, 7.933500900
7.943357668, 7.943504175
7.953357672, 7.953522485
7.963357745, 7.963519895
7.973357735, 7.973504973
7.983357682, 7.983508402
7.993357746, 7.993464143
8.003357736, 8.003512100
8.013357665, 8.013491079
8.023357781, 8.023504260
8.033357743, 8.033481754
8.043357793, 8.043518128
8.053357743, 8.053493943
8.063357753, 8.063505733
8.073357765, 8.073475042
8.083357744, 8.083493045
8.093357915, 8.093530501
8.103357663, 8.103494539
8.113357694, 8.113522537
8.123357774, 8.123473270
8.133357686, 8.133534154
8.143357688, 8.143508605
8.153360099, 8.153525990
8.163357662, 8.163541243
8.173357991, 8.173529242
8.183358792, 8.183535194
8.193357771, 8.193528750
8.203358789, 8.203514638
8.213357784, 8.213529271
8.223357740, 8.223519456
8.233357662, 8.233541979
8.243357668, 8.243516770
8.253357659, 8.253525382
8.263357933, 8.263561566
8.273360279, 8.273549609
8.283357665, 8.283507530
8.293357661, 8.293528170
8.303360459, 8.303514215
8.313357801, 8.313532015
8.323357883, 8.323526414
8.333359015, 8.333505161
8.343357819, 8.343520002
8.353357929, 8.353530215
8.363357755, 8.363558189
8.373357658, 8.373518948
8.383357867, 8.383528634
8.393357735, 8.393571101
8.403361029, 8.403535286
8.413357888, 8.413538160
8.423357733, 8.423516464
8.433357740, 8.433522463
8.443357837, 8.443524098
8.453358036, 8.453522185
8.463357800, 8.463541928
8.473357740, 8.473536486
8.483357848, 8.483551622
8.493357743, 8.493508703
8.503357911, 8.503512535
8.513359056, 8.513519899
8.523357742, 8.523462865
8.533357856, 8.533468633
8.543360112, 8.543457891
8.553357771, 8.553479029
8.563357799, 8.563459022
8.573357822, 8.573449001
8.583357712, 8.583520176
8.593357738, 8.593504484
8.603357745, 8.603531485
8.613358638, 8.613479687
8.623357810, 8.623557725
8.633357741, 8.633504885
8.643358915, 8.643526542
8.653357692, 8.653529996
8.663357733, 8.663537337
8.673357886, 8.673508769
8.683357755, 8.683496036
8.693357740, 8.693503538
8.703357780, 8.703529534
8.713357842, 8.713527179
8.723357740, 8.723523725
8.733357733, 8.733509083
8.743357682, 8.743542436
8.753357686, 8.753508701
8.763357737, 8.763491457
8.773357665, 8.773494971
8.783357739, 8.783505636
8.793357737, 8.793523975
8.803357736, 8.803510803
8.813357737, 8.813506645
8.823357750, 8.823494020
8.833357880, 8.833514415
8.843357846, 8.843490503
8.853357684, 8.853526814
8.863357758, 8.863511048
8.873357733, 8.873521080
8.883357742, 8.883498324
8.893357984, 8.893507236
8.903357740, 8.903514484
8.913357688, 8.913512790
8.923357753, 8.923520283
8.933357822, 8.933533289
8.943357767, 8.943526652
8.953357778, 8.953519341
8.963357769, 8.963507980
8.973357681, 8.973540691
8.983357876, 8.983539530
8.993357669, 8.993516431
9.003357777, 9.003513939
9.013357678, 9.013494554
9.023357966, 9.023496828
9.033357879, 9.033513367
9.043357699, 9.043521578
9.053357910, 9.053521830
9.063357740, 9.063496900
9.073357735, 9.073507998
9.083359446, 9.083539124
9.093357757, 9.093481239
9.103357783, 9.103553032
9.113357866, 9.113537135
9.123357998, 9.123496888
9.133357667, 9.133510731
9.143357731, 9.143524055
9.153357729, 9.153523955
9.163357734, 9.163503608
9.173357804, 9.173518495
9.183357740, 9.183538199
9.193357872, 9.193511087
9.203357680, 9.203455122
9.213357928, 9.213458372
9.223364253, 9.223524038
9.233359355, 9.233522534
9.243357775, 9.243487753
9.253357784, 9.253525440
9.263357750, 9.263509419
9.273357905, 9.273526239
9.283360109, 9.283524009
9.293357894, 9.293509250
9.303357662, 9.303501609
9.313357692, 9.313510152
9.323357682, 9.323525376
9.333357935, 9.333522246
9.343357687, 9.343506520
9.353357748, 9.353505769
9.363357733, 9.363525639
9.373357868, 9.373527018
9.383358048, 9.383511702
9.393357743, 9.393520271
9.403357673, 9.403481723
9.413357904, 9.413534933
9.423357726, 9.423478570
9.433357795, 9.433505122
9.443357662, 9.443481706
9.453357725, 9.453538111
9.463357728, 9.463551804
9.473357667, 9.473538203
9.483357764, 9.483519599
9.493357721, 9.493531336
9.503357736, 9.503565708
9.513357913, 9.513521008
9.523360466, 9.523490023
9.533357725, 9.533533321
9.543357737, 9.543482844
9.553357683, 9.553542061
9.563357736, 9.563524109
9.573357956, 9.573532242
9.583357747, 9.583540265
9.593357740, 9.593528161
9.603357725, 9.603554739
9.613357789, 9.613512617
9.623357733, 9.623522372
9.633357670, 9.633505977
9.643357688, 9.643500060
9.653357688, 9.653513859
9.663357849, 9.663514607
9.673357735, 9.673545988
9.683357679, 9.683526581
9.693357684, 9.693526370
9.703357810, 9.703535491
9.713357686, 9.713502554
9.723357775, 9.723533882
9.733357909, 9.733507596
9.743357699, 9.743536001
9.753357664, 9.753520694
9.763357936, 9.763547217
9.773357860, 9.773531750
9.783357936, 9.783558068
9.793357681, 9.793533035
9.803357892, 9.803556621
9.813357735, 9.813541891
9.823359064, 9.823579885
9.833357989, 9.833518588
9.843357739, 9.843573053
9.853357662, 9.853570602
9.863358516, 9.863545976
9.873357902, 9.873569098
9.883357835, 9.883570607
9.893357834, 9.893545895
9.903357949, 9.903585120
9.913358130, 9.913546624
9.923357917, 9.923566205
9.933357718, 9.933551431
9.943357793, 9.943555513
9.953357838, 9.953527896
9.963358066, 9.963571281
9.973357757, 9.973526944
9.983357663, 9.983555333
9.993357667, 9.993476204
10.003357654, 10.003550617
10.013357648, 10.013587103
10.023357663, 10.023579289
10.033357650, 10.033584215
10.043357647, 10.043579147
10.053357654, 10.053579614
10.063357662, 10.063576192
10.073357653, 10.073587722
10.083357662, 10.083580418
10.093357662, 10.093580060
10.103357648, 10.103578962
10.113357657, 10.113580669
10.123357654, 10.123582319
10.133357654, 10.133581464
10.143357651, 10.143579028
10.153357647, 10.153579433
10.163357662, 10.163577656
10.173357649, 10.173579091
10.183357656, 10.183576731
10.193357655, 10.193581736
10.203357661, 10.203581472
10.213357655, 10.213580583
10.223357647, 10.223580822
10.233357657, 10.233591908
10.243357653, 10.243579362
10.253357649, 10.253579027
10.263357667, 10.263576039
10.273357655, 10.273579182
10.283357653, 10.283582070
10.293357647, 10.293576053
10.303357651, 10.303579341
10.313357649, 10.313589734
10.323357661, 10.323582261
10.333357652, 10.333582673
10.343357651, 10.343579543
10.353357654, 10.353582620
10.363357648, 10.363578963
10.373357652, 10.373580676
10.383357661, 10.383651345
10.393357658, 10.393646883
10.403357653, 10.403648168
10.413357666, 10.413646725
10.423357672, 10.423648622
10.433357654, 10.433648472
10.443357670, 10.443650757
10.453357654, 10.453649006
10.463357656, 10.463645799
10.473357671, 10.473647776
10.483357670, 10.483645758
10.493357650, 10.493652818
10.503357673, 10.503645615
10.513357662, 10.513645877
10.523357658, 10.523648869
10.533357669, 10.533649887
10.543357673, 10.543645544
10.553357650, 10.553646329
10.563357667, 10.563646799
10.573357655, 10.573645763
10.583357661, 10.583650770
10.593357669, 10.593645543
10.603357653, 10.603650765
10.613357649, 10.613646020
10.623357677, 10.623647897
10.633357652, 10.633657171
10.643357650, 10.643645406
10.653357704, 10.653648916
10.663357670, 10.663649011
10.673357652, 10.673648996
10.683357673, 10.683651448
10.693357655, 10.693646347
10.703357659, 10.703597376
10.713357676, 10.713649147
10.723357677, 10.723645402
10.733357647, 10.733646377
10.743357669, 10.743646904
10.753357658, 10.753646211
10.763357653, 10.763649221
10.773357669, 10.773619196
10.783357650, 10.783628173
10.793357655, 10.793647540
10.803357677, 10.803650167
10.813357657, 10.813646104
10.823357653, 10.823645734
10.833357669, 10.833647371
10.843357673, 10.843648284
10.853357650, 10.853647199
10.863357675, 10.863620444
10.873357654, 10.873649468
10.883357654, 10.883645818
10.893357671, 10.893646340
10.903357675, 10.903645312
10.913357655, 10.913645649
10.923357669, 10.923648354
10.933357649, 10.933626042
10.943357656, 10.943621569
10.953357660, 10.953622891
10.963357669, 10.963621144
10.973357652, 10.973624284
10.983357670, 10.983618561
10.993357660, 10.993621586
11.003357669, 11.003622128
11.013357676, 11.013623285
11.023357658, 11.023621105
11.033357647, 11.033623092
11.043357672, 11.043620929
11.053357690, 11.053621574
11.063357653, 11.063618634
11.073357666, 11.073626886
11.083357667, 11.083627853
11.093357657, 11.093621963
11.103357670, 11.103626440
11.113357655, 11.113622192
11.123357661, 11.123623847
11.133357673, 11.133622064
11.143357675, 11.143590908
11.153357655, 11.153657718
11.163357672, 11.163653730
11.173357662, 11.173647025
11.183357658, 11.183647057
11.193357677, 11.193650597
11.203357670, 11.203657246
11.213357652, 11.213653051
11.223357675, 11.223650993
11.233357662, 11.233658203
11.243357653, 11.243660545
11.253357671, 11.253647903
11.263357667, 11.263639463
11.273357652, 11.273660779
11.283357670, 11.283653129
11.293357658, 11.293651119
11.303357658, 11.303649599
11.313357669, 11.313658031
11.323357672, 11.323660081
11.333357650, 11.333652335
11.343357667, 11.343657993
11.353357658, 11.353657937
11.363357653, 11.363616834
11.373357669, 11.373623458
11.383357670, 11.383619523
11.393357650, 11.393649409
11.403357665, 11.403660494
11.413357654, 11.413651806
11.423357656, 11.423659313
11.433357676, 11.433658290
11.443357675, 11.443658278
11.453357649, 11.453651683
11.463357677, 11.463653205
11.473357658, 11.473651477
11.483357651, 11.483650257
11.493357671, 11.493659719
11.503357648, 11.503651136
11.513357654, 11.513658213
11.523357670, 11.523634019
11.533357662, 11.533651663
11.543357654, 11.543655018
11.553357676, 11.553648772
11.563357669, 11.563654114
11.573357649, 11.573654854
11.583357669, 11.583656149
11.593357662, 11.593657766
11.603357656, 11.603634782
11.613357673, 11.613661205
11.623357669, 11.623658298
11.633357649, 11.633657112
11.643357672, 11.643654620
11.653357655, 11.653652422
11.663357651, 11.663653729
11.673357674, 11.673642822
11.683357673, 11.683651181
11.693357650, 11.693651074
11.703357675, 11.703652323
11.713357660, 11.713651390
11.723357656, 11.723632281
11.733357674, 11.733652528
11.743357667, 11.743651435
11.753357649, 11.753657287
11.763357672, 11.763650807
11.773357658, 11.773634784
11.783357691, 11.783657111
11.793357676, 11.793652168
11.803357675, 11.803652956
11.813357650, 11.813658048
11.823357669, 11.823651325
11.833357662, 11.833657095
11.843357656, 11.843659375
11.853357669, 11.853655239
11.863357654, 11.863654774
11.873357652, 11.873657951
11.883357673, 11.883644449
11.893357658, 11.893655158
11.903357661, 11.903650873
11.913357677, 11.913616502
11.923357667, 11.923654805
11.933357655, 11.933652350
11.943357673, 11.943598161
11.953357662, 11.953655529
11.963357659, 11.963652974
11.973357676, 11.973657571
11.983357669, 11.983650946
11.993357650, 11.993661375
12.003357667, 12.003651216
12.013357655, 12.013651670
12.023357656, 12.023653252
12.033357674, 12.033660622
12.043357700, 12.043659822
12.053357655, 12.053659244
------------------------------
