------------------------------
test was performed using the following parameters: --mps=100 --burst=1 --reply-every=1 --msg-size=12 --time=10
------------------------------
sockperf: [Total Run] RunTime=10.100 sec; SentMessages=1011; ReceivedMessages=1010
sockperf: ========= Printing statistics for Server No: 0
sockperf: [Valid Duration] RunTime=9.990 sec; SentMessages=1000; ReceivedMessages=1000
sockperf: [2;35m====> avg-lat= 74.281 (std-dev=19.050)[0m
sockperf: # dropped messages = 0; # duplicated messages = 0; # out-of-order messages = 0
sockperf: [2;35mTotal 1000 observations[0m; each percentile contains 10.00 observations
sockperf: ---> <MAX> observation =  148.289
sockperf: ---> percentile  99.99 =  148.289
sockperf: ---> percentile  99.90 =  138.136
sockperf: ---> percentile  99.50 =  129.597
sockperf: ---> percentile  99.00 =  125.355
sockperf: ---> percentile  95.00 =  107.779
sockperf: ---> percentile  90.00 =  101.991
sockperf: ---> percentile  75.00 =   85.976
sockperf: ---> percentile  50.00 =   71.862
sockperf: ---> percentile  25.00 =   62.286
sockperf: ---> <MIN> observation =   29.339
------------------------------
txTime, rxTime
2.063623522, 2.063781800
2.073623517, 2.073865722
2.083623511, 2.083847178
2.093623536, 2.093833972
2.103623525, 2.103871372
2.113623519, 2.113809463
2.123623515, 2.123839832
2.133623539, 2.133830743
2.143623518, 2.143802350
2.153623533, 2.153878853
2.163623516, 2.163844161
2.173623522, 2.173888722
2.183623522, 2.183884536
2.193623916, 2.193837551
2.203623512, 2.203832596
2.213623529, 2.213815577
2.223623520, 2.223793630
2.233623522, 2.233807377
2.243623542, 2.243778768
2.253623536, 2.253841488
2.263623534, 2.263825530
2.273623537, 2.273825748
2.283623522, 2.283774442
2.293623516, 2.293828677
2.303623530, 2.303812987
2.313623531, 2.313768260
2.323623516, 2.323777786
2.333623532, 2.333777530
2.343623513, 2.343750941
2.353623515, 2.353779194
2.363623510, 2.363737009
2.373623507, 2.373756901
2.383623513, 2.383759603
2.393623515, 2.393748159
2.403623513, 2.403742890
2.413623513, 2.413752308
2.423623515, 2.423752532
2.433623511, 2.433764087
2.443623510, 2.443811394
2.453623511, 2.453772190
2.463623513, 2.463853018
2.473623516, 2.473764797
2.483623515, 2.483794528
2.493623518, 2.493779112
2.503623505, 2.503732522
2.513623511, 2.513803886
2.523623516, 2.523778333
2.533623509, 2.533768174
2.543623513, 2.543765943
2.553623509, 2.553734618
2.563623513, 2.563737269
2.573623514, 2.573776020
2.583623511, 2.583719686
2.593623509, 2.593774880
2.603623509, 2.603785858
2.613623509, 2.613806699
2.623623509, 2.623795257
2.633623515, 2.633868652
2.643623516, 2.643736648
2.653623517, 2.653794957
2.663623533, 2.663786329
2.673623507, 2.673775732
2.683623515, 2.683775086
2.693623547, 2.693801301
2.703623514, 2.703736361
2.713623515, 2.713737880
2.723623507, 2.723731464
2.733623514, 2.733772609
2.743623514, 2.743736705
2.753623517, 2.753727669
2.763623511, 2.763752763
2.773623514, 2.773725051
2.783623517, 2.783737187
2.793623588, 2.793733538
2.803623565, 2.803702424
2.813623533, 2.813699246
2.823623514, 2.823797696
2.833623516, 2.833794430
2.843623530, 2.843773076
2.853623528, 2.853783619
2.863623515, 2.863801227
2.873623538, 2.873816016
2.883623517, 2.883799010
2.893623516, 2.893841607
2.903623530, 2.903782863
2.913623511, 2.913863211
2.923623514, 2.923820786
2.933623536, 2.933818051
2.943623522, 2.943815934
2.953623519, 2.953785475
2.963623533, 2.963816555
2.973623533, 2.973802157
2.983623522, 2.983820658
2.993623535, 2.993745669
3.003623514, 3.003778152
3.013623517, 3.013730006
3.023623552, 3.023722355
3.033629089, 3.033747254
3.043623525, 3.043749028
3.053623541, 3.053712982
3.063631112, 3.063727333
3.073623532, 3.073707554
3.083623541, 3.083776711
3.093623541, 3.093776574
3.103623525, 3.103805757
3.113623532, 3.113764727
3.123623519, 3.123714863
3.133623511, 3.133784976
3.143623530, 3.143778019
3.153623511, 3.153836778
3.163623516, 3.163707868
3.173623514, 3.173799691
3.183623516, 3.183743357
3.193623535, 3.193797971
3.203623530, 3.203721576
3.213623516, 3.213785299
3.223623535, 3.223762148
3.233623506, 3.233776756
3.243623520, 3.243767963
3.253623513, 3.253732791
3.263623524, 3.263742790
3.273623509, 3.273731220
3.283623506, 3.283766109
3.293623516, 3.293877792
3.303623508, 3.303749058
3.313623514, 3.313758325
3.323623514, 3.323762856
3.333623509, 3.333750244
3.343623511, 3.343785256
3.353623517, 3.353750620
3.363623508, 3.363818115
3.373623511, 3.373755451
3.383623509, 3.383770160
3.393623513, 3.393789957
3.403623513, 3.403757359
3.413623513, 3.413782771
3.423623514, 3.423761977
3.433623513, 3.433762563
3.443623511, 3.443805815
3.453623514, 3.453791442
3.463623514, 3.463779102
3.473623513, 3.473750636
3.483623513, 3.483778716
3.493623511, 3.493812309
3.503623517, 3.503799571
3.513623513, 3.513766687
3.523623514, 3.523766856
3.533623513, 3.533751711
3.543623511, 3.543763197
3.553623519, 3.553764693
3.563623509, 3.563789500
3.573623513, 3.573769564
3.583623506, 3.583759978
3.593623511, 3.593773958
3.603623506, 3.603795600
3.613623509, 3.613789898
3.623623509, 3.623767961
3.633623513, 3.633841804
3.643623509, 3.643797898
3.653623513, 3.653781446
3.663623511, 3.663787860
3.673623513, 3.673801053
3.683623527, 3.683772278
3.693623513, 3.693743131
3.703623511, 3.703804808
3.713623511, 3.713820734
3.723623514, 3.723763179
3.733623514, 3.733777515
3.743623514, 3.743802240
3.753623508, 3.753796310
3.763623511, 3.763749430
3.773623513, 3.773770443
3.783623509, 3.783782763
3.793623509, 3.793783581
3.803623513, 3.803753865
3.813623514, 3.813803309
3.823623511, 3.823808491
3.833623511, 3.833720217
3.843623516, 3.843693811
3.853623519, 3.853717875
3.863623516, 3.863702401
3.873623516, 3.873710950
3.883623505, 3.883706904
3.893623517, 3.893715265
3.903623511, 3.903683299
3.913623513, 3.913702694
3.923623509, 3.923699587
3.933623511, 3.933730525
3.943623506, 3.943698226
3.953623508, 3.953722031
3.963623513, 3.963753617
3.973623516, 3.973788978
3.983623511, 3.983731956
3.993623513, 3.993743877
4.003623508, 4.003712878
4.013623509, 4.013755715
4.023623514, 4.023700904
4.033623516, 4.033794889
4.043623517, 4.043688208
4.053623517, 4.053756010
4.063623514, 4.063735159
4.073623511, 4.073726007
4.083623516, 4.083738594
4.093623509, 4.093760174
4.103623511, 4.103745697
4.113623513, 4.113753746
4.123623506, 4.123736140
4.133623509, 4.133740542
4.143623509, 4.143752434
4.153623514, 4.153714119
4.163623517, 4.163752654
4.173623516, 4.173781822
4.183623506, 4.183725145
4.193623516, 4.193751127
4.203623511, 4.203757430
4.213623517, 4.213766152
4.223623516, 4.223743678
4.233623514, 4.233782864
4.243623511, 4.243710824
4.253623509, 4.253749654
4.263623516, 4.263777753
4.273623514, 4.273800946
4.283623517, 4.283725667
4.293623516, 4.293710903
4.303623509, 4.303795463
4.313623517, 4.313798301
4.323623508, 4.323793043
4.333623517, 4.333832689
4.343623513, 4.343833858
4.353623511, 4.353833061
4.363623512, 4.363772018
4.373623509, 4.373835463
4.383623510, 4.383796539
4.393623509, 4.393764370
4.403623512, 4.403832181
4.413623509, 4.413800458
4.423623506, 4.423773394
4.433623513, 4.433760395
4.443623509, 4.443756096
4.453623513, 4.453764166
4.463623515, 4.463802525
4.473623507, 4.473783858
4.483623508, 4.483798437
4.493623516, 4.493798577
4.503623508, 4.503829073
4.513623507, 4.513794147
4.523623515, 4.523867851
4.533623517, 4.533849738
4.543623506, 4.543793686
4.553623510, 4.553783165
4.563623512, 4.563777282
4.573623589, 4.573833001
4.583623515, 4.583843927
4.593623513, 4.593776967
4.603623506, 4.603837598
4.613623517, 4.613793275
4.623623508, 4.623796531
4.633623519, 4.633773325
4.643623509, 4.643790677
4.653623516, 4.653802196
4.663623513, 4.663742583
4.673623511, 4.673713759
4.683623517, 4.683701584
4.693623508, 4.693727974
4.703623516, 4.703707006
4.713623517, 4.713706332
4.723623514, 4.723693012
4.733623514, 4.733696818
4.743623517, 4.743683624
4.753623511, 4.753686517
4.763623511, 4.763705421
4.773623511, 4.773737864
4.783623508, 4.783763971
4.793623513, 4.793743536
4.803623509, 4.803747222
4.813623513, 4.813752019
4.823623511, 4.823740788
4.833623580, 4.833727685
4.843623508, 4.843779747
4.853623516, 4.853710742
4.863623513, 4.863741876
4.873623513, 4.873751359
4.883623516, 4.883747855
4.893623511, 4.893761052
4.903623508, 4.903769327
4.913623513, 4.913759252
4.923623513, 4.923800500
4.933623516, 4.933807094
4.943623513, 4.943774974
4.953623508, 4.953781648
4.963623505, 4.963801674
4.973623511, 4.973784593
4.983623513, 4.983799839
4.993623516, 4.993772589
5.003623514, 5.003778737
5.013623588, 5.013775238
5.023623513, 5.023794872
5.033626315, 5.033810217
5.043623524, 5.043760174
5.053623524, 5.053806053
5.063623520, 5.063774799
5.073623524, 5.073791491
5.083623550, 5.083794352
5.093628598, 5.093818200
5.103629632, 5.103802161
5.113623626, 5.113812172
5.123631437, 5.123819308
5.133628301, 5.133801970
5.143625090, 5.143801029
5.153626710, 5.153828954
5.163628082, 5.163878794
5.173623522, 5.173799982
5.183623511, 5.183845171
5.193623518, 5.193766083
5.203623594, 5.203837140
5.213623535, 5.213795411
5.223623511, 5.223851995
5.233623520, 5.233782896
5.243623514, 5.243848367
5.253623519, 5.253842564
5.263623506, 5.263847850
5.273623534, 5.273825372
5.283623517, 5.283866872
5.293623524, 5.293802269
5.303623509, 5.303850594
5.313623527, 5.313771809
5.323623507, 5.323829820
5.333623532, 5.333787793
5.343623508, 5.343873526
5.353623524, 5.353818707
5.363623584, 5.363796501
5.373623537, 5.373791779
5.383623514, 5.383820889
5.393623532, 5.393829242
5.403623522, 5.403836334
5.413623517, 5.413816050
5.423623535, 5.423834232
5.433623535, 5.433753171
5.443623513, 5.443754545
5.453623530, 5.453745287
5.463623514, 5.463730478
5.473623516, 5.473739607
5.483623535, 5.483708868
5.493623537, 5.493719206
5.503623504, 5.503721830
5.513623511, 5.513714215
5.523623512, 5.523714245
5.533623509, 5.533710251
5.543623517, 5.543786446
5.553623517, 5.553706422
5.563623509, 5.563710426
5.573623517, 5.573763825
5.583623512, 5.583749546
5.593623517, 5.593781932
5.603623509, 5.603803081
5.613623537, 5.613771580
5.623623516, 5.623801033
5.633623536, 5.633773197
5.643623516, 5.643753364
5.653623516, 5.653740689
5.663623509, 5.663801292
5.673623508, 5.673804407
5.683623546, 5.683767700
5.693623509, 5.693765121
5.703623516, 5.703749935
5.713623514, 5.713778765
5.723623517, 5.723757586
5.733623509, 5.733722370
5.743623506, 5.743755612
5.753623513, 5.753793282
5.763623511, 5.763779579
5.773623513, 5.773792650
5.783623509, 5.783785109
5.793623511, 5.793780724
5.803623506, 5.803789077
5.813623517, 5.813788535
5.823623509, 5.823782130
5.833623512, 5.833793633
5.843623585, 5.843786724
5.853623515, 5.853785259
5.863623507, 5.863802990
5.873623512, 5.873836489
5.883623507, 5.883779657
5.893623514, 5.893822838
5.903623514, 5.903782113
5.913623511, 5.913787888
5.923623514, 5.923773805
5.933623517, 5.933764955
5.943623506, 5.943764740
5.953623517, 5.953788493
5.963623513, 5.963750838
5.973623511, 5.973796743
5.983623509, 5.983848478
5.993623513, 5.993770674
6.003623520, 6.003767543
6.013623511, 6.013783644
6.023623509, 6.023792375
6.033623509, 6.033830353
6.043623514, 6.043800392
6.053623511, 6.053840270
6.063623509, 6.063823874
6.073623516, 6.073787697
6.083623571, 6.083707901
6.093623509, 6.093692828
6.103623505, 6.103722726
6.113623514, 6.113717091
6.123623511, 6.123682191
6.133623511, 6.133716337
6.143623516, 6.143711294
6.153623513, 6.153712059
6.163623511, 6.163882706
6.173623514, 6.173772328
6.183623516, 6.183793154
6.193623517, 6.193786540
6.203623508, 6.203790705
6.213623517, 6.213762768
6.223623508, 6.223759978
6.233623509, 6.233767101
6.243623516, 6.243773451
6.253623555, 6.253777412
6.263623514, 6.263775340
6.273623509, 6.273819439
6.283623509, 6.283825122
6.293623517, 6.293760180
6.303623514, 6.303800949
6.313623514, 6.313796544
6.323623508, 6.323792827
6.333623516, 6.333795619
6.343623513, 6.343782907
6.353623517, 6.353790394
6.363623511, 6.363798240
6.373623509, 6.373831654
6.383623537, 6.383762518
6.393623583, 6.393714430
6.403623509, 6.403696705
6.413623507, 6.413721727
6.423623511, 6.423701036
6.433623586, 6.433760368
6.443623574, 6.443753144
6.453623515, 6.453765388
6.463623519, 6.463715702
6.473623508, 6.473764039
6.483623507, 6.483751415
6.493623510, 6.493751045
6.503623508, 6.503757823
6.513623510, 6.513742838
6.523623510, 6.523773036
6.533623516, 6.533763386
6.543623508, 6.543744063
6.553623513, 6.553748364
6.563623515, 6.563776742
6.573623510, 6.573752922
6.583623507, 6.583695002
6.593623508, 6.593738850
6.603623515, 6.603758551
6.613623515, 6.613747338
6.623623508, 6.623722898
6.633623510, 6.633766307
6.643623505, 6.643755978
6.653623508, 6.653786873
6.663623510, 6.663785400
6.673623510, 6.673732706
6.683623513, 6.683765721
6.693623516, 6.693730764
6.703623509, 6.703751681
6.713623760, 6.713752382
6.723623516, 6.723766551
6.733623516, 6.733773160
6.743623513, 6.743777989
6.753623509, 6.753729147
6.763623513, 6.763792379
6.773623538, 6.773795393
6.783623514, 6.783755635
6.793623520, 6.793782859
6.803623517, 6.803735159
6.813623513, 6.813757264
6.823623519, 6.823767352
6.833623509, 6.833714034
6.843623508, 6.843741969
6.853623509, 6.853759381
6.863623514, 6.863767239
6.873623514, 6.873749610
6.883623513, 6.883701223
6.893623517, 6.893747562
6.903623516, 6.903747522
6.913623513, 6.913747544
6.923623517, 6.923781827
6.933623508, 6.933736489
6.943623513, 6.943775208
6.953623524, 6.953767552
6.963623513, 6.963692092
6.973623509, 6.973724903
6.983623513, 6.983769751
6.993623516, 6.993736793
7.003623514, 7.003697468
7.013623511, 7.013747823
7.023623514, 7.023758754
7.033623509, 7.033748727
7.043623511, 7.043778980
7.053623514, 7.053754274
7.063623511, 7.063752420
7.073623511, 7.073714787
7.083623517, 7.083761219
7.093623514, 7.093773670
7.103623516, 7.103761532
7.113623511, 7.113702719
7.123623508, 7.123706286
7.133623514, 7.133772898
7.143623514, 7.143777253
7.153623516, 7.153776677
7.163623517, 7.163766722
7.173623509, 7.173719006
7.183623509, 7.183705486
7.193623513, 7.193838852
7.203623515, 7.203759060
7.213623510, 7.213740013
7.223623510, 7.223714866
7.233623538, 7.233830924
7.243623535, 7.243767020
7.253623517, 7.253777780
7.263623517, 7.263755003
7.273623514, 7.273899786
7.283623533, 7.283768829
7.293623513, 7.293783925
7.303623533, 7.303833792
7.313623538, 7.313920118
7.323623516, 7.323873166
7.333623522, 7.333844483
7.343623533, 7.343875750
7.353623533, 7.353834300
7.363623519, 7.363884249
7.373623528, 7.373840162
7.383623516, 7.383845553
7.393623517, 7.393829244
7.403623531, 7.403837389
7.413623530, 7.413828801
7.423623513, 7.423830062
7.433623537, 7.433804833
7.443623517, 7.443813432
7.453623519, 7.453851547
7.463623531, 7.463839090
7.473623530, 7.473836111
7.483623514, 7.483830506
7.493623536, 7.493834791
7.503623516, 7.503857740
7.513623520, 7.513815703
7.523623533, 7.523869447
7.533623532, 7.533840359
7.543623513, 7.543813128
7.553623537, 7.553841179
7.563623514, 7.563830999
7.573623516, 7.573852646
7.583623528, 7.583842615
7.593623532, 7.593857143
7.603623520, 7.603817238
7.613623535, 7.613833624
7.623623523, 7.623837289
7.633623520, 7.633814078
7.643623536, 7.643817505
7.653623535, 7.653803014
7.663623514, 7.663812580
7.673623535, 7.673830584
7.683623516, 7.683813788
7.693623520, 7.693774219
7.703623542, 7.703777645
7.713623530, 7.713709339
7.723623505, 7.723747269
7.733623537, 7.733760248
7.743623519, 7.743755104
7.753623521, 7.753712680
7.763623508, 7.763701730
7.773623510, 7.773714320
7.783623505, 7.783715580
7.793623513, 7.793686798
7.803623510, 7.803732184
7.813623515, 7.813703310
7.823623794, 7.823733032
7.833623511, 7.833723722
7.843623508, 7.843687986
7.853623508, 7.853698291
7.863623516, 7.863705467
7.873623513, 7.873685980
7.883623508, 7.883693834
7.893623516, 7.893698029
7.903623513, 7.903801115
7.913623507, 7.913741929
7.923623508, 7.923730226
7.933623516, 7.933719778
7.943623513, 7.943731437
7.953623516, 7.953759249
7.963623505, 7.963778373
7.973623510, 7.973832464
7.983623505, 7.983768120
7.993623512, 7.993796652
8.003623518, 8.003746233
8.013623509, 8.013794486
8.023623509, 8.023755497
8.033623514, 8.033745904
8.043623511, 8.043806698
8.053623519, 8.053800982
8.063623522, 8.063751015
8.073623533, 8.073755984
8.083623532, 8.083777891
8.093623513, 8.093756169
8.103623563, 8.103752657
8.113624697, 8.113751970
8.123623535, 8.123718998
8.133623581, 8.133809654
8.143623516, 8.143764589
8.153623529, 8.153748194
8.163623532, 8.163763454
8.173625498, 8.173754219
8.183623519, 8.183751021
8.193623518, 8.193764824
8.203623519, 8.203778482
8.213623707, 8.213781226
8.223623519, 8.223745241
8.233623522, 8.233781767
8.243623519, 8.243700460
8.253623515, 8.253756715
8.263623516, 8.263752945
8.273623513, 8.273738733
8.283623524, 8.283754803
8.293623524, 8.293766780
8.303624929, 8.303724430
8.313623527, 8.313752543
8.323623518, 8.323765339
8.333623518, 8.333740940
8.343623513, 8.343770693
8.353623519, 8.353756464
8.363623519, 8.363761142
8.373623530, 8.373739450
8.383623589, 8.383773148
8.393623541, 8.393750251
8.403623532, 8.403755728
8.413623519, 8.413749193
8.423623563, 8.423826341
8.433623518, 8.433773074
8.443623530, 8.443722333
8.453623507, 8.453789283
8.463624531, 8.463782723
8.473623515, 8.473771392
8.483623590, 8.483754563
8.493623511, 8.493761456
8.503623522, 8.503742780
8.513625423, 8.513731824
8.523623527, 8.523741297
8.533623526, 8.533743901
8.543623526, 8.543722456
8.553623576, 8.553741054
8.563623505, 8.563783030
8.573623532, 8.573747532
8.583623518, 8.583760466
8.593623535, 8.593763768
8.603623521, 8.603750106
8.613623513, 8.613759813
8.623623554, 8.623773492
8.633623535, 8.633765530
8.643623533, 8.643773446
8.653623524, 8.653729380
8.663623515, 8.663789187
8.673623526, 8.673807169
8.683623522, 8.683823570
8.693623508, 8.693797572
8.703623538, 8.703762836
8.713623532, 8.713804630
8.723623519, 8.723803635
8.733623527, 8.733783250
8.743623508, 8.743798982
8.753623516, 8.753789357
8.763623516, 8.763788051
8.773623865, 8.773803596
8.783623524, 8.783800202
8.793623519, 8.793784587
8.803623513, 8.803775510
8.813623522, 8.813776821
8.823623571, 8.823785066
8.833623515, 8.833778695
8.843623513, 8.843767830
8.853623541, 8.853724430
8.863623533, 8.863793786
8.873623519, 8.873726623
8.883623529, 8.883722925
8.893625049, 8.893836103
8.903623529, 8.903788789
8.913623532, 8.913780289
8.923623515, 8.923788113
8.933623535, 8.933784101
8.943623521, 8.943791443
8.953623519, 8.953769894
8.963623535, 8.963812362
8.973623515, 8.973783588
8.983625283, 8.983800987
8.993623567, 8.993767622
9.003623522, 9.003827505
9.013623532, 9.013764624
9.023623519, 9.023805841
9.033623519, 9.033814242
9.043623515, 9.043776079
9.053623526, 9.053764110
9.063623516, 9.063803791
9.073623533, 9.073782724
9.083623562, 9.083838524
9.093623527, 9.093793900
9.103623521, 9.103771337
9.113623526, 9.113818595
9.123623530, 9.123780793
9.133623532, 9.133799033
9.143623529, 9.143806108
9.153624937, 9.153753098
9.163623560, 9.163853880
9.173623516, 9.173781020
9.183623510, 9.183809063
9.193623532, 9.193773609
9.203623521, 9.203781655
9.213623518, 9.213802410
9.223623538, 9.223778823
9.233623515, 9.233844202
9.243623522, 9.243770874
9.253623516, 9.253802887
9.263623530, 9.263805538
9.273623515, 9.273793225
9.283623537, 9.283859062
9.293623516, 9.293802165
9.303623537, 9.303830085
9.313625400, 9.313794679
9.323623535, 9.323794020
9.333623518, 9.333796858
9.343623527, 9.343788195
9.353623533, 9.353802388
9.363623513, 9.363821118
9.373623597, 9.373819928
9.383623535, 9.383700700
9.393623519, 9.393713456
9.403623718, 9.403734576
9.413623535, 9.413775332
9.423623548, 9.423774465
9.433625044, 9.433741321
9.443623609, 9.443763823
9.453623552, 9.453800229
9.463623524, 9.463793161
9.473623538, 9.473786543
9.483623551, 9.483806493
9.493623532, 9.493801284
9.503623535, 9.503787754
9.513624178, 9.513792876
9.523623507, 9.523789696
9.533623518, 9.533798770
9.543623521, 9.543784453
9.553623515, 9.553771760
9.563623515, 9.563806839
9.573623524, 9.573803749
9.583623519, 9.583763086
9.593623522, 9.593791184
9.603623522, 9.603778916
9.613623540, 9.613775546
9.623623521, 9.623777187
9.633623513, 9.633784284
9.643623508, 9.643784515
9.653623518, 9.653830471
9.663623524, 9.663770822
9.673623532, 9.673791018
9.683623565, 9.683786905
9.693623530, 9.693822755
9.703623516, 9.703790385
9.713624279, 9.713769862
9.723623530, 9.723765970
9.733623515, 9.733787456
9.743623579, 9.743778788
9.753623543, 9.753773394
9.763623516, 9.763804781
9.773623529, 9.773780608
9.783623522, 9.783801867
9.793623522, 9.793781320
9.803623524, 9.803774285
9.813623548, 9.813778441
9.823623816, 9.823806035
9.833623537, 9.833805272
9.843623515, 9.843768561
9.853623515, 9.853766648
9.863623562, 9.863759860
9.873623560, 9.873779527
9.883623526, 9.883829339
9.893623521, 9.893779628
9.903623515, 9.903768473
9.913623516, 9.913785920
9.923623573, 9.923807666
9.933623513, 9.933789119
9.943623524, 9.943782168
9.953623527, 9.953799795
9.963623521, 9.963757556
9.973623516, 9.973777217
9.983623535, 9.983764818
9.993623515, 9.993771787
10.003623515, 10.003785272
10.013623529, 10.013795518
10.023623515, 10.023768369
10.033623515, 10.033816104
10.043623535, 10.043782669
10.053623593, 10.053794012
10.063623529, 10.063758108
10.073623516, 10.073767136
10.083624099, 10.083760170
10.093623522, 10.093796175
10.103623518, 10.103810424
10.113623518, 10.113807658
10.123623522, 10.123785606
10.133623522, 10.133804966
10.143623522, 10.143812657
10.153623516, 10.153816100
10.163623560, 10.163771748
10.173623660, 10.173770644
10.183623511, 10.183791493
10.193623513, 10.193838735
10.203623516, 10.203776674
10.213623515, 10.213769075
10.223623524, 10.223775390
10.233623592, 10.233806321
10.243623516, 10.243828240
10.253623519, 10.253789553
10.263623533, 10.263876173
10.273623530, 10.273786845
10.283628685, 10.283815601
10.293623519, 10.293795041
10.303623521, 10.303821429
10.313623522, 10.313786255
10.323623526, 10.323807033
10.333623546, 10.333837359
10.343623533, 10.343814171
10.353623573, 10.353830268
10.363623584, 10.363838789
10.373623573, 10.373829442
10.383623775, 10.383760288
10.393623519, 10.393749318
10.403623507, 10.403751331
10.413623505, 10.413750590
10.423623515, 10.423753968
10.433623513, 10.433754449
10.443623521, 10.443759148
10.453623508, 10.453758509
10.463623521, 10.463752167
10.473623513, 10.473749559
10.483623511, 10.483751211
10.493623585, 10.493766177
10.503623535, 10.503753609
10.513623508, 10.513752446
10.523623517, 10.523750721
10.533623507, 10.533755244
10.543623504, 10.543750599
10.553623526, 10.553751187
10.563623516, 10.563748182
10.573623514, 10.573746894
10.583623522, 10.583752333
10.593623511, 10.593749200
10.603623511, 10.603753366
10.613623516, 10.613750355
10.623623520, 10.623749687
10.633623517, 10.633747779
10.643623510, 10.643749229
10.653623514, 10.653798723
10.663623505, 10.663751240
10.673623513, 10.673744547
10.683623506, 10.683746112
10.693623516, 10.693752670
10.703623519, 10.703750491
10.713623511, 10.713751764
10.723623507, 10.723750540
10.733623510, 10.733745279
10.743623515, 10.743747615
10.753623511, 10.753747682
10.763623516, 10.763751308
10.773623515, 10.773759148
10.783623516, 10.783745081
10.793623520, 10.793755194
10.803623512, 10.803750630
10.813623513, 10.813750283
10.823623511, 10.823748433
10.833623512, 10.833747326
10.843623508, 10.843749452
10.853623511, 10.853754395
10.863623514, 10.863750919
10.873623511, 10.873749776
10.883623518, 10.883754895
10.893623518, 10.893745840
10.903623511, 10.903746569
10.913623513, 10.913746364
10.923623517, 10.923747436
10.933623508, 10.933756371
10.943623513, 10.943748484
10.953623516, 10.953748282
10.963623521, 10.963749722
10.973623511, 10.973746752
10.983623509, 10.983750411
10.993623517, 10.993750036
11.003623521, 11.003752118
11.013623511, 11.013755102
11.023623504, 11.023751575
11.033623516, 11.033743620
11.043623510, 11.043745588
11.053623511, 11.053745687
11.063623509, 11.063747615
11.073623514, 11.073748936
11.083623510, 11.083748730
11.093623514, 11.093754771
11.103623515, 11.103753846
11.113623517, 11.113744511
11.123623513, 11.123746837
11.133623518, 11.133753303
11.143623502, 11.143745789
11.153623514, 11.153748563
11.163623513, 11.163745466
11.173623507, 11.173748207
11.183623512, 11.183748398
11.193623512, 11.193747588
11.203623512, 11.203748933
11.213623514, 11.213749396
11.223623513, 11.223745489
11.233623519, 11.233748401
11.243623511, 11.243752429
11.253623509, 11.253755579
11.263623508, 11.263748295
11.273623505, 11.273747294
11.283623510, 11.283746782
11.293623517, 11.293748802
11.303623512, 11.303747876
11.313623505, 11.313742512
11.323623510, 11.323745052
11.333623507, 11.333748245
11.343623520, 11.343745035
11.353623509, 11.353743842
11.363623511, 11.363750469
11.373623505, 11.373752074
11.383623516, 11.383747019
11.393623515, 11.393745891
11.403623515, 11.403749431
11.413623512, 11.413755709
11.423623513, 11.423748014
11.433623504, 11.433748059
11.443623515, 11.443750326
11.453623509, 11.453750679
11.463623511, 11.463751496
11.473623514, 11.473746403
11.483623508, 11.483748984
11.493623509, 11.493755356
11.503623507, 11.503751157
11.513623506, 11.513748100
11.523623510, 11.523746019
11.533623517, 11.533742913
11.543623508, 11.543748544
11.553623508, 11.553747178
11.563623511, 11.563748276
11.573623513, 11.573752730
11.583623510, 11.583743900
11.593623509, 11.593743376
11.603623513, 11.603748822
11.613623516, 11.613746033
11.623623513, 11.623746851
11.633623513, 11.633745455
11.643623519, 11.643747719
11.653623523, 11.653751313
11.663623522, 11.663744849
11.673623511, 11.673743641
11.683623504, 11.683747620
11.693623511, 11.693749914
11.703623516, 11.703749773
11.713623511, 11.713747860
11.723623513, 11.723757243
11.733623506, 11.733752746
11.743623504, 11.743749654
11.753623509, 11.753746621
11.763623509, 11.763747058
11.773623522, 11.773750174
11.783623523, 11.783751312
11.793623506, 11.793748080
11.803623513, 11.803745523
11.813623507, 11.813755036
11.823623511, 11.823752162
11.833623510, 11.833746498
11.843623516, 11.843748945
11.853623506, 11.853743570
11.863623513, 11.863745650
11.873623514, 11.873747610
11.883623515, 11.883752310
11.893623515, 11.893753814
11.903623515, 11.903749745
11.913623511, 11.913747688
11.923623511, 11.923745742
11.933623509, 11.933747224
11.943623511, 11.943744979
11.953623507, 11.953743926
11.963623507, 11.963746365
11.973623511, 11.973752767
11.983623503, 11.983747615
11.993623507, 11.993743226
12.003623507, 12.003742304
12.013623510, 12.013754711
12.023623522, 12.023744938
12.033623513, 12.033748005
12.043623506, 12.043749620
12.053623510, 12.053754035
------------------------------
