------------------------------
test was performed using the following parameters: --mps=100 --burst=1 --reply-every=1 --msg-size=12 --time=10
------------------------------
sockperf: [Total Run] RunTime=10.100 sec; SentMessages=1011; ReceivedMessages=1010
sockperf: ========= Printing statistics for Server No: 0
sockperf: [Valid Duration] RunTime=9.990 sec; SentMessages=1000; ReceivedMessages=1000
sockperf: [2;35m====> avg-lat= 89.104 (std-dev=18.033)[0m
sockperf: # dropped messages = 0; # duplicated messages = 0; # out-of-order messages = 0
sockperf: [2;35mTotal 1000 observations[0m; each percentile contains 10.00 observations
sockperf: ---> <MAX> observation =  187.472
sockperf: ---> percentile  99.99 =  187.472
sockperf: ---> percentile  99.90 =  182.322
sockperf: ---> percentile  99.50 =  147.027
sockperf: ---> percentile  99.00 =  138.631
sockperf: ---> percentile  95.00 =  119.100
sockperf: ---> percentile  90.00 =  111.753
sockperf: ---> percentile  75.00 =   98.086
sockperf: ---> percentile  50.00 =   87.019
sockperf: ---> percentile  25.00 =   81.750
sockperf: ---> <MIN> observation =   30.257
------------------------------
txTime, rxTime
2.062815232, 2.063093078
2.072820243, 2.073088461
2.082815243, 2.083100430
2.092815248, 2.093061747
2.102815235, 2.103067983
2.112815230, 2.113109286
2.122815229, 2.123019822
2.132819585, 2.133059887
2.142815224, 2.143090322
2.152815236, 2.153045983
2.162815227, 2.163027574
2.172815235, 2.173048452
2.182815230, 2.183014879
2.192818810, 2.193044137
2.202815245, 2.203030247
2.212815231, 2.213051530
2.222815232, 2.223029366
2.232815253, 2.232991906
2.242815234, 2.242975670
2.252822958, 2.253026880
2.262815223, 2.262988707
2.272815234, 2.272984340
2.282815224, 2.283011291
2.292815320, 2.292986696
2.302815230, 2.302966901
2.312817027, 2.312999248
2.322815245, 2.323028929
2.332815237, 2.332971917
2.342815224, 2.342979887
2.352818502, 2.353018342
2.362815235, 2.362969223
2.372817888, 2.373031641
2.382815232, 2.382993344
2.392815230, 2.392998205
2.402815246, 2.402984541
2.412815246, 2.413007353
2.422815222, 2.422970032
2.432818366, 2.433003545
2.442815224, 2.442987424
2.452815227, 2.452990624
2.462815228, 2.462960591
2.472815230, 2.472985818
2.482815233, 2.482985560
2.492817427, 2.493004024
2.502815226, 2.502988380
2.512815235, 2.512994585
2.522815235, 2.523019892
2.532815234, 2.532976695
2.542815226, 2.542959734
2.552817842, 2.552972507
2.562815235, 2.563005527
2.572815232, 2.573008243
2.582815223, 2.583005164
2.592815221, 2.592980013
2.602815234, 2.602972662
2.612817439, 2.612994138
2.622815235, 2.622964476
2.632815237, 2.632903912
2.642815232, 2.642885319
2.652815223, 2.652896106
2.662815234, 2.662986531
2.672817016, 2.673021850
2.682815249, 2.683018145
2.692815226, 2.693038209
2.702815234, 2.703012686
2.712819282, 2.713049872
2.722815253, 2.722990267
2.732816961, 2.733025524
2.742815249, 2.743008988
2.752815226, 2.753002082
2.762815227, 2.762979927
2.772815232, 2.772988333
2.782815234, 2.782973600
2.792817089, 2.792984453
2.802815237, 2.803012080
2.812815219, 2.813006447
2.822815230, 2.822972666
2.832815249, 2.833008171
2.842815217, 2.842966359
2.852816760, 2.852997514
2.862815236, 2.862991396
2.872815235, 2.872994629
2.882815227, 2.883022005
2.892815224, 2.892996821
2.902815229, 2.902963776
2.912817594, 2.912996107
2.922815238, 2.922980920
2.932815234, 2.932997291
2.942815234, 2.942974650
2.952815227, 2.952987182
2.962815234, 2.962999514
2.972816991, 2.972987636
2.982815221, 2.983003772
2.992815232, 2.993018112
3.002815227, 3.003060648
3.012815252, 3.013072702
3.022815253, 3.022995350
3.032817010, 3.032972637
3.042815230, 3.042982088
3.052815232, 3.052998185
3.062815229, 3.063024478
3.072815232, 3.072979961
3.082815234, 3.082989889
3.092816942, 3.092992693
3.102815230, 3.103002204
3.112819206, 3.113038493
3.122815229, 3.123063831
3.132815249, 3.133039096
3.142815228, 3.143043655
3.152818754, 3.153047336
3.162815249, 3.163043740
3.172815232, 3.173057736
3.182815232, 3.183028882
3.192815251, 3.193035118
3.202815251, 3.202992064
3.212817823, 3.213001197
3.222815227, 3.222986356
3.232815235, 3.233005439
3.242815234, 3.242992406
3.252815230, 3.252995472
3.262815235, 3.262972176
3.272816956, 3.272984262
3.282815230, 3.283025983
3.292815225, 3.292998189
3.302815222, 3.302996655
3.312819119, 3.313019493
3.322815241, 3.323001030
3.332817017, 3.332954938
3.342815238, 3.342976008
3.352815230, 3.352981629
3.362815222, 3.363001415
3.372815232, 3.372955777
3.382815224, 3.382890867
3.392818329, 3.392967483
3.402815230, 3.402905887
3.412819959, 3.412894229
3.422815226, 3.422886709
3.432815224, 3.433041087
3.442815249, 3.443012881
3.452816800, 3.452941632
3.462815230, 3.462989518
3.472815232, 3.472953719
3.482815230, 3.482964798
3.492815230, 3.492981820
3.502815229, 3.503030490
3.512816841, 3.512934107
3.522815226, 3.522974119
3.532815228, 3.532971871
3.542815233, 3.542959302
3.552815234, 3.552977184
3.562815235, 3.563023551
3.572816796, 3.573016330
3.582815242, 3.583006651
3.592815229, 3.592969824
3.602815225, 3.603042842
3.612815226, 3.613029907
3.622815249, 3.622996651
3.632817037, 3.633009281
3.642815227, 3.642960561
3.652815221, 3.653046372
3.662815234, 3.662985066
3.672815223, 3.673003090
3.682815232, 3.683013092
3.692816986, 3.693042605
3.702815224, 3.703002716
3.712815231, 3.712994256
3.722815223, 3.722999735
3.732815236, 3.733001391
3.742815225, 3.743042216
3.752816895, 3.753019663
3.762815228, 3.762998145
3.772815225, 3.772954587
3.782815222, 3.782999206
3.792815228, 3.792995061
3.802815234, 3.803005852
3.812817712, 3.813013889
3.822815223, 3.823018299
3.832815227, 3.833024299
3.842815223, 3.843045017
3.852815230, 3.853005027
3.862815233, 3.863005119
3.872816869, 3.872985845
3.882815227, 3.883013421
3.892818503, 3.893124478
3.902815227, 3.903017136
3.912815221, 3.912980475
3.922815232, 3.923000533
3.932817078, 3.933019539
3.942815227, 3.943059237
3.952818608, 3.953050170
3.962815230, 3.962981746
3.972815221, 3.972975912
3.982815245, 3.982988487
3.992816820, 3.992993984
4.002815234, 4.002971621
4.012815225, 4.013011529
4.022815235, 4.023010603
4.032815240, 4.032986549
4.042815227, 4.042990426
4.052818306, 4.053026023
4.062815232, 4.062988808
4.072815236, 4.073034228
4.082815223, 4.083027284
4.092815233, 4.092916174
4.102815227, 4.102919625
4.112817013, 4.112898597
4.122815227, 4.123038735
4.132815226, 4.132906387
4.142815225, 4.142979495
4.152815237, 4.152905255
4.162815236, 4.162926192
4.172817146, 4.172944281
4.182815234, 4.182949757
4.192815230, 4.192914211
4.202815328, 4.203015299
4.212815234, 4.213070732
4.222815243, 4.223013147
4.232817070, 4.233008900
4.242815226, 4.242978125
4.252815223, 4.253029869
4.262815227, 4.263010613
4.272815232, 4.272980566
4.282815224, 4.283000996
4.292817086, 4.293074417
4.302815234, 4.302980185
4.312815235, 4.312994205
4.322815234, 4.323019997
4.332815227, 4.332962633
4.342815230, 4.343030235
4.352817057, 4.352974715
4.362815235, 4.363077408
4.372815237, 4.372985514
4.382815227, 4.382971618
4.392815223, 4.392990600
4.402815230, 4.402989093
4.412818775, 4.412976008
4.422815228, 4.423018105
4.432815245, 4.432976597
4.442815234, 4.442980385
4.452815231, 4.452984094
4.462815227, 4.463006330
4.472816895, 4.472935380
4.482815223, 4.482959104
4.492815221, 4.492948942
4.502815228, 4.502952853
4.512815223, 4.512939215
4.522815229, 4.522981143
4.532817801, 4.532944622
4.542815249, 4.542968045
4.552815230, 4.552944772
4.562815229, 4.562960856
4.572815234, 4.572986353
4.582815227, 4.582966308
4.592817092, 4.592965659
4.602815227, 4.603005546
4.612815229, 4.612963819
4.622815237, 4.622965930
4.632815231, 4.632946143
4.642815230, 4.642936143
4.652816954, 4.652941766
4.662815223, 4.662946615
4.672815223, 4.672931964
4.682815226, 4.682964062
4.692820182, 4.692954363
4.702815240, 4.702950957
4.712817047, 4.712935397
4.722815298, 4.722955463
4.732815233, 4.732940569
4.742815223, 4.742935313
4.752815229, 4.752987453
4.762815224, 4.762966467
4.772817237, 4.772944604
4.782815230, 4.782941859
4.792815236, 4.792950055
4.802815232, 4.802957200
4.812815229, 4.812947176
4.822815245, 4.822990655
4.832817243, 4.832922508
4.842815224, 4.842980135
4.852815224, 4.852948443
4.862815223, 4.862974896
4.872815234, 4.872936842
4.882815230, 4.882962865
4.892816906, 4.892973106
4.902815232, 4.902950926
4.912815240, 4.913010535
4.922815224, 4.923009189
4.932815224, 4.932932864
4.942815228, 4.942933865
4.952817139, 4.952975006
4.962815227, 4.962948718
4.972815230, 4.972956169
4.982815235, 4.982994349
4.992815235, 4.993025227
5.002815223, 5.003058235
5.012816814, 5.012981163
5.022815223, 5.022929859
5.032815224, 5.032934295
5.042815222, 5.042985310
5.052815232, 5.052912495
5.062815221, 5.062931879
5.072817264, 5.073026572
5.082815235, 5.083021335
5.092815225, 5.092951699
5.102815237, 5.102948874
5.112815223, 5.112890304
5.122815232, 5.122971372
5.132817197, 5.132933957
5.142815228, 5.143046316
5.152815230, 5.152953876
5.162815225, 5.162968856
5.172815230, 5.172974340
5.182815232, 5.183058032
5.192817138, 5.192910608
5.202815228, 5.203003085
5.212815230, 5.212934115
5.222815239, 5.223008424
5.232815222, 5.232957255
5.242815235, 5.242966363
5.252816569, 5.252935670
5.262815234, 5.262971633
5.272815227, 5.272992216
5.282815224, 5.282954794
5.292815227, 5.292957770
5.302815227, 5.302920072
5.312817656, 5.313018165
5.322815223, 5.322950846
5.332815249, 5.332986473
5.342815232, 5.342974607
5.352815234, 5.352983471
5.362815245, 5.362913586
5.372816961, 5.372923268
5.382815221, 5.382922699
5.392815223, 5.392958816
5.402815230, 5.402941383
5.412821982, 5.413076152
5.422815235, 5.422989274
5.432817229, 5.432941287
5.442815240, 5.442958111
5.452815224, 5.452921086
5.462815227, 5.462970248
5.472815226, 5.472928292
5.482815229, 5.482941321
5.492816973, 5.493046435
5.502815229, 5.502966869
5.512815234, 5.512979386
5.522815230, 5.522972166
5.532815234, 5.532965713
5.542815225, 5.543031776
5.552817000, 5.552987711
5.562815223, 5.563023379
5.572815228, 5.573008113
5.582815229, 5.583013625
5.592815235, 5.593007996
5.602815240, 5.602977478
5.612818475, 5.613024562
5.622815223, 5.623024091
5.632815219, 5.632967922
5.642815235, 5.643002343
5.652815236, 5.652987956
5.662815227, 5.662988420
5.672817040, 5.672997326
5.682815229, 5.683020736
5.692815229, 5.692997401
5.702815228, 5.702977072
5.712815226, 5.712977524
5.722815231, 5.722987240
5.732817171, 5.733010297
5.742815223, 5.742980831
5.752815219, 5.752979393
5.762815227, 5.762974970
5.772815234, 5.772941182
5.782815221, 5.782947686
5.792816961, 5.792945442
5.802815224, 5.803015313
5.812815227, 5.812996200
5.822815237, 5.822998409
5.832815221, 5.832978093
5.842815227, 5.842981120
5.852817062, 5.852971966
5.862815237, 5.862983279
5.872815230, 5.873005304
5.882815230, 5.883022667
5.892815234, 5.892958065
5.902815227, 5.902972681
5.912817037, 5.912972831
5.922815227, 5.922993678
5.932818623, 5.932989612
5.942815229, 5.942998894
5.952815219, 5.953007946
5.962815223, 5.962990160
5.972818222, 5.972944286
5.982815238, 5.982997020
5.992815235, 5.992998644
6.002815230, 6.003002830
6.012815227, 6.012943637
6.022815223, 6.023021321
6.032818712, 6.033013619
6.042815221, 6.043041713
6.052815227, 6.053020878
6.062815235, 6.063026987
6.072815226, 6.072961379
6.082815243, 6.082965391
6.092816861, 6.092989771
6.102815236, 6.103007184
6.112815232, 6.112986348
6.122815232, 6.123016598
6.132815245, 6.133050655
6.142815223, 6.143003591
6.152817321, 6.152990108
6.162815226, 6.162975465
6.172815223, 6.173031491
6.182815227, 6.183041810
6.192815219, 6.193018624
6.202815224, 6.202986770
6.212817048, 6.212986955
6.222815230, 6.223039237
6.232815227, 6.233046563
6.242815229, 6.242975206
6.252815232, 6.253008349
6.262815229, 6.262964622
6.272816872, 6.272989354
6.282815230, 6.283092492
6.292815221, 6.292988747
6.302815226, 6.302990541
6.312815237, 6.313067199
6.322815235, 6.323003338
6.332816996, 6.333034782
6.342815229, 6.342969216
6.352815235, 6.353049767
6.362815237, 6.363033530
6.372815248, 6.372992904
6.382815223, 6.382981715
6.392816912, 6.393008601
6.402815229, 6.402992405
6.412816764, 6.413030257
6.422815237, 6.422986708
6.432820052, 6.433020461
6.442815233, 6.442999187
6.452816956, 6.453002296
6.462815229, 6.463067200
6.472815226, 6.473000849
6.482815223, 6.483009171
6.492815229, 6.493011060
6.502815230, 6.502956865
6.512816806, 6.512992048
6.522815234, 6.523026180
6.532815230, 6.533000660
6.542815226, 6.543017477
6.552815230, 6.553004802
6.562815227, 6.563051772
6.572825689, 6.573062483
6.582815248, 6.582990721
6.592815223, 6.593003620
6.602815221, 6.603026580
6.612815502, 6.613042846
6.622815229, 6.623020855
6.632817242, 6.632996077
6.642815226, 6.643021437
6.652815221, 6.653000604
6.662815227, 6.662987501
6.672815227, 6.672987185
6.682815224, 6.683019197
6.692817000, 6.693028228
6.702815241, 6.703042419
6.712815221, 6.712992752
6.722815230, 6.723025970
6.732815229, 6.733007101
6.742815227, 6.742964460
6.752816977, 6.752961717
6.762815226, 6.762993685
6.772815230, 6.772994786
6.782815240, 6.782997130
6.792815235, 6.793031790
6.802815227, 6.802971808
6.812816958, 6.813041989
6.822815229, 6.822985759
6.832815229, 6.832986993
6.842815235, 6.843043205
6.852815234, 6.853040820
6.862815228, 6.862970088
6.872816937, 6.873052096
6.882815219, 6.882984952
6.892815232, 6.893025314
6.902815235, 6.903075161
6.912815246, 6.913018944
6.922815230, 6.923065277
6.932818982, 6.933028672
6.942815226, 6.943061015
6.952815234, 6.952986268
6.962815235, 6.962959698
6.972815220, 6.972973695
6.982815224, 6.983031197
6.992816743, 6.992989662
7.002815219, 7.003044197
7.012815229, 7.013044580
7.022815237, 7.023053814
7.032815221, 7.032997313
7.042815227, 7.042966439
7.052817562, 7.053024466
7.062815227, 7.062987475
7.072815235, 7.073013113
7.082815223, 7.082984781
7.092815230, 7.092972397
7.102815229, 7.103014462
7.112816939, 7.113033335
7.122815229, 7.123009831
7.132815224, 7.132982829
7.142815226, 7.143014714
7.152815229, 7.153011851
7.162815223, 7.162995117
7.172826019, 7.173008385
7.182815221, 7.183044143
7.192815234, 7.193049745
7.202815237, 7.203078452
7.212815232, 7.213039892
7.222815230, 7.223016011
7.232818959, 7.232969281
7.242815220, 7.243006942
7.252815226, 7.252941326
7.262815221, 7.262932269
7.272815241, 7.272964321
7.282815226, 7.282938509
7.292817062, 7.292948747
7.302815224, 7.302925811
7.312815227, 7.312943762
7.322815224, 7.322899897
7.332815230, 7.332943909
7.342815221, 7.342914207
7.352816854, 7.352889263
7.362815230, 7.363025320
7.372815223, 7.372904511
7.382815227, 7.383045857
7.392815235, 7.392991937
7.402815235, 7.403025682
7.412819337, 7.413053825
7.422815227, 7.423004813
7.432815230, 7.433029728
7.442815227, 7.443006887
7.452815233, 7.453008434
7.462815232, 7.463013775
7.472818998, 7.472969357
7.482815226, 7.482983590
7.492815230, 7.493016238
7.502815232, 7.503092020
7.512815237, 7.512992839
7.522815226, 7.522996065
7.532817624, 7.532992654
7.542815224, 7.543005157
7.552815232, 7.553024142
7.562815227, 7.562992527
7.572815221, 7.572989871
7.582815216, 7.582995894
7.592816940, 7.593032679
7.602815230, 7.602984799
7.612818376, 7.612999248
7.622815227, 7.622966608
7.632815219, 7.632983716
7.642815231, 7.643008836
7.652816704, 7.652959838
7.662815227, 7.662963540
7.672815232, 7.673049654
7.682815229, 7.682981359
7.692815227, 7.693015819
7.702815223, 7.703025545
7.712817136, 7.713000462
7.722815223, 7.722986101
7.732815232, 7.732991997
7.742815234, 7.742989369
7.752815232, 7.752974725
7.762815219, 7.762989191
7.772817024, 7.773007509
7.782815221, 7.783005249
7.792815227, 7.793004204
7.802815223, 7.803011179
7.812815227, 7.812981128
7.822815223, 7.823006448
7.832817089, 7.832992594
7.842815223, 7.842969356
7.852815230, 7.852986792
7.862815229, 7.863066228
7.872818768, 7.872980822
7.882815221, 7.883009417
7.892817297, 7.893009138
7.902815234, 7.902972441
7.912818222, 7.913006823
7.922815224, 7.922998771
7.932815418, 7.933003801
7.942815221, 7.943040683
7.952817103, 7.953007442
7.962815227, 7.962945676
7.972815223, 7.972964422
7.982815234, 7.983048831
7.992815248, 7.993022935
8.002815221, 8.003053422
8.012818750, 8.013002980
8.022815225, 8.023047437
8.032815232, 8.033038009
8.042815224, 8.043026641
8.052815251, 8.053016876
8.062815221, 8.063053546
8.072816914, 8.073036535
8.082815249, 8.083048702
8.092815227, 8.092973062
8.102815226, 8.103075046
8.112815262, 8.113018949
8.122815229, 8.122976562
8.132817498, 8.133079912
8.142815245, 8.143099408
8.152815232, 8.153017146
8.162815241, 8.163108585
8.172815253, 8.173005709
8.182815223, 8.183076876
8.192818920, 8.193026051
8.202815224, 8.202980331
8.212815223, 8.213012300
8.222815227, 8.223009987
8.232815229, 8.233006288
8.242815223, 8.243050346
8.252817013, 8.253191958
8.262815253, 8.262980375
8.272815235, 8.272988502
8.282815223, 8.283027579
8.292815234, 8.293083538
8.302815251, 8.303070562
8.312818574, 8.313068859
8.322815249, 8.323032236
8.332815227, 8.333068449
8.342815245, 8.343033828
8.352815249, 8.353044044
8.362815253, 8.363058215
8.372825956, 8.373128957
8.382815237, 8.382875751
8.392815226, 8.392910833
8.402815223, 8.402910944
8.412817107, 8.413034522
8.422815234, 8.422930804
8.432818344, 8.432931576
8.442815229, 8.443001386
8.452815221, 8.453025286
8.462815229, 8.463013633
8.472815226, 8.472969748
8.482815223, 8.483022993
8.492816669, 8.493003501
8.502815227, 8.502976271
8.512815235, 8.513004564
8.522815230, 8.523054919
8.532815230, 8.532997390
8.542815235, 8.543028279
8.552822076, 8.553030096
8.562815224, 8.562982713
8.572815227, 8.572969713
8.582815230, 8.583058238
8.592815230, 8.593007103
8.602815226, 8.602953332
8.612817018, 8.612959057
8.622815227, 8.622951109
8.632815219, 8.633000508
8.642815227, 8.643056473
8.652815227, 8.652976071
8.662815218, 8.663035461
8.672816655, 8.672999123
8.682815243, 8.683006694
8.692815230, 8.692978656
8.702815223, 8.702970518
8.712815227, 8.713004386
8.722815227, 8.722999615
8.732817656, 8.733011780
8.742815227, 8.742980291
8.752815224, 8.753005275
8.762815223, 8.762994302
8.772815221, 8.773028101
8.782815224, 8.782965172
8.792817084, 8.792978086
8.802815230, 8.802980612
8.812815221, 8.812981623
8.822815229, 8.822989204
8.832815237, 8.833022453
8.842815222, 8.842990221
8.852816969, 8.852978300
8.862815230, 8.862992194
8.872815228, 8.872985570
8.882815236, 8.883035849
8.892815223, 8.892997062
8.902815226, 8.902996013
8.912817737, 8.912958001
8.922815224, 8.922964239
8.932815229, 8.932975578
8.942815230, 8.942968527
8.952815227, 8.952991172
8.962815227, 8.962997195
8.972817262, 8.973012891
8.982815228, 8.983028332
8.992815227, 8.993011401
9.002815224, 9.002964539
9.012815273, 9.012908873
9.022815224, 9.022948446
9.032817347, 9.032984418
9.042815227, 9.042982793
9.052815236, 9.052944486
9.062815233, 9.062993857
9.072815221, 9.072908748
9.082815223, 9.082987185
9.092817074, 9.093024860
9.102815221, 9.103014242
9.112815227, 9.113029116
9.122815223, 9.122984070
9.132815232, 9.132986234
9.142815221, 9.142999421
9.152816891, 9.152978137
9.162815244, 9.163001111
9.172815228, 9.173004958
9.182815223, 9.182974952
9.192815226, 9.192997710
9.202815223, 9.203015751
9.212817170, 9.212976296
9.222815235, 9.222991289
9.232815221, 9.233005039
9.242815228, 9.242981600
9.252815230, 9.253020781
9.262815227, 9.262888997
9.272817469, 9.272977445
9.282815230, 9.282988476
9.292815237, 9.293043635
9.302815233, 9.302983573
9.312815223, 9.313056097
9.322815227, 9.323013458
9.332817349, 9.333027541
9.342815228, 9.343041684
9.352815227, 9.352998817
9.362815237, 9.363013542
9.372815230, 9.373011574
9.382815245, 9.382967976
9.392817223, 9.392972357
9.402815239, 9.403033526
9.412817382, 9.413026665
9.422815232, 9.423022136
9.432815232, 9.433031364
9.442815218, 9.442995395
9.452817408, 9.453027491
9.462815245, 9.462980733
9.472815221, 9.472993536
9.482815222, 9.482936764
9.492815232, 9.492914983
9.502815227, 9.502950102
9.512816973, 9.512979276
9.522815227, 9.522963307
9.532815227, 9.532988126
9.542815223, 9.542970515
9.552815237, 9.552988058
9.562815225, 9.562959215
9.572816830, 9.573007462
9.582815226, 9.583023803
9.592815229, 9.593034151
9.602815230, 9.602991876
9.612815395, 9.613016089
9.622815232, 9.623002753
9.632816858, 9.632997050
9.642815229, 9.643036449
9.652815229, 9.652996720
9.662815222, 9.662979329
9.672815234, 9.672996014
9.682815226, 9.683008460
9.692817328, 9.692999492
9.702815232, 9.702983564
9.712815227, 9.712938290
9.722815234, 9.723018035
9.732818841, 9.732932730
9.742815232, 9.742925365
9.752816938, 9.752906313
9.762815233, 9.762927638
9.772815235, 9.773016214
9.782815241, 9.783001787
9.792815227, 9.793159298
9.802815225, 9.803019751
9.812816859, 9.812993974
9.822815224, 9.823036966
9.832815227, 9.833020135
9.842815230, 9.842986717
9.852815229, 9.853017173
9.862815230, 9.863034416
9.872816640, 9.873008690
9.882815230, 9.883040218
9.892815234, 9.893018421
9.902815228, 9.903076446
9.912815227, 9.913017657
9.922815228, 9.922975248
9.932818944, 9.933183590
9.942815222, 9.942969951
9.952815374, 9.952995630
9.962815236, 9.962968171
9.972815222, 9.973023550
9.982815235, 9.982997079
9.992817491, 9.992985913
10.002815230, 10.002987176
10.012815227, 10.012985026
10.022815235, 10.022987262
10.032815236, 10.032989149
10.042815222, 10.042984338
10.052818814, 10.052996042
10.062815233, 10.062982560
10.072815230, 10.072979582
10.082815235, 10.082986003
10.092815232, 10.092983875
10.102815221, 10.102984071
10.112816812, 10.112985083
10.122815232, 10.122985487
10.132815233, 10.132987483
10.142815227, 10.142985778
10.152815228, 10.152982023
10.162815236, 10.162982069
10.172816533, 10.172981979
10.182815233, 10.182981715
10.192815236, 10.192983242
10.202815236, 10.202982514
10.212815249, 10.212986655
10.222815228, 10.222984772
10.232816905, 10.232990233
10.242815235, 10.242984934
10.252815236, 10.252981857
10.262815230, 10.262981832
10.272815233, 10.272989635
10.282815227, 10.282978379
10.292816678, 10.292986750
10.302815225, 10.302979756
10.312815228, 10.312985763
10.322815225, 10.322984491
10.332815233, 10.332985757
10.342815228, 10.342981305
10.352816814, 10.352985058
10.362815225, 10.362977651
10.372815233, 10.372981576
10.382815225, 10.382978726
10.392815228, 10.392983692
10.402815222, 10.402984466
10.412818430, 10.412986820
10.422815232, 10.422984647
10.432815228, 10.432987445
10.442815228, 10.442984079
10.452815235, 10.452989240
10.462815227, 10.462982381
10.472816746, 10.472981145
10.482815228, 10.482978704
10.492815236, 10.492982348
10.502815222, 10.502981781
10.512815236, 10.512985182
10.522815225, 10.522983390
10.532817194, 10.532988163
10.542815228, 10.542982460
10.552815230, 10.552981148
10.562815232, 10.562984186
10.572815232, 10.572980019
10.582815219, 10.582978583
10.592818007, 10.592992152
10.602815235, 10.602982981
10.612815236, 10.612983450
10.622815233, 10.622983316
10.632815230, 10.632981568
10.642815230, 10.642982146
10.652816711, 10.652985189
10.662815225, 10.662980406
10.672815232, 10.672982546
10.682815225, 10.682980131
10.692815222, 10.692988405
10.702815230, 10.702984475
10.712816646, 10.712985749
10.722815243, 10.722980185
10.732815233, 10.732980537
10.742815235, 10.742981794
10.752815236, 10.752983965
10.762815225, 10.762980068
10.772816664, 10.772983008
10.782815228, 10.782979298
10.792815236, 10.792981647
10.802815227, 10.802980899
10.812815233, 10.812980108
10.822815230, 10.822980032
10.832816766, 10.832986321
10.842815235, 10.842980116
10.852815235, 10.852985921
10.862815233, 10.862985154
10.872815233, 10.872982391
10.882815230, 10.882982418
10.892816725, 10.892984652
10.902815227, 10.902975341
10.912815235, 10.912985288
10.922815233, 10.922982629
10.932815227, 10.932984496
10.942815236, 10.942983914
10.952816738, 10.952985593
10.962815232, 10.962982320
10.972815233, 10.972982233
10.982815228, 10.982985997
10.992815230, 10.992983300
11.002815235, 11.002980899
11.012816803, 11.012982587
11.022815230, 11.022985931
11.032815228, 11.032983291
11.042815227, 11.042980400
11.052815221, 11.052983234
11.062815228, 11.062983960
11.072816676, 11.072985051
11.082815227, 11.082980814
11.092815228, 11.092983168
11.102815230, 11.102967150
11.112815230, 11.112980844
11.122815233, 11.122978892
11.132816700, 11.132987229
11.142815233, 11.142984565
11.152815230, 11.152984712
11.162815228, 11.162982239
11.172815232, 11.172984194
11.182815230, 11.182981219
11.192816637, 11.192985863
11.202815222, 11.202981055
11.212815232, 11.212978729
11.222815230, 11.222982094
11.232815235, 11.232988528
11.242815235, 11.242980108
11.252816621, 11.252985977
11.262815221, 11.262980716
11.272815224, 11.272985674
11.282815219, 11.282987648
11.292815226, 11.292989651
11.302815237, 11.302986488
11.312816718, 11.312995259
11.322815224, 11.322990360
11.332815234, 11.332995851
11.342815234, 11.342995267
11.352815235, 11.352989849
11.362815229, 11.362989275
11.372816704, 11.372987546
11.382815229, 11.382988872
11.392815237, 11.392993538
11.402815234, 11.402993037
11.412816782, 11.412995661
11.422815229, 11.422989282
11.432816756, 11.432994793
11.442815226, 11.442989804
11.452815229, 11.452988181
11.462815235, 11.462988772
11.472815235, 11.472990250
11.482815235, 11.482983884
11.492816653, 11.492999315
11.502815229, 11.502988814
11.512815230, 11.512991053
11.522815235, 11.522993204
11.532815238, 11.532982513
11.542815227, 11.542989476
11.552816794, 11.552961223
11.562815229, 11.562992799
11.572815230, 11.572990815
11.582815229, 11.582988418
11.592815234, 11.592988472
11.602815227, 11.602987121
11.612817117, 11.612993477
11.622815229, 11.622991106
11.632815227, 11.632990927
11.642815230, 11.642987383
11.652815227, 11.652994512
11.662815234, 11.662989960
11.672816644, 11.672981685
11.682815235, 11.682986210
11.692815230, 11.692986504
11.702815230, 11.702991747
11.712815229, 11.712989659
11.722815227, 11.722989245
11.732816565, 11.732994186
11.742815229, 11.742988095
11.752815234, 11.752989814
11.762815235, 11.762993937
11.772815230, 11.772988491
11.782815229, 11.782989325
11.792816628, 11.792994083
11.802815238, 11.802985457
11.812815237, 11.812992531
11.822815234, 11.822990119
11.832815232, 11.832989171
11.842815235, 11.842991186
11.852816599, 11.852988425
11.862815234, 11.862992287
11.872815234, 11.872998245
11.882815235, 11.882992831
11.892815230, 11.892994985
11.902815237, 11.902993369
11.912816557, 11.912995885
11.922815235, 11.922988459
11.932815234, 11.932993220
11.942815234, 11.942994791
11.952815234, 11.952995530
11.962815232, 11.962985786
11.972816612, 11.972998559
11.982815227, 11.982984603
11.992815226, 11.992991569
12.002815230, 12.002994010
12.012815229, 12.012994719
12.022815227, 12.022988003
12.032817032, 12.032995008
12.042815229, 12.042971416
12.052815235, 12.052991919
------------------------------
