------------------------------
test was performed using the following parameters: --mps=100 --burst=1 --reply-every=1 --msg-size=12 --time=10
------------------------------
sockperf: [Total Run] RunTime=10.100 sec; SentMessages=1011; ReceivedMessages=1010
sockperf: ========= Printing statistics for Server No: 0
sockperf: [Valid Duration] RunTime=9.990 sec; SentMessages=1000; ReceivedMessages=1000
sockperf: [2;35m====> avg-lat= 71.698 (std-dev=14.905)[0m
sockperf: # dropped messages = 0; # duplicated messages = 0; # out-of-order messages = 0
sockperf: [2;35mTotal 1000 observations[0m; each percentile contains 10.00 observations
sockperf: ---> <MAX> observation =  157.219
sockperf: ---> percentile  99.99 =  157.219
sockperf: ---> percentile  99.90 =  131.049
sockperf: ---> percentile  99.50 =  112.113
sockperf: ---> percentile  99.00 =  106.827
sockperf: ---> percentile  95.00 =   91.836
sockperf: ---> percentile  90.00 =   90.668
sockperf: ---> percentile  75.00 =   85.945
sockperf: ---> percentile  50.00 =   69.105
sockperf: ---> percentile  25.00 =   60.328
sockperf: ---> <MIN> observation =   38.488
------------------------------
txTime, rxTime
2.063130168, 2.063349240
2.073130163, 2.073355553
2.083130186, 2.083392285
2.093130169, 2.093354397
2.103130184, 2.103444624
2.113130167, 2.113377707
2.123130170, 2.123351916
2.133130188, 2.133308022
2.143130168, 2.143308340
2.153130188, 2.153276571
2.163130190, 2.163306398
2.173130189, 2.173341513
2.183130168, 2.183336835
2.193130183, 2.193273164
2.203130184, 2.203287580
2.213130172, 2.213249274
2.223130182, 2.223294640
2.233130171, 2.233343827
2.243130167, 2.243290926
2.253130185, 2.253335288
2.263130181, 2.263360093
2.273130164, 2.273331835
2.283130187, 2.283351508
2.293130180, 2.293333417
2.303130171, 2.303260728
2.313130171, 2.313350405
2.323130186, 2.323328021
2.333130183, 2.333285957
2.343130182, 2.343298361
2.353130172, 2.353303344
2.363130174, 2.363249816
2.373130167, 2.373251509
2.383130165, 2.383289451
2.393130161, 2.393286398
2.403130160, 2.403276658
2.413130171, 2.413244869
2.423130167, 2.423245462
2.433130167, 2.433291207
2.443130180, 2.443320714
2.453130167, 2.453296473
2.463130189, 2.463268319
2.473130169, 2.473327914
2.483130167, 2.483299203
2.493130188, 2.493307209
2.503130184, 2.503291841
2.513130168, 2.513246862
2.523130167, 2.523314279
2.533130175, 2.533248231
2.543130169, 2.543304870
2.553130186, 2.553292597
2.563130183, 2.563294389
2.573130169, 2.573295137
2.583130184, 2.583312403
2.593130174, 2.593327837
2.603130181, 2.603298935
2.613130180, 2.613253585
2.623130163, 2.623226746
2.633130167, 2.633293760
2.643130168, 2.643248794
2.653130207, 2.653291565
2.663130170, 2.663243064
2.673130163, 2.673276741
2.683130174, 2.683278907
2.693130163, 2.693272396
2.703130167, 2.703318352
2.713130164, 2.713263883
2.723130160, 2.723228717
2.733130169, 2.733249412
2.743130168, 2.743312279
2.753130163, 2.753282418
2.763130169, 2.763308496
2.773130159, 2.773244796
2.783130162, 2.783255785
2.793130167, 2.793262304
2.803130167, 2.803251892
2.813130159, 2.813242909
2.823130163, 2.823265227
2.833130161, 2.833291971
2.843130168, 2.843271625
2.853130167, 2.853279244
2.863130167, 2.863306511
2.873130169, 2.873258909
2.883130160, 2.883260307
2.893130163, 2.893288087
2.903130165, 2.903291249
2.913130167, 2.913258000
2.923130160, 2.923270649
2.933130161, 2.933224293
2.943130160, 2.943257059
2.953130161, 2.953283309
2.963130165, 2.963263868
2.973130166, 2.973250525
2.983130170, 2.983268386
2.993130159, 2.993242094
3.003130167, 3.003226835
3.013130167, 3.013223796
3.023130168, 3.023236472
3.033130161, 3.033235995
3.043130163, 3.043289899
3.053130167, 3.053245994
3.063130160, 3.063265068
3.073130163, 3.073261383
3.083130165, 3.083287051
3.093130163, 3.093244963
3.103130167, 3.103235801
3.113130166, 3.113259315
3.123130160, 3.123246361
3.133130163, 3.133321462
3.143130167, 3.143224425
3.153130163, 3.153252472
3.163130168, 3.163228387
3.173130159, 3.173247429
3.183130168, 3.183279454
3.193130169, 3.193244664
3.203130167, 3.203256212
3.213130167, 3.213260576
3.223130167, 3.223239666
3.233130169, 3.233249534
3.243130173, 3.243262360
3.253130175, 3.253245365
3.263130168, 3.263238942
3.273130164, 3.273277441
3.283130168, 3.283249043
3.293130171, 3.293252938
3.303130160, 3.303241067
3.313130175, 3.313246174
3.323130173, 3.323285446
3.333130163, 3.333242365
3.343130160, 3.343273399
3.353130171, 3.353234776
3.363130167, 3.363272424
3.373130164, 3.373249671
3.383130163, 3.383265304
3.393130167, 3.393271712
3.403130165, 3.403251679
3.413130163, 3.413243692
3.423130167, 3.423274304
3.433130171, 3.433260551
3.443130170, 3.443242237
3.453130164, 3.453219070
3.463130160, 3.463272882
3.473130158, 3.473257305
3.483130165, 3.483258026
3.493130169, 3.493265528
3.503130165, 3.503274007
3.513130166, 3.513242858
3.523130162, 3.523243591
3.533130163, 3.533251733
3.543130170, 3.543278303
3.553130171, 3.553250544
3.563130201, 3.563263877
3.573130163, 3.573252974
3.583130162, 3.583256258
3.593130158, 3.593268981
3.603130172, 3.603268859
3.613130161, 3.613226230
3.623130170, 3.623252515
3.633130164, 3.633250168
3.643130168, 3.643231659
3.653130158, 3.653268368
3.663130160, 3.663296661
3.673130167, 3.673244593
3.683130168, 3.683251835
3.693130171, 3.693233162
3.703130163, 3.703264337
3.713130159, 3.713228692
3.723130168, 3.723233486
3.733130163, 3.733259160
3.743130163, 3.743240307
3.753130171, 3.753263584
3.763130159, 3.763232904
3.773130156, 3.773251596
3.783130168, 3.783228939
3.793130164, 3.793273268
3.803130170, 3.803235623
3.813130169, 3.813257810
3.823130162, 3.823221465
3.833130161, 3.833266125
3.843130163, 3.843240156
3.853130167, 3.853242140
3.863130162, 3.863249705
3.873130164, 3.873261304
3.883130160, 3.883266924
3.893130163, 3.893247950
3.903130167, 3.903302410
3.913130164, 3.913290754
3.923130162, 3.923257636
3.933130171, 3.933268600
3.943130162, 3.943251098
3.953130167, 3.953236700
3.963130162, 3.963257648
3.973130174, 3.973263548
3.983130165, 3.983242996
3.993130164, 3.993221975
4.003130166, 4.003258603
4.013130161, 4.013241988
4.023130165, 4.023252469
4.033130172, 4.033298601
4.043130166, 4.043254697
4.053130167, 4.053260483
4.063130163, 4.063252027
4.073130165, 4.073263913
4.083130165, 4.083287221
4.093130163, 4.093247997
4.103130163, 4.103257726
4.113130167, 4.113249954
4.123130167, 4.123219550
4.133130163, 4.133230449
4.143130167, 4.143255853
4.153130163, 4.153255998
4.163130170, 4.163259354
4.173130180, 4.173269742
4.183130160, 4.183245775
4.193130159, 4.193264624
4.203130166, 4.203267228
4.213130159, 4.213249598
4.223130168, 4.223275094
4.233130167, 4.233297576
4.243130170, 4.243266982
4.253130169, 4.253263273
4.263130173, 4.263269076
4.273130166, 4.273259479
4.283130163, 4.283294586
4.293130167, 4.293245807
4.303130169, 4.303274146
4.313130162, 4.313330864
4.323130168, 4.323255451
4.333130166, 4.333244522
4.343130162, 4.343246320
4.353130167, 4.353229221
4.363130165, 4.363283121
4.373130167, 4.373311428
4.383130167, 4.383278455
4.393130169, 4.393274412
4.403130165, 4.403260458
4.413130199, 4.413277626
4.423130163, 4.423262565
4.433130171, 4.433314883
4.443130186, 4.443239928
4.453130171, 4.453243145
4.463130167, 4.463246722
4.473130166, 4.473278497
4.483130167, 4.483251489
4.493130156, 4.493258641
4.503130168, 4.503259774
4.513130167, 4.513255155
4.523130168, 4.523226309
4.533130164, 4.533224287
4.543130168, 4.543258195
4.553130163, 4.553276902
4.563130163, 4.563223931
4.573130165, 4.573262643
4.583130171, 4.583283654
4.593130169, 4.593277852
4.603130163, 4.603250720
4.613130161, 4.613247997
4.623130160, 4.623259203
4.633130167, 4.633245210
4.643130166, 4.643242879
4.653130167, 4.653256697
4.663130174, 4.663243702
4.673130158, 4.673277818
4.683130168, 4.683277692
4.693130167, 4.693253404
4.703130165, 4.703264412
4.713130167, 4.713265970
4.723130162, 4.723279633
4.733130164, 4.733281969
4.743130170, 4.743260918
4.753130166, 4.753235104
4.763130162, 4.763295366
4.773130163, 4.773262770
4.783130170, 4.783255580
4.793130171, 4.793269150
4.803130165, 4.803255020
4.813130163, 4.813270271
4.823130162, 4.823293096
4.833130164, 4.833263183
4.843130168, 4.843288955
4.853130158, 4.853243392
4.863130165, 4.863302273
4.873130178, 4.873301980
4.883130163, 4.883260787
4.893130169, 4.893299015
4.903130162, 4.903267949
4.913130169, 4.913263422
4.923130167, 4.923286353
4.933130166, 4.933243929
4.943130160, 4.943239613
4.953130171, 4.953259738
4.963130170, 4.963229224
4.973130161, 4.973258947
4.983130163, 4.983285385
4.993130172, 4.993280139
5.003130167, 5.003286067
5.013130166, 5.013286297
5.023130168, 5.023241763
5.033130166, 5.033252202
5.043130167, 5.043261248
5.053130161, 5.053254416
5.063130167, 5.063283652
5.073130166, 5.073269466
5.083130162, 5.083257284
5.093130163, 5.093277062
5.103130163, 5.103279537
5.113130163, 5.113276051
5.123130167, 5.123243869
5.133130169, 5.133243071
5.143130171, 5.143275824
5.153130166, 5.153257436
5.163130173, 5.163242245
5.173130167, 5.173251724
5.183130170, 5.183256843
5.193130169, 5.193265163
5.203130170, 5.203260465
5.213130164, 5.213264917
5.223130168, 5.223332908
5.233130169, 5.233295946
5.243130170, 5.243296027
5.253130166, 5.253283156
5.263130162, 5.263267515
5.273130159, 5.273257043
5.283130171, 5.283255267
5.293130163, 5.293256242
5.303130163, 5.303246402
5.313130167, 5.313255737
5.323130168, 5.323247365
5.333130161, 5.333221314
5.343130165, 5.343263953
5.353130171, 5.353308240
5.363130167, 5.363230674
5.373130171, 5.373283379
5.383130165, 5.383253717
5.393130159, 5.393248154
5.403130165, 5.403247512
5.413130169, 5.413275407
5.423130168, 5.423314509
5.433130166, 5.433268343
5.443130163, 5.443246643
5.453130161, 5.453281811
5.463130165, 5.463239988
5.473130166, 5.473264994
5.483130168, 5.483241473
5.493130163, 5.493264222
5.503130165, 5.503237724
5.513130164, 5.513231460
5.523130163, 5.523225049
5.533130164, 5.533228146
5.543130159, 5.543231604
5.553130161, 5.553254588
5.563130163, 5.563286841
5.573130167, 5.573243101
5.583130162, 5.583265101
5.593130163, 5.593247018
5.603130165, 5.603235711
5.613130163, 5.613284386
5.623130167, 5.623272522
5.633130167, 5.633227658
5.643130167, 5.643255626
5.653130167, 5.653221963
5.663130162, 5.663230589
5.673130167, 5.673281705
5.683130163, 5.683266838
5.693130175, 5.693323653
5.703130160, 5.703269024
5.713130169, 5.713249098
5.723130170, 5.723256041
5.733130169, 5.733275622
5.743130170, 5.743262188
5.753130167, 5.753259659
5.763130157, 5.763230237
5.773130161, 5.773268359
5.783130163, 5.783230202
5.793130167, 5.793263684
5.803130165, 5.803225764
5.813130163, 5.813227202
5.823130167, 5.823268132
5.833130169, 5.833293468
5.843130170, 5.843231994
5.853130178, 5.853279968
5.863130167, 5.863270741
5.873130163, 5.873277202
5.883130170, 5.883284319
5.893130161, 5.893242470
5.903130165, 5.903273166
5.913130166, 5.913241911
5.923130163, 5.923302778
5.933130164, 5.933251531
5.943130167, 5.943254863
5.953130166, 5.953261977
5.963130168, 5.963284761
5.973130163, 5.973289101
5.983130162, 5.983272244
5.993130158, 5.993257607
6.003130173, 6.003251433
6.013130175, 6.013218797
6.023130162, 6.023234339
6.033130171, 6.033257352
6.043130168, 6.043312940
6.053130167, 6.053298153
6.063130170, 6.063253177
6.073130166, 6.073270320
6.083130170, 6.083250989
6.093130171, 6.093254190
6.103130170, 6.103278687
6.113130167, 6.113288520
6.123130167, 6.123240727
6.133130162, 6.133242365
6.143130160, 6.143305290
6.153130169, 6.153235316
6.163130167, 6.163228256
6.173130164, 6.173244320
6.183130168, 6.183207225
6.193130166, 6.193268550
6.203130167, 6.203277898
6.213130171, 6.213245159
6.223130174, 6.223304537
6.233130171, 6.233289491
6.243130170, 6.243270996
6.253130164, 6.253244846
6.263130170, 6.263301120
6.273130169, 6.273253910
6.283130168, 6.283306903
6.293130161, 6.293305476
6.303130168, 6.303281082
6.313130164, 6.313273126
6.323130162, 6.323265442
6.333130163, 6.333249095
6.343130168, 6.343283154
6.353130166, 6.353283512
6.363130162, 6.363278616
6.373130166, 6.373315956
6.383130167, 6.383258328
6.393130163, 6.393303764
6.403130163, 6.403297637
6.413130161, 6.413243242
6.423130168, 6.423330857
6.433130167, 6.433250758
6.443130162, 6.443274386
6.453130163, 6.453271444
6.463130165, 6.463249209
6.473130166, 6.473277893
6.483130169, 6.483242672
6.493130162, 6.493264100
6.503130167, 6.503241666
6.513130165, 6.513230466
6.523130164, 6.523251941
6.533130163, 6.533268644
6.543130164, 6.543280692
6.553130165, 6.553234699
6.563130166, 6.563244258
6.573130167, 6.573237971
6.583130160, 6.583234227
6.593130163, 6.593267337
6.603130167, 6.603283989
6.613130171, 6.613279182
6.623130165, 6.623281888
6.633130171, 6.633223313
6.643130159, 6.643254972
6.653130161, 6.653262337
6.663130167, 6.663250202
6.673130164, 6.673243387
6.683130162, 6.683309390
6.693130172, 6.693265433
6.703130170, 6.703287938
6.713130161, 6.713276719
6.723130170, 6.723264014
6.733130205, 6.733274667
6.743130163, 6.743251082
6.753130167, 6.753298219
6.763130170, 6.763235781
6.773130159, 6.773260764
6.783130165, 6.783253194
6.793130169, 6.793273487
6.803130165, 6.803276534
6.813130169, 6.813254013
6.823130168, 6.823271283
6.833130164, 6.833279921
6.843130167, 6.843254633
6.853130166, 6.853236721
6.863130162, 6.863266853
6.873130166, 6.873227716
6.883130174, 6.883235740
6.893130167, 6.893257870
6.903130165, 6.903265148
6.913130161, 6.913266226
6.923130160, 6.923295930
6.933130169, 6.933297373
6.943130170, 6.943255226
6.953130164, 6.953241271
6.963130168, 6.963246966
6.973130169, 6.973256064
6.983130167, 6.983277489
6.993130215, 6.993250560
7.003130170, 7.003230487
7.013130161, 7.013225351
7.023130162, 7.023265800
7.033130164, 7.033321535
7.043130163, 7.043304501
7.053130161, 7.053282517
7.063130167, 7.063263481
7.073130161, 7.073311040
7.083130167, 7.083241853
7.093130166, 7.093224892
7.103130170, 7.103254653
7.113130159, 7.113294002
7.123130165, 7.123266476
7.133130166, 7.133252747
7.143130162, 7.143264818
7.153130163, 7.153268430
7.163130170, 7.163235579
7.173130166, 7.173258189
7.183130170, 7.183267248
7.193130159, 7.193239231
7.203130170, 7.203223464
7.213130167, 7.213232235
7.223130162, 7.223265076
7.233130164, 7.233250820
7.243130167, 7.243266214
7.253130174, 7.253235292
7.263130167, 7.263315185
7.273130167, 7.273246916
7.283130163, 7.283302814
7.293130165, 7.293225303
7.303130162, 7.303248621
7.313130164, 7.313226038
7.323130160, 7.323226948
7.333130169, 7.333268619
7.343130168, 7.343237004
7.353130166, 7.353262616
7.363130173, 7.363257366
7.373130164, 7.373245866
7.383130160, 7.383226914
7.393130164, 7.393248357
7.403130162, 7.403265315
7.413130166, 7.413257065
7.423130167, 7.423248882
7.433130163, 7.433267435
7.443130160, 7.443291945
7.453130167, 7.453234092
7.463130170, 7.463267008
7.473130171, 7.473293675
7.483130173, 7.483262780
7.493130166, 7.493254052
7.503130168, 7.503279552
7.513130166, 7.513259894
7.523130168, 7.523250428
7.533130166, 7.533253370
7.543130165, 7.543290264
7.553130164, 7.553249807
7.563130162, 7.563248821
7.573130174, 7.573275672
7.583130167, 7.583258534
7.593130161, 7.593290623
7.603130167, 7.603268915
7.613130169, 7.613256997
7.623130165, 7.623304994
7.633130164, 7.633281318
7.643130162, 7.643277275
7.653130165, 7.653244861
7.663130168, 7.663234121
7.673130159, 7.673246302
7.683130167, 7.683221002
7.693130167, 7.693230211
7.703130170, 7.703236179
7.713130164, 7.713231384
7.723130165, 7.723271000
7.733130164, 7.733253836
7.743130167, 7.743254060
7.753130171, 7.753239373
7.763130163, 7.763274372
7.773130161, 7.773279610
7.783130165, 7.783314577
7.793130161, 7.793235720
7.803130170, 7.803270834
7.813130163, 7.813231646
7.823130170, 7.823272929
7.833130164, 7.833251921
7.843130167, 7.843247286
7.853130161, 7.853258568
7.863130163, 7.863228196
7.873130164, 7.873270565
7.883130167, 7.883232725
7.893130167, 7.893246073
7.903130160, 7.903242172
7.913130161, 7.913267017
7.923130167, 7.923263405
7.933130164, 7.933271641
7.943130168, 7.943256058
7.953130164, 7.953268616
7.963130225, 7.963244517
7.973130159, 7.973259282
7.983130162, 7.983238062
7.993130167, 7.993282582
8.003130170, 8.003247671
8.013130172, 8.013255123
8.023130170, 8.023254487
8.033130163, 8.033268144
8.043130168, 8.043262050
8.053130166, 8.053221065
8.063130160, 8.063262233
8.073130169, 8.073207147
8.083130167, 8.083243535
8.093130158, 8.093226308
8.103130170, 8.103247644
8.113130164, 8.113256424
8.123130165, 8.123268080
8.133130161, 8.133242839
8.143130163, 8.143253540
8.153130159, 8.153257798
8.163130170, 8.163253531
8.173130161, 8.173265864
8.183130163, 8.183257037
8.193130167, 8.193288963
8.203130167, 8.203310740
8.213130167, 8.213262779
8.223130167, 8.223303892
8.233130168, 8.233247654
8.243130164, 8.243289027
8.253130175, 8.253243602
8.263130162, 8.263276728
8.273130174, 8.273277156
8.283130168, 8.283255809
8.293130163, 8.293249482
8.303130165, 8.303249961
8.313130164, 8.313270566
8.323130170, 8.323264051
8.333130167, 8.333232600
8.343130162, 8.343286485
8.353130174, 8.353235586
8.363130159, 8.363243685
8.373130171, 8.373248973
8.383130162, 8.383299071
8.393130166, 8.393258699
8.403130174, 8.403285630
8.413130163, 8.413225749
8.423130163, 8.423248961
8.433130169, 8.433243565
8.443130170, 8.443254270
8.453130161, 8.453272186
8.463130165, 8.463292406
8.473130169, 8.473272241
8.483130162, 8.483288341
8.493130163, 8.493272821
8.503130162, 8.503249279
8.513130163, 8.513294523
8.523130165, 8.523274020
8.533130164, 8.533269238
8.543130162, 8.543306610
8.553130167, 8.553267715
8.563130160, 8.563252312
8.573130161, 8.573285379
8.583130168, 8.583252094
8.593130167, 8.593258497
8.603130162, 8.603241798
8.613130167, 8.613260486
8.623130163, 8.623258529
8.633130159, 8.633256981
8.643130165, 8.643228745
8.653130172, 8.653250678
8.663130170, 8.663285499
8.673130161, 8.673242640
8.683130162, 8.683260003
8.693130174, 8.693263444
8.703130167, 8.703255657
8.713130167, 8.713269650
8.723130171, 8.723272943
8.733130172, 8.733291466
8.743130173, 8.743228271
8.753130158, 8.753263684
8.763130167, 8.763249040
8.773130163, 8.773260119
8.783130167, 8.783253816
8.793130161, 8.793226695
8.803130167, 8.803238304
8.813130158, 8.813261246
8.823130165, 8.823270722
8.833130171, 8.833261426
8.843130170, 8.843287278
8.853130161, 8.853291436
8.863130160, 8.863257809
8.873130166, 8.873254581
8.883130170, 8.883285753
8.893130174, 8.893250416
8.903130170, 8.903280457
8.913130163, 8.913280461
8.923130163, 8.923249394
8.933130169, 8.933266843
8.943130162, 8.943278566
8.953130163, 8.953259798
8.963130167, 8.963252776
8.973130164, 8.973256596
8.983130168, 8.983251379
8.993130169, 8.993240308
9.003130181, 9.003277637
9.013130166, 9.013282820
9.023130163, 9.023237969
9.033130163, 9.033275751
9.043130162, 9.043269927
9.053130159, 9.053266668
9.063130163, 9.063240350
9.073130171, 9.073268712
9.083130160, 9.083261915
9.093130163, 9.093313534
9.103130170, 9.103251506
9.113130164, 9.113254735
9.123130167, 9.123251609
9.133130163, 9.133253179
9.143130163, 9.143289769
9.153130163, 9.153257927
9.163130170, 9.163220708
9.173130161, 9.173234803
9.183130163, 9.183261531
9.193130169, 9.193264358
9.203130173, 9.203241817
9.213130169, 9.213256268
9.223130167, 9.223238790
9.233130156, 9.233260166
9.243130162, 9.243300129
9.253130163, 9.253302392
9.263130168, 9.263260285
9.273130166, 9.273281464
9.283130162, 9.283283468
9.293130161, 9.293337076
9.303130170, 9.303336058
9.313130166, 9.313288208
9.323130168, 9.323293583
9.333130166, 9.333327168
9.343130167, 9.343300105
9.353130158, 9.353243543
9.363130163, 9.363258550
9.373130171, 9.373340908
9.383130167, 9.383278717
9.393130171, 9.393266332
9.403130160, 9.403287878
9.413130164, 9.413284573
9.423130163, 9.423240086
9.433130167, 9.433292042
9.443130163, 9.443314590
9.453130169, 9.453261204
9.463130166, 9.463244043
9.473130158, 9.473249113
9.483130169, 9.483263056
9.493130165, 9.493286298
9.503130168, 9.503269063
9.513130164, 9.513271907
9.523130167, 9.523239979
9.533130161, 9.533251074
9.543130163, 9.543255421
9.553130163, 9.553245620
9.563130174, 9.563250988
9.573130169, 9.573274066
9.583130168, 9.583275938
9.593130162, 9.593249532
9.603130167, 9.603258392
9.613130166, 9.613275003
9.623130167, 9.623285499
9.633130171, 9.633268433
9.643130165, 9.643293595
9.653130159, 9.653266363
9.663130165, 9.663263834
9.673130163, 9.673283914
9.683130168, 9.683302245
9.693130164, 9.693272132
9.703130160, 9.703287253
9.713130158, 9.713268535
9.723130162, 9.723266479
9.733130163, 9.733246973
9.743130167, 9.743251878
9.753130164, 9.753256060
9.763130165, 9.763281033
9.773130163, 9.773257144
9.783130165, 9.783274440
9.793130171, 9.793274172
9.803130170, 9.803265893
9.813130167, 9.813291185
9.823130165, 9.823274505
9.833130166, 9.833240116
9.843130162, 9.843300430
9.853130166, 9.853281917
9.863130165, 9.863308456
9.873130167, 9.873246370
9.883130165, 9.883299751
9.893130167, 9.893257155
9.903130163, 9.903260338
9.913130169, 9.913277257
9.923130167, 9.923249443
9.933130163, 9.933263087
9.943130159, 9.943283129
9.953130164, 9.953270276
9.963130163, 9.963255588
9.973130166, 9.973246764
9.983130165, 9.983217698
9.993130167, 9.993222189
10.003130170, 10.003256253
10.013130163, 10.013244085
10.023130171, 10.023214199
10.033130163, 10.033221393
10.043130160, 10.043221288
10.053130163, 10.053240922
10.063130171, 10.063216390
10.073130166, 10.073291957
10.083130168, 10.083293232
10.093130161, 10.093296272
10.103130167, 10.103299795
10.113130171, 10.113302062
10.123130160, 10.123309957
10.133130164, 10.133312843
10.143130168, 10.143310511
10.153130163, 10.153312566
10.163130162, 10.163312062
10.173130161, 10.173311730
10.183130162, 10.183308266
10.193130164, 10.193311744
10.203130165, 10.203298408
10.213130164, 10.213310815
10.223130163, 10.223316610
10.233130166, 10.233310430
10.243130163, 10.243310222
10.253130158, 10.253311905
10.263130184, 10.263311104
10.273130169, 10.273312304
10.283130163, 10.283311764
10.293130166, 10.293315867
10.303130167, 10.303286088
10.313130161, 10.313284831
10.323130162, 10.323282524
10.333130161, 10.333288532
10.343130165, 10.343286758
10.353130161, 10.353275598
10.363130161, 10.363280739
10.373130159, 10.373286172
10.383130160, 10.383312377
10.393130164, 10.393309475
10.403130163, 10.403309255
10.413130161, 10.413310193
10.423130163, 10.423312396
10.433130161, 10.433300726
10.443130167, 10.443308596
10.453130164, 10.453309544
10.463130162, 10.463312090
10.473130161, 10.473311139
10.483130168, 10.483309157
10.493130163, 10.493309928
10.503130165, 10.503305601
10.513130169, 10.513308466
10.523130162, 10.523311316
10.533130166, 10.533313053
10.543130159, 10.543312097
10.553130164, 10.553309819
10.563130160, 10.563306816
10.573130169, 10.573312917
10.583130163, 10.583311468
10.593130166, 10.593310768
10.603130157, 10.603309714
10.613130158, 10.613308415
10.623130162, 10.623311747
10.633130166, 10.633311195
10.643130165, 10.643302148
10.653130169, 10.653309653
10.663130167, 10.663312176
10.673130166, 10.673310503
10.683130163, 10.683309165
10.693130169, 10.693313843
10.703130163, 10.703311359
10.713130163, 10.713308791
10.723130167, 10.723309184
10.733130161, 10.733308650
10.743130165, 10.743313227
10.753130169, 10.753308794
10.763130162, 10.763310181
10.773130169, 10.773311731
10.783130163, 10.783311533
10.793130169, 10.793314918
10.803130163, 10.803308584
10.813130163, 10.813309487
10.823130162, 10.823309187
10.833130161, 10.833311235
10.843130168, 10.843305080
10.853130166, 10.853311329
10.863130167, 10.863313832
10.873130169, 10.873309100
10.883130165, 10.883309441
10.893130169, 10.893307336
10.903130165, 10.903306002
10.913130163, 10.913308085
10.923130159, 10.923310652
10.933130167, 10.933310896
10.943130163, 10.943314911
10.953130163, 10.953311321
10.963130167, 10.963308625
10.973130158, 10.973309331
10.983130168, 10.983311602
10.993130163, 10.993307604
11.003130168, 11.003309407
11.013130164, 11.013311981
11.023130165, 11.023311328
11.033130161, 11.033310566
11.043130160, 11.043310797
11.053130161, 11.053314959
11.063130160, 11.063279288
11.073130166, 11.073306762
11.083130167, 11.083307630
11.093130164, 11.093311779
11.103130160, 11.103309747
11.113130163, 11.113307013
11.123130159, 11.123312026
11.133130169, 11.133308376
11.143130168, 11.143310456
11.153130159, 11.153308925
11.163130174, 11.163314173
11.173130161, 11.173312935
11.183130173, 11.183313176
11.193130163, 11.193309719
11.203130168, 11.203306954
11.213130158, 11.213261896
11.223130165, 11.223301494
11.233130174, 11.233309901
11.243130165, 11.243311502
11.253130167, 11.253314430
11.263130160, 11.263313993
11.273130167, 11.273306689
11.283130165, 11.283308014
11.293130163, 11.293309607
11.303130167, 11.303309437
11.313130169, 11.313309596
11.323130162, 11.323311516
11.333130164, 11.333311347
11.343130167, 11.343312052
11.353130167, 11.353308670
11.363130160, 11.363309191
11.373130159, 11.373309511
11.383130163, 11.383307052
11.393130156, 11.393310395
11.403130165, 11.403306685
11.413130169, 11.413311758
11.423130157, 11.423317091
11.433130163, 11.433308500
11.443130167, 11.443309095
11.453130158, 11.453308305
11.463130163, 11.463307221
11.473130163, 11.473309654
11.483130165, 11.483312969
11.493130167, 11.493313070
11.503130165, 11.503310203
11.513130156, 11.513308981
11.523130163, 11.523263722
11.533130161, 11.533263899
11.543130159, 11.543308342
11.553130167, 11.553310043
11.563130167, 11.563309154
11.573130161, 11.573312367
11.583130160, 11.583310540
11.593130164, 11.593311770
11.603130162, 11.603307523
11.613130166, 11.613310448
11.623130168, 11.623311809
11.633130158, 11.633312180
11.643130165, 11.643311603
11.653130164, 11.653312686
11.663130160, 11.663317509
11.673130169, 11.673307495
11.683130163, 11.683312040
11.693130156, 11.693308413
11.703130159, 11.703306811
11.713130164, 11.713306890
11.723130162, 11.723307897
11.733130161, 11.733314340
11.743130165, 11.743313696
11.753130161, 11.753312423
11.763130156, 11.763308459
11.773130161, 11.773303848
11.783130163, 11.783308135
11.793130166, 11.793309666
11.803130162, 11.803307456
11.813130159, 11.813310947
11.823130165, 11.823314857
11.833130167, 11.833308793
11.843130167, 11.843311773
11.853130167, 11.853310701
11.863130171, 11.863310847
11.873130174, 11.873306623
11.883130167, 11.883310101
11.893130163, 11.893311248
11.903130162, 11.903308555
11.913130159, 11.913307835
11.923130160, 11.923311878
11.933130161, 11.933311696
11.943130159, 11.943306416
11.953130163, 11.953310764
11.963130159, 11.963306810
11.973130166, 11.973310665
11.983130162, 11.983310863
11.993130164, 11.993310099
12.003130168, 12.003306804
12.013130161, 12.013309560
12.023130163, 12.023310043
12.033130163, 12.033311936
12.043130167, 12.043312164
12.053130156, 12.053311337
------------------------------
