------------------------------
test was performed using the following parameters: --mps=100 --burst=1 --reply-every=1 --msg-size=12 --time=10
------------------------------
sockperf: [Total Run] RunTime=10.100 sec; SentMessages=1011; ReceivedMessages=1010
sockperf: ========= Printing statistics for Server No: 0
sockperf: [Valid Duration] RunTime=9.990 sec; SentMessages=1000; ReceivedMessages=1000
sockperf: [2;35m====> avg-lat= 84.251 (std-dev=25.199)[0m
sockperf: # dropped messages = 0; # duplicated messages = 0; # out-of-order messages = 0
sockperf: [2;35mTotal 1000 observations[0m; each percentile contains 10.00 observations
sockperf: ---> <MAX> observation =  152.677
sockperf: ---> percentile  99.99 =  152.677
sockperf: ---> percentile  99.90 =  150.963
sockperf: ---> percentile  99.50 =  143.489
sockperf: ---> percentile  99.00 =  137.800
sockperf: ---> percentile  95.00 =  122.619
sockperf: ---> percentile  90.00 =  117.640
sockperf: ---> percentile  75.00 =  103.576
sockperf: ---> percentile  50.00 =   85.538
sockperf: ---> percentile  25.00 =   67.168
sockperf: ---> <MIN> observation =   29.342
------------------------------
txTime, rxTime
2.062955900, 2.063171112
2.072955920, 2.073180083
2.082955901, 2.083191074
2.092955911, 2.093221146
2.102955906, 2.103204255
2.112955903, 2.113200740
2.122955900, 2.123186849
2.132955916, 2.133202477
2.142955895, 2.143160025
2.152955914, 2.153234996
2.162955905, 2.163170361
2.172955903, 2.173220097
2.182955898, 2.183192499
2.192955919, 2.193195512
2.202955897, 2.203183577
2.212955911, 2.213192920
2.222955901, 2.223185522
2.232955903, 2.233216673
2.242955901, 2.243180687
2.252955917, 2.253198931
2.262955901, 2.263223511
2.272955911, 2.273188452
2.282955903, 2.283162170
2.292955919, 2.293166114
2.302955900, 2.303218363
2.312955912, 2.313183495
2.322955903, 2.323198702
2.332955914, 2.333122263
2.342955903, 2.343163816
2.352955900, 2.353143557
2.362955901, 2.363151842
2.372955916, 2.373229569
2.382955903, 2.383242882
2.392955919, 2.393163632
2.402955917, 2.403131703
2.412955897, 2.413158514
2.422955901, 2.423120754
2.432955898, 2.433143281
2.442955895, 2.443198876
2.452955914, 2.453191693
2.462955903, 2.463177624
2.472955901, 2.473184758
2.482955905, 2.483148305
2.492955917, 2.493192304
2.502955897, 2.503177422
2.512955914, 2.513173063
2.522955903, 2.523198165
2.532955901, 2.533221176
2.542955906, 2.543167319
2.552955914, 2.553198846
2.562955898, 2.563210709
2.572955920, 2.573163589
2.582955914, 2.583175028
2.592955901, 2.593146682
2.602955905, 2.603158187
2.612955916, 2.613167324
2.622955903, 2.623153295
2.632955919, 2.633168488
2.642955901, 2.643165330
2.652955901, 2.653149065
2.662955903, 2.663162083
2.672955919, 2.673071628
2.682955900, 2.683078075
2.692955911, 2.693036327
2.702955903, 2.703069474
2.712955905, 2.713106695
2.722955906, 2.723135490
2.732955919, 2.733130900
2.742955890, 2.743170514
2.752955920, 2.753096998
2.762955898, 2.763143878
2.772955903, 2.773090374
2.782955895, 2.783150381
2.792955919, 2.793083929
2.802955889, 2.803097991
2.812955898, 2.813080726
2.822955900, 2.823082289
2.832955892, 2.833076816
2.842955897, 2.843102791
2.852955900, 2.853081517
2.862955892, 2.863083170
2.872955897, 2.873117765
2.882955897, 2.883087554
2.892955898, 2.893080187
2.902955894, 2.903103171
2.912955895, 2.913076331
2.922955903, 2.923075237
2.932955898, 2.933046441
2.942955892, 2.943096107
2.952955895, 2.953087472
2.962955892, 2.963116319
2.972955895, 2.973072981
2.982955890, 2.983100178
2.992955901, 2.993081875
3.002955900, 3.003066370
3.012955900, 3.013099563
3.022955895, 3.023099125
3.032955897, 3.033113021
3.042955899, 3.043104173
3.052955893, 3.053070537
3.062955899, 3.063087530
3.072955898, 3.073090473
3.082955903, 3.083120036
3.092955898, 3.093088361
3.102955896, 3.103030529
3.112955896, 3.113037175
3.122955893, 3.123054980
3.132955899, 3.133076922
3.142955893, 3.143103409
3.152955904, 3.153086594
3.162955892, 3.163091368
3.172955893, 3.173043787
3.182955898, 3.183101489
3.192955901, 3.193049780
3.202955896, 3.203066098
3.212955895, 3.213088774
3.222955893, 3.223032068
3.232955896, 3.233038422
3.242955898, 3.243116656
3.252955898, 3.253142285
3.262955898, 3.263116620
3.272955901, 3.273116024
3.282955890, 3.283127856
3.292955900, 3.293028319
3.302955898, 3.303033019
3.312955901, 3.313062620
3.322955895, 3.323046831
3.332955900, 3.333036157
3.342955903, 3.343030965
3.352955900, 3.353087752
3.362955900, 3.363048886
3.372955900, 3.373046175
3.382955895, 3.383035001
3.392955898, 3.393054415
3.402955890, 3.403049667
3.412955890, 3.413099982
3.422955898, 3.423126741
3.432955900, 3.433119176
3.442955894, 3.443103231
3.452955901, 3.453161453
3.462955897, 3.463127184
3.472955892, 3.473147371
3.482955892, 3.483116622
3.492955898, 3.493129850
3.502955894, 3.503135172
3.512955901, 3.513100729
3.522955892, 3.523127170
3.532955901, 3.533113849
3.542955892, 3.543135289
3.552955895, 3.553167342
3.562955901, 3.563156711
3.572955894, 3.573177554
3.582955898, 3.583184897
3.592955919, 3.593158541
3.602955905, 3.603144253
3.612955903, 3.613203585
3.622955905, 3.623236139
3.632955920, 3.633170829
3.642955901, 3.643167262
3.652955916, 3.653173845
3.662955905, 3.663167866
3.672955905, 3.673166693
3.682955898, 3.683186925
3.692955919, 3.693205218
3.702955898, 3.703190137
3.712955912, 3.713189515
3.722955908, 3.723176011
3.732955916, 3.733233996
3.742955900, 3.743187673
3.752955917, 3.753173127
3.762955895, 3.763195238
3.772955916, 3.773185998
3.782955898, 3.783178978
3.792955901, 3.793176688
3.802955901, 3.803231502
3.812955912, 3.813181790
3.822955898, 3.823140413
3.832955917, 3.833161834
3.842955905, 3.843171226
3.852955914, 3.853161548
3.862955898, 3.863191459
3.872955912, 3.873169206
3.882955897, 3.883149936
3.892955914, 3.893182943
3.902955900, 3.903158777
3.912955898, 3.913183155
3.922955901, 3.923166258
3.932955911, 3.933159244
3.942955898, 3.943171719
3.952955912, 3.953151959
3.962955905, 3.963226961
3.972955898, 3.973159775
3.982955903, 3.983146604
3.992955919, 3.993101668
4.002955897, 4.003030724
4.012955912, 4.013036441
4.022955895, 4.023082409
4.032955898, 4.033093317
4.042955895, 4.043075592
4.052955888, 4.053076963
4.062955899, 4.063074834
4.072955893, 4.073132802
4.082955897, 4.083064345
4.092955892, 4.093070224
4.102955903, 4.103094243
4.112955895, 4.113066555
4.122955897, 4.123091849
4.132955903, 4.133103444
4.142955900, 4.143076873
4.152955895, 4.153065432
4.162955906, 4.163096639
4.172955897, 4.173135412
4.182955892, 4.183113265
4.192955897, 4.193124106
4.202955936, 4.203110456
4.212955898, 4.213116581
4.222955901, 4.223093928
4.232955901, 4.233099510
4.242955895, 4.243139625
4.252955894, 4.253130963
4.262955900, 4.263147803
4.272955895, 4.273126032
4.282955895, 4.283111610
4.292955898, 4.293111086
4.302955900, 4.303124428
4.312955898, 4.313112944
4.322955897, 4.323185186
4.332955905, 4.333141977
4.342955898, 4.343149660
4.352955895, 4.353078054
4.362955900, 4.363092010
4.372955898, 4.373091634
4.382955894, 4.383105173
4.392955901, 4.393102064
4.402955931, 4.403117675
4.412955894, 4.413118497
4.422955901, 4.423103575
4.432955901, 4.433129594
4.442955901, 4.443124995
4.452955897, 4.453141568
4.462955903, 4.463103754
4.472955894, 4.473155128
4.482955895, 4.483137239
4.492955900, 4.493107947
4.502955894, 4.503111651
4.512955897, 4.513130229
4.522955897, 4.523130088
4.532955894, 4.533142148
4.542955889, 4.543120218
4.552955898, 4.553148386
4.562955901, 4.563164701
4.572955897, 4.573157191
4.582955898, 4.583157119
4.592955917, 4.593173154
4.602955894, 4.603139182
4.612955919, 4.613191898
4.622955906, 4.623191213
4.632955901, 4.633109403
4.642955897, 4.643156650
4.652955901, 4.653130840
4.662955892, 4.663105579
4.672955897, 4.673121578
4.682955894, 4.683118243
4.692955897, 4.693122743
4.702955901, 4.703140671
4.712955897, 4.713136625
4.722955887, 4.723124740
4.732955895, 4.733169556
4.742955901, 4.743120247
4.752955900, 4.753113980
4.762955898, 4.763153912
4.772955897, 4.773119337
4.782955895, 4.783135431
4.792955894, 4.793105203
4.802955898, 4.803184368
4.812955897, 4.813125610
4.822955897, 4.823113270
4.832955898, 4.833118524
4.842955894, 4.843139165
4.852955892, 4.853145782
4.862955897, 4.863137953
4.872955894, 4.873106790
4.882955894, 4.883165946
4.892955895, 4.893129067
4.902955897, 4.903128096
4.912955898, 4.913053588
4.922955894, 4.923056336
4.932955898, 4.933033182
4.942955892, 4.943059995
4.952955900, 4.953078761
4.962955890, 4.963064122
4.972955895, 4.973049939
4.982955898, 4.983018662
4.992955894, 4.993029530
5.002955897, 5.003128849
5.012955894, 5.013093897
5.022955890, 5.023135507
5.032955898, 5.033151449
5.042955895, 5.043109419
5.052955898, 5.053129152
5.062955895, 5.063071154
5.072955895, 5.073067643
5.082955924, 5.083037447
5.092955895, 5.093041471
5.102955898, 5.103050547
5.112955898, 5.113125382
5.122955905, 5.123099863
5.132955900, 5.133103236
5.142955897, 5.143107581
5.152955895, 5.153186300
5.162955898, 5.163177700
5.172955900, 5.173156452
5.182955894, 5.183129715
5.192955901, 5.193031608
5.202955887, 5.203057746
5.212955898, 5.213032909
5.222955897, 5.223079798
5.232955903, 5.233081787
5.242955898, 5.243069569
5.252955900, 5.253025974
5.262955897, 5.263027874
5.272955901, 5.273025474
5.282955894, 5.283028807
5.292955898, 5.293031453
5.302955894, 5.303071022
5.312955892, 5.313058236
5.322955894, 5.323028445
5.332955901, 5.333032102
5.342955901, 5.343034252
5.352955890, 5.353055926
5.362955898, 5.363055684
5.372955895, 5.373038967
5.382955889, 5.383046111
5.392955892, 5.393039796
5.402955892, 5.403027529
5.412955895, 5.413071227
5.422955919, 5.423025718
5.432955894, 5.433053398
5.442955894, 5.443078798
5.452955897, 5.453080866
5.462955901, 5.463049666
5.472955901, 5.473045614
5.482955898, 5.483048603
5.492955892, 5.493063331
5.502955894, 5.503044188
5.512955898, 5.513066558
5.522955894, 5.523062548
5.532955895, 5.533087227
5.542955900, 5.543041809
5.552955906, 5.553040858
5.562955892, 5.563051519
5.572955900, 5.573079881
5.582955898, 5.583053258
5.592955895, 5.593047000
5.602955901, 5.603043470
5.612955895, 5.613061242
5.622955894, 5.623109771
5.632955897, 5.633141107
5.642955898, 5.643127702
5.652955901, 5.653135308
5.662955897, 5.663136497
5.672955894, 5.673111816
5.682955905, 5.683108029
5.692955897, 5.693096761
5.702955892, 5.703117890
5.712955895, 5.713113421
5.722955895, 5.723096047
5.732955898, 5.733136157
5.742955898, 5.743131143
5.752955895, 5.753101913
5.762955898, 5.763143278
5.772955897, 5.773125917
5.782955895, 5.783113563
5.792955894, 5.793097827
5.802955898, 5.803108201
5.812955905, 5.813112954
5.822955900, 5.823117604
5.832955898, 5.833110860
5.842955898, 5.843119393
5.852955898, 5.853121297
5.862955894, 5.863094457
5.872955897, 5.873117027
5.882955895, 5.883117640
5.892955895, 5.893121709
5.902955892, 5.903155372
5.912955898, 5.913165431
5.922955893, 5.923196112
5.932955893, 5.933089071
5.942955899, 5.943144585
5.952955896, 5.953108379
5.962955904, 5.963143590
5.972955893, 5.973124888
5.982955896, 5.983133842
5.992955906, 5.993131299
6.002955893, 6.003178550
6.012955898, 6.013137632
6.022955893, 6.023134551
6.032955917, 6.033261273
6.042955898, 6.043179229
6.052955905, 6.053185271
6.062955901, 6.063186074
6.072955906, 6.073191686
6.082955900, 6.083172044
6.092955911, 6.093169859
6.102955900, 6.103179107
6.112955916, 6.113156313
6.122955988, 6.123160325
6.132955903, 6.133249112
6.142955901, 6.143174139
6.152955912, 6.153153896
6.162955897, 6.163219185
6.172955911, 6.173222490
6.182955900, 6.183168823
6.192955901, 6.193194366
6.202955905, 6.203200692
6.212955911, 6.213183148
6.222955905, 6.223223440
6.232955917, 6.233166175
6.242955905, 6.243129547
6.252955914, 6.253194820
6.262955905, 6.263218556
6.272955911, 6.273169676
6.282955898, 6.283186669
6.292955916, 6.293178279
6.302955903, 6.303184344
6.312955903, 6.313188575
6.322955908, 6.323222071
6.332955914, 6.333158924
6.342955897, 6.343216744
6.352955914, 6.353192049
6.362955991, 6.363174062
6.372955897, 6.373194632
6.382955903, 6.383194335
6.392955920, 6.393164906
6.402955903, 6.403165706
6.412955912, 6.413181396
6.422955900, 6.423232830
6.432955905, 6.433154689
6.442955900, 6.443222656
6.452955919, 6.453199193
6.462955905, 6.463188185
6.472955912, 6.473168214
6.482955908, 6.483183692
6.492955898, 6.493171257
6.502955900, 6.503164176
6.512955911, 6.513219581
6.522955905, 6.523196305
6.532955916, 6.533179409
6.542955897, 6.543162767
6.552955908, 6.553157437
6.562955901, 6.563147421
6.572955914, 6.573177198
6.582955897, 6.583159615
6.592955914, 6.593228590
6.602955903, 6.603190625
6.612955920, 6.613217934
6.622955906, 6.623203169
6.632955914, 6.633167049
6.642955905, 6.643140472
6.652955916, 6.653173223
6.662955897, 6.663158430
6.672955898, 6.673176697
6.682955898, 6.683193916
6.692955917, 6.693204791
6.702955894, 6.703148142
6.712955920, 6.713190046
6.722955901, 6.723150944
6.732955905, 6.733154810
6.742955898, 6.743208356
6.752955912, 6.753164697
6.762955903, 6.763169665
6.772955917, 6.773183066
6.782955900, 6.783172085
6.792955901, 6.793158117
6.802955900, 6.803140050
6.812955914, 6.813162333
6.822955895, 6.823146601
6.832955912, 6.833168579
6.842955917, 6.843151471
6.852955901, 6.853131716
6.862955905, 6.863092739
6.872955894, 6.873074953
6.882955889, 6.883072515
6.892955901, 6.893016007
6.902955897, 6.903104764
6.912955895, 6.913052817
6.922955898, 6.923043346
6.932955898, 6.933072848
6.942955890, 6.943028602
6.952955894, 6.953039647
6.962955892, 6.963028494
6.972955897, 6.973062867
6.982955895, 6.983055972
6.992955892, 6.993019709
7.002955894, 7.003033259
7.012955898, 7.013041476
7.022955897, 7.023016111
7.032955897, 7.033101714
7.042955898, 7.043122972
7.052955890, 7.053128403
7.062955900, 7.063106010
7.072955901, 7.073125538
7.082955901, 7.083096721
7.092955897, 7.093101880
7.102955895, 7.103197485
7.112955897, 7.113139647
7.122955901, 7.123111405
7.132955906, 7.133104516
7.142955894, 7.143148844
7.152955897, 7.153141293
7.162955901, 7.163115961
7.172955900, 7.173080162
7.182955892, 7.183096020
7.192955898, 7.193162573
7.202955896, 7.203125813
7.212955899, 7.213110994
7.222955899, 7.223099736
7.232955897, 7.233125880
7.242955896, 7.243098048
7.252955901, 7.253119720
7.262955896, 7.263116152
7.272955897, 7.273126865
7.282955897, 7.283124899
7.292955897, 7.293118103
7.302955893, 7.303127558
7.312955894, 7.313108975
7.322955900, 7.323126251
7.332955900, 7.333105151
7.342955898, 7.343101968
7.352955894, 7.353080126
7.362955898, 7.363089945
7.372955894, 7.373045180
7.382955897, 7.383019926
7.392955897, 7.393066670
7.402955900, 7.403014586
7.412955901, 7.413124387
7.422955898, 7.423122254
7.432955898, 7.433107436
7.442955897, 7.443086237
7.452955898, 7.453206260
7.462955906, 7.463163295
7.472955890, 7.473103384
7.482955897, 7.483144391
7.492955895, 7.493142351
7.502955892, 7.503152783
7.512955898, 7.513117819
7.522955901, 7.523099707
7.532955900, 7.533110805
7.542955895, 7.543121384
7.552955901, 7.553107745
7.562955897, 7.563128435
7.572955900, 7.573134329
7.582955897, 7.583160468
7.592955895, 7.593107780
7.602955897, 7.603161669
7.612955900, 7.613136336
7.622955895, 7.623104439
7.632955905, 7.633033675
7.642955903, 7.643058627
7.652955901, 7.653041413
7.662955889, 7.663017347
7.672955898, 7.673035631
7.682955898, 7.683035069
7.692955897, 7.693098832
7.702955898, 7.703097132
7.712955898, 7.713071931
7.722955890, 7.723090349
7.732955900, 7.733101266
7.742955892, 7.743110017
7.752955895, 7.753070610
7.762955901, 7.763091130
7.772955900, 7.773068908
7.782955892, 7.783075293
7.792955897, 7.793116667
7.802955894, 7.803126750
7.812955901, 7.813092646
7.822955894, 7.823095326
7.832955901, 7.833101557
7.842955897, 7.843118834
7.852955901, 7.853115698
7.862955897, 7.863097407
7.872955900, 7.873111852
7.882955898, 7.883147746
7.892955922, 7.893103260
7.902955890, 7.903124560
7.912955898, 7.913115417
7.922955895, 7.923118213
7.932955898, 7.933126976
7.942955900, 7.943109480
7.952955900, 7.953182108
7.962955905, 7.963169306
7.972955930, 7.973153514
7.982955906, 7.983122726
7.992955890, 7.993105555
8.002955897, 8.003159970
8.012955894, 8.013150526
8.022955903, 8.023165335
8.032955914, 8.033148791
8.042955897, 8.043170396
8.052955898, 8.053167029
8.062955898, 8.063201693
8.072955912, 8.073163771
8.082955903, 8.083180741
8.092955920, 8.093176240
8.102955906, 8.103076093
8.112955901, 8.113124420
8.122955901, 8.123126258
8.132955919, 8.133142581
8.142955900, 8.143053554
8.152955900, 8.153119618
8.162955906, 8.163058492
8.172955901, 8.173119539
8.182955901, 8.183044792
8.192955892, 8.193037715
8.202955924, 8.203032734
8.212955916, 8.213037494
8.222955897, 8.223056047
8.232955895, 8.233018842
8.242955894, 8.243067632
8.252955895, 8.253050018
8.262955889, 8.263044804
8.272955892, 8.273052094
8.282955897, 8.283054778
8.292955900, 8.293056343
8.302955898, 8.303056153
8.312955892, 8.313028118
8.322955892, 8.323045344
8.332955895, 8.333051574
8.342955897, 8.343092386
8.352955905, 8.353051060
8.362955897, 8.363083795
8.372955898, 8.373044348
8.382955890, 8.383086299
8.392955897, 8.393073823
8.402955897, 8.403048696
8.412955897, 8.413048845
8.422955897, 8.423046187
8.432955898, 8.433045104
8.442955894, 8.443080735
8.452955901, 8.453048563
8.462955897, 8.463082751
8.472955895, 8.473041545
8.482955936, 8.483048554
8.492955897, 8.493049686
8.502955898, 8.503051304
8.512955903, 8.513052146
8.522955897, 8.523057693
8.532955894, 8.533046805
8.542955895, 8.543090232
8.552955895, 8.553055956
8.562955895, 8.563070636
8.572955897, 8.573051950
8.582955901, 8.583052784
8.592955900, 8.593047052
8.602955897, 8.603047097
8.612955925, 8.613066599
8.622955905, 8.623064087
8.632955900, 8.633040914
8.642955897, 8.643044645
8.652955900, 8.653048085
8.662955894, 8.663056831
8.672955892, 8.673069631
8.682955890, 8.683056853
8.692955892, 8.693075127
8.702955898, 8.703042317
8.712955894, 8.713073766
8.722955900, 8.723051843
8.732955903, 8.733058086
8.742955901, 8.743049242
8.752955901, 8.753056150
8.762955898, 8.763058575
8.772955895, 8.773074165
8.782955892, 8.783042100
8.792955895, 8.793066328
8.802955892, 8.803044255
8.812955914, 8.813050881
8.822955890, 8.823093660
8.832955905, 8.833072984
8.842955895, 8.843109772
8.852955898, 8.853068698
8.862955887, 8.863065617
8.872955905, 8.873057260
8.882955901, 8.883061416
8.892955894, 8.893047859
8.902955895, 8.903052441
8.912955892, 8.913087423
8.922955887, 8.923066749
8.932955898, 8.933045931
8.942955897, 8.943047010
8.952955898, 8.953047119
8.962955898, 8.963139743
8.972955898, 8.973137207
8.982955895, 8.983137780
8.992955897, 8.993116001
9.002955898, 9.003152387
9.012955905, 9.013116068
9.022955897, 9.023143883
9.032955895, 9.033115291
9.042955889, 9.043174865
9.052955920, 9.053169619
9.062955897, 9.063183918
9.072955916, 9.073159465
9.082955898, 9.083190464
9.092955914, 9.093131231
9.102955917, 9.103158917
9.112955903, 9.113173722
9.122955901, 9.123159584
9.132955905, 9.133201143
9.142955898, 9.143161958
9.152955917, 9.153183542
9.162955920, 9.163169904
9.172955916, 9.173157594
9.182955906, 9.183207698
9.192955906, 9.193177263
9.202955903, 9.203208777
9.212955917, 9.213163053
9.222955900, 9.223167961
9.232955912, 9.233173433
9.242955903, 9.243191762
9.252955903, 9.253178082
9.262955897, 9.263151439
9.272955912, 9.273154765
9.282955901, 9.283187618
9.292955916, 9.293171428
9.302955901, 9.303201393
9.312955898, 9.313171884
9.322955903, 9.323156398
9.332955916, 9.333155189
9.342955905, 9.343154458
9.352955917, 9.353156524
9.362955906, 9.363189119
9.372955906, 9.373176251
9.382955900, 9.383188991
9.392955917, 9.393168877
9.402955897, 9.403166026
9.412955911, 9.413178393
9.422955903, 9.423180785
9.432955901, 9.433188694
9.442955906, 9.443155502
9.452955919, 9.453156250
9.462955903, 9.463188173
9.472955920, 9.473085765
9.482955905, 9.483139297
9.492955919, 9.493086823
9.502955906, 9.503085625
9.512955909, 9.513052283
9.522955897, 9.523047016
9.532955894, 9.533041506
9.542955897, 9.543046936
9.552955900, 9.553048324
9.562955901, 9.563049762
9.572955894, 9.573048055
9.582955894, 9.583044383
9.592955894, 9.593082622
9.602955895, 9.603088055
9.612955901, 9.613076336
9.622955900, 9.623072274
9.632955892, 9.633078073
9.642955895, 9.643094538
9.652955900, 9.653079425
9.662955895, 9.663092473
9.672955895, 9.673077932
9.682955895, 9.683071510
9.692955894, 9.693076603
9.702955900, 9.703096917
9.712955901, 9.713086171
9.722955898, 9.723101131
9.732955894, 9.733102072
9.742955903, 9.743085890
9.752955901, 9.753076551
9.762955890, 9.763091705
9.772955901, 9.773090530
9.782955924, 9.783072282
9.792955900, 9.793136383
9.802955901, 9.803180774
9.812955898, 9.813133794
9.822955889, 9.823097806
9.832955894, 9.833110248
9.842955898, 9.843119855
9.852955897, 9.853153983
9.862955892, 9.863134037
9.872955898, 9.873117920
9.882955894, 9.883120351
9.892955900, 9.893149867
9.902955895, 9.903133492
9.912955901, 9.913122773
9.922955895, 9.923118046
9.932955897, 9.933162045
9.942955895, 9.943177250
9.952956163, 9.953207210
9.962955961, 9.963229262
9.972955905, 9.973196266
9.982955968, 9.983208641
9.992955914, 9.993124922
10.002955894, 10.003136448
10.012955916, 10.013104021
10.022955900, 10.023116961
10.032955895, 10.033111752
10.042955925, 10.043115282
10.052955900, 10.053119060
10.062955890, 10.063112160
10.072955898, 10.073112936
10.082955890, 10.083108396
10.092955892, 10.093104704
10.102955894, 10.103102860
10.112955892, 10.113113677
10.122955889, 10.123111273
10.132955920, 10.133114776
10.142955898, 10.143105934
10.152955903, 10.153111336
10.162955898, 10.163110254
10.172955895, 10.173106657
10.182955895, 10.183110020
10.192955900, 10.193111883
10.202955897, 10.203116461
10.212955892, 10.213115874
10.222955900, 10.223119364
10.232955892, 10.233111932
10.242955892, 10.243120775
10.252955895, 10.253113003
10.262955898, 10.263103511
10.272955898, 10.273113233
10.282955892, 10.283118041
10.292955895, 10.293118167
10.302955900, 10.303110740
10.312955897, 10.313112003
10.322955897, 10.323113308
10.332955900, 10.333110333
10.342955895, 10.343103717
10.352955900, 10.353114342
10.362955892, 10.363110925
10.372955892, 10.373115078
10.382955890, 10.383110241
10.392955900, 10.393165426
10.402955916, 10.403191846
10.412955923, 10.413139188
10.422955901, 10.423136849
10.432955917, 10.433224681
10.442955916, 10.443193705
10.452955910, 10.453194120
10.462955906, 10.463169552
10.472955914, 10.473197223
10.482955920, 10.483163073
10.492955917, 10.493177893
10.502955906, 10.503164488
10.512955903, 10.513140352
10.522955901, 10.523164284
10.532955917, 10.533165284
10.542955900, 10.543163385
10.552955914, 10.553159305
10.562955903, 10.563163838
10.572955898, 10.573137490
10.582955903, 10.583162654
10.592955914, 10.593164972
10.602955900, 10.603172380
10.612955919, 10.613145673
10.622955905, 10.623112710
10.632955900, 10.633110335
10.642955901, 10.643098636
10.652955899, 10.653110981
10.662955895, 10.663095140
10.672955898, 10.673130031
10.682955897, 10.683201444
10.692955906, 10.693132160
10.702955895, 10.703197600
10.712955892, 10.713129198
10.722955889, 10.723134016
10.732955905, 10.733126992
10.742955897, 10.743198522
10.752955901, 10.753185842
10.762955900, 10.763254366
10.772955914, 10.773197795
10.782955895, 10.783257821
10.792955911, 10.793193621
10.802955905, 10.803204134
10.812955901, 10.813188620
10.822955906, 10.823189390
10.832955914, 10.833191781
10.842955894, 10.843196571
10.852955912, 10.853193209
10.862955905, 10.863196961
10.872955905, 10.873191187
10.882955903, 10.883189198
10.892955912, 10.893170726
10.902955898, 10.903173986
10.912955919, 10.913189841
10.922955901, 10.923198509
10.932955914, 10.933197032
10.942955901, 10.943172365
10.952955917, 10.953193308
10.962955901, 10.963257181
10.972955911, 10.973191938
10.982955901, 10.983198641
10.992955898, 10.993132932
11.002955905, 11.003199937
11.012955898, 11.013134254
11.022955894, 11.023195265
11.032955898, 11.033128015
11.042955895, 11.043131410
11.052955898, 11.053126724
11.062955900, 11.063130205
11.072955898, 11.073130069
11.082955894, 11.083217459
11.092955911, 11.093125408
11.102955895, 11.103191143
11.112955900, 11.113128329
11.122955900, 11.123130243
11.132955898, 11.133127947
11.142955890, 11.143129327
11.152955900, 11.153127803
11.162955898, 11.163132095
11.172955900, 11.173131302
11.182955897, 11.183194644
11.192955897, 11.193130683
11.202955892, 11.203180233
11.212955897, 11.213127964
11.222955935, 11.223129560
11.232955895, 11.233127458
11.242955898, 11.243201384
11.252955897, 11.253129265
11.262955887, 11.263127087
11.272955892, 11.273130249
11.282955898, 11.283129600
11.292955894, 11.293125994
11.302955895, 11.303128209
11.312955895, 11.313125743
11.322955890, 11.323129745
11.332955908, 11.333126686
11.342955895, 11.343128047
11.352955906, 11.353130071
11.362955897, 11.363131354
11.372955895, 11.373133321
11.382955894, 11.383131020
11.392955897, 11.393127751
11.402955898, 11.403147777
11.412955892, 11.413136104
11.422955894, 11.423130739
11.432955897, 11.433127786
11.442955890, 11.443130229
11.452955906, 11.453184623
11.462955900, 11.463137463
11.472955905, 11.473127148
11.482955905, 11.483131242
11.492955895, 11.493133743
11.502955894, 11.503127814
11.512955892, 11.513125070
11.522955894, 11.523126705
11.532955892, 11.533130922
11.542955901, 11.543129910
11.552955892, 11.553129051
11.562955889, 11.563132909
11.572955898, 11.573130182
11.582955890, 11.583126949
11.592955894, 11.593129063
11.602955895, 11.603128077
11.612955895, 11.613129119
11.622955889, 11.623129624
11.632955903, 11.633123040
11.642955892, 11.643132516
11.652955894, 11.653129288
11.662955898, 11.663129460
11.672955897, 11.673120037
11.682955895, 11.683126752
11.692955898, 11.693126180
11.702955892, 11.703128446
11.712955900, 11.713128015
11.722955894, 11.723130126
11.732955892, 11.733133778
11.742955892, 11.743129060
11.752955890, 11.753130380
11.762955892, 11.763127159
11.772955894, 11.773125610
11.782955892, 11.783128566
11.792955897, 11.793124851
11.802955890, 11.803130733
11.812955894, 11.813129524
11.822955894, 11.823132066
11.832955892, 11.833128797
11.842955892, 11.843127407
11.852955898, 11.853127083
11.862955890, 11.863128909
11.872955901, 11.873129447
11.882955892, 11.883129962
11.892955895, 11.893133664
11.902955890, 11.903128054
11.912955901, 11.913128630
11.922955897, 11.923126886
11.932955895, 11.933127112
11.942955897, 11.943124856
11.952955900, 11.953127115
11.962955900, 11.963128981
11.972955890, 11.973132215
11.982955901, 11.983133091
11.992955894, 11.993130410
12.002955895, 12.003130402
12.012955895, 12.013126547
12.022955892, 12.023127527
12.032955900, 12.033118328
12.042955892, 12.043126944
12.052955898, 12.053129081
------------------------------
