------------------------------
test was performed using the following parameters: --mps=100 --burst=1 --reply-every=1 --msg-size=12 --time=10
------------------------------
sockperf: [Total Run] RunTime=10.100 sec; SentMessages=1011; ReceivedMessages=1010
sockperf: ========= Printing statistics for Server No: 0
sockperf: [Valid Duration] RunTime=9.990 sec; SentMessages=1000; ReceivedMessages=1000
sockperf: [2;35m====> avg-lat= 61.216 (std-dev=16.613)[0m
sockperf: # dropped messages = 0; # duplicated messages = 0; # out-of-order messages = 0
sockperf: [2;35mTotal 1000 observations[0m; each percentile contains 10.00 observations
sockperf: ---> <MAX> observation =  136.261
sockperf: ---> percentile  99.99 =  136.261
sockperf: ---> percentile  99.90 =  109.221
sockperf: ---> percentile  99.50 =   94.941
sockperf: ---> percentile  99.00 =   90.374
sockperf: ---> percentile  95.00 =   86.643
sockperf: ---> percentile  90.00 =   85.976
sockperf: ---> percentile  75.00 =   75.754
sockperf: ---> percentile  50.00 =   56.501
sockperf: ---> percentile  25.00 =   47.450
sockperf: ---> <MIN> observation =   27.142
------------------------------
txTime, rxTime
2.064005826, 2.064106984
2.074005887, 2.074148609
2.084005834, 2.084102434
2.094005823, 2.094147769
2.104005844, 2.104105756
2.114005825, 2.114097728
2.124005821, 2.124152183
2.134005824, 2.134114214
2.144005814, 2.144148239
2.154005819, 2.154125639
2.164005821, 2.164195950
2.174005822, 2.174105506
2.184005817, 2.184118186
2.194005825, 2.194163177
2.204005822, 2.204145571
2.214005811, 2.214148309
2.224005816, 2.224195699
2.234005824, 2.234140386
2.244005819, 2.244169505
2.254005816, 2.254116341
2.264005822, 2.264151310
2.274005819, 2.274121057
2.284005822, 2.284134201
2.294005821, 2.294129783
2.304005824, 2.304151669
2.314005821, 2.314137187
2.324005821, 2.324172041
2.334005819, 2.334147429
2.344005825, 2.344133307
2.354005821, 2.354124710
2.364005817, 2.364137264
2.374005824, 2.374127080
2.384005819, 2.384100408
2.394005827, 2.394125902
2.404005825, 2.404147167
2.414005822, 2.414150548
2.424005822, 2.424145372
2.434005821, 2.434147908
2.444005814, 2.444131127
2.454005817, 2.454121126
2.464005817, 2.464141161
2.474005819, 2.474171727
2.484005825, 2.484156179
2.494005822, 2.494133364
2.504005817, 2.504133491
2.514005819, 2.514130216
2.524005827, 2.524130750
2.534005825, 2.534138270
2.544005824, 2.544160288
2.554005824, 2.554127693
2.564005819, 2.564128358
2.574005821, 2.574151768
2.584005824, 2.584124117
2.594005817, 2.594139145
2.604005825, 2.604101248
2.614005822, 2.614101796
2.624005819, 2.624133508
2.634005814, 2.634139672
2.644005825, 2.644146542
2.654005824, 2.654135349
2.664005821, 2.664138859
2.674005822, 2.674146577
2.684005830, 2.684141262
2.694005816, 2.694130387
2.704005821, 2.704156716
2.714005907, 2.714155038
2.724005817, 2.724090023
2.734005931, 2.734077639
2.744005821, 2.744060105
2.754005816, 2.754126968
2.764005843, 2.764167169
2.774005830, 2.774145252
2.784005824, 2.784180220
2.794005845, 2.794125563
2.804005824, 2.804190826
2.814005821, 2.814125696
2.824005824, 2.824140604
2.834005826, 2.834155744
2.844005821, 2.844146116
2.854005822, 2.854130662
2.864005819, 2.864124520
2.874005824, 2.874131270
2.884005826, 2.884106951
2.894005813, 2.894119799
2.904005829, 2.904097154
2.914005824, 2.914093848
2.924005824, 2.924125135
2.934005821, 2.934097004
2.944005826, 2.944116084
2.954005834, 2.954102680
2.964005830, 2.964103233
2.974005824, 2.974115024
2.984005829, 2.984123514
2.994005819, 2.994102017
3.004005822, 3.004099781
3.014005819, 3.014099406
3.024005824, 3.024098304
3.034005824, 3.034117879
3.044005818, 3.044140051
3.054005821, 3.054127681
3.064005826, 3.064114702
3.074005818, 3.074123918
3.084005818, 3.084186646
3.094005824, 3.094151470
3.104005822, 3.104153868
3.114005822, 3.114142278
3.124005824, 3.124115561
3.134005817, 3.134128185
3.144005821, 3.144138632
3.154005826, 3.154111212
3.164005826, 3.164111202
3.174005818, 3.174112325
3.184005826, 3.184135874
3.194005823, 3.194171369
3.204005824, 3.204127331
3.214005826, 3.214131391
3.224005820, 3.224147717
3.234005821, 3.234134374
3.244005826, 3.244117985
3.254005818, 3.254151794
3.264005823, 3.264127608
3.274005831, 3.274166645
3.284005826, 3.284147956
3.294005845, 3.294129113
3.304005826, 3.304135730
3.314005821, 3.314156678
3.324005818, 3.324161616
3.334005829, 3.334145332
3.344005818, 3.344153687
3.354005820, 3.354116447
3.364005820, 3.364163448
3.374005820, 3.374129224
3.384005826, 3.384132620
3.394005826, 3.394136551
3.404005823, 3.404145298
3.414005823, 3.414132584
3.424005824, 3.424151054
3.434005824, 3.434143514
3.444005824, 3.444140350
3.454005821, 3.454115235
3.464005820, 3.464133700
3.474005829, 3.474140800
3.484005820, 3.484147402
3.494005914, 3.494156733
3.504005826, 3.504145657
3.514005816, 3.514114920
3.524005822, 3.524149057
3.534005824, 3.534120443
3.544005824, 3.544133493
3.554005822, 3.554134686
3.564005824, 3.564148443
3.574005822, 3.574115709
3.584005826, 3.584143007
3.594005818, 3.594119316
3.604005822, 3.604126560
3.614005818, 3.614144662
3.624005819, 3.624119109
3.634005832, 3.634188094
3.644005822, 3.644122123
3.654005822, 3.654116742
3.664005825, 3.664100179
3.674005819, 3.674133407
3.684005824, 3.684100220
3.694005819, 3.694114064
3.704005819, 3.704101406
3.714005817, 3.714108021
3.724005825, 3.724104259
3.734005827, 3.734098229
3.744005822, 3.744098745
3.754005817, 3.754103240
3.764005851, 3.764098193
3.774005822, 3.774122138
3.784005819, 3.784097056
3.794005817, 3.794099361
3.804005827, 3.804101047
3.814005819, 3.814102383
3.824005816, 3.824101627
3.834005822, 3.834117998
3.844005822, 3.844096429
3.854005828, 3.854104867
3.864005832, 3.864104876
3.874005824, 3.874098464
3.884005822, 3.884099798
3.894005828, 3.894132744
3.904005832, 3.904110682
3.914005819, 3.914102718
3.924005819, 3.924101150
3.934005828, 3.934123971
3.944005819, 3.944101770
3.954005835, 3.954113497
3.964005824, 3.964123779
3.974005822, 3.974103553
3.984005817, 3.984114909
3.994005824, 3.994100654
4.004005822, 4.004099161
4.014005846, 4.014119923
4.024005817, 4.024085088
4.034005828, 4.034098264
4.044005828, 4.044101118
4.054005830, 4.054100097
4.064005846, 4.064107556
4.074005828, 4.074097488
4.084005821, 4.084097728
4.094005822, 4.094102040
4.104005824, 4.104099157
4.114005832, 4.114105094
4.124005821, 4.124102312
4.134005822, 4.134104873
4.144005825, 4.144100255
4.154005822, 4.154100372
4.164005825, 4.164108541
4.174005832, 4.174098829
4.184005822, 4.184099247
4.194005819, 4.194095103
4.204005821, 4.204096592
4.214005817, 4.214106651
4.224005821, 4.224095531
4.234005821, 4.234115250
4.244005822, 4.244108369
4.254005821, 4.254097910
4.264005821, 4.264091419
4.274005825, 4.274102069
4.284005817, 4.284139730
4.294005819, 4.294120828
4.304005827, 4.304103089
4.314005819, 4.314096382
4.324005822, 4.324096181
4.334005821, 4.334096322
4.344005822, 4.344098248
4.354005824, 4.354095019
4.364005824, 4.364101965
4.374005817, 4.374106877
4.384005822, 4.384110574
4.394005824, 4.394148107
4.404005821, 4.404095951
4.414005844, 4.414097135
4.424005822, 4.424097668
4.434005821, 4.434097904
4.444005822, 4.444110849
4.454005817, 4.454096963
4.464005825, 4.464096320
4.474005822, 4.474099107
4.484005821, 4.484097375
4.494005814, 4.494138164
4.504005827, 4.504092788
4.514005816, 4.514109180
4.524005821, 4.524097779
4.534005822, 4.534100056
4.544005822, 4.544118684
4.554005822, 4.554098033
4.564005816, 4.564095363
4.574005824, 4.574102508
4.584005819, 4.584122134
4.594005822, 4.594095764
4.604005825, 4.604098649
4.614005821, 4.614094593
4.624005827, 4.624094808
4.634005821, 4.634097653
4.644005821, 4.644097531
4.654005825, 4.654077157
4.664005817, 4.664095575
4.674005816, 4.674104148
4.684005817, 4.684097403
4.694005827, 4.694096937
4.704005821, 4.704097335
4.714005824, 4.714099729
4.724005822, 4.724099978
4.734005814, 4.734097916
4.744005821, 4.744099194
4.754005822, 4.754133431
4.764005822, 4.764136192
4.774005822, 4.774116746
4.784005817, 4.784120239
4.794005819, 4.794140555
4.804005821, 4.804137204
4.814005825, 4.814155207
4.824005817, 4.824109728
4.834005819, 4.834130914
4.844005817, 4.844120960
4.854005816, 4.854145980
4.864005822, 4.864159399
4.874005817, 4.874135760
4.884005819, 4.884149310
4.894005819, 4.894129119
4.904005824, 4.904125604
4.914005822, 4.914124469
4.924005824, 4.924133623
4.934005816, 4.934139825
4.944005819, 4.944129916
4.954005833, 4.954145803
4.964005824, 4.964132559
4.974005822, 4.974128790
4.984005819, 4.984129146
4.994005822, 4.994127338
5.004005822, 5.004163870
5.014005817, 5.014117466
5.024005825, 5.024130557
5.034005813, 5.034139307
5.044005822, 5.044133300
5.054005855, 5.054135496
5.064005819, 5.064126684
5.074005819, 5.074125299
5.084005821, 5.084155092
5.094005822, 5.094137964
5.104005824, 5.104156574
5.114005830, 5.114125937
5.124005821, 5.124152377
5.134005819, 5.134175766
5.144005813, 5.144121924
5.154005821, 5.154128299
5.164005819, 5.164149307
5.174005819, 5.174145088
5.184005830, 5.184149341
5.194005822, 5.194159280
5.204005819, 5.204116827
5.214005827, 5.214133664
5.224005816, 5.224117192
5.234005824, 5.234112168
5.244005824, 5.244154275
5.254005841, 5.254149037
5.264005825, 5.264140941
5.274005819, 5.274108836
5.284005821, 5.284170538
5.294005817, 5.294157328
5.304005819, 5.304129747
5.314005819, 5.314168997
5.324005822, 5.324132646
5.334005815, 5.334121866
5.344005822, 5.344140632
5.354005819, 5.354160032
5.364005816, 5.364165195
5.374005826, 5.374144498
5.384005818, 5.384124223
5.394005818, 5.394214417
5.404005818, 5.404135203
5.414005819, 5.414118321
5.424005819, 5.424167613
5.434005822, 5.434112866
5.444005822, 5.444145797
5.454005819, 5.454148126
5.464005815, 5.464140446
5.474005816, 5.474117058
5.484005826, 5.484143381
5.494005826, 5.494148727
5.504005815, 5.504123154
5.514005813, 5.514137782
5.524005819, 5.524127425
5.534005818, 5.534137034
5.544005818, 5.544142184
5.554005816, 5.554144351
5.564005821, 5.564124796
5.574005816, 5.574129727
5.584005827, 5.584123389
5.594005821, 5.594138365
5.604005824, 5.604081668
5.614005826, 5.614110717
5.624005819, 5.624118823
5.634005821, 5.634144286
5.644005827, 5.644145797
5.654005818, 5.654156922
5.664005822, 5.664177017
5.674005821, 5.674151911
5.684005816, 5.684165301
5.694005821, 5.694099699
5.704005822, 5.704080179
5.714005824, 5.714085530
5.724005827, 5.724105263
5.734005821, 5.734080726
5.744005821, 5.744099497
5.754005815, 5.754085546
5.764005818, 5.764095283
5.774005819, 5.774101367
5.784005827, 5.784102216
5.794005826, 5.794092239
5.804005819, 5.804101318
5.814005829, 5.814093294
5.824005822, 5.824105278
5.834005824, 5.834110646
5.844005819, 5.844106294
5.854005818, 5.854129811
5.864005822, 5.864080244
5.874005816, 5.874137355
5.884005818, 5.884117265
5.894005822, 5.894082022
5.904005824, 5.904081274
5.914005819, 5.914085805
5.924005827, 5.924079466
5.934005822, 5.934089912
5.944005822, 5.944108183
5.954005827, 5.954098048
5.964005830, 5.964092465
5.974005816, 5.974093516
5.984005816, 5.984117486
5.994005815, 5.994094971
6.004005819, 6.004068052
6.014005826, 6.014093622
6.024005818, 6.024097265
6.034005821, 6.034072512
6.044005821, 6.044109866
6.054005819, 6.054100104
6.064005818, 6.064123026
6.074005821, 6.074126381
6.084005822, 6.084109013
6.094005816, 6.094098094
6.104005827, 6.104095215
6.114005818, 6.114106160
6.124005826, 6.124097929
6.134005848, 6.134104329
6.144005824, 6.144097292
6.154005824, 6.154094355
6.164005826, 6.164114244
6.174005815, 6.174137088
6.184005819, 6.184101831
6.194005824, 6.194095109
6.204005824, 6.204102131
6.214005818, 6.214095315
6.224005813, 6.224113212
6.234005822, 6.234106381
6.244005827, 6.244095713
6.254005827, 6.254096966
6.264005822, 6.264126315
6.274005815, 6.274100238
6.284005826, 6.284099649
6.294005815, 6.294103924
6.304005819, 6.304114599
6.314005824, 6.314179912
6.324005824, 6.324177525
6.334005824, 6.334142934
6.344005824, 6.344163572
6.354005819, 6.354165420
6.364005829, 6.364095859
6.374005822, 6.374103214
6.384005824, 6.384112768
6.394005821, 6.394110865
6.404005822, 6.404104106
6.414005819, 6.414099426
6.424005824, 6.424102126
6.434005824, 6.434108478
6.444005829, 6.444113333
6.454005822, 6.454109875
6.464005826, 6.464101548
6.474005824, 6.474108257
6.484005832, 6.484107286
6.494005827, 6.494101067
6.504005824, 6.504099669
6.514005827, 6.514095188
6.524005834, 6.524101207
6.534005824, 6.534106444
6.544005826, 6.544098173
6.554005821, 6.554100716
6.564005824, 6.564101820
6.574005821, 6.574108788
6.584005826, 6.584100255
6.594005816, 6.594116306
6.604005830, 6.604098869
6.614005829, 6.614105003
6.624005824, 6.624099230
6.634005824, 6.634095481
6.644005822, 6.644095799
6.654005819, 6.654105189
6.664005818, 6.664096320
6.674005822, 6.674109054
6.684005824, 6.684105199
6.694005819, 6.694102290
6.704005818, 6.704092612
6.714005822, 6.714097942
6.724005827, 6.724096600
6.734005830, 6.734097824
6.744005826, 6.744097858
6.754005824, 6.754110515
6.764005822, 6.764104084
6.774005819, 6.774104174
6.784005818, 6.784127638
6.794005826, 6.794103596
6.804005818, 6.804100370
6.814005819, 6.814100809
6.824005818, 6.824100882
6.834005816, 6.834110245
6.844005827, 6.844111247
6.854005895, 6.854133937
6.864005826, 6.864175239
6.874005826, 6.874153540
6.884005822, 6.884099816
6.894005819, 6.894098910
6.904005824, 6.904104716
6.914005821, 6.914100146
6.924005822, 6.924119222
6.934005819, 6.934101057
6.944005824, 6.944103658
6.954005816, 6.954108235
6.964005822, 6.964100020
6.974005830, 6.974098359
6.984005826, 6.984150843
6.994005822, 6.994139406
7.004005815, 7.004160568
7.014005826, 7.014140397
7.024005818, 7.024150793
7.034005829, 7.034126916
7.044005824, 7.044120356
7.054005830, 7.054125319
7.064005818, 7.064128674
7.074005819, 7.074161179
7.084005840, 7.084132474
7.094005851, 7.094100781
7.104005821, 7.104109544
7.114005819, 7.114107055
7.124005819, 7.124097513
7.134005819, 7.134111281
7.144005821, 7.144096572
7.154005816, 7.154095027
7.164005826, 7.164100983
7.174005826, 7.174096172
7.184005826, 7.184109673
7.194005819, 7.194101915
7.204005819, 7.204113357
7.214005818, 7.214109160
7.224005821, 7.224162862
7.234005827, 7.234135919
7.244005822, 7.244130518
7.254005822, 7.254099148
7.264005818, 7.264105938
7.274005821, 7.274107779
7.284005819, 7.284154525
7.294005822, 7.294118176
7.304005818, 7.304103781
7.314005821, 7.314099459
7.324005819, 7.324109672
7.334005819, 7.334124586
7.344005824, 7.344113017
7.354005822, 7.354114620
7.364005818, 7.364087685
7.374005815, 7.374149209
7.384005822, 7.384113939
7.394005824, 7.394104771
7.404005827, 7.404106511
7.414005832, 7.414106898
7.424005811, 7.424110930
7.434005816, 7.434123566
7.444005821, 7.444118900
7.454005824, 7.454101634
7.464005826, 7.464175847
7.474005816, 7.474102156
7.484005826, 7.484150404
7.494005818, 7.494107068
7.504005821, 7.504221220
7.514005827, 7.514114367
7.524005824, 7.524101092
7.534005819, 7.534161638
7.544005829, 7.544100730
7.554005819, 7.554105922
7.564005816, 7.564109473
7.574005818, 7.574127150
7.584005824, 7.584092665
7.594005819, 7.594101078
7.604005824, 7.604104259
7.614005811, 7.614137184
7.624005818, 7.624110824
7.634005824, 7.634107014
7.644005824, 7.644118814
7.654005826, 7.654107914
7.664005819, 7.664105033
7.674005819, 7.674107286
7.684005819, 7.684101386
7.694005826, 7.694105249
7.704005822, 7.704099559
7.714005822, 7.714103481
7.724005818, 7.724110543
7.734005916, 7.734103080
7.744005815, 7.744110745
7.754005819, 7.754103086
7.764005818, 7.764093120
7.774005818, 7.774101526
7.784005818, 7.784112530
7.794005821, 7.794078477
7.804005819, 7.804095643
7.814005826, 7.814091014
7.824005824, 7.824108360
7.834005819, 7.834112992
7.844005818, 7.844097614
7.854005815, 7.854147341
7.864005816, 7.864090401
7.874005826, 7.874086634
7.884005819, 7.884105267
7.894005819, 7.894122641
7.904005819, 7.904113823
7.914005815, 7.914070738
7.924005821, 7.924087324
7.934005822, 7.934070905
7.944005821, 7.944103516
7.954005822, 7.954101673
7.964005827, 7.964109271
7.974005829, 7.974130325
7.984005819, 7.984113720
7.994005818, 7.994116693
8.004005822, 8.004134958
8.014005821, 8.014092460
8.024005826, 8.024115528
8.034005822, 8.034124768
8.044005819, 8.044079614
8.054005835, 8.054096980
8.064005824, 8.064118806
8.074005821, 8.074133325
8.084005826, 8.084121796
8.094005821, 8.094116515
8.104005821, 8.104101908
8.114005818, 8.114114776
8.124005822, 8.124100590
8.134005819, 8.134101226
8.144005818, 8.144131060
8.154005818, 8.154116968
8.164005822, 8.164103400
8.174005818, 8.174097685
8.184005818, 8.184098521
8.194005819, 8.194104123
8.204005819, 8.204103997
8.214005816, 8.214103006
8.224005819, 8.224121960
8.234005819, 8.234098226
8.244005822, 8.244102683
8.254005821, 8.254099950
8.264005816, 8.264099151
8.274005821, 8.274101851
8.284005822, 8.284103977
8.294005822, 8.294098351
8.304005818, 8.304100591
8.314005818, 8.314098662
8.324005821, 8.324097871
8.334005818, 8.334097550
8.344005826, 8.344167207
8.354005821, 8.354102429
8.364005824, 8.364101646
8.374005829, 8.374106866
8.384005824, 8.384097569
8.394005822, 8.394116609
8.404005824, 8.404074448
8.414005824, 8.414082489
8.424005821, 8.424096425
8.434005826, 8.434065728
8.444005822, 8.444101523
8.454005821, 8.454091252
8.464005826, 8.464077476
8.474005822, 8.474082608
8.484005818, 8.484094112
8.494005819, 8.494091691
8.504005827, 8.504091077
8.514005816, 8.514085050
8.524005818, 8.524076758
8.534005827, 8.534079578
8.544005818, 8.544094724
8.554005819, 8.554098510
8.564005819, 8.564080460
8.574005815, 8.574130889
8.584005819, 8.584087553
8.594005819, 8.594076995
8.604005824, 8.604111585
8.614005819, 8.614080279
8.624005821, 8.624081412
8.634005818, 8.634066302
8.644005821, 8.644076600
8.654005818, 8.654077326
8.664005822, 8.664101766
8.674005826, 8.674088956
8.684005816, 8.684123533
8.694005824, 8.694111566
8.704005827, 8.704066422
8.714005827, 8.714088195
8.724005821, 8.724088941
8.734005822, 8.734073993
8.744005818, 8.744106755
8.754005813, 8.754102653
8.764005826, 8.764102930
8.774005822, 8.774114320
8.784005821, 8.784090599
8.794005822, 8.794114986
8.804005821, 8.804125000
8.814005815, 8.814097513
8.824005824, 8.824091783
8.834005824, 8.834106032
8.844005819, 8.844095061
8.854005826, 8.854116284
8.864005821, 8.864107643
8.874005813, 8.874101193
8.884005826, 8.884077408
8.894005819, 8.894093974
8.904005819, 8.904127731
8.914005816, 8.914128877
8.924005815, 8.924090196
8.934005824, 8.934078667
8.944005818, 8.944100162
8.954005834, 8.954117958
8.964005826, 8.964096782
8.974005818, 8.974116399
8.984005821, 8.984106497
8.994005819, 8.994104401
9.004005822, 9.004082202
9.014005818, 9.014085248
9.024005822, 9.024112931
9.034005826, 9.034117310
9.044005848, 9.044089736
9.054005822, 9.054156121
9.064005816, 9.064078411
9.074005824, 9.074116118
9.084005826, 9.084119480
9.094005824, 9.094077760
9.104005821, 9.104083130
9.114005821, 9.114101926
9.124005824, 9.124077887
9.134005818, 9.134096093
9.144005819, 9.144087502
9.154005819, 9.154089735
9.164005819, 9.164108570
9.174005819, 9.174102489
9.184005816, 9.184085473
9.194005821, 9.194115654
9.204005824, 9.204102053
9.214005826, 9.214111077
9.224005816, 9.224105636
9.234005815, 9.234086309
9.244005822, 9.244123504
9.254005816, 9.254111480
9.264005818, 9.264103610
9.274005824, 9.274097836
9.284005821, 9.284125868
9.294005824, 9.294107750
9.304005819, 9.304078038
9.314005824, 9.314077966
9.324005819, 9.324084457
9.334005826, 9.334094336
9.344005816, 9.344100822
9.354005819, 9.354147774
9.364005822, 9.364144041
9.374005824, 9.374149910
9.384005826, 9.384147344
9.394005822, 9.394092046
9.404005818, 9.404104311
9.414005821, 9.414107048
9.424005818, 9.424092097
9.434005818, 9.434081562
9.444005818, 9.444118092
9.454005819, 9.454133805
9.464005826, 9.464098586
9.474005818, 9.474091704
9.484005827, 9.484119036
9.494005818, 9.494088729
9.504005816, 9.504091347
9.514005824, 9.514091053
9.524005818, 9.524084897
9.534005818, 9.534126983
9.544005824, 9.544096537
9.554005818, 9.554103561
9.564005829, 9.564096279
9.574005816, 9.574104373
9.584005822, 9.584090941
9.594005816, 9.594088742
9.604005818, 9.604097069
9.614005826, 9.614080171
9.624005824, 9.624110857
9.634005826, 9.634110036
9.644005826, 9.644097492
9.654005818, 9.654096602
9.664005819, 9.664105756
9.674005822, 9.674084179
9.684005890, 9.684128150
9.694005824, 9.694095234
9.704005821, 9.704101412
9.714005822, 9.714086167
9.724005821, 9.724098818
9.734005824, 9.734118646
9.744005819, 9.744153238
9.754005822, 9.754128230
9.764005818, 9.764077246
9.774005821, 9.774090580
9.784005824, 9.784097603
9.794005819, 9.794090627
9.804005826, 9.804102863
9.814005818, 9.814085734
9.824005815, 9.824114014
9.834005815, 9.834067232
9.844005821, 9.844090419
9.854005822, 9.854178894
9.864005822, 9.864131978
9.874005819, 9.874151292
9.884005819, 9.884144853
9.894005815, 9.894140741
9.904005818, 9.904164730
9.914005826, 9.914193425
9.924005819, 9.924169308
9.934005821, 9.934186571
9.944005961, 9.944278485
9.954005923, 9.954091301
9.964005833, 9.964104973
9.974005822, 9.974154773
9.984005824, 9.984164894
9.994005815, 9.994162923
10.004005819, 10.004161519
10.014005852, 10.014163238
10.024005830, 10.024159496
10.034005822, 10.034164699
10.044005816, 10.044165118
10.054005824, 10.054158789
10.064005813, 10.064156152
10.074005843, 10.074172051
10.084005827, 10.084160157
10.094005826, 10.094158778
10.104005821, 10.104157929
10.114005819, 10.114164067
10.124005822, 10.124160736
10.134005818, 10.134157360
10.144005849, 10.144159341
10.154005824, 10.154161957
10.164005821, 10.164158195
10.174005816, 10.174173771
10.184005813, 10.184173140
10.194005818, 10.194224262
10.204005816, 10.204178364
10.214005818, 10.214175075
10.224005821, 10.224176281
10.234005822, 10.234178007
10.244005816, 10.244174298
10.254005821, 10.254179587
10.264005818, 10.264177155
10.274005824, 10.274083897
10.284005816, 10.284178490
10.294005818, 10.294175576
10.304005819, 10.304175357
10.314005818, 10.314179241
10.324005818, 10.324174062
10.334005819, 10.334176155
10.344005816, 10.344174959
10.354005824, 10.354173520
10.364005824, 10.364178776
10.374005815, 10.374175360
10.384005818, 10.384176273
10.394005821, 10.394177559
10.404005819, 10.404175078
10.414005824, 10.414179154
10.424005816, 10.424176187
10.434005816, 10.434178398
10.444005822, 10.444175889
10.454005822, 10.454176322
10.464005819, 10.464181056
10.474005816, 10.474177650
10.484005821, 10.484174718
10.494005816, 10.494176359
10.504005818, 10.504177985
10.514005822, 10.514178217
10.524005816, 10.524179233
10.534005826, 10.534179620
10.544005818, 10.544178894
10.554005819, 10.554178226
10.564005821, 10.564178098
10.574005824, 10.574175724
10.584005822, 10.584181092
10.594005818, 10.594179109
10.604005818, 10.604179987
10.614005816, 10.614180593
10.624005819, 10.624176358
10.634005822, 10.634181919
10.644005821, 10.644175608
10.654005826, 10.654177730
10.664005810, 10.664174563
10.674005818, 10.674175665
10.684005822, 10.684181264
10.694005816, 10.694175431
10.704005822, 10.704174389
10.714005818, 10.714178630
10.724005816, 10.724177579
10.734005818, 10.734174028
10.744005822, 10.744180253
10.754005818, 10.754177325
10.764005821, 10.764179838
10.774005819, 10.774180246
10.784005824, 10.784176841
10.794005813, 10.794177920
10.804005819, 10.804177129
10.814005819, 10.814174552
10.824005818, 10.824179881
10.834005822, 10.834177928
10.844005830, 10.844178243
10.854005819, 10.854177314
10.864005826, 10.864176507
10.874005822, 10.874178360
10.884005822, 10.884180009
10.894005816, 10.894177977
10.904005822, 10.904174097
10.914005816, 10.914177286
10.924005818, 10.924179908
10.934005824, 10.934176404
10.944005819, 10.944177137
10.954005822, 10.954184343
10.964005818, 10.964173796
10.974005815, 10.974178679
10.984005816, 10.984175193
10.994005826, 10.994176864
11.004005816, 11.004181253
11.014005818, 11.014179964
11.024005811, 11.024175948
11.034005815, 11.034177869
11.044005824, 11.044177029
11.054005821, 11.054174383
11.064005818, 11.064177160
11.074005826, 11.074174438
11.084005822, 11.084178993
11.094005815, 11.094178068
11.104005818, 11.104177718
11.114005824, 11.114177260
11.124005822, 11.124178768
11.134005818, 11.134178886
11.144005818, 11.144177325
11.154005815, 11.154177399
11.164005821, 11.164178537
11.174005821, 11.174175731
11.184005826, 11.184178479
11.194005819, 11.194177790
11.204005821, 11.204180216
11.214005818, 11.214178022
11.224005818, 11.224178483
11.234005819, 11.234177219
11.244005816, 11.244177034
11.254005818, 11.254175656
11.264005811, 11.264174656
11.274005811, 11.274179117
11.284005816, 11.284176649
11.294005824, 11.294176412
11.304005819, 11.304178272
11.314005818, 11.314178112
11.324005816, 11.324178856
11.334005811, 11.334177988
11.344005824, 11.344174036
11.354005822, 11.354177254
11.364005824, 11.364175023
11.374005819, 11.374177560
11.384005826, 11.384175401
11.394005818, 11.394177593
11.404005819, 11.404178395
11.414005819, 11.414110513
11.424005822, 11.424111084
11.434005816, 11.434178338
11.444005818, 11.444177770
11.454005819, 11.454176813
11.464005824, 11.464175234
11.474005822, 11.474176477
11.484005819, 11.484179908
11.494005821, 11.494177610
11.504005818, 11.504175771
11.514005821, 11.514181250
11.524005818, 11.524172431
11.534005818, 11.534178430
11.544005816, 11.544176216
11.554005816, 11.554177806
11.564005822, 11.564178267
11.574005816, 11.574181810
11.584005819, 11.584175702
11.594005821, 11.594177242
11.604005818, 11.604177126
11.614005827, 11.614175853
11.624005826, 11.624174831
11.634005813, 11.634179060
11.644005818, 11.644179996
11.654005816, 11.654176811
11.664005824, 11.664175000
11.674005818, 11.674182164
11.684005822, 11.684175651
11.694005811, 11.694177347
11.704005821, 11.704175231
11.714005821, 11.714174315
11.724005824, 11.724177895
11.734005824, 11.734179470
11.744005826, 11.744173166
11.754005818, 11.754178107
11.764005822, 11.764178190
11.774005818, 11.774177067
11.784005821, 11.784176462
11.794005824, 11.794177075
11.804005822, 11.804178491
11.814005813, 11.814178138
11.824005824, 11.824178711
11.834005819, 11.834177900
11.844005816, 11.844178414
11.854005818, 11.854179238
11.864005826, 11.864175949
11.874005811, 11.874179595
11.884005818, 11.884179104
11.894005816, 11.894175158
11.904005818, 11.904174013
11.914005818, 11.914181295
11.924005815, 11.924174838
11.934005811, 11.934177334
11.944005816, 11.944177535
11.954005824, 11.954178746
11.964005819, 11.964179527
11.974005819, 11.974176807
11.984005822, 11.984177645
11.994005813, 11.994179671
12.004005821, 12.004180080
12.014005819, 12.014175706
12.024005822, 12.024180077
12.034005819, 12.034178239
12.044005819, 12.044178416
12.054005821, 12.054181512
------------------------------
