------------------------------
test was performed using the following parameters: --mps=100 --burst=1 --reply-every=1 --msg-size=12 --time=10
------------------------------
sockperf: [Total Run] RunTime=10.100 sec; SentMessages=1011; ReceivedMessages=1010
sockperf: ========= Printing statistics for Server No: 0
sockperf: [Valid Duration] RunTime=9.990 sec; SentMessages=1000; ReceivedMessages=1000
sockperf: [2;35m====> avg-lat= 60.713 (std-dev=19.695)[0m
sockperf: # dropped messages = 0; # duplicated messages = 0; # out-of-order messages = 0
sockperf: [2;35mTotal 1000 observations[0m; each percentile contains 10.00 observations
sockperf: ---> <MAX> observation =  138.927
sockperf: ---> percentile  99.99 =  138.927
sockperf: ---> percentile  99.90 =  131.511
sockperf: ---> percentile  99.50 =  108.031
sockperf: ---> percentile  99.00 =  104.167
sockperf: ---> percentile  95.00 =   90.545
sockperf: ---> percentile  90.00 =   89.238
sockperf: ---> percentile  75.00 =   79.490
sockperf: ---> percentile  50.00 =   54.887
sockperf: ---> percentile  25.00 =   45.444
sockperf: ---> <MIN> observation =   27.167
------------------------------
txTime, rxTime
2.063045057, 2.063243050
2.073045046, 2.073153566
2.083045062, 2.083231526
2.093045066, 2.093185163
2.103045042, 2.103159582
2.113045063, 2.113144140
2.123045037, 2.123137016
2.133045047, 2.133141796
2.143045089, 2.143157150
2.153045050, 2.153144463
2.163045047, 2.163146721
2.173045042, 2.173159158
2.183045176, 2.183166675
2.193045058, 2.193128161
2.203045059, 2.203146779
2.213045050, 2.213159455
2.223045116, 2.223156622
2.233045114, 2.233159005
2.243045043, 2.243119981
2.253045058, 2.253181886
2.263045047, 2.263147428
2.273045054, 2.273128579
2.283045064, 2.283150993
2.293045058, 2.293229616
2.303045061, 2.303158231
2.313045144, 2.313160175
2.323045067, 2.323128767
2.333045061, 2.333132561
2.343045059, 2.343139526
2.353045159, 2.353170741
2.363045133, 2.363148461
2.373045056, 2.373132149
2.383045059, 2.383156341
2.393045054, 2.393184144
2.403045059, 2.403172908
2.413045032, 2.413189627
2.423045050, 2.423124147
2.433045054, 2.433118010
2.443045061, 2.443149367
2.453048429, 2.453180143
2.463045037, 2.463185251
2.473045056, 2.473170940
2.483045054, 2.483139472
2.493045053, 2.493187112
2.503045051, 2.503130089
2.513045028, 2.513187576
2.523045053, 2.523152138
2.533045577, 2.533151286
2.543045056, 2.543151608
2.553045058, 2.553158065
2.563045059, 2.563134750
2.573045054, 2.573176995
2.583052387, 2.583187546
2.593045058, 2.593144870
2.603045070, 2.603110951
2.613045032, 2.613194703
2.623045050, 2.623133138
2.633045056, 2.633155468
2.643045054, 2.643145126
2.653045051, 2.653114526
2.663045065, 2.663154069
2.673047690, 2.673133292
2.683045054, 2.683140726
2.693045058, 2.693148998
2.703045058, 2.703120233
2.713045062, 2.713143841
2.723045047, 2.723180211
2.733045053, 2.733157511
2.743045059, 2.743177738
2.753045058, 2.753137477
2.763047630, 2.763179022
2.773059700, 2.773218682
2.783045037, 2.783130397
2.793045062, 2.793126241
2.803045059, 2.803126221
2.813045058, 2.813221294
2.823045054, 2.823138395
2.833045056, 2.833155591
2.843045053, 2.843125865
2.853045069, 2.853168334
2.863047110, 2.863142196
2.873045056, 2.873136741
2.883045058, 2.883161043
2.893047355, 2.893151559
2.903045035, 2.903134431
2.913045043, 2.913149244
2.923045065, 2.923131870
2.933045051, 2.933147698
2.943045050, 2.943169646
2.953045042, 2.953111597
2.963045059, 2.963187777
2.973047287, 2.973141373
2.983054817, 2.983173422
2.993045056, 2.993114444
3.003045053, 3.003122187
3.013045058, 3.013174970
3.023045065, 3.023192701
3.033045028, 3.033261090
3.043045033, 3.043216834
3.053045052, 3.053200179
3.063045048, 3.063190130
3.073045060, 3.073221988
3.083045051, 3.083159662
3.093045052, 3.093192483
3.103045043, 3.103222153
3.113045043, 3.113187096
3.123045058, 3.123219349
3.133045050, 3.133182638
3.143045050, 3.143168409
3.153045054, 3.153191076
3.163045054, 3.163183633
3.173045030, 3.173200273
3.183045051, 3.183170321
3.193045052, 3.193166625
3.203045049, 3.203188382
3.213045049, 3.213226703
3.223045040, 3.223123351
3.233045033, 3.233187469
3.243045048, 3.243115203
3.253045043, 3.253189609
3.263045049, 3.263128917
3.273045038, 3.273152835
3.283045036, 3.283128765
3.293045035, 3.293136585
3.303045035, 3.303133650
3.313045032, 3.313151002
3.323045041, 3.323140736
3.333045032, 3.333133764
3.343045036, 3.343111782
3.353045035, 3.353184515
3.363045033, 3.363142435
3.373045035, 3.373110003
3.383045033, 3.383127660
3.393045032, 3.393127671
3.403045033, 3.403152416
3.413045035, 3.413209027
3.423045035, 3.423148061
3.433045027, 3.433197911
3.443045032, 3.443171212
3.453045029, 3.453148134
3.463045033, 3.463150808
3.473045032, 3.473107382
3.483045032, 3.483128996
3.493045045, 3.493151105
3.503045035, 3.503117059
3.513045035, 3.513135086
3.523045032, 3.523113456
3.533045035, 3.533134843
3.543045037, 3.543126785
3.553045038, 3.553132359
3.563045048, 3.563166379
3.573045037, 3.573164560
3.583045040, 3.583111311
3.593045029, 3.593120967
3.603045030, 3.603156124
3.613045030, 3.613147576
3.623045052, 3.623113267
3.633045032, 3.633138027
3.643045037, 3.643151402
3.653045037, 3.653135905
3.663045029, 3.663132531
3.673045030, 3.673139407
3.683045046, 3.683120494
3.693045043, 3.693155483
3.703045032, 3.703148216
3.713045038, 3.713199621
3.723045030, 3.723161130
3.733045038, 3.733137773
3.743045043, 3.743177204
3.753045041, 3.753144695
3.763045035, 3.763160378
3.773045037, 3.773116854
3.783045046, 3.783159469
3.793045037, 3.793120066
3.803045032, 3.803146032
3.813045033, 3.813149515
3.823045037, 3.823142233
3.833045033, 3.833162519
3.843045048, 3.843120852
3.853045030, 3.853158232
3.863045033, 3.863151489
3.873045037, 3.873137700
3.883045037, 3.883129556
3.893045030, 3.893124404
3.903045033, 3.903131386
3.913045032, 3.913122331
3.923045033, 3.923143162
3.933045038, 3.933142360
3.943045037, 3.943130139
3.953045032, 3.953143672
3.963045037, 3.963158616
3.973045029, 3.973160836
3.983045040, 3.983176262
3.993045037, 3.993133856
4.003045040, 4.003115815
4.013045032, 4.013164039
4.023045051, 4.023133112
4.033045033, 4.033141788
4.043045037, 4.043178076
4.053045030, 4.053183408
4.063045030, 4.063185970
4.073045037, 4.073138471
4.083045032, 4.083137040
4.093045048, 4.093233283
4.103045032, 4.103132553
4.113045032, 4.113183485
4.123045030, 4.123182907
4.133045030, 4.133198346
4.143045033, 4.143122829
4.153045038, 4.153157681
4.163045038, 4.163113963
4.173045030, 4.173200073
4.183045032, 4.183136469
4.193045037, 4.193142792
4.203045033, 4.203143271
4.213045030, 4.213209872
4.223045049, 4.223166735
4.233045033, 4.233149589
4.243045035, 4.243132675
4.253045035, 4.253144714
4.263045035, 4.263154811
4.273045037, 4.273146086
4.283045037, 4.283135263
4.293045033, 4.293136162
4.303045033, 4.303135510
4.313045038, 4.313158791
4.323045035, 4.323145048
4.333045045, 4.333141232
4.343045029, 4.343148740
4.353045030, 4.353144636
4.363045032, 4.363141581
4.373045032, 4.373180812
4.383045040, 4.383139837
4.393045038, 4.393153901
4.403045030, 4.403164123
4.413045048, 4.413147740
4.423045033, 4.423140735
4.433045033, 4.433144832
4.443045032, 4.443149806
4.453045035, 4.453168975
4.463045038, 4.463139524
4.473045030, 4.473193119
4.483045037, 4.483152746
4.493045035, 4.493167358
4.503045046, 4.503169769
4.513045038, 4.513174906
4.523045047, 4.523137268
4.533045047, 4.533154484
4.543045032, 4.543147436
4.553045031, 4.553161281
4.563045034, 4.563153030
4.573045034, 4.573173148
4.583045034, 4.583139922
4.593045032, 4.593144424
4.603045039, 4.603223296
4.613045034, 4.613151723
4.623045047, 4.623134843
4.633045028, 4.633195160
4.643045031, 4.643144880
4.653045032, 4.653168751
4.663045033, 4.663148399
4.673045035, 4.673154343
4.683045038, 4.683145180
4.693045029, 4.693137602
4.703045037, 4.703148301
4.713045030, 4.713133943
4.723045037, 4.723149855
4.733045040, 4.733145502
4.743045032, 4.743147622
4.753045048, 4.753167505
4.763045032, 4.763143324
4.773045032, 4.773158790
4.783045030, 4.783137193
4.793045033, 4.793144474
4.803045037, 4.803161635
4.813045030, 4.813147864
4.823045029, 4.823136732
4.833045040, 4.833141636
4.843045035, 4.843134786
4.853045037, 4.853127302
4.863045033, 4.863148142
4.873045033, 4.873131209
4.883045035, 4.883134822
4.893045030, 4.893138389
4.903045029, 4.903172212
4.913045029, 4.913138551
4.923045035, 4.923147096
4.933045032, 4.933125906
4.943045033, 4.943148426
4.953045033, 4.953152540
4.963045035, 4.963140451
4.973045041, 4.973145720
4.983045033, 4.983145039
4.993045038, 4.993166416
5.003045038, 5.003158417
5.013045030, 5.013157964
5.023045032, 5.023149930
5.033045033, 5.033166960
5.043045033, 5.043151309
5.053045033, 5.053141308
5.063045033, 5.063138521
5.073045033, 5.073139936
5.083045040, 5.083146436
5.093045032, 5.093147870
5.103045035, 5.103159184
5.113045037, 5.113168066
5.123045032, 5.123146937
5.133045032, 5.133146421
5.143045037, 5.143171943
5.153045035, 5.153172844
5.163045034, 5.163135246
5.173045048, 5.173173160
5.183045036, 5.183146540
5.193045033, 5.193154602
5.203045028, 5.203139861
5.213045037, 5.213138039
5.223045052, 5.223151471
5.233045044, 5.233134043
5.243045031, 5.243169314
5.253045031, 5.253127854
5.263045036, 5.263155708
5.273045034, 5.273124455
5.283045037, 5.283149431
5.293045032, 5.293121047
5.303045033, 5.303178395
5.313045032, 5.313168410
5.323045038, 5.323170844
5.333045032, 5.333183425
5.343045032, 5.343115263
5.353045032, 5.353117986
5.363045032, 5.363125399
5.373045037, 5.373153998
5.383045037, 5.383167480
5.393045030, 5.393124158
5.403045033, 5.403139219
5.413045035, 5.413118111
5.423045049, 5.423124382
5.433045033, 5.433173484
5.443045032, 5.443108668
5.453045035, 5.453146504
5.463045033, 5.463108830
5.473045029, 5.473143695
5.483045035, 5.483112975
5.493045033, 5.493120028
5.503045030, 5.503161985
5.513045037, 5.513105742
5.523045033, 5.523164452
5.533045037, 5.533144564
5.543045037, 5.543137446
5.553045045, 5.553108969
5.563045037, 5.563118605
5.573045033, 5.573124171
5.583045032, 5.583125292
5.593045048, 5.593140776
5.603045043, 5.603164060
5.613045045, 5.613141396
5.623045035, 5.623221500
5.633045035, 5.633208803
5.643045032, 5.643122975
5.653045033, 5.653153402
5.663045037, 5.663147150
5.673045033, 5.673151421
5.683045037, 5.683155237
5.693045035, 5.693144949
5.703045033, 5.703124434
5.713045029, 5.713147668
5.723045035, 5.723169962
5.733045030, 5.733115657
5.743045046, 5.743127691
5.753045033, 5.753178462
5.763045036, 5.763111120
5.773045031, 5.773153021
5.783045030, 5.783146443
5.793045039, 5.793153938
5.803045035, 5.803119643
5.813045059, 5.813172696
5.823045048, 5.823137519
5.833045035, 5.833116362
5.843045035, 5.843113261
5.853045035, 5.853120320
5.863045029, 5.863113068
5.873045038, 5.873143582
5.883045038, 5.883099373
5.893045037, 5.893122731
5.903045030, 5.903133758
5.913045029, 5.913178493
5.923045037, 5.923157931
5.933045037, 5.933138922
5.943045038, 5.943164813
5.953045035, 5.953140958
5.963045032, 5.963120931
5.973045030, 5.973199285
5.983045029, 5.983238115
5.993045041, 5.993182383
6.003045038, 6.003175594
6.013045045, 6.013148839
6.023045048, 6.023141633
6.033045033, 6.033167938
6.043045035, 6.043132570
6.053045033, 6.053116303
6.063045051, 6.063123604
6.073045037, 6.073119613
6.083045037, 6.083128991
6.093045032, 6.093213374
6.103045038, 6.103113895
6.113045038, 6.113184065
6.123045035, 6.123130461
6.133045038, 6.133145467
6.143045051, 6.143127390
6.153045040, 6.153123858
6.163045035, 6.163141049
6.173045029, 6.173124543
6.183045030, 6.183143364
6.193045029, 6.193144333
6.203045033, 6.203143681
6.213045032, 6.213125529
6.223045035, 6.223122129
6.233045029, 6.233137151
6.243045048, 6.243123006
6.253045033, 6.253118021
6.263045037, 6.263108724
6.273045038, 6.273117263
6.283045037, 6.283107169
6.293045035, 6.293151018
6.303045035, 6.303153728
6.313045030, 6.313123470
6.323045045, 6.323121288
6.333045030, 6.333137798
6.343045037, 6.343133646
6.353045035, 6.353131530
6.363045032, 6.363141365
6.373045046, 6.373124052
6.383045033, 6.383225558
6.393045035, 6.393117659
6.403045038, 6.403160678
6.413045038, 6.413155134
6.423045030, 6.423126520
6.433045043, 6.433112076
6.443045045, 6.443118345
6.453045037, 6.453113518
6.463045038, 6.463151610
6.473045040, 6.473132703
6.483045033, 6.483107300
6.493045030, 6.493143386
6.503045033, 6.503139581
6.513045037, 6.513116275
6.523045035, 6.523113587
6.533045032, 6.533117805
6.543045030, 6.543127093
6.553045037, 6.553115177
6.563045032, 6.563140414
6.573045037, 6.573107566
6.583045030, 6.583177711
6.593045030, 6.593136821
6.603045038, 6.603126945
6.613045049, 6.613126771
6.623045045, 6.623146623
6.633045033, 6.633137121
6.643045035, 6.643137494
6.653045030, 6.653131298
6.663045038, 6.663122308
6.673045032, 6.673170334
6.683045030, 6.683140740
6.693045035, 6.693164080
6.703045033, 6.703114036
6.713045033, 6.713200640
6.723045032, 6.723146796
6.733045033, 6.733168119
6.743045040, 6.743162786
6.753045051, 6.753134149
6.763045033, 6.763164528
6.773045036, 6.773148666
6.783045038, 6.783106467
6.793045035, 6.793103595
6.803045035, 6.803192701
6.813045037, 6.813114622
6.823045033, 6.823112765
6.833045035, 6.833156301
6.843045038, 6.843156834
6.853045037, 6.853191220
6.863045030, 6.863284773
6.873045035, 6.873194994
6.883045038, 6.883182055
6.893045041, 6.893230893
6.903045040, 6.903251557
6.913045057, 6.913308079
6.923045040, 6.923244062
6.933045048, 6.933204273
6.943045041, 6.943237004
6.953045037, 6.953213824
6.963045052, 6.963216146
6.973045035, 6.973184634
6.983045057, 6.983271930
6.993045046, 6.993255567
7.003045051, 7.003180059
7.013045060, 7.013197646
7.023045043, 7.023176448
7.033045032, 7.033244693
7.043045041, 7.043155137
7.053045051, 7.053208758
7.063045043, 7.063142767
7.073045035, 7.073258424
7.083045057, 7.083207725
7.093045048, 7.093179612
7.103045051, 7.103158692
7.113045054, 7.113127663
7.123045040, 7.123247207
7.133045040, 7.133133175
7.143045038, 7.143138139
7.153045048, 7.153132589
7.163045056, 7.163141319
7.173045035, 7.173155434
7.183045052, 7.183168705
7.193045040, 7.193322895
7.203045052, 7.203257022
7.213045051, 7.213204032
7.223045052, 7.223191893
7.233045057, 7.233135965
7.243045038, 7.243184041
7.253045038, 7.253270294
7.263045054, 7.263185692
7.273045049, 7.273182720
7.283045056, 7.283229259
7.293045052, 7.293207422
7.303045056, 7.303259461
7.313045037, 7.313236617
7.323045054, 7.323224563
7.333045054, 7.333249101
7.343045057, 7.343177213
7.353045054, 7.353213570
7.363045037, 7.363138517
7.373045037, 7.373230105
7.383045051, 7.383204900
7.393045057, 7.393253391
7.403045057, 7.403180296
7.413045051, 7.413132818
7.423045033, 7.423160040
7.433045054, 7.433198211
7.443045054, 7.443156850
7.453045033, 7.453209868
7.463045032, 7.463153511
7.473045041, 7.473159268
7.483045033, 7.483126231
7.493045038, 7.493140956
7.503045046, 7.503131606
7.513045041, 7.513162269
7.523045040, 7.523166570
7.533045041, 7.533230017
7.543045056, 7.543133753
7.553045040, 7.553174130
7.563045045, 7.563133488
7.573045035, 7.573217468
7.583045049, 7.583182182
7.593045038, 7.593180520
7.603045035, 7.603180604
7.613045035, 7.613175891
7.623045030, 7.623180926
7.633045033, 7.633168511
7.643045032, 7.643144663
7.653045040, 7.653219226
7.663045037, 7.663167875
7.673045040, 7.673134387
7.683045032, 7.683147843
7.693045041, 7.693146965
7.703045041, 7.703133956
7.713045037, 7.713125407
7.723045059, 7.723220357
7.733045031, 7.733123721
7.743045058, 7.743123420
7.753045042, 7.753112620
7.763045048, 7.763170775
7.773045035, 7.773175020
7.783045037, 7.783220188
7.793045030, 7.793155764
7.803045030, 7.803169712
7.813045040, 7.813136135
7.823045037, 7.823131121
7.833045037, 7.833119647
7.843045043, 7.843160296
7.853045045, 7.853212857
7.863045038, 7.863162567
7.873045050, 7.873136213
7.883045032, 7.883144908
7.893045035, 7.893192742
7.903045038, 7.903188955
7.913045030, 7.913187780
7.923045033, 7.923115428
7.933045040, 7.933149416
7.943045043, 7.943162626
7.953045030, 7.953125101
7.963045040, 7.963188474
7.973045043, 7.973151558
7.983045035, 7.983179661
7.993045037, 7.993193208
8.003045041, 8.003149242
8.013045041, 8.013163446
8.023045037, 8.023167455
8.033045037, 8.033128045
8.043045041, 8.043139094
8.053045033, 8.053176164
8.063045038, 8.063133030
8.073045033, 8.073180885
8.083045056, 8.083252729
8.093045037, 8.093151957
8.103045044, 8.103136977
8.113045037, 8.113153854
8.123045041, 8.123152719
8.133045035, 8.133181904
8.143045037, 8.143195017
8.153045037, 8.153180066
8.163045039, 8.163124909
8.173045037, 8.173159343
8.183045036, 8.183161834
8.193045048, 8.193127405
8.203045034, 8.203131491
8.213045047, 8.213233750
8.223045034, 8.223149260
8.233045037, 8.233166533
8.243045056, 8.243182079
8.253045036, 8.253116075
8.263045042, 8.263139169
8.273045031, 8.273122206
8.283045030, 8.283165128
8.293045044, 8.293124307
8.303045037, 8.303192029
8.313045047, 8.313137559
8.323045042, 8.323147236
8.333045036, 8.333219575
8.343045034, 8.343158512
8.353045025, 8.353157793
8.363045048, 8.363164828
8.373045039, 8.373169269
8.383045033, 8.383135592
8.393045039, 8.393136817
8.403045044, 8.403176793
8.413045048, 8.413203727
8.423045034, 8.423163401
8.433045041, 8.433145736
8.443045037, 8.443139777
8.453045036, 8.453177955
8.463045039, 8.463135928
8.473045041, 8.473112736
8.483045039, 8.483137684
8.493045037, 8.493127260
8.503045034, 8.503148305
8.513045045, 8.513239445
8.523045053, 8.523175629
8.533045034, 8.533156179
8.543045031, 8.543124304
8.553045039, 8.553135999
8.563045036, 8.563154158
8.573045036, 8.573137655
8.583045037, 8.583153343
8.593045037, 8.593175130
8.603045047, 8.603138285
8.613045039, 8.613140622
8.623045039, 8.623142174
8.633045044, 8.633154846
8.643045036, 8.643133681
8.653045036, 8.653145280
8.663045031, 8.663119144
8.673045030, 8.673124562
8.683045041, 8.683147182
8.693045039, 8.693125842
8.703045031, 8.703150168
8.713045039, 8.713140936
8.723045036, 8.723162649
8.733045039, 8.733155110
8.743045031, 8.743161378
8.753045050, 8.753121776
8.763045053, 8.763156294
8.773045034, 8.773140002
8.783045039, 8.783137101
8.793045036, 8.793183492
8.803045037, 8.803197312
8.813045037, 8.813192003
8.823045049, 8.823112940
8.833045051, 8.833117560
8.843045060, 8.843145434
8.853045033, 8.853140598
8.863045038, 8.863164974
8.873045035, 8.873196088
8.883045040, 8.883232994
8.893045035, 8.893154252
8.903045037, 8.903134318
8.913045038, 8.913186949
8.923045084, 8.923138129
8.933045032, 8.933243222
8.943045041, 8.943185163
8.953045043, 8.953177416
8.963045030, 8.963153393
8.973045035, 8.973183905
8.983045041, 8.983152583
8.993045051, 8.993135030
9.003045038, 9.003133898
9.013045037, 9.013120239
9.023045040, 9.023139380
9.033045033, 9.033155594
9.043045052, 9.043158256
9.053045026, 9.053141725
9.063045037, 9.063144883
9.073045038, 9.073110084
9.083045041, 9.083152495
9.093045035, 9.093147818
9.103045040, 9.103115504
9.113045032, 9.113157313
9.123045038, 9.123126285
9.133045037, 9.133123130
9.143045038, 9.143121428
9.153045037, 9.153138234
9.163045037, 9.163162495
9.173045033, 9.173120852
9.183045049, 9.183140163
9.193045041, 9.193130984
9.203045033, 9.203126681
9.213045037, 9.213125870
9.223045038, 9.223108094
9.233045040, 9.233115376
9.243045038, 9.243130783
9.253045048, 9.253154478
9.263045035, 9.263167829
9.273045033, 9.273131322
9.283045040, 9.283119750
9.293045063, 9.293123789
9.303045033, 9.303120345
9.313045033, 9.313128214
9.323045060, 9.323120528
9.333045046, 9.333128049
9.343045056, 9.343111386
9.353045029, 9.353124460
9.363045041, 9.363132912
9.373045051, 9.373137602
9.383045052, 9.383142347
9.393045048, 9.393123954
9.403045035, 9.403133842
9.413045065, 9.413143313
9.423045033, 9.423143094
9.433045040, 9.433107744
9.443045043, 9.443135130
9.453045041, 9.453162558
9.463045043, 9.463139802
9.473045043, 9.473136213
9.483045033, 9.483123883
9.493045035, 9.493140929
9.503045059, 9.503136796
9.513045052, 9.513119753
9.523045040, 9.523131154
9.533045049, 9.533131915
9.543045030, 9.543158420
9.553045032, 9.553178118
9.563045051, 9.563137007
9.573045040, 9.573148328
9.583045049, 9.583159307
9.593045037, 9.593137588
9.603045040, 9.603151397
9.613045049, 9.613152929
9.623045046, 9.623153445
9.633045049, 9.633142099
9.643045030, 9.643109288
9.653045040, 9.653136816
9.663045032, 9.663156465
9.673045048, 9.673143912
9.683045038, 9.683114696
9.693045032, 9.693135741
9.703045035, 9.703121204
9.713045035, 9.713114674
9.723045040, 9.723125480
9.733045037, 9.733137039
9.743045035, 9.743139210
9.753045051, 9.753147092
9.763045063, 9.763129428
9.773045029, 9.773134517
9.783045048, 9.783159127
9.793045051, 9.793134508
9.803045040, 9.803143334
9.813045046, 9.813138957
9.823045027, 9.823157522
9.833045037, 9.833116333
9.843045048, 9.843159958
9.853045041, 9.853121296
9.863045043, 9.863107995
9.873045030, 9.873118387
9.883045033, 9.883143051
9.893045065, 9.893136846
9.903045041, 9.903135305
9.913045037, 9.913134394
9.923045048, 9.923112031
9.933045051, 9.933119043
9.943045040, 9.943112053
9.953045035, 9.953128437
9.963045045, 9.963161082
9.973045051, 9.973134694
9.983045041, 9.983137588
9.993045033, 9.993129725
10.003045041, 10.003234390
10.013045037, 10.013221734
10.023045037, 10.023221045
10.033045048, 10.033224948
10.043045035, 10.043223044
10.053045029, 10.053232915
10.063045040, 10.063214152
10.073045041, 10.073227747
10.083045037, 10.083221122
10.093045037, 10.093218330
10.103045035, 10.103218156
10.113045035, 10.113223211
10.123045032, 10.123226033
10.133045037, 10.133225246
10.143045029, 10.143223544
10.153045040, 10.153223450
10.163045037, 10.163229558
10.173045040, 10.173219791
10.183045041, 10.183225591
10.193045035, 10.193219991
10.203045030, 10.203222289
10.213045033, 10.213224464
10.223045033, 10.223219543
10.233045030, 10.233222908
10.243045030, 10.243227448
10.253045037, 10.253224249
10.263045040, 10.263223191
10.273045037, 10.273220019
10.283045060, 10.283191141
10.293045035, 10.293185844
10.303045038, 10.303187482
10.313045030, 10.313185012
10.323045037, 10.323191192
10.333045037, 10.333188211
10.343045043, 10.343184511
10.353045029, 10.353183871
10.363045026, 10.363184457
10.373045040, 10.373184567
10.383045032, 10.383208932
10.393045040, 10.393223152
10.403045033, 10.403220800
10.413045033, 10.413222680
10.423045033, 10.423226125
10.433045032, 10.433221241
10.443045043, 10.443222761
10.453045032, 10.453225539
10.463045029, 10.463222194
10.473045033, 10.473219348
10.483045033, 10.483225910
10.493045033, 10.493219206
10.503045029, 10.503220464
10.513045033, 10.513221629
10.523045032, 10.523223742
10.533045032, 10.533222415
10.543045043, 10.543225100
10.553045032, 10.553219811
10.563045057, 10.563223109
10.573045027, 10.573223871
10.583045041, 10.583219672
10.593045029, 10.593222272
10.603045037, 10.603221168
10.613045033, 10.613222755
10.623045035, 10.623216643
10.633045032, 10.633220111
10.643045030, 10.643226594
10.653045040, 10.653221822
10.663045032, 10.663224855
10.673045027, 10.673223135
10.683045027, 10.683219293
10.693045041, 10.693221933
10.703045065, 10.703219337
10.713045030, 10.713222200
10.723045043, 10.723220975
10.733045030, 10.733220928
10.743045033, 10.743223958
10.753045037, 10.753222236
10.763045035, 10.763222339
10.773045040, 10.773223839
10.783045043, 10.783214380
10.793045045, 10.793223673
10.803045038, 10.803223280
10.813045032, 10.813223103
10.823045070, 10.823223394
10.833045037, 10.833221207
10.843045035, 10.843221017
10.853045038, 10.853223515
10.863045037, 10.863223268
10.873045029, 10.873220261
10.883045040, 10.883226073
10.893045037, 10.893216694
10.903045035, 10.903127580
10.913045038, 10.913218210
10.923045038, 10.923219828
10.933045038, 10.933225690
10.943045032, 10.943224636
10.953045030, 10.953224186
10.963045030, 10.963226751
10.973045035, 10.973223030
10.983045037, 10.983219963
10.993045026, 10.993217040
11.003045026, 11.003216058
11.013045035, 11.013220706
11.023045035, 11.023223802
11.033045038, 11.033225212
11.043045030, 11.043228542
11.053045038, 11.053224390
11.063045033, 11.063217736
11.073045029, 11.073216049
11.083045033, 11.083215529
11.093045035, 11.093216980
11.103045035, 11.103213853
11.113045027, 11.113215083
11.123045033, 11.123218013
11.133045038, 11.133221084
11.143045035, 11.143215981
11.153045033, 11.153217819
11.163045033, 11.163216692
11.173045037, 11.173218788
11.183045032, 11.183217831
11.193045030, 11.193213829
11.203045029, 11.203218241
11.213045040, 11.213216159
11.223045032, 11.223218667
11.233045035, 11.233216500
11.243045070, 11.243216658
11.253045037, 11.253217333
11.263045032, 11.263112457
11.273045041, 11.273217457
11.283045041, 11.283220392
11.293045035, 11.293214873
11.303045035, 11.303186254
11.313045038, 11.313217656
11.323045035, 11.323215649
11.333045043, 11.333217999
11.343045037, 11.343215799
11.353045043, 11.353215285
11.363045038, 11.363117353
11.373045037, 11.373108892
11.383045037, 11.383216461
11.393045037, 11.393214247
11.403045029, 11.403216512
11.413045033, 11.413212594
11.423045041, 11.423217113
11.433045041, 11.433196374
11.443045040, 11.443219808
11.453045040, 11.453215491
11.463045040, 11.463215334
11.473045027, 11.473216264
11.483045035, 11.483217560
11.493045037, 11.493218630
11.503045035, 11.503214678
11.513045037, 11.513217241
11.523045037, 11.523219774
11.533045035, 11.533215352
11.543045038, 11.543215270
11.553045033, 11.553214430
11.563045037, 11.563218195
11.573045038, 11.573226016
11.583045033, 11.583228249
11.593045030, 11.593222424
11.603045040, 11.603228999
11.613045037, 11.613225237
11.623045037, 11.623224043
11.633045033, 11.633222326
11.643045040, 11.643223206
11.653045041, 11.653229871
11.663045035, 11.663224984
11.673045032, 11.673218162
11.683045035, 11.683220155
11.693045035, 11.693224371
11.703045040, 11.703225548
11.713045030, 11.713216182
11.723045033, 11.723224002
11.733045037, 11.733225122
11.743045033, 11.743223508
11.753045041, 11.753223703
11.763045027, 11.763227981
11.773045033, 11.773226123
11.783045027, 11.783225141
11.793045027, 11.793213825
11.803045037, 11.803223135
11.813045043, 11.813228375
11.823045041, 11.823223591
11.833045032, 11.833223729
11.843045035, 11.843220321
11.853045030, 11.853226724
11.863045040, 11.863218685
11.873045041, 11.873226018
11.883045041, 11.883223468
11.893045033, 11.893226061
11.903045041, 11.903225139
11.913045032, 11.913217357
11.923045043, 11.923226645
11.933045037, 11.933225293
11.943045059, 11.943227165
11.953045041, 11.953224008
11.963045029, 11.963225189
11.973045037, 11.973225249
11.983045030, 11.983113086
11.993045043, 11.993121883
12.003045037, 12.003226953
12.013045035, 12.013217477
12.023045038, 12.023223876
12.033045033, 12.033225501
12.043045037, 12.043223732
12.053045029, 12.053225972
------------------------------
