------------------------------
test was performed using the following parameters: --mps=100 --burst=1 --reply-every=1 --msg-size=12 --time=10
------------------------------
sockperf: [Total Run] RunTime=10.100 sec; SentMessages=1011; ReceivedMessages=1010
sockperf: ========= Printing statistics for Server No: 0
sockperf: [Valid Duration] RunTime=9.980 sec; SentMessages=999; ReceivedMessages=999
sockperf: [2;35m====> avg-lat= 66.631 (std-dev=21.344)[0m
sockperf: # dropped messages = 0; # duplicated messages = 0; # out-of-order messages = 0
sockperf: [2;35mTotal 999 observations[0m; each percentile contains 9.99 observations
sockperf: ---> <MAX> observation =  150.504
sockperf: ---> percentile  99.99 =  150.504
sockperf: ---> percentile  99.90 =  143.809
sockperf: ---> percentile  99.50 =  135.248
sockperf: ---> percentile  99.00 =  123.589
sockperf: ---> percentile  95.00 =  104.247
sockperf: ---> percentile  90.00 =   95.398
sockperf: ---> percentile  75.00 =   76.604
sockperf: ---> percentile  50.00 =   69.202
sockperf: ---> percentile  25.00 =   47.983
sockperf: ---> <MIN> observation =   26.877
------------------------------
txTime, rxTime
2.062761454, 2.062955228
2.072761447, 2.072943983
2.082761457, 2.082899908
2.092761445, 2.092950805
2.102761460, 2.102950744
2.112761472, 2.112949272
2.122761455, 2.122953781
2.132761474, 2.132968816
2.142761468, 2.142941073
2.152761461, 2.152971749
2.162761471, 2.162856265
2.172761474, 2.172893326
2.182761452, 2.182940666
2.192761467, 2.192840891
2.202761454, 2.202942480
2.212761456, 2.212943290
2.222761474, 2.222836991
2.232761532, 2.232933888
2.242761520, 2.242914412
2.252761472, 2.252941345
2.262761467, 2.262923728
2.272761470, 2.272929449
2.282761525, 2.282846117
2.292761450, 2.292934248
2.302761460, 2.302848470
2.312761448, 2.312941939
2.322761457, 2.322888683
2.332761447, 2.332938450
2.342761525, 2.342883965
2.352761453, 2.352955792
2.362761515, 2.362917563
2.372761450, 2.372875180
2.382761462, 2.382890457
2.392761452, 2.392969009
2.402761463, 2.402917023
2.412761456, 2.412952253
2.422761471, 2.422884960
2.432761448, 2.432957967
2.442761460, 2.442902620
2.452761450, 2.452960444
2.462761473, 2.462907763
2.472761449, 2.472915300
2.482761446, 2.482901760
2.492761455, 2.492897805
2.502761453, 2.502915829
2.512761460, 2.512894411
2.522761453, 2.522931075
2.532761452, 2.532879287
2.542761517, 2.542907180
2.552761446, 2.552893282
2.562761456, 2.562893747
2.572761449, 2.572883455
2.582761453, 2.582877991
2.592761455, 2.592893585
2.602761451, 2.602890022
2.612761449, 2.612909627
2.622761456, 2.622895138
2.632761460, 2.632906417
2.642761461, 2.642901533
2.652761453, 2.652899751
2.662761449, 2.662904370
2.672761467, 2.672891573
2.682761457, 2.682901996
2.692761448, 2.692871338
2.702761452, 2.702886488
2.712761713, 2.712912212
2.722761458, 2.722876361
2.732761446, 2.732921491
2.742761521, 2.742875140
2.752761508, 2.752907158
2.762761452, 2.762845784
2.772761521, 2.772833457
2.782761454, 2.782857376
2.792761454, 2.792876813
2.802761460, 2.802837193
2.812761459, 2.812843603
2.822761455, 2.822828689
2.832761457, 2.832834715
2.842761450, 2.842841325
2.852761456, 2.852846421
2.862761460, 2.862852257
2.872761457, 2.872852658
2.882761455, 2.882856958
2.892761451, 2.892854606
2.902761450, 2.902849169
2.912761454, 2.912844140
2.922761454, 2.922875243
2.932761456, 2.932866017
2.942761454, 2.942835060
2.952761506, 2.952827013
2.962761452, 2.962864372
2.972761571, 2.972851860
2.982761454, 2.982843210
2.992761457, 2.992843246
3.002761454, 3.002858960
3.012761457, 3.012837544
3.022761460, 3.022827603
3.032761453, 3.032835733
3.042761525, 3.042846591
3.052761453, 3.052855940
3.062761463, 3.062824000
3.072761521, 3.072850818
3.082761455, 3.082853470
3.092761457, 3.092852233
3.102761450, 3.102856310
3.112761451, 3.112843781
3.122761460, 3.122837604
3.132761461, 3.132845538
3.142761457, 3.142826332
3.152761457, 3.152855604
3.162761457, 3.162851144
3.172761462, 3.172865924
3.182761460, 3.182846150
3.192761521, 3.192850416
3.202761452, 3.202843837
3.212761451, 3.212870204
3.222761460, 3.222860872
3.232761453, 3.232829585
3.242761510, 3.242843477
3.252761454, 3.252858738
3.262761512, 3.262852417
3.272761451, 3.272851516
3.282761506, 3.282842996
3.292761450, 3.292841179
3.302761452, 3.302840984
3.312761510, 3.312849366
3.322761454, 3.322883813
3.332761454, 3.332853926
3.342761460, 3.342830214
3.352761464, 3.352875575
3.362761458, 3.362876547
3.372761506, 3.372839747
3.382761553, 3.382857455
3.392761456, 3.392845669
3.402761521, 3.402866197
3.412761527, 3.412842936
3.422761455, 3.422852957
3.432761522, 3.432867296
3.442761442, 3.442927279
3.452761454, 3.452860442
3.462761461, 3.462872505
3.472761459, 3.472856062
3.482761463, 3.482846963
3.492761521, 3.492877884
3.502761450, 3.502845268
3.512761456, 3.512841138
3.522761452, 3.522861982
3.532761454, 3.532833010
3.542761452, 3.542815207
3.552761459, 3.552933642
3.562761458, 3.562937343
3.572761457, 3.572918551
3.582761457, 3.582946780
3.592761456, 3.592937814
3.602761455, 3.602937924
3.612761461, 3.612916398
3.622761454, 3.622954860
3.632761450, 3.632926897
3.642761450, 3.642936902
3.652761461, 3.652926751
3.662761454, 3.662939872
3.672761515, 3.672943825
3.682761452, 3.682902906
3.692761453, 3.692915816
3.702761454, 3.702953997
3.712761513, 3.712941390
3.722761454, 3.722965379
3.732761459, 3.732944297
3.742761459, 3.742928807
3.752761526, 3.752945099
3.762761506, 3.762898775
3.772761512, 3.772921923
3.782761462, 3.782903065
3.792761450, 3.792882561
3.802761514, 3.802836714
3.812761519, 3.812847680
3.822761460, 3.822867573
3.832761521, 3.832841281
3.842761454, 3.842874909
3.852761447, 3.852912350
3.862761467, 3.862907945
3.872761470, 3.872896678
3.882761448, 3.882893478
3.892761450, 3.892912827
3.902761525, 3.902875602
3.912761455, 3.912902412
3.922761506, 3.922866798
3.932761458, 3.932885330
3.942761541, 3.942852739
3.952761452, 3.952857010
3.962761509, 3.962853109
3.972761519, 3.972882940
3.982761457, 3.982829738
3.992761515, 3.992849718
4.002761517, 4.002924589
4.012761523, 4.012903563
4.022761527, 4.022889185
4.032761461, 4.032883139
4.042761454, 4.042917559
4.052761445, 4.052889754
4.062761730, 4.062915047
4.072761449, 4.072892325
4.082761473, 4.082881589
4.092761455, 4.092885486
4.102761452, 4.102895739
4.112761507, 4.112927144
4.122761519, 4.122933429
4.132761450, 4.132909873
4.142761637, 4.142933716
4.152761455, 4.152900999
4.162761457, 4.162868874
4.172761448, 4.172917600
4.182761454, 4.182920294
4.192761456, 4.192825919
4.202761457, 4.202855062
4.212761461, 4.212888684
4.222761454, 4.222835795
4.232761450, 4.232964719
4.242761452, 4.242968699
4.252761453, 4.252947498
4.262761457, 4.262948490
4.272761458, 4.272932039
4.282761459, 4.282928226
4.292761453, 4.292939445
4.302761455, 4.303004391
4.312761459, 4.312967545
4.322761467, 4.322989637
4.332761478, 4.332968265
4.342761462, 4.343028851
4.352761470, 4.352944696
4.362761474, 4.362962776
4.372761453, 4.373037129
4.382761457, 4.382922563
4.392761524, 4.392982390
4.402761538, 4.403001706
4.412761477, 4.412926757
4.422761457, 4.422965683
4.432761447, 4.432942851
4.442761459, 4.443062469
4.452761472, 4.452988284
4.462761465, 4.462956601
4.472761467, 4.472963917
4.482761462, 4.482967711
4.492761458, 4.492941353
4.502761467, 4.502965710
4.512761466, 4.512937386
4.522761451, 4.522941143
4.532761464, 4.532913662
4.542761460, 4.542941327
4.552761459, 4.552969220
4.562761462, 4.562945119
4.572761458, 4.572947161
4.582761452, 4.582926321
4.592761453, 4.592938942
4.602761748, 4.602933214
4.612761453, 4.612886140
4.622761457, 4.622911514
4.632761461, 4.632863824
4.642761517, 4.642854078
4.652761456, 4.652879585
4.662761520, 4.662848813
4.672761452, 4.672901132
4.682761621, 4.682843332
4.692761453, 4.692870200
4.702761504, 4.702833240
4.712761452, 4.712845883
4.722761528, 4.722901728
4.732761452, 4.732885616
4.742761459, 4.742904407
4.752761516, 4.752889424
4.762761508, 4.762896475
4.772761513, 4.772886919
4.782761517, 4.782900373
4.792761452, 4.792852323
4.802761462, 4.802870589
4.812761453, 4.812980218
4.822761451, 4.822926738
4.832761461, 4.832914845
4.842761443, 4.842905423
4.852761455, 4.852903718
4.862761445, 4.862936664
4.872761831, 4.872941805
4.882761503, 4.882909659
4.892761453, 4.892907043
4.902761460, 4.902902977
4.912761459, 4.912922225
4.922761581, 4.922933745
4.932761515, 4.932893937
4.942761454, 4.942913080
4.952761706, 4.952916149
4.962761511, 4.962919709
4.972761588, 4.972917518
4.982761459, 4.982931179
4.992761457, 4.992916260
5.002761459, 5.002962436
5.012761450, 5.012850126
5.022761459, 5.022836744
5.032761519, 5.032882314
5.042761462, 5.042888525
5.052761461, 5.052911131
5.062761455, 5.062895867
5.072761464, 5.072886418
5.082761457, 5.082898458
5.092761456, 5.092888455
5.102761462, 5.102897523
5.112761452, 5.112911431
5.122761451, 5.122903452
5.132761518, 5.132904590
5.142761459, 5.142916741
5.152761517, 5.152891755
5.162761458, 5.162954356
5.172761532, 5.172892798
5.182761446, 5.182911225
5.192761524, 5.192879103
5.202761455, 5.202897656
5.212761526, 5.212887790
5.222761457, 5.222886329
5.232761453, 5.232904234
5.242761523, 5.242941682
5.252761458, 5.252892776
5.262761515, 5.262941950
5.272761452, 5.272837479
5.282761501, 5.282851569
5.292761455, 5.292827151
5.302761528, 5.302907180
5.312761526, 5.312825378
5.322761514, 5.322888723
5.332761455, 5.332891385
5.342761511, 5.342870282
5.352761589, 5.352825206
5.362761454, 5.362844360
5.372761524, 5.372857229
5.382761457, 5.382876668
5.392761453, 5.392849197
5.402761459, 5.402853911
5.412761461, 5.412848371
5.422761462, 5.422851372
5.432761594, 5.432830857
5.442761457, 5.442839281
5.452761463, 5.452856741
5.462761451, 5.462857855
5.472761450, 5.472829461
5.482761523, 5.482869555
5.492761447, 5.492842367
5.502761512, 5.502837009
5.512761456, 5.512845984
5.522761455, 5.522838684
5.532761530, 5.532827394
5.542761454, 5.542849310
5.552761455, 5.552835207
5.562761455, 5.562934771
5.572761461, 5.572869323
5.582761520, 5.582851497
5.592761548, 5.592838634
5.602761454, 5.602849836
5.612761508, 5.612834044
5.622761525, 5.622843547
5.632761505, 5.632840477
5.642761455, 5.642854730
5.652761516, 5.652853189
5.662761465, 5.662870256
5.672761510, 5.672864195
5.682761452, 5.682844698
5.692761523, 5.692843360
5.702761452, 5.702857419
5.712761521, 5.712853263
5.722761457, 5.722861962
5.732761447, 5.732836042
5.742761452, 5.742854767
5.752761455, 5.752864380
5.762761661, 5.762884180
5.772761527, 5.772870544
5.782761455, 5.782855714
5.792761461, 5.792842529
5.802761460, 5.802865069
5.812761453, 5.812899264
5.822761459, 5.822839109
5.832761458, 5.832867801
5.842761527, 5.842843560
5.852761513, 5.852855840
5.862761522, 5.862864262
5.872761453, 5.872861434
5.882761457, 5.882915085
5.892761459, 5.892932421
5.902761459, 5.902936639
5.912761452, 5.912990526
5.922761457, 5.922928402
5.932761452, 5.932946239
5.942761522, 5.942947096
5.952761458, 5.952903724
5.962761528, 5.962955445
5.972761453, 5.972984183
5.982761456, 5.982937753
5.992761460, 5.992969929
6.002761470, 6.003031967
6.012761477, 6.012982909
6.022761454, 6.022998056
6.032761469, 6.033008648
6.042761457, 6.042990687
6.052761453, 6.052962458
6.062761470, 6.062963726
6.072761470, 6.072970885
6.082761459, 6.082990861
6.092761466, 6.092978137
6.102761462, 6.102958311
6.112761458, 6.112963234
6.122761460, 6.122988434
6.132761463, 6.132948642
6.142761459, 6.143017338
6.152761464, 6.152985247
6.162761454, 6.162969949
6.172761455, 6.172968005
6.182761463, 6.182976014
6.192761472, 6.193008461
6.202761454, 6.202962804
6.212761472, 6.213000246
6.222761459, 6.223004746
6.232761463, 6.232988513
6.242761462, 6.242957948
6.252761469, 6.252961413
6.262761457, 6.262966048
6.272761464, 6.272980727
6.282761459, 6.282936181
6.292761456, 6.292958088
6.302761678, 6.302971536
6.312761470, 6.312956958
6.322761550, 6.322974483
6.332761524, 6.332966384
6.342761462, 6.342975790
6.352761469, 6.352855441
6.362761471, 6.362980177
6.372761467, 6.372997088
6.382761454, 6.382978670
6.392761469, 6.392983607
6.402761473, 6.402996987
6.412761455, 6.412973182
6.422761468, 6.422936392
6.432761469, 6.432948566
6.442761460, 6.442975427
6.452761467, 6.453003000
6.462761455, 6.463049076
6.472761455, 6.472969027
6.482761455, 6.483017861
6.492761523, 6.492969830
6.502761473, 6.502848566
6.512761463, 6.512843948
6.522761463, 6.522993265
6.532761458, 6.532904016
6.542761452, 6.542880327
6.552761507, 6.552877391
6.562761455, 6.562900725
6.572761663, 6.572901285
6.582761462, 6.582933538
6.592761453, 6.592875165
6.602761454, 6.602910167
6.612761452, 6.612933891
6.622761456, 6.622869521
6.632761458, 6.632826065
6.642761457, 6.642904152
6.652761457, 6.652850604
6.662761454, 6.662852122
6.672761457, 6.672896583
6.682761459, 6.682864990
6.692761455, 6.692829248
6.702761463, 6.702860883
6.712761546, 6.712849372
6.722761455, 6.722884991
6.732761453, 6.732856678
6.742761451, 6.742846776
6.752761456, 6.752850902
6.762761460, 6.762855559
6.772761456, 6.772837201
6.782761460, 6.782907199
6.792761455, 6.792968391
6.802761457, 6.802969815
6.812761458, 6.812934718
6.822761523, 6.822892501
6.832761458, 6.832880489
6.842761455, 6.842913258
6.852761459, 6.852883903
6.862761460, 6.862954600
6.872761518, 6.872902360
6.882761460, 6.882916358
6.892761448, 6.892887249
6.902761455, 6.902891359
6.912761458, 6.912888011
6.922761457, 6.922928616
6.932761458, 6.932901146
6.942761455, 6.942912799
6.952761453, 6.952909172
6.962761452, 6.962887549
6.972761456, 6.972906914
6.982761447, 6.982879499
6.992761450, 6.992877493
7.002761455, 7.002907091
7.012761452, 7.012908393
7.022761454, 7.022889240
7.032761452, 7.032867924
7.042761454, 7.042877924
7.052761455, 7.052887267
7.062761457, 7.062862900
7.072761455, 7.072957142
7.082761454, 7.082929685
7.092761456, 7.092936480
7.102761448, 7.102909359
7.112761455, 7.112894657
7.122761462, 7.122900744
7.132761459, 7.132890973
7.142761459, 7.142893731
7.152761463, 7.152895023
7.162761454, 7.162918811
7.172761513, 7.172921970
7.182761515, 7.182892907
7.192761556, 7.192900941
7.202761460, 7.202937382
7.212761456, 7.212910251
7.222761462, 7.222884279
7.232761523, 7.232888512
7.242761449, 7.242835918
7.252761523, 7.252906956
7.262761468, 7.262848824
7.272761524, 7.272877522
7.282761452, 7.282948230
7.292761448, 7.292867316
7.302761461, 7.302845548
7.312761523, 7.312895216
7.322761507, 7.322876272
7.332761457, 7.332824174
7.342761453, 7.342837136
7.352761459, 7.352888236
7.362761529, 7.362882138
7.372761478, 7.372876664
7.382761456, 7.382847724
7.392761451, 7.392851416
7.402761447, 7.402856553
7.412761508, 7.412840692
7.422761526, 7.422876171
7.432761460, 7.432848151
7.442761453, 7.442846226
7.452761531, 7.452838438
7.462761450, 7.462821277
7.472761457, 7.472862764
7.482761461, 7.482890547
7.492761455, 7.492887500
7.502761456, 7.502895154
7.512761457, 7.512856050
7.522761512, 7.522831335
7.532761527, 7.532840549
7.542761453, 7.542861279
7.552761460, 7.552902429
7.562761510, 7.562833149
7.572761448, 7.572887770
7.582761453, 7.582844929
7.592761455, 7.592857514
7.602761521, 7.602838871
7.612761509, 7.612848544
7.622761519, 7.622866492
7.632761460, 7.632852187
7.642761453, 7.642834998
7.652761470, 7.652864973
7.662761448, 7.662855420
7.672761457, 7.672846247
7.682761463, 7.682863712
7.692761449, 7.692837719
7.702761456, 7.702863680
7.712761460, 7.712842016
7.722761526, 7.722873408
7.732761454, 7.732863108
7.742761456, 7.742831864
7.752761520, 7.752866738
7.762761459, 7.762870563
7.772761525, 7.772832108
7.782761458, 7.782860256
7.792761462, 7.792850358
7.802761526, 7.802875333
7.812761459, 7.812848914
7.822761456, 7.822845392
7.832761449, 7.832839824
7.842761553, 7.842860865
7.852761451, 7.852830505
7.862761461, 7.862843666
7.872761460, 7.872845994
7.882761458, 7.882871422
7.892761520, 7.892825781
7.902761448, 7.902874759
7.912761459, 7.912839717
7.922761463, 7.922875749
7.932761457, 7.932864210
7.942761450, 7.942848679
7.952761455, 7.952823481
7.962761456, 7.962835424
7.972761460, 7.972881737
7.982761458, 7.982845894
7.992761530, 7.992882631
8.002761452, 8.002840362
8.012761523, 8.012856976
8.022761453, 8.022830745
8.032761459, 8.032856827
8.042761456, 8.042843426
8.052761457, 8.052846225
8.062761459, 8.062867964
8.072761455, 8.072846784
8.082761456, 8.082870247
8.092761455, 8.092835188
8.102761459, 8.102899562
8.112761530, 8.112835070
8.122761453, 8.122876839
8.132761460, 8.132876308
8.142761524, 8.142826740
8.152761459, 8.152823880
8.162761458, 8.162868210
8.172761455, 8.172827760
8.182761456, 8.182872078
8.192761446, 8.192869935
8.202761452, 8.202841576
8.212761449, 8.212882353
8.222761459, 8.222819127
8.232761454, 8.232862330
8.242761453, 8.242936171
8.252761449, 8.252953468
8.262761455, 8.262909329
8.272761454, 8.272946853
8.282761518, 8.282936181
8.292761459, 8.292933791
8.302761459, 8.302985073
8.312761448, 8.312897387
8.322761460, 8.323011069
8.332761461, 8.332921237
8.342761460, 8.342895610
8.352761527, 8.352911362
8.362761519, 8.362943880
8.372761512, 8.373003970
8.382761457, 8.382939228
8.392761448, 8.392922874
8.402761518, 8.402947567
8.412761459, 8.412917812
8.422761453, 8.422925960
8.432761456, 8.432953712
8.442761462, 8.443045989
8.452761455, 8.452976241
8.462761459, 8.462909541
8.472761447, 8.472884718
8.482761449, 8.482937631
8.492761457, 8.492830925
8.502761453, 8.502846198
8.512761458, 8.512852491
8.522761454, 8.522916905
8.532761542, 8.532916852
8.542761454, 8.542934880
8.552761455, 8.552911815
8.562761519, 8.562930593
8.572761454, 8.572937885
8.582761525, 8.582922452
8.592761453, 8.592946763
8.602761452, 8.602980860
8.612761522, 8.613038922
8.622761457, 8.622919151
8.632761519, 8.632941924
8.642761454, 8.642913381
8.652761457, 8.652921044
8.662761454, 8.662939790
8.672761516, 8.672914336
8.682761514, 8.682935868
8.692761518, 8.692918177
8.702761512, 8.702965193
8.712761516, 8.712959035
8.722761448, 8.722931114
8.732761452, 8.732908589
8.742761449, 8.742914140
8.752761456, 8.752921730
8.762761460, 8.762933514
8.772761458, 8.772930286
8.782761449, 8.782927001
8.792761459, 8.792940670
8.802761454, 8.802932281
8.812761455, 8.812953089
8.822761457, 8.822944211
8.832761461, 8.832910569
8.842761459, 8.842960805
8.852761458, 8.852918418
8.862761457, 8.862928417
8.872761450, 8.872934813
8.882761457, 8.882931405
8.892761450, 8.892938434
8.902761462, 8.902903274
8.912761461, 8.912929716
8.922761463, 8.922936749
8.932761455, 8.932915512
8.942761457, 8.942867399
8.952761458, 8.952848735
8.962761453, 8.962843319
8.972761511, 8.972822455
8.982761448, 8.982832058
8.992761454, 8.992833300
9.002761453, 9.002873263
9.012761462, 9.012889929
9.022761453, 9.022868379
9.032761454, 9.032850911
9.042761521, 9.042826527
9.052761457, 9.052883490
9.062761456, 9.062847482
9.072761457, 9.072851620
9.082761452, 9.082859125
9.092761446, 9.092849992
9.102761452, 9.102866387
9.112761459, 9.112868382
9.122761458, 9.122857777
9.132761520, 9.132854127
9.142761447, 9.142878372
9.152761457, 9.152829459
9.162761458, 9.162888745
9.172761454, 9.172835957
9.182761560, 9.182863050
9.192761462, 9.192829432
9.202761452, 9.202856405
9.212761459, 9.212845644
9.222761459, 9.222826369
9.232761455, 9.232845353
9.242761459, 9.242855451
9.252761452, 9.252889215
9.262761445, 9.262843507
9.272761457, 9.272835733
9.282761523, 9.282853042
9.292761462, 9.292851996
9.302761453, 9.302854709
9.312761463, 9.312863583
9.322761455, 9.322854441
9.332761457, 9.332868716
9.342761453, 9.342859659
9.352761457, 9.352835163
9.362761453, 9.362862245
9.372761460, 9.372869806
9.382761445, 9.382874720
9.392761451, 9.392840427
9.402761459, 9.402827877
9.412761459, 9.412840939
9.422761461, 9.422856725
9.432761451, 9.432832949
9.442761447, 9.442856563
9.452761468, 9.452843418
9.462761455, 9.462871485
9.472761566, 9.472838536
9.482761508, 9.482831842
9.492761459, 9.492844311
9.502761458, 9.502849690
9.512761454, 9.512859723
9.522761450, 9.522878353
9.532761512, 9.532874228
9.542761455, 9.542866514
9.552761455, 9.552865618
9.562761461, 9.562895754
9.572761455, 9.572860800
9.582761462, 9.582858854
9.592761448, 9.592907541
9.602761457, 9.602859619
9.612761456, 9.612835142
9.622761460, 9.622876432
9.632761452, 9.632867980
9.642761454, 9.642849196
9.652761459, 9.652868284
9.662761457, 9.662854239
9.672761461, 9.672856128
9.682761444, 9.682857975
9.692761467, 9.692881692
9.702761455, 9.702832468
9.712761458, 9.712847942
9.722761460, 9.722837590
9.732761452, 9.732863361
9.742761515, 9.742865814
9.752761450, 9.752864583
9.762761523, 9.762828818
9.772761458, 9.772882258
9.782761459, 9.782842481
9.792761459, 9.792833073
9.802761452, 9.802830119
9.812761448, 9.812841604
9.822761459, 9.822828128
9.832761456, 9.832842837
9.842761462, 9.842869485
9.852761453, 9.852835859
9.862761455, 9.862872131
9.872761459, 9.872850773
9.882761451, 9.882858035
9.892761450, 9.892840902
9.902761462, 9.902874552
9.912761455, 9.912938782
9.922761451, 9.922916669
9.932761448, 9.932935373
9.942761482, 9.942892438
9.952761464, 9.952890833
9.962761455, 9.962888342
9.972761450, 9.972901820
9.982761448, 9.982906366
9.992761455, 9.992909304
10.002761452, 10.002907879
10.012761447, 10.012910056
10.022761462, 10.022906574
10.032761456, 10.032912342
10.042761452, 10.042914809
10.052761459, 10.052903262
10.062761457, 10.062905100
10.072761458, 10.072902655
10.082761449, 10.082905353
10.092761447, 10.092904988
10.102761454, 10.102904455
10.112761447, 10.112901968
10.122761459, 10.122912413
10.132761448, 10.132903496
10.142761459, 10.142901299
10.152761458, 10.152903431
10.162761455, 10.162901994
10.172761450, 10.172901742
10.182761459, 10.182903184
10.192761458, 10.192903597
10.202761460, 10.202908292
10.212761461, 10.212908879
10.222761454, 10.222904955
10.232761455, 10.232900472
10.242761459, 10.242904295
10.252761447, 10.252906235
10.262761451, 10.262903060
10.272761459, 10.272899990
10.282761454, 10.282907885
10.292761458, 10.292900491
10.302761462, 10.302906106
10.312761464, 10.312905383
10.322761460, 10.322903508
10.332761461, 10.332901564
10.342761459, 10.342901119
10.352761447, 10.352901581
10.362761462, 10.362907616
10.372761461, 10.372900794
10.382761463, 10.382905399
10.392761456, 10.392902669
10.402761452, 10.402903075
10.412761453, 10.412899435
10.422761454, 10.422903442
10.432761469, 10.432904827
10.442761465, 10.442910845
10.452761453, 10.452901483
10.462761455, 10.462903523
10.472761455, 10.472902560
10.482761462, 10.482907293
10.492761461, 10.492900531
10.502761457, 10.502902991
10.512761455, 10.512905623
10.522761446, 10.522908546
10.532761445, 10.532905131
10.542761449, 10.542901881
10.552761455, 10.552902159
10.562761459, 10.562903127
10.572761455, 10.572902372
10.582761449, 10.582902054
10.592761459, 10.592904832
10.602761452, 10.602910609
10.612761448, 10.612901270
10.622761463, 10.622904642
10.632761461, 10.632901680
10.642761460, 10.642904762
10.652761455, 10.652899628
10.662761455, 10.662902548
10.672761458, 10.672901523
10.682761455, 10.682909785
10.692761456, 10.692901931
10.702761454, 10.702901236
10.712761453, 10.712901774
10.722761459, 10.722905541
10.732761455, 10.732904596
10.742761462, 10.742905279
10.752761458, 10.752902636
10.762761444, 10.762910369
10.772761464, 10.772903117
10.782761452, 10.782903315
10.792761464, 10.792901500
10.802761467, 10.802919859
10.812761455, 10.812877323
10.822761459, 10.822897965
10.832761453, 10.832899278
10.842761460, 10.842908693
10.852761466, 10.852899991
10.862761460, 10.862900678
10.872761456, 10.872904606
10.882761448, 10.882905403
10.892761450, 10.892900211
10.902761462, 10.902898486
10.912761455, 10.912903579
10.922761460, 10.922905054
10.932761453, 10.932900357
10.942761468, 10.942901559
10.952761450, 10.952903207
10.962761459, 10.962914669
10.972761445, 10.972900505
10.982761457, 10.982902805
10.992761455, 10.992902317
11.002761454, 11.002910612
11.012761452, 11.012900330
11.022761452, 11.022902103
11.032761458, 11.032898540
11.042761459, 11.042903150
11.052761450, 11.052900516
11.062761452, 11.062898951
11.072761461, 11.072898286
11.082761452, 11.082907973
11.092761453, 11.092906021
11.102761454, 11.102900591
11.112761459, 11.112900759
11.122761457, 11.122901394
11.132761459, 11.132899864
11.142761455, 11.142904574
11.152761458, 11.152898120
11.162761465, 11.162905490
11.172761459, 11.172903432
11.182761455, 11.182902287
11.192761450, 11.192896270
11.202761460, 11.202900838
11.212761455, 11.212900550
11.222761455, 11.222901563
11.232761459, 11.232902448
11.242761455, 11.242905463
11.252761456, 11.252899798
11.262761457, 11.262900591
11.272761458, 11.272899561
11.282761460, 11.282898314
11.292761453, 11.292902829
11.302761459, 11.302901656
11.312761453, 11.312897579
11.322761454, 11.322907214
11.332761461, 11.332901812
11.342761459, 11.342903377
11.352761456, 11.352900495
11.362761444, 11.362902062
11.372761453, 11.372905810
11.382761459, 11.382903047
11.392761461, 11.392901110
11.402761463, 11.402905568
11.412761452, 11.412902915
11.422761455, 11.422901358
11.432761455, 11.432901393
11.442761465, 11.442899188
11.452761461, 11.452901711
11.462761462, 11.462902301
11.472761459, 11.472903721
11.482761455, 11.482909111
11.492761469, 11.492901284
11.502761459, 11.502899597
11.512761448, 11.512901382
11.522761455, 11.522901654
11.532761456, 11.532898969
11.542761459, 11.542900132
11.552761459, 11.552902107
11.562761454, 11.562908369
11.572761458, 11.572899850
11.582761455, 11.582901048
11.592761455, 11.592899200
11.602761457, 11.602901123
11.612761475, 11.612903053
11.622761455, 11.622899321
11.632761459, 11.632902131
11.642761459, 11.642907463
11.652761453, 11.652902608
11.662761452, 11.662898281
11.672761455, 11.672897101
11.682761468, 11.682901826
11.692761461, 11.692896934
11.702761465, 11.702901577
11.712761455, 11.712901479
11.722761454, 11.722908994
11.732761453, 11.732903309
11.742761455, 11.742903950
11.752761455, 11.752900422
11.762761462, 11.762898535
11.772761461, 11.772903152
11.782761452, 11.782900670
11.792761450, 11.792904085
11.802761459, 11.802904930
11.812761456, 11.812904178
11.822761454, 11.822900896
11.832761458, 11.832899999
11.842761451, 11.842901069
11.852761458, 11.852899311
11.862761460, 11.862902679
11.872761453, 11.872901059
11.882761451, 11.882907554
11.892761452, 11.892901334
11.902761449, 11.902901022
11.912761453, 11.912899039
11.922761463, 11.922901967
11.932761456, 11.932899820
11.942761457, 11.942900172
11.952761459, 11.952901030
11.962761454, 11.962909010
11.972761448, 11.972902385
11.982761462, 11.982900678
11.992761459, 11.992902860
12.002761459, 12.002900930
12.012761453, 12.012900888
12.022761443, 12.022901221
12.032761450, 12.032897509
12.042761452, 12.042905791
------------------------------
