------------------------------
test was performed using the following parameters: --mps=100 --burst=1 --reply-every=1 --msg-size=12 --time=10
------------------------------
sockperf: [Total Run] RunTime=10.100 sec; SentMessages=1011; ReceivedMessages=1010
sockperf: ========= Printing statistics for Server No: 0
sockperf: [Valid Duration] RunTime=9.980 sec; SentMessages=999; ReceivedMessages=999
sockperf: [2;35m====> avg-lat= 78.564 (std-dev=20.598)[0m
sockperf: # dropped messages = 0; # duplicated messages = 0; # out-of-order messages = 0
sockperf: [2;35mTotal 999 observations[0m; each percentile contains 9.99 observations
sockperf: ---> <MAX> observation =  129.922
sockperf: ---> percentile  99.99 =  129.922
sockperf: ---> percentile  99.90 =  123.485
sockperf: ---> percentile  99.50 =  119.367
sockperf: ---> percentile  99.00 =  117.767
sockperf: ---> percentile  95.00 =  105.483
sockperf: ---> percentile  90.00 =   98.205
sockperf: ---> percentile  75.00 =   91.301
sockperf: ---> percentile  50.00 =   86.247
sockperf: ---> percentile  25.00 =   57.589
sockperf: ---> <MIN> observation =   32.867
------------------------------
txTime, rxTime
2.063540961, 2.063698233
2.073540952, 2.073683811
2.083540957, 2.083634879
2.093540939, 2.093645313
2.103540946, 2.103632629
2.113540946, 2.113646115
2.123540946, 2.123638442
2.133540942, 2.133630924
2.143540938, 2.143642802
2.153540953, 2.153638653
2.163540940, 2.163658498
2.173540942, 2.173698619
2.183540940, 2.183668873
2.193540939, 2.193772140
2.203540937, 2.203711483
2.213540939, 2.213642796
2.223540940, 2.223683645
2.233540960, 2.233736860
2.243540944, 2.243671128
2.253540966, 2.253650351
2.263540940, 2.263692751
2.273540946, 2.273637363
2.283540943, 2.283648809
2.293540939, 2.293645825
2.303540938, 2.303619901
2.313540941, 2.313642114
2.323540945, 2.323634072
2.333540941, 2.333614019
2.343540938, 2.343619840
2.353540941, 2.353625193
2.363540942, 2.363626523
2.373540942, 2.373655180
2.383540946, 2.383619015
2.393540977, 2.393655761
2.403540946, 2.403630317
2.413540953, 2.413636010
2.423540948, 2.423637694
2.433540946, 2.433615145
2.443540948, 2.443644960
2.453540944, 2.453623720
2.463540948, 2.463618515
2.473540941, 2.473610094
2.483540943, 2.483634325
2.493540946, 2.493620327
2.503540945, 2.503620425
2.513540950, 2.513634013
2.523540943, 2.523635422
2.533540947, 2.533647334
2.543540945, 2.543648697
2.553540936, 2.553629383
2.563540942, 2.563615629
2.573540941, 2.573634131
2.583540945, 2.583631310
2.593540942, 2.593623718
2.603540943, 2.603631855
2.613540944, 2.613635768
2.623540948, 2.623632278
2.633540949, 2.633619180
2.643540940, 2.643637890
2.653540952, 2.653626096
2.663540938, 2.663619510
2.673540944, 2.673642405
2.683540943, 2.683625939
2.693540947, 2.693643147
2.703540943, 2.703626181
2.713540947, 2.713631782
2.723540940, 2.723648012
2.733540946, 2.733622281
2.743540943, 2.743630609
2.753540944, 2.753636717
2.763540938, 2.763610624
2.773540946, 2.773638961
2.783540940, 2.783615502
2.793540942, 2.793635622
2.803540946, 2.803639306
2.813540947, 2.813660240
2.823540943, 2.823634254
2.833540939, 2.833616427
2.843540949, 2.843631797
2.853540946, 2.853633241
2.863540942, 2.863632970
2.873540974, 2.873611512
2.883540942, 2.883637028
2.893540947, 2.893618399
2.903540943, 2.903633532
2.913540939, 2.913623444
2.923540943, 2.923627873
2.933540942, 2.933651796
2.943540945, 2.943637836
2.953540944, 2.953624277
2.963540946, 2.963627049
2.973540942, 2.973640838
2.983540938, 2.983652203
2.993540946, 2.993640287
3.003540940, 3.003636129
3.013540942, 3.013651371
3.023540943, 3.023612832
3.033540941, 3.033628164
3.043540938, 3.043643100
3.053540942, 3.053629019
3.063540948, 3.063634996
3.073540949, 3.073631802
3.083540945, 3.083611307
3.093540944, 3.093628605
3.103540945, 3.103628262
3.113540941, 3.113632432
3.123540943, 3.123634527
3.133540942, 3.133625356
3.143540948, 3.143617490
3.153540946, 3.153644577
3.163540937, 3.163639115
3.173540941, 3.173644015
3.183540940, 3.183619205
3.193540944, 3.193666639
3.203540940, 3.203639368
3.213540942, 3.213622345
3.223540940, 3.223632041
3.233540941, 3.233638048
3.243540946, 3.243628301
3.253540941, 3.253632082
3.263540945, 3.263631113
3.273540934, 3.273634469
3.283540946, 3.283629823
3.293540938, 3.293644732
3.303540938, 3.303637228
3.313540942, 3.313630986
3.323540943, 3.323620861
3.333540949, 3.333647006
3.343540946, 3.343639696
3.353540936, 3.353634166
3.363540943, 3.363627081
3.373540938, 3.373626586
3.383540945, 3.383631224
3.393540936, 3.393634897
3.403540942, 3.403627066
3.413540942, 3.413617210
3.423540940, 3.423619803
3.433540939, 3.433643597
3.443540943, 3.443619592
3.453540942, 3.453645406
3.463540945, 3.463617343
3.473540946, 3.473640647
3.483540942, 3.483635236
3.493540942, 3.493646953
3.503540945, 3.503629638
3.513540938, 3.513640475
3.523540946, 3.523625952
3.533540939, 3.533646906
3.543540943, 3.543632190
3.553540947, 3.553659342
3.563540940, 3.563646299
3.573540942, 3.573630940
3.583540937, 3.583632896
3.593540946, 3.593644572
3.603540943, 3.603646105
3.613540941, 3.613647528
3.623540937, 3.623630687
3.633540942, 3.633636436
3.643540943, 3.643628588
3.653540950, 3.653633261
3.663540935, 3.663649231
3.673540946, 3.673626388
3.683540948, 3.683629632
3.693540942, 3.693637551
3.703540940, 3.703667695
3.713540936, 3.713663620
3.723540938, 3.723651541
3.733540942, 3.733637580
3.743540943, 3.743650892
3.753540938, 3.753667085
3.763540940, 3.763627177
3.773540942, 3.773671592
3.783540942, 3.783656121
3.793540939, 3.793652249
3.803540940, 3.803636625
3.813540938, 3.813690353
3.823540939, 3.823639753
3.833540936, 3.833610307
3.843540939, 3.843637205
3.853540944, 3.853623591
3.863540947, 3.863637075
3.873540940, 3.873643479
3.883540945, 3.883644968
3.893540940, 3.893626084
3.903540945, 3.903638841
3.913540941, 3.913662326
3.923540947, 3.923633166
3.933540941, 3.933649452
3.943540945, 3.943638822
3.953540943, 3.953664155
3.963540947, 3.963641357
3.973540946, 3.973648091
3.983540942, 3.983620105
3.993540947, 3.993633964
4.003540940, 4.003637899
4.013540941, 4.013629802
4.023540940, 4.023626871
4.033540944, 4.033661251
4.043540946, 4.043629719
4.053540942, 4.053608422
4.063540940, 4.063657457
4.073540947, 4.073618862
4.083540942, 4.083626152
4.093540946, 4.093606680
4.103540945, 4.103639352
4.113540942, 4.113627021
4.123540942, 4.123622759
4.133541032, 4.133641430
4.143540940, 4.143643241
4.153540946, 4.153635191
4.163540943, 4.163644900
4.173540938, 4.173639743
4.183540938, 4.183619867
4.193540944, 4.193642632
4.203540942, 4.203617748
4.213540947, 4.213636165
4.223540937, 4.223628519
4.233540934, 4.233614321
4.243540945, 4.243645385
4.253540941, 4.253647427
4.263540942, 4.263639958
4.273540938, 4.273627864
4.283540940, 4.283638149
4.293540942, 4.293645796
4.303540943, 4.303631318
4.313540946, 4.313656299
4.323540938, 4.323619958
4.333540942, 4.333666001
4.343540942, 4.343628945
4.353540939, 4.353635691
4.363540943, 4.363632651
4.373540946, 4.373634460
4.383540942, 4.383643790
4.393540942, 4.393636130
4.403540943, 4.403626811
4.413540938, 4.413640595
4.423540937, 4.423634108
4.433540942, 4.433654089
4.443540945, 4.443655013
4.453540941, 4.453630315
4.463540946, 4.463644194
4.473540941, 4.473664858
4.483540935, 4.483722671
4.493540939, 4.493690731
4.503540943, 4.503710575
4.513540944, 4.513717859
4.523540946, 4.523712927
4.533540940, 4.533719276
4.543540941, 4.543727556
4.553540946, 4.553691326
4.563540948, 4.563787904
4.573540960, 4.573756014
4.583540965, 4.583769778
4.593540944, 4.593779046
4.603540962, 4.603779696
4.613540946, 4.613752076
4.623540943, 4.623762420
4.633540958, 4.633778692
4.643540964, 4.643745393
4.653540961, 4.653787933
4.663540964, 4.663753630
4.673540952, 4.673697546
4.683540949, 4.683633371
4.693540942, 4.693638617
4.703540942, 4.703640092
4.713540938, 4.713619882
4.723540939, 4.723708918
4.733540942, 4.733711369
4.743540946, 4.743705178
4.753540939, 4.753726666
4.763540943, 4.763740070
4.773540939, 4.773629851
4.783540948, 4.783612345
4.793540944, 4.793731758
4.803540943, 4.803780274
4.813540940, 4.813709430
4.823540944, 4.823732290
4.833540942, 4.833676435
4.843540942, 4.843728040
4.853540949, 4.853726257
4.863540948, 4.863733688
4.873540939, 4.873666927
4.883540945, 4.883722713
4.893540937, 4.893714094
4.903540942, 4.903708734
4.913540939, 4.913644738
4.923540940, 4.923702230
4.933540947, 4.933707018
4.943540945, 4.943700427
4.953540949, 4.953710911
4.963540944, 4.963692613
4.973540942, 4.973730636
4.983540940, 4.983692926
4.993540947, 4.993695205
5.003540938, 5.003734834
5.013540942, 5.013719693
5.023540945, 5.023704532
5.033541035, 5.033761603
5.043540965, 5.043741146
5.053544819, 5.053717278
5.063541027, 5.063731364
5.073540955, 5.073739258
5.083540976, 5.083721845
5.093544765, 5.093748348
5.103542609, 5.103728776
5.113540966, 5.113735526
5.123540967, 5.123710507
5.133540946, 5.133734506
5.143544832, 5.143737730
5.153540976, 5.153716579
5.163540972, 5.163724788
5.173540955, 5.173710757
5.183540972, 5.183737437
5.193546977, 5.193740235
5.203540954, 5.203696717
5.213540950, 5.213722807
5.223541227, 5.223723909
5.233540961, 5.233704851
5.243541032, 5.243730469
5.253540955, 5.253690926
5.263540964, 5.263705679
5.273540966, 5.273723371
5.283546795, 5.283732267
5.293540953, 5.293736438
5.303540970, 5.303718468
5.313541236, 5.313744067
5.323540965, 5.323711096
5.333540952, 5.333728640
5.343540948, 5.343730381
5.353540969, 5.353708048
5.363541021, 5.363721477
5.373540955, 5.373744805
5.383540956, 5.383713919
5.393540955, 5.393713953
5.403540951, 5.403741193
5.413540949, 5.413722225
5.423540951, 5.423742384
5.433544197, 5.433713882
5.443540957, 5.443723912
5.453542019, 5.453742717
5.463540970, 5.463711451
5.473541972, 5.473736356
5.483540970, 5.483716919
5.493541100, 5.493712281
5.503540964, 5.503747362
5.513540964, 5.513714340
5.523540965, 5.523711663
5.533549109, 5.533739167
5.543540951, 5.543723228
5.553540947, 5.553739340
5.563541043, 5.563721859
5.573540950, 5.573717695
5.583540954, 5.583720026
5.593543061, 5.593744102
5.603540949, 5.603743869
5.613540953, 5.613722405
5.623548383, 5.623745530
5.633542245, 5.633688510
5.643540949, 5.643735463
5.653540955, 5.653717239
5.663540954, 5.663725844
5.673540950, 5.673720062
5.683540953, 5.683730846
5.693540952, 5.693723662
5.703540954, 5.703727586
5.713548801, 5.713762478
5.723540967, 5.723758274
5.733540949, 5.733723842
5.743542399, 5.743737489
5.753540957, 5.753707307
5.763540965, 5.763755803
5.773540972, 5.773744443
5.783540965, 5.783737026
5.793540950, 5.793695533
5.803540975, 5.803698323
5.813540960, 5.813727192
5.823540951, 5.823728229
5.833540957, 5.833716522
5.843540953, 5.843738046
5.853540952, 5.853700197
5.863540951, 5.863734047
5.873540949, 5.873719744
5.883544275, 5.883744056
5.893540969, 5.893740177
5.903540968, 5.903753809
5.913546467, 5.913740543
5.923545484, 5.923724727
5.933540964, 5.933723875
5.943545400, 5.943727371
5.953540964, 5.953719588
5.963545574, 5.963710261
5.973540955, 5.973714374
5.983540953, 5.983725818
5.993540952, 5.993708406
6.003540968, 6.003715893
6.013540952, 6.013732324
6.023540948, 6.023706353
6.033540950, 6.033720763
6.043541229, 6.043745298
6.053540955, 6.053705687
6.063541355, 6.063734053
6.073546904, 6.073653599
6.083542374, 6.083728792
6.093540947, 6.093715011
6.103540962, 6.103704512
6.113542021, 6.113777712
6.123549002, 6.123734183
6.133540953, 6.133719950
6.143541035, 6.143707846
6.153548630, 6.153708681
6.163540953, 6.163686980
6.173541034, 6.173731839
6.183540965, 6.183721962
6.193544978, 6.193749530
6.203540953, 6.203730355
6.213540952, 6.213705370
6.223540970, 6.223744190
6.233545635, 6.233721020
6.243548996, 6.243720691
6.253545636, 6.253749259
6.263540961, 6.263703100
6.273540953, 6.273740063
6.283540948, 6.283710670
6.293540969, 6.293692712
6.303542355, 6.303733592
6.313540963, 6.313730050
6.323540949, 6.323722805
6.333540955, 6.333727176
6.343540953, 6.343739009
6.353540950, 6.353691324
6.363540961, 6.363738501
6.373540955, 6.373700982
6.383540957, 6.383721420
6.393540953, 6.393717321
6.403540970, 6.403727727
6.413540955, 6.413737202
6.423541104, 6.423728574
6.433542761, 6.433711948
6.443540970, 6.443714304
6.453540949, 6.453726317
6.463540951, 6.463722603
6.473540947, 6.473733778
6.483540946, 6.483700645
6.493542401, 6.493721105
6.503541545, 6.503709899
6.513540952, 6.513728510
6.523541088, 6.523717961
6.533540950, 6.533710089
6.543541054, 6.543736799
6.553541032, 6.553735184
6.563540951, 6.563706686
6.573540950, 6.573721844
6.583540949, 6.583709923
6.593540971, 6.593695595
6.603540973, 6.603711079
6.613540968, 6.613737352
6.623540964, 6.623713529
6.633540971, 6.633707328
6.643540968, 6.643730919
6.653546188, 6.653736869
6.663540970, 6.663751091
6.673540953, 6.673713086
6.683540945, 6.683716840
6.693540953, 6.693715945
6.703545618, 6.703731462
6.713540968, 6.713727213
6.723541109, 6.723743688
6.733540960, 6.733730219
6.743540949, 6.743734609
6.753549386, 6.753742845
6.763541014, 6.763724101
6.773546933, 6.773677286
6.783540954, 6.783625235
6.793541012, 6.793744150
6.803541343, 6.803726569
6.813540952, 6.813725468
6.823544003, 6.823651481
6.833540958, 6.833703992
6.843544163, 6.843751121
6.853540950, 6.853728264
6.863540951, 6.863731622
6.873544659, 6.873761137
6.883541087, 6.883707510
6.893541058, 6.893767347
6.903540961, 6.903716477
6.913540952, 6.913726567
6.923540951, 6.923717963
6.933540953, 6.933719962
6.943544804, 6.943725661
6.953541018, 6.953744538
6.963542509, 6.963714153
6.973540963, 6.973691976
6.983540956, 6.983718384
6.993540963, 6.993697242
7.003540954, 7.003716583
7.013543200, 7.013726710
7.023540962, 7.023644693
7.033540947, 7.033638683
7.043540967, 7.043646168
7.053542858, 7.053655176
7.063543894, 7.063649365
7.073540950, 7.073632560
7.083540967, 7.083683370
7.093544964, 7.093741017
7.103540968, 7.103725985
7.113540952, 7.113723922
7.123541047, 7.123724182
7.133544064, 7.133746284
7.143540956, 7.143743719
7.153540947, 7.153729543
7.163546771, 7.163746656
7.173540963, 7.173737374
7.183540964, 7.183731877
7.193540955, 7.193719511
7.203540972, 7.203727341
7.213540972, 7.213745021
7.223540954, 7.223743588
7.233540952, 7.233637515
7.243544669, 7.243779161
7.253547845, 7.253763467
7.263540970, 7.263708833
7.273540974, 7.273719658
7.283545801, 7.283731884
7.293547099, 7.293734182
7.303540948, 7.303707534
7.313547387, 7.313717834
7.323540953, 7.323719472
7.333540955, 7.333714780
7.343540962, 7.343712872
7.353540952, 7.353711184
7.363540946, 7.363734396
7.373540950, 7.373728324
7.383540970, 7.383736229
7.393540952, 7.393746333
7.403540957, 7.403743326
7.413540963, 7.413709011
7.423540962, 7.423716729
7.433540944, 7.433725391
7.443540967, 7.443735616
7.453540949, 7.453755519
7.463540964, 7.463713556
7.473540938, 7.473695890
7.483540953, 7.483723544
7.493540949, 7.493725100
7.503540943, 7.503726527
7.513540939, 7.513732665
7.523540940, 7.523702252
7.533540936, 7.533746527
7.543540948, 7.543723380
7.553540950, 7.553709230
7.563540943, 7.563724156
7.573540940, 7.573700528
7.583540949, 7.583719309
7.593540940, 7.593732535
7.603540944, 7.603740116
7.613540941, 7.613715908
7.623540938, 7.623744105
7.633540946, 7.633700183
7.643540942, 7.643726273
7.653540943, 7.653710791
7.663540945, 7.663722215
7.673540951, 7.673709922
7.683540950, 7.683733419
7.693540948, 7.693701821
7.703540950, 7.703716076
7.713540944, 7.713718984
7.723540944, 7.723719035
7.733540941, 7.733702149
7.743540948, 7.743728178
7.753540943, 7.753721425
7.763540950, 7.763710994
7.773540946, 7.773741927
7.783540948, 7.783717758
7.793540944, 7.793720499
7.803540947, 7.803728957
7.813540953, 7.813719292
7.823540936, 7.823709633
7.833540938, 7.833704160
7.843540941, 7.843724461
7.853540946, 7.853726792
7.863540944, 7.863695072
7.873540951, 7.873709912
7.883540947, 7.883723942
7.893540964, 7.893724926
7.903540954, 7.903800799
7.913540950, 7.913699600
7.923540943, 7.923724099
7.933540947, 7.933711977
7.943540944, 7.943721823
7.953540945, 7.953718812
7.963540940, 7.963693221
7.973540939, 7.973632031
7.983540944, 7.983699052
7.993540944, 7.993704124
8.003540943, 8.003739442
8.013540939, 8.013721377
8.023540938, 8.023724830
8.033540943, 8.033709469
8.043540940, 8.043712825
8.053540949, 8.053709357
8.063540944, 8.063703289
8.073540943, 8.073646592
8.083540945, 8.083636786
8.093540944, 8.093659847
8.103540942, 8.103637102
8.113540946, 8.113638990
8.123540947, 8.123647716
8.133540944, 8.133708190
8.143540948, 8.143712981
8.153540941, 8.153706744
8.163540942, 8.163723862
8.173540949, 8.173721429
8.183540945, 8.183713239
8.193540944, 8.193711681
8.203540948, 8.203714167
8.213540951, 8.213735611
8.223540953, 8.223695182
8.233540944, 8.233709681
8.243540948, 8.243718743
8.253540946, 8.253729045
8.263540945, 8.263724910
8.273540943, 8.273711928
8.283540951, 8.283723753
8.293540946, 8.293682615
8.303540947, 8.303716608
8.313540951, 8.313701207
8.323540940, 8.323704556
8.333540936, 8.333718153
8.343540950, 8.343683716
8.353540948, 8.353717536
8.363540945, 8.363709816
8.373540940, 8.373686581
8.383540951, 8.383706794
8.393540952, 8.393730050
8.403540945, 8.403715514
8.413540940, 8.413713257
8.423540939, 8.423717966
8.433540941, 8.433701325
8.443540942, 8.443708630
8.453540948, 8.453710705
8.463540944, 8.463703306
8.473540940, 8.473706215
8.483540953, 8.483725472
8.493540941, 8.493693511
8.503540948, 8.503704959
8.513540952, 8.513712210
8.523540947, 8.523713441
8.533540940, 8.533721812
8.543540944, 8.543699494
8.553540954, 8.553722473
8.563540947, 8.563698980
8.573540949, 8.573715324
8.583540947, 8.583719817
8.593540941, 8.593702151
8.603540953, 8.603726464
8.613540946, 8.613738979
8.623540945, 8.623697366
8.633540946, 8.633720906
8.643540944, 8.643710495
8.653540944, 8.653705190
8.663540940, 8.663717758
8.673540950, 8.673691977
8.683540952, 8.683706850
8.693540947, 8.693731661
8.703540948, 8.703719688
8.713540947, 8.713706877
8.723540943, 8.723718947
8.733540950, 8.733717241
8.743540944, 8.743726435
8.753540948, 8.753704195
8.763540949, 8.763752133
8.773540942, 8.773709284
8.783540946, 8.783713499
8.793540948, 8.793718290
8.803540946, 8.803708950
8.813540945, 8.813717203
8.823540951, 8.823724001
8.833540945, 8.833717344
8.843540952, 8.843712775
8.853540944, 8.853712879
8.863540946, 8.863723550
8.873540942, 8.873710162
8.883540948, 8.883719073
8.893540946, 8.893716577
8.903540956, 8.903695688
8.913540943, 8.913732760
8.923540942, 8.923717897
8.933540951, 8.933710595
8.943540948, 8.943692730
8.953540948, 8.953721005
8.963540945, 8.963700177
8.973540948, 8.973719355
8.983540953, 8.983639521
8.993540944, 8.993642612
9.003540947, 9.003643454
9.013540944, 9.013638800
9.023540942, 9.023633554
9.033540941, 9.033635447
9.043540939, 9.043722780
9.053540951, 9.053702083
9.063540947, 9.063713384
9.073540952, 9.073658448
9.083540947, 9.083641350
9.093540948, 9.093690243
9.103540950, 9.103703991
9.113540948, 9.113693170
9.123540944, 9.123721094
9.133540954, 9.133702917
9.143540950, 9.143778982
9.153540948, 9.153721829
9.163540957, 9.163715959
9.173540947, 9.173698004
9.183540944, 9.183700139
9.193540951, 9.193724415
9.203540945, 9.203718491
9.213540934, 9.213715593
9.223540946, 9.223728581
9.233540946, 9.233707105
9.243540940, 9.243715420
9.253540944, 9.253722217
9.263540948, 9.263733546
9.273540948, 9.273716327
9.283540951, 9.283764565
9.293540952, 9.293726888
9.303540948, 9.303757774
9.313540967, 9.313733799
9.323540949, 9.323721791
9.333540940, 9.333724732
9.343540948, 9.343724938
9.353540951, 9.353707049
9.363540945, 9.363760153
9.373540963, 9.373733591
9.383540949, 9.383760083
9.393540951, 9.393716199
9.403540944, 9.403761419
9.413540944, 9.413722493
9.423540943, 9.423749478
9.433540968, 9.433740640
9.443540946, 9.443763529
9.453540952, 9.453724036
9.463540946, 9.463764992
9.473540950, 9.473704483
9.483540949, 9.483756855
9.493540962, 9.493703671
9.503540944, 9.503768828
9.513540942, 9.513716589
9.523540936, 9.523713169
9.533540937, 9.533714851
9.543540948, 9.543723950
9.553540963, 9.553642910
9.563540951, 9.563751918
9.573540944, 9.573711923
9.583540942, 9.583764730
9.593540953, 9.593720722
9.603540946, 9.603754797
9.613540966, 9.613732320
9.623540948, 9.623724915
9.633540947, 9.633722817
9.643540951, 9.643786321
9.653540948, 9.653720287
9.663540943, 9.663763382
9.673540961, 9.673717918
9.683540943, 9.683753857
9.693540966, 9.693715589
9.703540945, 9.703776479
9.713540953, 9.713707925
9.723540943, 9.723766049
9.733540966, 9.733733154
9.743540949, 9.743669190
9.753540948, 9.753731929
9.763540947, 9.763758349
9.773540945, 9.773664555
9.783540940, 9.783688152
9.793540964, 9.793645337
9.803540945, 9.803717560
9.813540941, 9.813732060
9.823540940, 9.823697950
9.833540947, 9.833724836
9.843540946, 9.843745323
9.853540948, 9.853732179
9.863540944, 9.863724412
9.873540948, 9.873703898
9.883540952, 9.883772414
9.893540953, 9.893738612
9.903540953, 9.903727527
9.913540952, 9.913704708
9.923540948, 9.923716979
9.933540949, 9.933714129
9.943540943, 9.943707420
9.953540942, 9.953712475
9.963540952, 9.963704924
9.973540947, 9.973707410
9.983540954, 9.983705588
9.993540953, 9.993703255
10.003540948, 10.003697597
10.013540939, 10.013675743
10.023540946, 10.023709636
10.033540947, 10.033712680
10.043540965, 10.043719574
10.053540946, 10.053718506
10.063540956, 10.063732172
10.073540947, 10.073706637
10.083540954, 10.083700666
10.093540944, 10.093708263
10.103540946, 10.103709247
10.113540946, 10.113708634
10.123540945, 10.123720561
10.133540946, 10.133723276
10.143540943, 10.143720282
10.153540942, 10.153718975
10.163540953, 10.163718504
10.173540941, 10.173717191
10.183540937, 10.183676560
10.193540937, 10.193720385
10.203540935, 10.203721887
10.213540941, 10.213718405
10.223540938, 10.223725848
10.233540933, 10.233722562
10.243540945, 10.243722074
10.253540946, 10.253722691
10.263540940, 10.263723074
10.273540938, 10.273721974
10.283540943, 10.283714862
10.293540947, 10.293717703
10.303540946, 10.303721480
10.313540939, 10.313721765
10.323540942, 10.323717085
10.333540957, 10.333723055
10.343540940, 10.343719425
10.353540941, 10.353719046
10.363540937, 10.363718831
10.373540949, 10.373716560
10.383540945, 10.383710442
10.393540947, 10.393722789
10.403540945, 10.403719333
10.413540938, 10.413720684
10.423540937, 10.423721926
10.433540946, 10.433717778
10.443540945, 10.443718095
10.453540938, 10.453720444
10.463540940, 10.463722655
10.473540941, 10.473716372
10.483540937, 10.483688332
10.493540950, 10.493722615
10.503540953, 10.503718670
10.513540950, 10.513718036
10.523540940, 10.523722177
10.533540944, 10.533722135
10.543540945, 10.543721940
10.553540949, 10.553726065
10.563540948, 10.563716507
10.573540936, 10.573703183
10.583540938, 10.583704952
10.593540944, 10.593724601
10.603540951, 10.603722077
10.613540949, 10.613717759
10.623540951, 10.623658886
10.633540950, 10.633719413
10.643540935, 10.643718154
10.653540936, 10.653723343
10.663540953, 10.663755759
10.673540952, 10.673724524
10.683540942, 10.683761799
10.693540966, 10.693728616
10.703540940, 10.703763785
10.713540971, 10.713721583
10.723540967, 10.723725824
10.733540953, 10.733730803
10.743540937, 10.743720863
10.753540944, 10.753721112
10.763540951, 10.763723340
10.773540947, 10.773715495
10.783540948, 10.783721414
10.793540950, 10.793723878
10.803540945, 10.803724048
10.813540944, 10.813722253
10.823540953, 10.823703233
10.833540942, 10.833723619
10.843540938, 10.843719379
10.853540946, 10.853721924
10.863540948, 10.863726666
10.873540938, 10.873717944
10.883540948, 10.883680211
10.893540941, 10.893768802
10.903540945, 10.903723743
10.913540946, 10.913717333
10.923540945, 10.923716853
10.933540952, 10.933725460
10.943540940, 10.943718484
10.953540936, 10.953715184
10.963540962, 10.963723937
10.973540946, 10.973769647
10.983540951, 10.983727712
10.993540944, 10.993717617
11.003540946, 11.003718068
11.013540946, 11.013712205
11.023540945, 11.023720674
11.033540946, 11.033716512
11.043540945, 11.043717565
11.053540950, 11.053721636
11.063540943, 11.063716286
11.073540963, 11.073719886
11.083540948, 11.083714386
11.093540946, 11.093716924
11.103540943, 11.103646073
11.113540944, 11.113715281
11.123540940, 11.123716672
11.133540947, 11.133722404
11.143540938, 11.143718518
11.153540944, 11.153717412
11.163540935, 11.163715978
11.173540938, 11.173713351
11.183540940, 11.183721234
11.193540934, 11.193714706
11.203540937, 11.203661153
11.213540942, 11.213718816
11.223540937, 11.223717538
11.233540941, 11.233713849
11.243540948, 11.243720756
11.253540949, 11.253716939
11.263540938, 11.263716846
11.273540941, 11.273715623
11.283540938, 11.283713111
11.293540942, 11.293713130
11.303540940, 11.303710471
11.313540939, 11.313712415
11.323540945, 11.323714876
11.333540949, 11.333712213
11.343540953, 11.343712601
11.353540941, 11.353712815
11.363540943, 11.363712364
11.373540936, 11.373714948
11.383540937, 11.383643048
11.393540944, 11.393716175
11.403540946, 11.403711480
11.413540949, 11.413714932
11.423540942, 11.423711824
11.433540942, 11.433704764
11.443540942, 11.443711786
11.453540941, 11.453715820
11.463540953, 11.463713070
11.473540944, 11.473712138
11.483540937, 11.483712035
11.493540944, 11.493714152
11.503540945, 11.503716887
11.513540947, 11.513717139
11.523540937, 11.523711503
11.533540953, 11.533762606
11.543540953, 11.543711896
11.553540936, 11.553708908
11.563540942, 11.563713587
11.573540939, 11.573702416
11.583540942, 11.583713595
11.593540936, 11.593718483
11.603540940, 11.603711255
11.613540934, 11.613709799
11.623540937, 11.623694577
11.633540946, 11.633710568
11.643540942, 11.643710387
11.653540938, 11.653711826
11.663540942, 11.663712901
11.673540938, 11.673713677
11.683540943, 11.683710944
11.693540938, 11.693715392
11.703540937, 11.703711532
11.713540939, 11.713709543
11.723540937, 11.723711020
11.733540938, 11.733710866
11.743540935, 11.743713816
11.753540947, 11.753711919
11.763540945, 11.763718168
11.773540947, 11.773716500
11.783540943, 11.783717679
11.793540942, 11.793718098
11.803540940, 11.803717275
11.813540942, 11.813719264
11.823540942, 11.823720500
11.833540946, 11.833717389
11.843540935, 11.843719438
11.853540936, 11.853720355
11.863540945, 11.863719976
11.873540944, 11.873717213
11.883540943, 11.883716815
11.893540939, 11.893717491
11.903540945, 11.903723900
11.913540944, 11.913718135
11.923540935, 11.923678721
11.933540949, 11.933722665
11.943540943, 11.943717457
11.953540949, 11.953721945
11.963540945, 11.963718670
11.973540944, 11.973669371
11.983540940, 11.983720363
11.993540944, 11.993719755
12.003540951, 12.003715069
12.013540942, 12.013720818
12.023540932, 12.023720444
12.033540938, 12.033717100
12.043540945, 12.043720995
------------------------------
