------------------------------
test was performed using the following parameters: --mps=100 --burst=1 --reply-every=1 --msg-size=12 --time=10
------------------------------
sockperf: [Total Run] RunTime=10.100 sec; SentMessages=1011; ReceivedMessages=1010
sockperf: ========= Printing statistics for Server No: 0
sockperf: [Valid Duration] RunTime=9.990 sec; SentMessages=1000; ReceivedMessages=1000
sockperf: [2;35m====> avg-lat= 61.201 (std-dev=18.179)[0m
sockperf: # dropped messages = 0; # duplicated messages = 0; # out-of-order messages = 0
sockperf: [2;35mTotal 1000 observations[0m; each percentile contains 10.00 observations
sockperf: ---> <MAX> observation =  131.684
sockperf: ---> percentile  99.99 =  131.684
sockperf: ---> percentile  99.90 =  131.650
sockperf: ---> percentile  99.50 =  123.472
sockperf: ---> percentile  99.00 =  103.751
sockperf: ---> percentile  95.00 =   86.891
sockperf: ---> percentile  90.00 =   85.423
sockperf: ---> percentile  75.00 =   79.184
sockperf: ---> percentile  50.00 =   56.082
sockperf: ---> percentile  25.00 =   47.683
sockperf: ---> <MIN> observation =   28.187
------------------------------
txTime, rxTime
2.063412003, 2.063559602
2.073412010, 2.073521608
2.083412006, 2.083552132
2.093412009, 2.093506724
2.103412001, 2.103576287
2.113412009, 2.113534625
2.123411999, 2.123526778
2.133412010, 2.133508472
2.143412010, 2.143515347
2.153411998, 2.153511179
2.163412006, 2.163508482
2.173412003, 2.173506658
2.183413323, 2.183515385
2.193412004, 2.193517325
2.203411994, 2.203516163
2.213412014, 2.213512651
2.223411991, 2.223506767
2.233411991, 2.233507919
2.243411989, 2.243509215
2.253412007, 2.253510407
2.263411994, 2.263513869
2.273412003, 2.273509691
2.283411992, 2.283510132
2.293411993, 2.293512061
2.303412006, 2.303508774
2.313412009, 2.313507559
2.323411997, 2.323506848
2.333411991, 2.333508574
2.343412003, 2.343511427
2.353411985, 2.353506703
2.363412000, 2.363506804
2.373411998, 2.373510507
2.383412572, 2.383510467
2.393411998, 2.393506874
2.403412011, 2.403511517
2.413411988, 2.413508003
2.423411997, 2.423506551
2.433411996, 2.433504671
2.443411999, 2.443509287
2.453411995, 2.453530267
2.463412000, 2.463506660
2.473411999, 2.473508611
2.483411989, 2.483509245
2.493412276, 2.493515030
2.503411999, 2.503514008
2.513411988, 2.513506383
2.523411991, 2.523509278
2.533411995, 2.533510335
2.543411997, 2.543508010
2.553412006, 2.553510958
2.563411999, 2.563508341
2.573412012, 2.573510453
2.583411995, 2.583510435
2.593412017, 2.593526811
2.603411992, 2.603505831
2.613411999, 2.613511626
2.623412011, 2.623512071
2.633411988, 2.633509651
2.643411997, 2.643506639
2.653411990, 2.653565640
2.663411994, 2.663512484
2.673411998, 2.673507717
2.683411994, 2.683510512
2.693412006, 2.693512253
2.703411991, 2.703516454
2.713411988, 2.713509563
2.723411997, 2.723504010
2.733411990, 2.733505631
2.743411999, 2.743501476
2.753411995, 2.753507807
2.763411988, 2.763506633
2.773411988, 2.773506686
2.783412003, 2.783508119
2.793412004, 2.793507125
2.803412013, 2.803507715
2.813411985, 2.813511862
2.823412003, 2.823508313
2.833411988, 2.833508309
2.843412003, 2.843508082
2.853411998, 2.853505341
2.863411992, 2.863511984
2.873412010, 2.873511648
2.883411989, 2.883510942
2.893411988, 2.893503943
2.903412002, 2.903511621
2.913411990, 2.913507025
2.923411994, 2.923534163
2.933412003, 2.933506692
2.943412003, 2.943510468
2.953411993, 2.953511124
2.963412005, 2.963511226
2.973411988, 2.973510425
2.983411999, 2.983513335
2.993411999, 2.993518111
3.003412687, 3.003506093
3.013411996, 3.013505620
3.023411992, 3.023513358
3.033411996, 3.033511802
3.043411997, 3.043505492
3.053411995, 3.053512564
3.063412011, 3.063506665
3.073412009, 3.073509893
3.083412179, 3.083509407
3.093412006, 3.093514817
3.103412005, 3.103510962
3.113411996, 3.113511719
3.123412003, 3.123508043
3.133411995, 3.133518395
3.143412006, 3.143508367
3.153411999, 3.153476092
3.163412003, 3.163486524
3.173412010, 3.173501711
3.183412475, 3.183490986
3.193412001, 3.193502173
3.203411992, 3.203500117
3.213411999, 3.213488633
3.223412002, 3.223491823
3.233411991, 3.233494658
3.243411997, 3.243494395
3.253411995, 3.253508748
3.263411997, 3.263484472
3.273412003, 3.273506238
3.283411991, 3.283490272
3.293411999, 3.293501859
3.303411994, 3.303484675
3.313411996, 3.313491915
3.323412008, 3.323482937
3.333411991, 3.333487512
3.343411995, 3.343495764
3.353412009, 3.353487415
3.363411999, 3.363495442
3.373411996, 3.373493641
3.383411992, 3.383494204
3.393412014, 3.393482972
3.403411994, 3.403488938
3.413411998, 3.413497454
3.423411997, 3.423488078
3.433411996, 3.433488390
3.443411999, 3.443495090
3.453411998, 3.453493460
3.463411997, 3.463487808
3.473411996, 3.473504878
3.483412000, 3.483484390
3.493411999, 3.493481728
3.503411989, 3.503484666
3.513413673, 3.513496210
3.523411995, 3.523495257
3.533411996, 3.533500880
3.543412000, 3.543495173
3.553411993, 3.553497528
3.563411984, 3.563495690
3.573411988, 3.573496911
3.583411995, 3.583496258
3.593412001, 3.593494429
3.603411991, 3.603506322
3.613412001, 3.613489154
3.623412744, 3.623485676
3.633411991, 3.633488117
3.643411997, 3.643492322
3.653412857, 3.653498544
3.663411995, 3.663507604
3.673411987, 3.673497470
3.683412008, 3.683499201
3.693412004, 3.693492788
3.703412006, 3.703484956
3.713411988, 3.713497555
3.723412040, 3.723490623
3.733411995, 3.733510693
3.743411995, 3.743508232
3.753411995, 3.753504076
3.763412006, 3.763491664
3.773411995, 3.773499726
3.783412005, 3.783496605
3.793411998, 3.793491330
3.803411992, 3.803494171
3.813411990, 3.813493401
3.823411991, 3.823495600
3.833411988, 3.833506838
3.843412003, 3.843491185
3.853411990, 3.853500645
3.863412002, 3.863494482
3.873411998, 3.873505694
3.883412041, 3.883490822
3.893411987, 3.893494525
3.903412021, 3.903494169
3.913411991, 3.913483996
3.923411986, 3.923501742
3.933411996, 3.933495076
3.943412002, 3.943497633
3.953411990, 3.953490684
3.963411988, 3.963492743
3.973411991, 3.973503222
3.983411999, 3.983494649
3.993411996, 3.993497339
4.003411994, 4.003493320
4.013411988, 4.013506755
4.023412000, 4.023484604
4.033411995, 4.033501943
4.043412006, 4.043496462
4.053411985, 4.053490436
4.063411999, 4.063506451
4.073411998, 4.073506924
4.083412013, 4.083482114
4.093412009, 4.093496305
4.103411986, 4.103496778
4.113411990, 4.113490317
4.123412006, 4.123487489
4.133411996, 4.133490048
4.143411989, 4.143560939
4.153411985, 4.153511224
4.163411994, 4.163506796
4.173411991, 4.173499106
4.183411999, 4.183506573
4.193411991, 4.193489061
4.203411997, 4.203490055
4.213411987, 4.213481608
4.223411994, 4.223493424
4.233411993, 4.233492383
4.243411997, 4.243514575
4.253411990, 4.253507357
4.263411995, 4.263510951
4.273412001, 4.273501949
4.283411984, 4.283504723
4.293411993, 4.293506343
4.303411997, 4.303506979
4.313411993, 4.313511906
4.323411992, 4.323518600
4.333412004, 4.333502868
4.343411999, 4.343488681
4.353411998, 4.353510100
4.363411994, 4.363503737
4.373412004, 4.373503880
4.383411984, 4.383503371
4.393411998, 4.393510876
4.403411995, 4.403507554
4.413412884, 4.413505933
4.423412005, 4.423509031
4.433411993, 4.433505728
4.443411992, 4.443508352
4.453413172, 4.453508274
4.463411992, 4.463505577
4.473413479, 4.473512536
4.483411991, 4.483505600
4.493411984, 4.493512296
4.503411986, 4.503523090
4.513411990, 4.513506271
4.523411994, 4.523536957
4.533411987, 4.533507869
4.543411994, 4.543507625
4.553412009, 4.553511636
4.563411986, 4.563509955
4.573411990, 4.573510398
4.583411984, 4.583508316
4.593411993, 4.593509717
4.603411997, 4.603507601
4.613411985, 4.613519238
4.623412013, 4.623518337
4.633412006, 4.633511566
4.643412002, 4.643505498
4.653411991, 4.653516871
4.663412003, 4.663508520
4.673411995, 4.673522778
4.683411992, 4.683506426
4.693412001, 4.693510123
4.703412006, 4.703505109
4.713411990, 4.713514260
4.723412008, 4.723508487
4.733411988, 4.733518911
4.743412002, 4.743511946
4.753412031, 4.753552727
4.763411988, 4.763511547
4.773412006, 4.773516474
4.783411999, 4.783509143
4.793412007, 4.793516631
4.803411984, 4.803505463
4.813411990, 4.813510411
4.823412003, 4.823532308
4.833411999, 4.833511186
4.843411991, 4.843487639
4.853411993, 4.853513101
4.863411995, 4.863514616
4.873411999, 4.873519559
4.883411989, 4.883506927
4.893411996, 4.893513632
4.903412011, 4.903510410
4.913411996, 4.913522971
4.923411994, 4.923526571
4.933411990, 4.933507690
4.943412000, 4.943511089
4.953411996, 4.953516677
4.963412002, 4.963536852
4.973411991, 4.973511459
4.983412005, 4.983512388
4.993411987, 4.993569038
5.003411984, 5.003516160
5.013411998, 5.013509888
5.023411995, 5.023509448
5.033412004, 5.033508655
5.043411989, 5.043507669
5.053412012, 5.053510174
5.063412002, 5.063507730
5.073411993, 5.073508637
5.083412011, 5.083510227
5.093411990, 5.093513674
5.103411995, 5.103509281
5.113412009, 5.113511285
5.123412008, 5.123508624
5.133411993, 5.133509331
5.143411997, 5.143509990
5.153411991, 5.153508170
5.163411997, 5.163510389
5.173411993, 5.173507183
5.183411999, 5.183506339
5.193411999, 5.193514803
5.203411999, 5.203512262
5.213411998, 5.213513422
5.223411999, 5.223510538
5.233411998, 5.233513900
5.243412002, 5.243509702
5.253411999, 5.253513690
5.263411995, 5.263510937
5.273411990, 5.273507467
5.283411991, 5.283508466
5.293411995, 5.293517359
5.303411992, 5.303504495
5.313412007, 5.313507919
5.323412003, 5.323510596
5.333411999, 5.333510512
5.343411994, 5.343511941
5.353411990, 5.353509012
5.363411992, 5.363506035
5.373411987, 5.373510390
5.383412798, 5.383512735
5.393411996, 5.393526380
5.403411995, 5.403511267
5.413411998, 5.413508827
5.423411999, 5.423512077
5.433411991, 5.433509656
5.443411994, 5.443553072
5.453411991, 5.453508847
5.463411997, 5.463512672
5.473411988, 5.473528896
5.483411992, 5.483516297
5.493411995, 5.493510561
5.503411992, 5.503505757
5.513411995, 5.513509687
5.523411999, 5.523507083
5.533411990, 5.533509738
5.543412005, 5.543506545
5.553411990, 5.553511007
5.563411995, 5.563506538
5.573411991, 5.573510311
5.583411992, 5.583509912
5.593411998, 5.593509376
5.603412000, 5.603505359
5.613411991, 5.613509964
5.623411995, 5.623506406
5.633412001, 5.633508855
5.643411999, 5.643507285
5.653411996, 5.653505778
5.663411991, 5.663514659
5.673412012, 5.673505072
5.683411997, 5.683511599
5.693411995, 5.693509021
5.703413222, 5.703507805
5.713411991, 5.713507723
5.723412005, 5.723510385
5.733411998, 5.733511191
5.743411991, 5.743509308
5.753411999, 5.753510246
5.763412003, 5.763510612
5.773411985, 5.773511251
5.783412003, 5.783510285
5.793411990, 5.793509886
5.803411997, 5.803503980
5.813411988, 5.813507944
5.823411999, 5.823509325
5.833413335, 5.833515803
5.843411989, 5.843507208
5.853411984, 5.853511950
5.863411992, 5.863517824
5.873411985, 5.873511835
5.883411999, 5.883508716
5.893412004, 5.893509350
5.903411989, 5.903509409
5.913411990, 5.913511348
5.923411995, 5.923510042
5.933411984, 5.933507854
5.943411994, 5.943528630
5.953411999, 5.953511350
5.963411992, 5.963508114
5.973411993, 5.973517419
5.983412006, 5.983508716
5.993411998, 5.993510259
6.003411994, 6.003512459
6.013411988, 6.013508950
6.023411994, 6.023507959
6.033412201, 6.033507297
6.043412000, 6.043508521
6.053411998, 6.053510137
6.063411997, 6.063507992
6.073411984, 6.073508208
6.083411988, 6.083511952
6.093411995, 6.093512817
6.103411999, 6.103542416
6.113411995, 6.113514044
6.123411997, 6.123512424
6.133411990, 6.133506411
6.143412006, 6.143508698
6.153411993, 6.153510117
6.163411994, 6.163513585
6.173411993, 6.173540084
6.183411992, 6.183512447
6.193411990, 6.193507788
6.203411986, 6.203514387
6.213411998, 6.213507366
6.223411999, 6.223512988
6.233411998, 6.233498221
6.243411995, 6.243507988
6.253412006, 6.253506312
6.263411997, 6.263505945
6.273411996, 6.273514773
6.283411999, 6.283507227
6.293415955, 6.293517915
6.303411997, 6.303507372
6.313411991, 6.313544850
6.323411989, 6.323506767
6.333411993, 6.333543234
6.343411994, 6.343574879
6.353411991, 6.353548306
6.363412003, 6.363565794
6.373411988, 6.373546736
6.383411989, 6.383547353
6.393411990, 6.393570548
6.403412002, 6.403505951
6.413411990, 6.413511029
6.423412002, 6.423507391
6.433411993, 6.433507968
6.443412003, 6.443507440
6.453411996, 6.453508213
6.463412000, 6.463509687
6.473411993, 6.473507801
6.483411992, 6.483512361
6.493411996, 6.493505544
6.503412000, 6.503504528
6.513411988, 6.513507240
6.523411999, 6.523505165
6.533412045, 6.533506697
6.543412005, 6.543503445
6.553411998, 6.553507373
6.563411999, 6.563506606
6.573412006, 6.573505767
6.583411994, 6.583485942
6.593411998, 6.593480554
6.603412000, 6.603491787
6.613412001, 6.613491660
6.623412000, 6.623484707
6.633411996, 6.633485046
6.643411986, 6.643483617
6.653411998, 6.653491734
6.663411992, 6.663501800
6.673411990, 6.673485867
6.683411999, 6.683485886
6.693411993, 6.693485805
6.703411994, 6.703491022
6.713411990, 6.713497021
6.723411994, 6.723488143
6.733411991, 6.733483313
6.743411988, 6.743485094
6.753411988, 6.753521382
6.763411991, 6.763484955
6.773412004, 6.773493988
6.783411991, 6.783514183
6.793411995, 6.793488675
6.803412005, 6.803485479
6.813411998, 6.813488135
6.823411991, 6.823484056
6.833411998, 6.833483478
6.843412000, 6.843486665
6.853412621, 6.853501483
6.863412006, 6.863486392
6.873412007, 6.873483879
6.883411999, 6.883488225
6.893411999, 6.893468374
6.903412000, 6.903489759
6.913411990, 6.913486613
6.923411988, 6.923487434
6.933411998, 6.933487488
6.943411992, 6.943489458
6.953411993, 6.953487914
6.963411991, 6.963488935
6.973412017, 6.973485058
6.983411999, 6.983486404
6.993411998, 6.993485712
7.003411994, 7.003487069
7.013411995, 7.013504202
7.023412000, 7.023486692
7.033411990, 7.033484836
7.043412006, 7.043489938
7.053411990, 7.053487862
7.063411989, 7.063487249
7.073414317, 7.073574293
7.083412000, 7.083576482
7.093411990, 7.093565393
7.103411991, 7.103581688
7.113411995, 7.113555270
7.123412003, 7.123617510
7.133411985, 7.133564709
7.143411991, 7.143566296
7.153412001, 7.153567142
7.163412002, 7.163559692
7.173412006, 7.173490546
7.183411999, 7.183494820
7.193411995, 7.193486403
7.203411999, 7.203482422
7.213411996, 7.213526117
7.223411991, 7.223523592
7.233411998, 7.233532154
7.243413767, 7.243531872
7.253411988, 7.253534997
7.263411991, 7.263540453
7.273411988, 7.273525961
7.283411994, 7.283540265
7.293411988, 7.293536012
7.303412000, 7.303536629
7.313411993, 7.313540234
7.323411992, 7.323546080
7.333411991, 7.333536432
7.343413814, 7.343536875
7.353412006, 7.353536036
7.363411994, 7.363532050
7.373411988, 7.373526021
7.383411991, 7.383543350
7.393411993, 7.393534535
7.403412006, 7.403546022
7.413412048, 7.413534942
7.423412005, 7.423523131
7.433411993, 7.433535613
7.443411992, 7.443535112
7.453411999, 7.453528554
7.463412000, 7.463532595
7.473412006, 7.473545011
7.483412002, 7.483528749
7.493411999, 7.493486620
7.503413884, 7.503557331
7.513411996, 7.513487243
7.523411999, 7.523485806
7.533412010, 7.533488854
7.543412006, 7.543484176
7.553411988, 7.553488421
7.563411991, 7.563535710
7.573411991, 7.573542756
7.583411991, 7.583542728
7.593411991, 7.593549498
7.603412008, 7.603533369
7.613411998, 7.613531790
7.623411991, 7.623528656
7.633411995, 7.633528151
7.643412005, 7.643524170
7.653411985, 7.653532613
7.663412005, 7.663545288
7.673412007, 7.673528592
7.683411986, 7.683539894
7.693411998, 7.693532964
7.703411994, 7.703528971
7.713412006, 7.713534337
7.723411994, 7.723535494
7.733411985, 7.733535806
7.743412002, 7.743539102
7.753411996, 7.753549330
7.763411995, 7.763534717
7.773411991, 7.773539001
7.783412040, 7.783526200
7.793411996, 7.793539685
7.803411991, 7.803535912
7.813412015, 7.813533402
7.823412005, 7.823536624
7.833412986, 7.833526525
7.843411995, 7.843538326
7.853412010, 7.853539263
7.863411999, 7.863527505
7.873411984, 7.873526975
7.883412011, 7.883529661
7.893411990, 7.893535716
7.903411989, 7.903534665
7.913412001, 7.913536391
7.923412000, 7.923529848
7.933411998, 7.933535682
7.943411989, 7.943543979
7.953412004, 7.953525407
7.963411999, 7.963538648
7.973411988, 7.973535469
7.983411994, 7.983529638
7.993411990, 7.993539707
8.003411995, 8.003541317
8.013411985, 8.013545097
8.023412010, 8.023539894
8.033411998, 8.033537433
8.043411984, 8.043544533
8.053411988, 8.053535330
8.063412005, 8.063546336
8.073411993, 8.073533999
8.083411989, 8.083564702
8.093411990, 8.093530679
8.103412003, 8.103542834
8.113411995, 8.113540376
8.123411995, 8.123538397
8.133411999, 8.133526590
8.143412000, 8.143529508
8.153412001, 8.153543848
8.163412005, 8.163545836
8.173411993, 8.173535567
8.183412003, 8.183541331
8.193412012, 8.193537672
8.203412011, 8.203532063
8.213412001, 8.213529556
8.223411992, 8.223527733
8.233412004, 8.233538774
8.243412240, 8.243540374
8.253411996, 8.253525309
8.263412016, 8.263534152
8.273411996, 8.273530576
8.283411997, 8.283548954
8.293411998, 8.293524769
8.303411997, 8.303537995
8.313412003, 8.313534042
8.323412006, 8.323531649
8.333411990, 8.333546499
8.343411994, 8.343522880
8.353411991, 8.353525544
8.363411992, 8.363531504
8.373413212, 8.373535995
8.383411994, 8.383574033
8.393411984, 8.393535654
8.403411994, 8.403530245
8.413411993, 8.413523533
8.423411999, 8.423531340
8.433411993, 8.433539983
8.443411992, 8.443546848
8.453411988, 8.453537287
8.463411995, 8.463542412
8.473411987, 8.473540585
8.483411999, 8.483546431
8.493411993, 8.493536772
8.503411995, 8.503527912
8.513411995, 8.513527289
8.523411995, 8.523534172
8.533411988, 8.533530158
8.543411991, 8.543530362
8.553411993, 8.553534779
8.563411994, 8.563536038
8.573411988, 8.573529119
8.583411992, 8.583534049
8.593411995, 8.593534056
8.603412003, 8.603526134
8.613411984, 8.613538398
8.623411986, 8.623535214
8.633411991, 8.633561911
8.643411991, 8.643562872
8.653411998, 8.653509136
8.663411984, 8.663489478
8.673411985, 8.673473900
8.683411989, 8.683470009
8.693412003, 8.693536420
8.703411994, 8.703537115
8.713411988, 8.713535330
8.723411991, 8.723532707
8.733412007, 8.733540702
8.743412005, 8.743540061
8.753412004, 8.753534138
8.763411991, 8.763540840
8.773411987, 8.773537839
8.783412016, 8.783539782
8.793411999, 8.793532270
8.803412003, 8.803531886
8.813411991, 8.813534898
8.823411986, 8.823533365
8.833411982, 8.833493589
8.843411995, 8.843562138
8.853412001, 8.853588711
8.863411994, 8.863557273
8.873412010, 8.873561821
8.883411984, 8.883488282
8.893411991, 8.893481353
8.903412000, 8.903474288
8.913411995, 8.913481422
8.923411997, 8.923474858
8.933411984, 8.933571388
8.943411995, 8.943562692
8.953412010, 8.953564032
8.963411988, 8.963550929
8.973411995, 8.973564242
8.983411989, 8.983570357
8.993411991, 8.993552368
9.003411995, 9.003581413
9.013412001, 9.013576208
9.023411992, 9.023566085
9.033411996, 9.033573025
9.043412003, 9.043571483
9.053411996, 9.053593382
9.063411995, 9.063567230
9.073412004, 9.073571167
9.083411991, 9.083576172
9.093411993, 9.093573652
9.103411989, 9.103569808
9.113411990, 9.113555333
9.123411989, 9.123570758
9.133411985, 9.133559186
9.143412535, 9.143559662
9.153411998, 9.153592122
9.163411989, 9.163569781
9.173411995, 9.173575076
9.183412011, 9.183567050
9.193411993, 9.193555240
9.203412010, 9.203573776
9.213412348, 9.213556019
9.223412002, 9.223579843
9.233412006, 9.233555895
9.243411991, 9.243565535
9.253412849, 9.253564003
9.263411992, 9.263601223
9.273411995, 9.273567881
9.283412002, 9.283612135
9.293411999, 9.293552733
9.303411986, 9.303566972
9.313413373, 9.313568364
9.323411986, 9.323562764
9.333412001, 9.333568197
9.343411991, 9.343587533
9.353411988, 9.353573319
9.363411992, 9.363570443
9.373411987, 9.373569765
9.383411995, 9.383581785
9.393411990, 9.393566204
9.403411992, 9.403570357
9.413411984, 9.413587808
9.423412000, 9.423557671
9.433411985, 9.433575175
9.443411991, 9.443580237
9.453411996, 9.453580637
9.463411999, 9.463567261
9.473412007, 9.473579759
9.483411995, 9.483556474
9.493411993, 9.493608035
9.503411991, 9.503567492
9.513413217, 9.513562249
9.523412005, 9.523565172
9.533412936, 9.533560847
9.543411991, 9.543562540
9.553411991, 9.553566768
9.563412005, 9.563572923
9.573412004, 9.573567330
9.583411989, 9.583565523
9.593412003, 9.593569209
9.603411995, 9.603569663
9.613412047, 9.613560828
9.623412002, 9.623568629
9.633412001, 9.633515000
9.643412005, 9.643549453
9.653412007, 9.653559727
9.663411991, 9.663557016
9.673411998, 9.673555941
9.683412002, 9.683567645
9.693411993, 9.693550974
9.703411995, 9.703515489
9.713412004, 9.713516687
9.723412000, 9.723513116
9.733411991, 9.733564155
9.743411986, 9.743555675
9.753411988, 9.753563863
9.763411992, 9.763582441
9.773411993, 9.773573702
9.783411992, 9.783570362
9.793412003, 9.793568631
9.803411989, 9.803573681
9.813412010, 9.813563970
9.823411991, 9.823564162
9.833412003, 9.833570889
9.843411995, 9.843556989
9.853411995, 9.853574291
9.863412003, 9.863560238
9.873412306, 9.873563597
9.883411989, 9.883570454
9.893412003, 9.893568757
9.903411991, 9.903561089
9.913411987, 9.913565759
9.923413487, 9.923577624
9.933412006, 9.933566649
9.943411992, 9.943551149
9.953412003, 9.953570526
9.963411995, 9.963566592
9.973411995, 9.973566624
9.983411989, 9.983566661
9.993411999, 9.993584524
10.003412005, 10.003572743
10.013412157, 10.013557004
10.023411991, 10.023578050
10.033411980, 10.033573683
10.043411994, 10.043574480
10.053411995, 10.053576255
10.063411986, 10.063574744
10.073411985, 10.073575696
10.083411994, 10.083574715
10.093411980, 10.093572622
10.103411983, 10.103577769
10.113411996, 10.113578898
10.123411988, 10.123578424
10.133411995, 10.133576475
10.143411981, 10.143576795
10.153411995, 10.153575149
10.163411981, 10.163577567
10.173411990, 10.173578178
10.183411991, 10.183575776
10.193411996, 10.193577937
10.203411988, 10.203575983
10.213411993, 10.213576363
10.223411995, 10.223578062
10.233411998, 10.233573952
10.243411995, 10.243576131
10.253411988, 10.253573052
10.263411989, 10.263586660
10.273411993, 10.273584598
10.283412002, 10.283582390
10.293411993, 10.293583381
10.303411995, 10.303582217
10.313412017, 10.313585299
10.323411995, 10.323582120
10.333412004, 10.333586326
10.343411991, 10.343582839
10.353411998, 10.353583000
10.363411983, 10.363582766
10.373411998, 10.373581680
10.383411994, 10.383583178
10.393411993, 10.393583670
10.403411994, 10.403580822
10.413411996, 10.413583684
10.423411988, 10.423583990
10.433411985, 10.433581175
10.443411991, 10.443581097
10.453411987, 10.453581894
10.463411995, 10.463580990
10.473411996, 10.473584333
10.483411986, 10.483581375
10.493411993, 10.493575431
10.503411984, 10.503583004
10.513411985, 10.513582020
10.523412010, 10.523585158
10.533411988, 10.533581344
10.543411992, 10.543582163
10.553411996, 10.553581695
10.563412003, 10.563581588
10.573411985, 10.573574414
10.583412014, 10.583585272
10.593411991, 10.593585408
10.603411986, 10.603581174
10.613411990, 10.613659494
10.623412001, 10.623658945
10.633411995, 10.633675363
10.643412010, 10.643675312
10.653411989, 10.653675095
10.663411990, 10.663675131
10.673411992, 10.673636926
10.683412010, 10.683646129
10.693411993, 10.693635073
10.703412010, 10.703636341
10.713412009, 10.713587365
10.723412015, 10.723581794
10.733411989, 10.733583729
10.743412001, 10.743581920
10.753412001, 10.753585339
10.763411996, 10.763581620
10.773412000, 10.773581232
10.783412004, 10.783581472
10.793411995, 10.793582941
10.803412002, 10.803583044
10.813411992, 10.813582589
10.823411988, 10.823572635
10.833411995, 10.833582434
10.843411982, 10.843582872
10.853412011, 10.853593906
10.863411983, 10.863587746
10.873411986, 10.873585145
10.883411994, 10.883582586
10.893411990, 10.893584670
10.903411991, 10.903583265
10.913411986, 10.913580538
10.923411997, 10.923581097
10.933411990, 10.933580353
10.943412008, 10.943584348
10.953412019, 10.953581986
10.963411986, 10.963574262
10.973412019, 10.973583205
10.983411983, 10.983582961
10.993411987, 10.993582650
11.003411991, 11.003579967
11.013411986, 11.013585331
11.023411986, 11.023582642
11.033411998, 11.033582077
11.043411990, 11.043581817
11.053411989, 11.053581690
11.063411997, 11.063580761
11.073411990, 11.073573199
11.083411985, 11.083573224
11.093411995, 11.093583803
11.103411988, 11.103581097
11.113411992, 11.113582551
11.123412001, 11.123581175
11.133411984, 11.133582641
11.143411985, 11.143582860
11.153411992, 11.153584806
11.163411986, 11.163581784
11.173411992, 11.173582289
11.183412010, 11.183581437
11.193411989, 11.193582845
11.203411986, 11.203581649
11.213411984, 11.213574412
11.223411993, 11.223585484
11.233411990, 11.233584024
11.243411991, 11.243580204
11.253411995, 11.253576884
11.263411991, 11.263582215
11.273411992, 11.273581346
11.283411991, 11.283581290
11.293411989, 11.293582009
11.303411996, 11.303581683
11.313412016, 11.313587439
11.323411986, 11.323583324
11.333411990, 11.333619494
11.343411991, 11.343582847
11.353411989, 11.353591626
11.363412007, 11.363587637
11.373411995, 11.373586178
11.383411988, 11.383583729
11.393411993, 11.393582366
11.403411996, 11.403581833
11.413411989, 11.413581144
11.423411996, 11.423583610
11.433411998, 11.433585781
11.443411988, 11.443581915
11.453411989, 11.453584319
11.463411990, 11.463590643
11.473411982, 11.473583609
11.483412010, 11.483582323
11.493412001, 11.493580857
11.503411985, 11.503582256
11.513411998, 11.513583320
11.523411997, 11.523584491
11.533411992, 11.533581867
11.543412012, 11.543580677
11.553411987, 11.553581720
11.563411983, 11.563581713
11.573411982, 11.573582721
11.583411990, 11.583582209
11.593411990, 11.593582549
11.603411991, 11.603579809
11.613411986, 11.613581352
11.623411983, 11.623581007
11.633411993, 11.633581927
11.643411986, 11.643583357
11.653411989, 11.653582698
11.663412001, 11.663581192
11.673411984, 11.673582203
11.683411985, 11.683582304
11.693411987, 11.693582488
11.703411994, 11.703583838
11.713412016, 11.713586271
11.723412005, 11.723583234
11.733411989, 11.733583400
11.743411991, 11.743581767
11.753411989, 11.753584572
11.763411983, 11.763584491
11.773411989, 11.773582065
11.783411999, 11.783582994
11.793411986, 11.793580516
11.803411986, 11.803582444
11.813411987, 11.813586754
11.823411986, 11.823583092
11.833411987, 11.833582750
11.843411991, 11.843582125
11.853412009, 11.853593332
11.863411993, 11.863587855
11.873411990, 11.873584578
11.883411994, 11.883582203
11.893411986, 11.893581446
11.903412005, 11.903585845
11.913411989, 11.913591268
11.923411999, 11.923606027
11.933411998, 11.933590057
11.943411996, 11.943591517
11.953411978, 11.953589695
11.963412002, 11.963587318
11.973411982, 11.973590804
11.983411986, 11.983589870
11.993411990, 11.993592364
12.003411991, 12.003588659
12.013411990, 12.013590498
12.023412004, 12.023589339
12.033411990, 12.033589802
12.043411983, 12.043591018
12.053411995, 12.053588762
------------------------------
