------------------------------
test was performed using the following parameters: --mps=100 --burst=1 --reply-every=1 --msg-size=12 --time=10
------------------------------
sockperf: [Total Run] RunTime=10.100 sec; SentMessages=1011; ReceivedMessages=1010
sockperf: ========= Printing statistics for Server No: 0
sockperf: [Valid Duration] RunTime=9.990 sec; SentMessages=1000; ReceivedMessages=1000
sockperf: [2;35m====> avg-lat= 83.129 (std-dev=16.254)[0m
sockperf: # dropped messages = 0; # duplicated messages = 0; # out-of-order messages = 0
sockperf: [2;35mTotal 1000 observations[0m; each percentile contains 10.00 observations
sockperf: ---> <MAX> observation =  133.522
sockperf: ---> percentile  99.99 =  133.522
sockperf: ---> percentile  99.90 =  131.508
sockperf: ---> percentile  99.50 =  124.480
sockperf: ---> percentile  99.00 =  120.258
sockperf: ---> percentile  95.00 =  105.823
sockperf: ---> percentile  90.00 =   99.141
sockperf: ---> percentile  75.00 =   91.270
sockperf: ---> percentile  50.00 =   85.620
sockperf: ---> percentile  25.00 =   80.086
sockperf: ---> <MIN> observation =   37.586
------------------------------
txTime, rxTime
2.063689767, 2.063881462
2.073689772, 2.073901842
2.083689767, 2.083870514
2.093689769, 2.093934844
2.103689780, 2.103891347
2.113689768, 2.113952785
2.123689778, 2.123882375
2.133689766, 2.133874331
2.143689828, 2.143872828
2.153689777, 2.153904137
2.163689773, 2.163857355
2.173689779, 2.173923241
2.183689767, 2.183855726
2.193689782, 2.193866188
2.203689762, 2.203882359
2.213689766, 2.213858955
2.223689832, 2.223861130
2.233689776, 2.233882438
2.243689768, 2.243840284
2.253689772, 2.253881654
2.263689770, 2.263938730
2.273689777, 2.273889381
2.283689765, 2.283852631
2.293689769, 2.293875711
2.303689765, 2.303899788
2.313689777, 2.313863435
2.323689773, 2.323865198
2.333689776, 2.333904835
2.343689765, 2.343903541
2.353689766, 2.353875891
2.363689761, 2.363918975
2.373689768, 2.373944976
2.383689767, 2.383838944
2.393689769, 2.393867862
2.403689783, 2.403865610
2.413689777, 2.413892720
2.423689772, 2.423905442
2.433689765, 2.433869927
2.443689768, 2.443873244
2.453689771, 2.453858378
2.463690042, 2.463859755
2.473689766, 2.473873350
2.483689772, 2.483875906
2.493689763, 2.493887625
2.503689770, 2.503905886
2.513689766, 2.513916237
2.523689767, 2.523930965
2.533689757, 2.533862323
2.543689765, 2.543882760
2.553689768, 2.553832982
2.563689770, 2.563870024
2.573689766, 2.573866537
2.583689770, 2.583855560
2.593689766, 2.593906891
2.603689768, 2.603871393
2.613689769, 2.613858837
2.623689772, 2.623946598
2.633689765, 2.633874899
2.643689780, 2.643868456
2.653689823, 2.653872253
2.663689770, 2.663863827
2.673689765, 2.673870129
2.683689770, 2.683849942
2.693689769, 2.693853060
2.703689781, 2.703874371
2.713689777, 2.713838237
2.723689827, 2.723849361
2.733689766, 2.733849321
2.743689789, 2.743871568
2.753689768, 2.753853006
2.763689770, 2.763868371
2.773689774, 2.773882612
2.783689843, 2.783870386
2.793689777, 2.793900804
2.803689773, 2.803942802
2.813689779, 2.813871511
2.823689772, 2.823865787
2.833689769, 2.833882697
2.843689759, 2.843883036
2.853689780, 2.853900391
2.863689768, 2.863867811
2.873689766, 2.873845108
2.883689775, 2.883891766
2.893689768, 2.893850540
2.903689765, 2.903885943
2.913689765, 2.913875962
2.923689765, 2.923837876
2.933689763, 2.933876464
2.943689781, 2.943854598
2.953689761, 2.953876290
2.963689765, 2.963858776
2.973689765, 2.973879266
2.983689778, 2.983856978
2.993689768, 2.993850365
3.003689764, 3.003856976
3.013689774, 3.013882881
3.023689765, 3.023900600
3.033689829, 3.033886327
3.043691308, 3.043901413
3.053689763, 3.053847371
3.063689778, 3.063866391
3.073689765, 3.073874951
3.083689768, 3.083857265
3.093689766, 3.093879756
3.103691169, 3.103855536
3.113689821, 3.113861619
3.123689773, 3.123867339
3.133689771, 3.133869345
3.143689784, 3.143881858
3.153689765, 3.153863471
3.163689765, 3.163848613
3.173689771, 3.173879945
3.183689781, 3.183871420
3.193689761, 3.193876131
3.203689765, 3.203849481
3.213689769, 3.213849018
3.223689761, 3.223923374
3.233689765, 3.233902042
3.243689764, 3.243883068
3.253689766, 3.253900689
3.263689772, 3.263898806
3.273689766, 3.273884347
3.283689776, 3.283916035
3.293689768, 3.293874298
3.303689767, 3.303847495
3.313689761, 3.313875177
3.323689778, 3.323912772
3.333689776, 3.333922300
3.343689780, 3.343861089
3.353689772, 3.353899205
3.363689767, 3.363876122
3.373689772, 3.373865686
3.383689765, 3.383880633
3.393689769, 3.393854866
3.403690855, 3.403856522
3.413689771, 3.413883015
3.423689776, 3.423859037
3.433689766, 3.433851959
3.443689770, 3.443851382
3.453690551, 3.453864497
3.463689768, 3.463868629
3.473689766, 3.473858606
3.483689767, 3.483875009
3.493689765, 3.493870502
3.503689808, 3.503872345
3.513689772, 3.513889318
3.523689765, 3.523879364
3.533689772, 3.533929738
3.543689768, 3.543870441
3.553689782, 3.553854588
3.563689802, 3.563856299
3.573689765, 3.573864758
3.583689813, 3.583813498
3.593689776, 3.593826342
3.603689776, 3.603871163
3.613689772, 3.613866286
3.623689765, 3.623893751
3.633689760, 3.633866304
3.643689778, 3.643899799
3.653689765, 3.653893273
3.663689772, 3.663876056
3.673689771, 3.673879233
3.683689810, 3.683890269
3.693689760, 3.693858854
3.703689770, 3.703875783
3.713689772, 3.713868025
3.723689768, 3.723875172
3.733689771, 3.733875569
3.743689768, 3.743858653
3.753689780, 3.753854048
3.763689772, 3.763897409
3.773689771, 3.773857261
3.783689773, 3.783883352
3.793689812, 3.793877992
3.803689762, 3.803851957
3.813689772, 3.813875101
3.823689776, 3.823856029
3.833689772, 3.833868936
3.843689781, 3.843845002
3.853689769, 3.853860154
3.863689767, 3.863855322
3.873689771, 3.873866324
3.883689773, 3.883862155
3.893689769, 3.893842097
3.903689772, 3.903872912
3.913689763, 3.913893368
3.923689822, 3.923863805
3.933689768, 3.933857598
3.943689775, 3.943881860
3.953690571, 3.953860326
3.963689772, 3.963882681
3.973689768, 3.973885568
3.983689767, 3.983855800
3.993689765, 3.993870183
4.003689773, 4.003872527
4.013689782, 4.013868269
4.023689772, 4.023848829
4.033689777, 4.033866263
4.043689781, 4.043862114
4.053689782, 4.053851909
4.063689770, 4.063857966
4.073689779, 4.073861362
4.083689768, 4.083871362
4.093689765, 4.093846672
4.103689759, 4.103889222
4.113689761, 4.113869959
4.123689767, 4.123870419
4.133689768, 4.133856885
4.143689783, 4.143861531
4.153689771, 4.153864616
4.163689996, 4.163847686
4.173689768, 4.173895408
4.183689765, 4.183872737
4.193689777, 4.193868678
4.203689780, 4.203858621
4.213689804, 4.213863187
4.223689764, 4.223869511
4.233689776, 4.233859236
4.243689840, 4.243883848
4.253689772, 4.253846427
4.263689765, 4.263852918
4.273689779, 4.273862533
4.283689843, 4.283851074
4.293689769, 4.293871271
4.303690891, 4.303852783
4.313689779, 4.313872155
4.323689773, 4.323860996
4.333689761, 4.333864054
4.343689776, 4.343881691
4.353689772, 4.353863373
4.363689770, 4.363863642
4.373689825, 4.373876254
4.383689764, 4.383888048
4.393689761, 4.393863493
4.403689817, 4.403868738
4.413689791, 4.413844428
4.423689775, 4.423876400
4.433689766, 4.433863065
4.443689764, 4.443869386
4.453689766, 4.453855095
4.463689772, 4.463855961
4.473689772, 4.473956818
4.483689778, 4.483874846
4.493689776, 4.493866340
4.503689770, 4.503914395
4.513689768, 4.513915708
4.523689768, 4.523843916
4.533689760, 4.533861766
4.543689781, 4.543875809
4.553689772, 4.553885435
4.563689772, 4.563859294
4.573689820, 4.573874337
4.583689762, 4.583862469
4.593689772, 4.593873227
4.603689765, 4.603849412
4.613689782, 4.613874151
4.623689770, 4.623923777
4.633689769, 4.633865966
4.643689780, 4.643860698
4.653689771, 4.653880722
4.663689832, 4.663862755
4.673689771, 4.673857571
4.683689770, 4.683871220
4.693689768, 4.693876075
4.703689765, 4.703894242
4.713689761, 4.713863386
4.723689776, 4.723877347
4.733689765, 4.733881903
4.743689767, 4.743871090
4.753689761, 4.753869569
4.763689765, 4.763909783
4.773689779, 4.773897560
4.783689768, 4.783888940
4.793689771, 4.793897135
4.803689775, 4.803857420
4.813689774, 4.813892048
4.823689772, 4.823883781
4.833689766, 4.833875640
4.843689764, 4.843847550
4.853689766, 4.853905511
4.863689773, 4.863872000
4.873689763, 4.873874094
4.883689784, 4.883855208
4.893689779, 4.893861095
4.903689765, 4.903873683
4.913689780, 4.913857713
4.923689770, 4.923851745
4.933689780, 4.933815518
4.943689767, 4.943786443
4.953689780, 4.953791157
4.963689783, 4.963788216
4.973689837, 4.973801723
4.983689770, 4.983790451
4.993689780, 4.993786653
5.003689765, 5.003782706
5.013689768, 5.013905950
5.023689768, 5.023865967
5.033689766, 5.033866612
5.043689768, 5.043843019
5.053689765, 5.053830219
5.063689764, 5.063822815
5.073689769, 5.073847827
5.083689772, 5.083845865
5.093689772, 5.093841767
5.103689781, 5.103827283
5.113689769, 5.113848543
5.123689871, 5.123825477
5.133689769, 5.133878695
5.143689768, 5.143836348
5.153689763, 5.153827661
5.163689775, 5.163832950
5.173689769, 5.173817272
5.183689772, 5.183835088
5.193689766, 5.193865149
5.203689781, 5.203826188
5.213689772, 5.213829330
5.223689767, 5.223826390
5.233689768, 5.233820694
5.243689773, 5.243827842
5.253689766, 5.253846242
5.263689773, 5.263829025
5.273689763, 5.273843869
5.283689765, 5.283829257
5.293690720, 5.293842585
5.303689776, 5.303834710
5.313689768, 5.313829998
5.323689781, 5.323850247
5.333689768, 5.333844827
5.343689773, 5.343818115
5.353689769, 5.353865363
5.363689768, 5.363811643
5.373689766, 5.373833638
5.383689773, 5.383849252
5.393689758, 5.393846780
5.403689780, 5.403818729
5.413689776, 5.413880541
5.423689773, 5.423874627
5.433689765, 5.433812821
5.443689781, 5.443876848
5.453689769, 5.453890584
5.463689776, 5.463858018
5.473689763, 5.473882080
5.483689767, 5.483882550
5.493689761, 5.493901387
5.503689770, 5.503890970
5.513689769, 5.513850688
5.523689768, 5.523883248
5.533689780, 5.533884245
5.543689765, 5.543880099
5.553689763, 5.553907690
5.563689767, 5.563904407
5.573689769, 5.573853317
5.583689765, 5.583877017
5.593689766, 5.593887775
5.603689764, 5.603889653
5.613689769, 5.613867780
5.623689767, 5.623877595
5.633689765, 5.633907740
5.643689816, 5.643898314
5.653689771, 5.653856601
5.663689781, 5.663892682
5.673689771, 5.673901725
5.683689767, 5.683860546
5.693689785, 5.693847638
5.703689768, 5.703853364
5.713689783, 5.713862568
5.723689776, 5.723873203
5.733689766, 5.733859896
5.743689825, 5.743859892
5.753689766, 5.753856082
5.763689768, 5.763881064
5.773689769, 5.773871367
5.783689778, 5.783871349
5.793689783, 5.793896855
5.803689767, 5.803872307
5.813689771, 5.813897489
5.823689772, 5.823858113
5.833689766, 5.833873723
5.843689767, 5.843862453
5.853689782, 5.853837579
5.863689762, 5.863876463
5.873689774, 5.873901422
5.883689770, 5.883921661
5.893689765, 5.893914666
5.903689762, 5.903873834
5.913689766, 5.913886842
5.923689767, 5.923855977
5.933689776, 5.933855872
5.943689764, 5.943838999
5.953689768, 5.953876906
5.963689757, 5.963883868
5.973689769, 5.973888400
5.983689773, 5.983858149
5.993689766, 5.993850704
6.003689768, 6.003869382
6.013689772, 6.013867164
6.023689772, 6.023884800
6.033689780, 6.033880196
6.043689768, 6.043899967
6.053689771, 6.053909870
6.063689770, 6.063843715
6.073689804, 6.073879277
6.083689765, 6.083896398
6.093689761, 6.093863139
6.103689768, 6.103882678
6.113689769, 6.113878322
6.123689783, 6.123862662
6.133689771, 6.133886787
6.143689770, 6.143869412
6.153689774, 6.153885849
6.163689773, 6.163858285
6.173689766, 6.173877836
6.183689768, 6.183868057
6.193689785, 6.193881322
6.203689811, 6.203869988
6.213689760, 6.213890655
6.223689772, 6.223878598
6.233689760, 6.233881066
6.243689772, 6.243851057
6.253689766, 6.253866277
6.263690522, 6.263875558
6.273689765, 6.273855166
6.283689768, 6.283875156
6.293689771, 6.293884598
6.303689772, 6.303930721
6.313689780, 6.313883176
6.323689772, 6.323862580
6.333689779, 6.333855540
6.343689780, 6.343849350
6.353689777, 6.353886160
6.363689776, 6.363858280
6.373689774, 6.373884398
6.383689762, 6.383878620
6.393689769, 6.393871659
6.403689765, 6.403869075
6.413689780, 6.413884819
6.423689768, 6.423882676
6.433689772, 6.433847322
6.443689762, 6.443860560
6.453689769, 6.453839857
6.463689770, 6.463874902
6.473689780, 6.473864938
6.483689765, 6.483856116
6.493689772, 6.493855783
6.503689767, 6.503854886
6.513689772, 6.513850519
6.523689770, 6.523851718
6.533689812, 6.533864434
6.543689767, 6.543853845
6.553689777, 6.553864584
6.563689765, 6.563867541
6.573689769, 6.573865069
6.583689967, 6.583882605
6.593689772, 6.593860391
6.603689765, 6.603867105
6.613689769, 6.613850952
6.623689817, 6.623858800
6.633689765, 6.633857626
6.643689768, 6.643849140
6.653689818, 6.653917665
6.663689824, 6.663853094
6.673689769, 6.673884021
6.683689768, 6.683936651
6.693689777, 6.693897672
6.703689776, 6.703858816
6.713689769, 6.713881567
6.723689781, 6.723861561
6.733689769, 6.733864966
6.743689765, 6.743889014
6.753689765, 6.753874126
6.763689772, 6.763874816
6.773689772, 6.773898212
6.783689775, 6.783858846
6.793689768, 6.793873657
6.803689783, 6.803837905
6.813689818, 6.813870322
6.823689825, 6.823867684
6.833689768, 6.833866046
6.843689768, 6.843866225
6.853689783, 6.853873243
6.863689784, 6.863852214
6.873689776, 6.873901107
6.883689770, 6.883873359
6.893689766, 6.893860596
6.903689770, 6.903848278
6.913689763, 6.913904857
6.923689781, 6.923856160
6.933689768, 6.933802445
6.943689780, 6.943793817
6.953689774, 6.953774654
6.963689767, 6.963797080
6.973689760, 6.973794162
6.983689762, 6.983800057
6.993689771, 6.993800465
7.003689768, 7.003765332
7.013689777, 7.013796844
7.023689765, 7.023803066
7.033689769, 7.033787949
7.043689764, 7.043787157
7.053689771, 7.053792531
7.063689772, 7.063805589
7.073689769, 7.073795575
7.083689776, 7.083784298
7.093689769, 7.093789515
7.103689784, 7.103778852
7.113689780, 7.113784463
7.123689783, 7.123881553
7.133689761, 7.133801216
7.143689765, 7.143824894
7.153689763, 7.153849289
7.163689767, 7.163773272
7.173689763, 7.173792411
7.183689767, 7.183789442
7.193689769, 7.193795701
7.203689776, 7.203795835
7.213689858, 7.213775381
7.223689765, 7.223764939
7.233689766, 7.233788197
7.243689773, 7.243773814
7.253689763, 7.253785847
7.263689780, 7.263771917
7.273689760, 7.273805405
7.283689761, 7.283778585
7.293689765, 7.293766191
7.303689781, 7.303775299
7.313689810, 7.313795595
7.323689767, 7.323768325
7.333689769, 7.333776617
7.343689764, 7.343779477
7.353689782, 7.353785686
7.363689765, 7.363781121
7.373689793, 7.373774249
7.383689773, 7.383855004
7.393689768, 7.393873390
7.403689781, 7.403860923
7.413689782, 7.413849250
7.423689773, 7.423837543
7.433689779, 7.433842056
7.443689775, 7.443856599
7.453689813, 7.453860856
7.463689759, 7.463873293
7.473689823, 7.473861065
7.483689767, 7.483856845
7.493689765, 7.493870898
7.503689780, 7.503911880
7.513689763, 7.513909918
7.523689764, 7.523919109
7.533689772, 7.533866681
7.543689762, 7.543896847
7.553689768, 7.553871099
7.563689762, 7.563917977
7.573689780, 7.573853094
7.583689765, 7.583855370
7.593689769, 7.593827627
7.603689789, 7.603844688
7.613689771, 7.613860635
7.623691316, 7.623861996
7.633689769, 7.633930286
7.643689772, 7.643884029
7.653689772, 7.653869899
7.663689764, 7.663874159
7.673689769, 7.673856748
7.683689768, 7.683844863
7.693689768, 7.693853696
7.703689786, 7.703852123
7.713689765, 7.713877918
7.723689765, 7.723911161
7.733689777, 7.733883411
7.743689765, 7.743861127
7.753689769, 7.753874195
7.763689762, 7.763866516
7.773689776, 7.773882314
7.783689773, 7.783875734
7.793689771, 7.793850281
7.803689770, 7.803860946
7.813689768, 7.813876503
7.823689757, 7.823887040
7.833689769, 7.833893503
7.843689770, 7.843914049
7.853689765, 7.853893799
7.863689783, 7.863863754
7.873689782, 7.873889059
7.883689786, 7.883885052
7.893689771, 7.893845100
7.903689778, 7.903866435
7.913689766, 7.913859791
7.923689770, 7.923901490
7.933690816, 7.933848800
7.943689781, 7.943789680
7.953689787, 7.953800233
7.963689781, 7.963796378
7.973689782, 7.973803291
7.983689765, 7.983797009
7.993689766, 7.993787107
8.003689780, 8.003798901
8.013689765, 8.013772944
8.023689768, 8.023847640
8.033689768, 8.033796287
8.043689773, 8.043785597
8.053689771, 8.053811159
8.063689767, 8.063792292
8.073689769, 8.073801483
8.083689773, 8.083786896
8.093689777, 8.093803891
8.103689776, 8.103857554
8.113689765, 8.113856327
8.123689770, 8.123835558
8.133689766, 8.133809477
8.143689764, 8.143803431
8.153689769, 8.153837950
8.163689765, 8.163855705
8.173689765, 8.173840815
8.183689759, 8.183777726
8.193689769, 8.193786651
8.203689776, 8.203808720
8.213689776, 8.213782352
8.223689767, 8.223785840
8.233690459, 8.233794752
8.243689783, 8.243787904
8.253689763, 8.253789600
8.263691025, 8.263772581
8.273689761, 8.273778655
8.283689776, 8.283792786
8.293689761, 8.293774310
8.303689767, 8.303765625
8.313689772, 8.313787379
8.323689773, 8.323767556
8.333689765, 8.333784235
8.343689768, 8.343789835
8.353689766, 8.353784237
8.363689767, 8.363776915
8.373689780, 8.373773276
8.383689781, 8.383793681
8.393689779, 8.393859606
8.403689770, 8.403848853
8.413689771, 8.413866732
8.423689764, 8.423873769
8.433689777, 8.433866450
8.443689838, 8.443872023
8.453689768, 8.453828735
8.463689786, 8.463877671
8.473689765, 8.473862661
8.483689764, 8.483839752
8.493689768, 8.493847755
8.503689783, 8.503855516
8.513689763, 8.513874800
8.523689767, 8.523857628
8.533689771, 8.533867709
8.543689768, 8.543855315
8.553689774, 8.553896011
8.563689775, 8.563885921
8.573689976, 8.573866722
8.583689762, 8.583866401
8.593689776, 8.593847965
8.603689765, 8.603835764
8.613689769, 8.613861523
8.623689768, 8.623883227
8.633689772, 8.633853434
8.643689854, 8.643853894
8.653689766, 8.653854261
8.663689765, 8.663864718
8.673689774, 8.673856147
8.683689765, 8.683875781
8.693689766, 8.693874271
8.703689778, 8.703853013
8.713689777, 8.713857978
8.723689767, 8.723850957
8.733689769, 8.733854484
8.743689770, 8.743850648
8.753689765, 8.753864379
8.763691291, 8.763889475
8.773689760, 8.773873058
8.783689780, 8.783871774
8.793689769, 8.793856592
8.803689765, 8.803866754
8.813689774, 8.813891910
8.823689764, 8.823861140
8.833689772, 8.833856833
8.843689773, 8.843858432
8.853689829, 8.853857353
8.863689775, 8.863863124
8.873689772, 8.873843397
8.883689768, 8.883882147
8.893690748, 8.893854277
8.903689764, 8.903861943
8.913689763, 8.913848776
8.923689786, 8.923864811
8.933689772, 8.933801000
8.943689775, 8.943806001
8.953689771, 8.953790886
8.963689765, 8.963787208
8.973689760, 8.973786327
8.983689780, 8.983793005
8.993689813, 8.993793961
9.003689787, 9.003792127
9.013689769, 9.013806124
9.023689772, 9.023792839
9.033689774, 9.033814931
9.043689773, 9.043813372
9.053689782, 9.053785064
9.063689773, 9.063788767
9.073689760, 9.073809105
9.083689762, 9.083796163
9.093689761, 9.093805127
9.103689770, 9.103793591
9.113689772, 9.113782809
9.123689770, 9.123786742
9.133689763, 9.133792528
9.143689767, 9.143790147
9.153689769, 9.153807677
9.163689840, 9.163784020
9.173689768, 9.173812472
9.183689811, 9.183782254
9.193689769, 9.193800803
9.203689768, 9.203794860
9.213689774, 9.213796859
9.223689768, 9.223829721
9.233689769, 9.233782426
9.243689770, 9.243812009
9.253689768, 9.253785685
9.263689762, 9.263781454
9.273689766, 9.273789220
9.283689770, 9.283785704
9.293689766, 9.293786739
9.303689770, 9.303785453
9.313689810, 9.313785558
9.323689761, 9.323788209
9.333689760, 9.333776589
9.343689765, 9.343790877
9.353689765, 9.353785539
9.363689772, 9.363781790
9.373689787, 9.373783092
9.383689764, 9.383782610
9.393689777, 9.393791773
9.403689773, 9.403787811
9.413689769, 9.413793265
9.423689773, 9.423784075
9.433689807, 9.433859221
9.443689800, 9.443837592
9.453691601, 9.453855951
9.463689765, 9.463866868
9.473689772, 9.473907186
9.483689776, 9.483853264
9.493689774, 9.493850832
9.503689772, 9.503861842
9.513691479, 9.513862044
9.523689768, 9.523853113
9.533689771, 9.533864267
9.543689778, 9.543851400
9.553689772, 9.553848484
9.563689764, 9.563856878
9.573689765, 9.573886026
9.583689765, 9.583853967
9.593689765, 9.593860918
9.603689764, 9.603872633
9.613689763, 9.613843373
9.623689768, 9.623842949
9.633689763, 9.633854800
9.643691529, 9.643869298
9.653689769, 9.653874733
9.663689780, 9.663869817
9.673689777, 9.673862825
9.683689765, 9.683864803
9.693689769, 9.693835272
9.703689781, 9.703852672
9.713689777, 9.713855684
9.723689765, 9.723866396
9.733689776, 9.733860189
9.743689765, 9.743876430
9.753689768, 9.753867954
9.763689765, 9.763858492
9.773689761, 9.773866608
9.783689772, 9.783877568
9.793689780, 9.793842140
9.803689780, 9.803900121
9.813689766, 9.813866334
9.823689762, 9.823846906
9.833689771, 9.833842156
9.843689811, 9.843830004
9.853689768, 9.853842457
9.863689781, 9.863835459
9.873689769, 9.873828484
9.883689761, 9.883834647
9.893689787, 9.893820978
9.903689765, 9.903826925
9.913689777, 9.913828956
9.923689765, 9.923823180
9.933690027, 9.933848801
9.943689759, 9.943858650
9.953689761, 9.953854675
9.963689759, 9.963856469
9.973689766, 9.973824971
9.983689773, 9.983853654
9.993689760, 9.993853993
10.003689757, 10.003852644
10.013689765, 10.013821583
10.023689766, 10.023867495
10.033689763, 10.033857879
10.043689765, 10.043852985
10.053689758, 10.053857553
10.063689764, 10.063861389
10.073689757, 10.073858082
10.083689772, 10.083864389
10.093689768, 10.093861115
10.103689762, 10.103862724
10.113689763, 10.113863211
10.123689762, 10.123860816
10.133689765, 10.133863436
10.143689762, 10.143860185
10.153689763, 10.153860476
10.163689761, 10.163857629
10.173689763, 10.173859404
10.183689772, 10.183865835
10.193689765, 10.193857484
10.203689772, 10.203866014
10.213689760, 10.213858178
10.223689762, 10.223860721
10.233689760, 10.233860741
10.243689762, 10.243860595
10.253689760, 10.253858608
10.263689761, 10.263863093
10.273689758, 10.273862475
10.283689762, 10.283861762
10.293689758, 10.293860199
10.303689759, 10.303858270
10.313689772, 10.313860394
10.323689759, 10.323857784
10.333689760, 10.333862828
10.343689762, 10.343862799
10.353689763, 10.353856874
10.363689762, 10.363868693
10.373689766, 10.373858145
10.383689761, 10.383863439
10.393689761, 10.393858347
10.403689756, 10.403857173
10.413689765, 10.413860468
10.423689767, 10.423864064
10.433689758, 10.433857400
10.443689765, 10.443865545
10.453689760, 10.453862563
10.463689759, 10.463857990
10.473689766, 10.473853908
10.483689765, 10.483861072
10.493689763, 10.493857738
10.503689759, 10.503859593
10.513689760, 10.513857849
10.523689759, 10.523864647
10.533689758, 10.533860863
10.543689767, 10.543863181
10.553689765, 10.553862587
10.563689759, 10.563861343
10.573689753, 10.573857494
10.583689762, 10.583855775
10.593689761, 10.593857221
10.603689757, 10.603865801
10.613689771, 10.613859634
10.623689761, 10.623859005
10.633689757, 10.633863591
10.643689757, 10.643857679
10.653689758, 10.653863376
10.663689767, 10.663863442
10.673689760, 10.673863373
10.683689761, 10.683860685
10.693689768, 10.693859953
10.703689757, 10.703860414
10.713689761, 10.713856267
10.723689765, 10.723861340
10.733689761, 10.733857031
10.743689759, 10.743867485
10.753689763, 10.753859098
10.763689756, 10.763862867
10.773689763, 10.773856352
10.783689759, 10.783858470
10.793689758, 10.793857429
10.803689762, 10.803861842
10.813689760, 10.813860628
10.823689761, 10.823864828
10.833689763, 10.833864243
10.843689770, 10.843862414
10.853689757, 10.853857778
10.863689762, 10.863864146
10.873689761, 10.873860337
10.883689762, 10.883857366
10.893689760, 10.893859061
10.903689772, 10.903864583
10.913689766, 10.913863293
10.923689762, 10.923864770
10.933689765, 10.933863578
10.943689754, 10.943857620
10.953689765, 10.953862606
10.963689765, 10.963860802
10.973689763, 10.973860765
10.983689765, 10.983861989
10.993689761, 10.993862778
11.003689764, 11.003863655
11.013689758, 11.013865950
11.023689761, 11.023862142
11.033689758, 11.033857458
11.043689762, 11.043859248
11.053689753, 11.053863596
11.063689759, 11.063863434
11.073689757, 11.073862936
11.083689764, 11.083865987
11.093689772, 11.093858322
11.103689770, 11.103866284
11.113689758, 11.113858207
11.123689756, 11.123859509
11.133689761, 11.133860495
11.143689764, 11.143863617
11.153689761, 11.153857912
11.163689778, 11.163866374
11.173689755, 11.173862543
11.183689761, 11.183862960
11.193689766, 11.193864529
11.203689759, 11.203862610
11.213689761, 11.213860803
11.223689765, 11.223866933
11.233689760, 11.233860526
11.243689761, 11.243862387
11.253689765, 11.253861561
11.263689759, 11.263866148
11.273689766, 11.273863417
11.283689767, 11.283863244
11.293689761, 11.293858053
11.303689762, 11.303861342
11.313689761, 11.313858840
11.323689765, 11.323862518
11.333689768, 11.333860384
11.343689764, 11.343858227
11.353689757, 11.353862405
11.363689757, 11.363858284
11.373689761, 11.373861990
11.383689767, 11.383865493
11.393689763, 11.393856859
11.403689762, 11.403862509
11.413689757, 11.413864208
11.423689761, 11.423863401
11.433689765, 11.433858523
11.443689761, 11.443861890
11.453689772, 11.453863446
11.463689761, 11.463865172
11.473689761, 11.473859030
11.483689768, 11.483860969
11.493689761, 11.493860820
11.503689762, 11.503859438
11.513689765, 11.513857086
11.523689762, 11.523857669
11.533689760, 11.533860795
11.543689757, 11.543861746
11.553689765, 11.553862028
11.563689762, 11.563863688
11.573689763, 11.573862143
11.583689764, 11.583861509
11.593689758, 11.593860706
11.603689762, 11.603859322
11.613689758, 11.613860391
11.623689765, 11.623863267
11.633689766, 11.633861220
11.643689765, 11.643862526
11.653689766, 11.653863616
11.663689761, 11.663860125
11.673689757, 11.673859465
11.683689765, 11.683862393
11.693689771, 11.693860976
11.703689759, 11.703861699
11.713689757, 11.713863793
11.723689762, 11.723861085
11.733689760, 11.733861002
11.743689768, 11.743862371
11.753689763, 11.753857443
11.763689789, 11.763859193
11.773689760, 11.773860256
11.783689770, 11.783863397
11.793689765, 11.793860575
11.803689765, 11.803865376
11.813689766, 11.813859682
11.823689764, 11.823860611
11.833689757, 11.833860005
11.843689759, 11.843860237
11.853689758, 11.853856602
11.863689762, 11.863862176
11.873689765, 11.873862050
11.883689762, 11.883863513
11.893689760, 11.893860989
11.903689757, 11.903862692
11.913689768, 11.913863439
11.923689767, 11.923863333
11.933689757, 11.933859090
11.943689764, 11.943861777
11.953689760, 11.953857220
11.963689756, 11.963859861
11.973689760, 11.973859617
11.983689767, 11.983862316
11.993689760, 11.993859562
12.003689759, 12.003863549
12.013689760, 12.013862255
12.023689765, 12.023862146
12.033689791, 12.033860446
12.043689765, 12.043864375
12.053689768, 12.053861218
------------------------------
