------------------------------
test was performed using the following parameters: --mps=100 --burst=1 --reply-every=1 --msg-size=12 --time=10
------------------------------
sockperf: [Total Run] RunTime=10.100 sec; SentMessages=1011; ReceivedMessages=1010
sockperf: ========= Printing statistics for Server No: 0
sockperf: [Valid Duration] RunTime=9.990 sec; SentMessages=1000; ReceivedMessages=1000
sockperf: [2;35m====> avg-lat= 85.305 (std-dev=12.958)[0m
sockperf: # dropped messages = 0; # duplicated messages = 0; # out-of-order messages = 0
sockperf: [2;35mTotal 1000 observations[0m; each percentile contains 10.00 observations
sockperf: ---> <MAX> observation =  143.888
sockperf: ---> percentile  99.99 =  143.888
sockperf: ---> percentile  99.90 =  132.614
sockperf: ---> percentile  99.50 =  125.616
sockperf: ---> percentile  99.00 =  120.652
sockperf: ---> percentile  95.00 =  110.335
sockperf: ---> percentile  90.00 =   99.925
sockperf: ---> percentile  75.00 =   92.063
sockperf: ---> percentile  50.00 =   85.322
sockperf: ---> percentile  25.00 =   77.732
sockperf: ---> <MIN> observation =   36.029
------------------------------
txTime, rxTime
2.063278966, 2.063468258
2.073278982, 2.073461930
2.083278961, 2.083494401
2.093278984, 2.093453211
2.103279057, 2.103449703
2.113278969, 2.113448286
2.123278946, 2.123505296
2.133279048, 2.133490767
2.143278961, 2.143475821
2.153278955, 2.153446502
2.163278965, 2.163464811
2.173278982, 2.173447096
2.183278995, 2.183460945
2.193278953, 2.193427845
2.203278966, 2.203445254
2.213278954, 2.213454898
2.223278964, 2.223462353
2.233278954, 2.233446162
2.243279018, 2.243457327
2.253279041, 2.253485064
2.263278959, 2.263458227
2.273278972, 2.273471020
2.283278950, 2.283464239
2.293278954, 2.293450970
2.303279040, 2.303457119
2.313278998, 2.313448081
2.323278956, 2.323539992
2.333278969, 2.333456569
2.343279078, 2.343455664
2.353279081, 2.353466969
2.363279051, 2.363442244
2.373279040, 2.373468231
2.383278955, 2.383476510
2.393278963, 2.393459968
2.403278964, 2.403464200
2.413279087, 2.413457482
2.423279033, 2.423464934
2.433278960, 2.433472905
2.443279051, 2.443455763
2.453279016, 2.453433088
2.463278969, 2.463503357
2.473278965, 2.473461005
2.483278961, 2.483475518
2.493278967, 2.493432701
2.503279027, 2.503452073
2.513278945, 2.513465633
2.523279080, 2.523484195
2.533279083, 2.533482926
2.543278965, 2.543457366
2.553278957, 2.553486934
2.563279044, 2.563493505
2.573278952, 2.573468619
2.583278969, 2.583471897
2.593278969, 2.593451483
2.603279069, 2.603472419
2.613278969, 2.613441954
2.623278949, 2.623429849
2.633278955, 2.633504188
2.643279099, 2.643451791
2.653279086, 2.653444945
2.663278969, 2.663527747
2.673279104, 2.673448243
2.683278966, 2.683465647
2.693279005, 2.693447689
2.703278966, 2.703458752
2.713278961, 2.713451515
2.723279033, 2.723465569
2.733278953, 2.733446321
2.743279076, 2.743465366
2.753278963, 2.753448047
2.763279069, 2.763460118
2.773278955, 2.773443323
2.783278961, 2.783476717
2.793278956, 2.793439693
2.803278986, 2.803463415
2.813278985, 2.813458800
2.823278965, 2.823462780
2.833278969, 2.833453611
2.843278965, 2.843463092
2.853278963, 2.853477549
2.863279003, 2.863544232
2.873278949, 2.873435623
2.883278968, 2.883466939
2.893278969, 2.893467945
2.903278985, 2.903458833
2.913278949, 2.913451736
2.923278965, 2.923472231
2.933279053, 2.933463200
2.943278969, 2.943472242
2.953279029, 2.953474942
2.963278966, 2.963455925
2.973278963, 2.973454238
2.983278965, 2.983453829
2.993279031, 2.993466931
3.003278969, 3.003461274
3.013278998, 3.013465897
3.023278966, 3.023463609
3.033278984, 3.033501585
3.043278971, 3.043463382
3.053278977, 3.053466896
3.063278965, 3.063465925
3.073279031, 3.073444507
3.083278961, 3.083465328
3.093278976, 3.093454467
3.103278965, 3.103452745
3.113278952, 3.113440240
3.123278951, 3.123469236
3.133278947, 3.133452470
3.143278969, 3.143469853
3.153279059, 3.153444891
3.163279055, 3.163458942
3.173279045, 3.173436111
3.183279039, 3.183464479
3.193278961, 3.193453838
3.203279044, 3.203516250
3.213279069, 3.213451475
3.223278956, 3.223462210
3.233279059, 3.233435948
3.243278955, 3.243499863
3.253278958, 3.253446935
3.263279059, 3.263456952
3.273278954, 3.273441373
3.283278963, 3.283494298
3.293278982, 3.293503479
3.303279108, 3.303501692
3.313278948, 3.313470199
3.323278967, 3.323467803
3.333278947, 3.333457011
3.343279074, 3.343520200
3.353279042, 3.353452310
3.363278966, 3.363455103
3.373279127, 3.373442706
3.383278966, 3.383464207
3.393278969, 3.393443915
3.403279080, 3.403450136
3.413279086, 3.413459730
3.423279053, 3.423537500
3.433279057, 3.433473325
3.443278967, 3.443463949
3.453278956, 3.453445016
3.463279046, 3.463518846
3.473278949, 3.473460829
3.483278965, 3.483455989
3.493278964, 3.493442209
3.503278966, 3.503479537
3.513278966, 3.513488399
3.523278966, 3.523459973
3.533279157, 3.533457964
3.543278965, 3.543469456
3.553278967, 3.553455755
3.563278969, 3.563504102
3.573278965, 3.573458047
3.583278971, 3.583458149
3.593279859, 3.593474528
3.603278971, 3.603540973
3.613285397, 3.613455874
3.623279091, 3.623464582
3.633278965, 3.633483876
3.643278961, 3.643458220
3.653279058, 3.653463664
3.663278961, 3.663455869
3.673278961, 3.673475285
3.683278968, 3.683454987
3.693278966, 3.693446309
3.703279048, 3.703489159
3.713279066, 3.713457576
3.723279060, 3.723473472
3.733278969, 3.733501869
3.743278965, 3.743463472
3.753279042, 3.753493254
3.763278943, 3.763455051
3.773279046, 3.773456714
3.783278965, 3.783497091
3.793278963, 3.793470596
3.803278963, 3.803457301
3.813279048, 3.813445830
3.823279035, 3.823530268
3.833279051, 3.833462511
3.843278965, 3.843467116
3.853278965, 3.853459258
3.863278961, 3.863491068
3.873279077, 3.873496921
3.883279077, 3.883464595
3.893278965, 3.893462762
3.903278967, 3.903475525
3.913279082, 3.913472437
3.923279122, 3.923392684
3.933279043, 3.933374025
3.943279068, 3.943356564
3.953279030, 3.953445032
3.963279062, 3.963458136
3.973278961, 3.973437479
3.983279022, 3.983425561
3.993278965, 3.993442555
4.003279066, 4.003430041
4.013279035, 4.013463967
4.023279080, 4.023452132
4.033279048, 4.033412495
4.043278960, 4.043411185
4.053279077, 4.053417174
4.063279075, 4.063424189
4.073279074, 4.073422709
4.083279042, 4.083513352
4.093278961, 4.093432448
4.103279037, 4.103457298
4.113278954, 4.113455784
4.123279102, 4.123463660
4.133279079, 4.133434288
4.143278965, 4.143428378
4.153278962, 4.153412600
4.163278967, 4.163424169
4.173278951, 4.173402421
4.183278965, 4.183422907
4.193278959, 4.193451457
4.203278962, 4.203417795
4.213278962, 4.213426384
4.223279062, 4.223420806
4.233279030, 4.233431146
4.243279167, 4.243455187
4.253280177, 4.253411280
4.263280112, 4.263446811
4.273284001, 4.273429315
4.283278950, 4.283436707
4.293278953, 4.293414771
4.303278967, 4.303430026
4.313278957, 4.313429050
4.323278976, 4.323428708
4.333278948, 4.333418730
4.343278961, 4.343439251
4.353279035, 4.353425231
4.363278948, 4.363424866
4.373278968, 4.373429093
4.383279036, 4.383448155
4.393278959, 4.393411201
4.403278997, 4.403444474
4.413278961, 4.413450163
4.423278966, 4.423507667
4.433279046, 4.433497322
4.443279040, 4.443456366
4.453279064, 4.453447954
4.463278965, 4.463468636
4.473278968, 4.473441607
4.483279093, 4.483479250
4.493278961, 4.493456150
4.503278969, 4.503464563
4.513279053, 4.513447321
4.523279040, 4.523464421
4.533278957, 4.533447847
4.543279066, 4.543501759
4.553278958, 4.553462236
4.563279062, 4.563461606
4.573278956, 4.573439004
4.583278961, 4.583454497
4.593279037, 4.593509610
4.603279045, 4.603495656
4.613278943, 4.613452021
4.623279126, 4.623455988
4.633278965, 4.633460505
4.643279047, 4.643456217
4.653278964, 4.653451094
4.663278961, 4.663444963
4.673279085, 4.673463049
4.683278961, 4.683456475
4.693279087, 4.693458431
4.703279049, 4.703464982
4.713278969, 4.713459030
4.723279071, 4.723463005
4.733278959, 4.733437910
4.743278967, 4.743467318
4.753278963, 4.753464694
4.763279088, 4.763462077
4.773278969, 4.773458149
4.783279138, 4.783468759
4.793279040, 4.793439921
4.803278968, 4.803467839
4.813278960, 4.813458205
4.823279073, 4.823428495
4.833279051, 4.833479429
4.843279019, 4.843483183
4.853278951, 4.853452256
4.863278962, 4.863471455
4.873278959, 4.873472838
4.883279057, 4.883476852
4.893279100, 4.893444844
4.903279081, 4.903448406
4.913279018, 4.913416024
4.923279064, 4.923433921
4.933279040, 4.933376116
4.943279086, 4.943453325
4.953279038, 4.953397934
4.963279063, 4.963366427
4.973279051, 4.973370867
4.983279085, 4.983451185
4.993279035, 4.993449352
5.003278964, 5.003458394
5.013279099, 5.013489443
5.023278962, 5.023465458
5.033278961, 5.033446270
5.043279104, 5.043459620
5.053278958, 5.053462970
5.063278954, 5.063480859
5.073278964, 5.073453499
5.083279054, 5.083474906
5.093278968, 5.093482868
5.103278950, 5.103471750
5.113278969, 5.113471749
5.123278961, 5.123437666
5.133278963, 5.133445853
5.143279042, 5.143463338
5.153278954, 5.153454228
5.163279081, 5.163468304
5.173278964, 5.173482073
5.183278969, 5.183455947
5.193278962, 5.193448912
5.203278969, 5.203505513
5.213278960, 5.213438055
5.223279086, 5.223471041
5.233278965, 5.233464683
5.243278965, 5.243475406
5.253278955, 5.253441917
5.263278969, 5.263465606
5.273279091, 5.273457560
5.283279055, 5.283470153
5.293278963, 5.293452296
5.303279053, 5.303474416
5.313279074, 5.313446208
5.323283719, 5.323450206
5.333286160, 5.333480244
5.343279059, 5.343477177
5.353278945, 5.353498114
5.363278965, 5.363453205
5.373278969, 5.373459888
5.383278945, 5.383457301
5.393279096, 5.393442899
5.403278964, 5.403460730
5.413279044, 5.413447906
5.423278962, 5.423458993
5.433278959, 5.433460224
5.443278966, 5.443428505
5.453279090, 5.453471133
5.463279044, 5.463477785
5.473278961, 5.473461843
5.483279027, 5.483479884
5.493279033, 5.493467781
5.503279182, 5.503453609
5.513278961, 5.513459792
5.523278968, 5.523461131
5.533278962, 5.533438303
5.543278965, 5.543465143
5.553279027, 5.553455385
5.563278946, 5.563466186
5.573278965, 5.573447850
5.583279146, 5.583474115
5.593279059, 5.593458125
5.603278961, 5.603457293
5.613278969, 5.613464266
5.623279050, 5.623468919
5.633278964, 5.633459681
5.643278969, 5.643492026
5.653278968, 5.653470405
5.663278964, 5.663473944
5.673278962, 5.673449681
5.683279046, 5.683504184
5.693278969, 5.693489110
5.703279044, 5.703454496
5.713279026, 5.713453266
5.723278963, 5.723469977
5.733279178, 5.733446364
5.743279045, 5.743477102
5.753279040, 5.753454801
5.763279038, 5.763475701
5.773278962, 5.773482945
5.783279036, 5.783478886
5.793278965, 5.793454042
5.803278965, 5.803501876
5.813279081, 5.813501402
5.823278963, 5.823464705
5.833279058, 5.833470652
5.843278958, 5.843460263
5.853278965, 5.853479415
5.863279031, 5.863468878
5.873278960, 5.873487399
5.883278965, 5.883457942
5.893278945, 5.893508218
5.903278960, 5.903460224
5.913278993, 5.913460736
5.923278951, 5.923464000
5.933278969, 5.933388392
5.943278973, 5.943374163
5.953278976, 5.953420570
5.963279029, 5.963412007
5.973278966, 5.973394183
5.983278959, 5.983392889
5.993278961, 5.993427575
6.003278950, 6.003417533
6.013278962, 6.013408247
6.023278988, 6.023451599
6.033278997, 6.033466644
6.043278948, 6.043413600
6.053278961, 6.053454995
6.063278967, 6.063431669
6.073278946, 6.073428913
6.083278962, 6.083425470
6.093278973, 6.093420886
6.103278965, 6.103442233
6.113278954, 6.113411853
6.123278959, 6.123395368
6.133279043, 6.133444614
6.143278962, 6.143414012
6.153278954, 6.153414531
6.163278956, 6.163425219
6.173278953, 6.173411680
6.183278947, 6.183395988
6.193279007, 6.193404085
6.203278984, 6.203430248
6.213278961, 6.213408793
6.223278955, 6.223527236
6.233278957, 6.233420721
6.243278971, 6.243437671
6.253278952, 6.253403139
6.263278960, 6.263451734
6.273278973, 6.273440033
6.283278958, 6.283417541
6.293278950, 6.293424947
6.303278963, 6.303405979
6.313279048, 6.313428194
6.323278965, 6.323416550
6.333278958, 6.333418890
6.343279055, 6.343408299
6.353278991, 6.353416869
6.363278965, 6.363419641
6.373279006, 6.373412124
6.383278966, 6.383418675
6.393278954, 6.393413803
6.403278968, 6.403408174
6.413278968, 6.413417515
6.423278969, 6.423432138
6.433279036, 6.433419326
6.443278968, 6.443566744
6.453278971, 6.453412200
6.463278958, 6.463473572
6.473278971, 6.473393487
6.483278982, 6.483417905
6.493278965, 6.493404866
6.503279018, 6.503436780
6.513278968, 6.513455887
6.523278954, 6.523446517
6.533278958, 6.533438770
6.543278966, 6.543406267
6.553278963, 6.553424444
6.563278966, 6.563408640
6.573278996, 6.573431846
6.583278968, 6.583416383
6.593278961, 6.593429371
6.603278961, 6.603451194
6.613278954, 6.613423595
6.623278943, 6.623426409
6.633278987, 6.633456510
6.643278958, 6.643413746
6.653278963, 6.653426923
6.663278965, 6.663422090
6.673278958, 6.673437496
6.683278988, 6.683455975
6.693278973, 6.693396299
6.703278969, 6.703416075
6.713278955, 6.713414913
6.723279056, 6.723430350
6.733278948, 6.733413808
6.743278964, 6.743437103
6.753278954, 6.753430148
6.763278964, 6.763418750
6.773279043, 6.773389187
6.783279043, 6.783410429
6.793278969, 6.793414452
6.803278959, 6.803397429
6.813279070, 6.813427818
6.823279087, 6.823435145
6.833278956, 6.833431187
6.843278961, 6.843427123
6.853279047, 6.853424637
6.863279033, 6.863488420
6.873279026, 6.873443937
6.883278967, 6.883518762
6.893278950, 6.893413154
6.903278969, 6.903410570
6.913278967, 6.913440252
6.923279048, 6.923437439
6.933279099, 6.933450934
6.943279050, 6.943489828
6.953278968, 6.953405311
6.963279056, 6.963445692
6.973278961, 6.973437737
6.983279063, 6.983440104
6.993278954, 6.993450217
7.003278965, 7.003467294
7.013279162, 7.013450221
7.023278953, 7.023465155
7.033278947, 7.033447224
7.043278943, 7.043467984
7.053278968, 7.053447984
7.063278955, 7.063524465
7.073279050, 7.073440338
7.083278973, 7.083474231
7.093278958, 7.093440767
7.103278968, 7.103459857
7.113278975, 7.113440520
7.123278964, 7.123472986
7.133279006, 7.133467891
7.143278998, 7.143458193
7.153278955, 7.153465799
7.163278947, 7.163472565
7.173278956, 7.173436718
7.183278989, 7.183469753
7.193278946, 7.193459217
7.203279008, 7.203480875
7.213278961, 7.213476939
7.223278946, 7.223523915
7.233278950, 7.233442876
7.243278947, 7.243440230
7.253278969, 7.253449418
7.263278979, 7.263457764
7.273278991, 7.273467839
7.283278952, 7.283448996
7.293278972, 7.293453478
7.303278967, 7.303447573
7.313278952, 7.313452241
7.323278959, 7.323459633
7.333278958, 7.333447124
7.343278963, 7.343451317
7.353278961, 7.353441688
7.363278963, 7.363460190
7.373278965, 7.373447872
7.383278961, 7.383458141
7.393278949, 7.393432486
7.403278977, 7.403478119
7.413278982, 7.413477813
7.423278947, 7.423450492
7.433278949, 7.433451336
7.443278961, 7.443453352
7.453278955, 7.453447095
7.463279063, 7.463451911
7.473278949, 7.473448884
7.483279042, 7.483454257
7.493278993, 7.493477323
7.503278993, 7.503520299
7.513279027, 7.513448048
7.523278950, 7.523466656
7.533278946, 7.533437780
7.543278966, 7.543452168
7.553278953, 7.553428194
7.563279003, 7.563402502
7.573278939, 7.573401759
7.583278950, 7.583437613
7.593278975, 7.593440073
7.603278950, 7.603431392
7.613278950, 7.613415372
7.623278993, 7.623440226
7.633278976, 7.633404195
7.643278965, 7.643430003
7.653279004, 7.653431369
7.663278965, 7.663380176
7.673278959, 7.673361651
7.683278967, 7.683351026
7.693278965, 7.693406329
7.703278965, 7.703387939
7.713278937, 7.713427778
7.723278946, 7.723417422
7.733278939, 7.733442099
7.743278940, 7.743420642
7.753278935, 7.753417358
7.763278939, 7.763446229
7.773278946, 7.773422718
7.783278948, 7.783397186
7.793278943, 7.793422254
7.803278954, 7.803436614
7.813278939, 7.813429799
7.823278948, 7.823409212
7.833278939, 7.833409967
7.843278961, 7.843398788
7.853278943, 7.853402988
7.863278945, 7.863432155
7.873278940, 7.873418419
7.883278940, 7.883420901
7.893278942, 7.893436170
7.903278942, 7.903441060
7.913278939, 7.913421842
7.923278943, 7.923440185
7.933278942, 7.933420488
7.943278940, 7.943418966
7.953278951, 7.953449013
7.963278942, 7.963410477
7.973278943, 7.973420490
7.983278954, 7.983430273
7.993278940, 7.993480217
8.003278943, 8.003391805
8.013278942, 8.013437653
8.023278937, 8.023409106
8.033278942, 8.033432556
8.043278950, 8.043439798
8.053278937, 8.053464510
8.063278953, 8.063460683
8.073278937, 8.073441200
8.083278951, 8.083437571
8.093278942, 8.093439625
8.103278942, 8.103414902
8.113278958, 8.113421535
8.123279008, 8.123413251
8.133278943, 8.133442224
8.143278945, 8.143414227
8.153278943, 8.153400874
8.163278945, 8.163407709
8.173278939, 8.173422797
8.183278940, 8.183436347
8.193278953, 8.193397617
8.203278950, 8.203461486
8.213278946, 8.213447012
8.223278932, 8.223435848
8.233278942, 8.233414624
8.243278937, 8.243454831
8.253278937, 8.253415093
8.263278942, 8.263407742
8.273278942, 8.273425794
8.283278958, 8.283440995
8.293278940, 8.293416105
8.303278959, 8.303405543
8.313278937, 8.313416554
8.323278942, 8.323442252
8.333278940, 8.333414181
8.343280015, 8.343430358
8.353278939, 8.353421772
8.363278939, 8.363437039
8.373278948, 8.373428688
8.383278942, 8.383426517
8.393278939, 8.393432659
8.403278945, 8.403409411
8.413278940, 8.413439391
8.423278939, 8.423448958
8.433278935, 8.433458302
8.443278948, 8.443462898
8.453278935, 8.453454643
8.463278942, 8.463458440
8.473278953, 8.473450188
8.483278951, 8.483443070
8.493278940, 8.493437721
8.503278994, 8.503443777
8.513278937, 8.513450865
8.523278954, 8.523478644
8.533278937, 8.533463019
8.543280524, 8.543444380
8.553278945, 8.553435006
8.563279831, 8.563454353
8.573278943, 8.573451812
8.583278940, 8.583451465
8.593278945, 8.593453967
8.603278964, 8.603480851
8.613278951, 8.613445644
8.623278937, 8.623467074
8.633278942, 8.633464028
8.643278956, 8.643453527
8.653278945, 8.653458406
8.663278937, 8.663473434
8.673278937, 8.673454891
8.683278962, 8.683504917
8.693278943, 8.693445307
8.703278937, 8.703454057
8.713278943, 8.713486518
8.723278935, 8.723452188
8.733278943, 8.733444597
8.743278942, 8.743452414
8.753278940, 8.753444183
8.763278934, 8.763486690
8.773278934, 8.773482497
8.783278948, 8.783511444
8.793278945, 8.793446978
8.803278945, 8.803477480
8.813278935, 8.813430987
8.823278940, 8.823470279
8.833278945, 8.833432564
8.843278939, 8.843458279
8.853278945, 8.853467361
8.863278940, 8.863470660
8.873278943, 8.873435325
8.883278943, 8.883462242
8.893278942, 8.893456360
8.903278953, 8.903449992
8.913278950, 8.913452283
8.923278939, 8.923461780
8.933278940, 8.933434866
8.943278940, 8.943519918
8.953278951, 8.953474421
8.963278945, 8.963499347
8.973278942, 8.973454634
8.983278937, 8.983456624
8.993278939, 8.993463513
9.003278946, 9.003492359
9.013278941, 9.013452680
9.023278941, 9.023472012
9.033278950, 9.033445865
9.043278941, 9.043441654
9.053278950, 9.053448254
9.063278941, 9.063444883
9.073278946, 9.073460818
9.083278950, 9.083455154
9.093278936, 9.093438801
9.103278939, 9.103465418
9.113278938, 9.113445250
9.123278939, 9.123471316
9.133278944, 9.133472493
9.143278943, 9.143450102
9.153278947, 9.153497246
9.163278943, 9.163509975
9.173278938, 9.173462458
9.183278936, 9.183466742
9.193278954, 9.193459859
9.203278946, 9.203441899
9.213278939, 9.213471336
9.223278950, 9.223467989
9.233278941, 9.233457616
9.243278946, 9.243500440
9.253278952, 9.253438244
9.263278944, 9.263479823
9.273278957, 9.273443846
9.283278936, 9.283435261
9.293278938, 9.293447702
9.303278943, 9.303440049
9.313278954, 9.313445365
9.323278952, 9.323461588
9.333278938, 9.333450452
9.343278936, 9.343443238
9.353278944, 9.353448538
9.363278960, 9.363451273
9.373278952, 9.373443696
9.383278939, 9.383505057
9.393278938, 9.393448082
9.403278946, 9.403460443
9.413278952, 9.413455358
9.423278939, 9.423454109
9.433278947, 9.433485835
9.443278943, 9.443465242
9.453278947, 9.453425889
9.463278941, 9.463486018
9.473278952, 9.473451259
9.483278949, 9.483473097
9.493278952, 9.493461438
9.503278946, 9.503477879
9.513278941, 9.513464391
9.523278950, 9.523474252
9.533278931, 9.533480948
9.543278943, 9.543425733
9.553278944, 9.553468590
9.563278941, 9.563503093
9.573278955, 9.573445985
9.583278939, 9.583451352
9.593278935, 9.593437109
9.603278949, 9.603454271
9.613278939, 9.613433389
9.623278952, 9.623438405
9.633278941, 9.633458864
9.643278947, 9.643445257
9.653278946, 9.653444113
9.663278954, 9.663438827
9.673278944, 9.673425164
9.683278935, 9.683450381
9.693278947, 9.693460713
9.703278943, 9.703465927
9.713279495, 9.713441948
9.723278946, 9.723453496
9.733278941, 9.733465966
9.743278939, 9.743508826
9.753278938, 9.753486729
9.763278943, 9.763462278
9.773278935, 9.773484727
9.783278938, 9.783462332
9.793278939, 9.793471382
9.803278944, 9.803470831
9.813278936, 9.813434551
9.823278941, 9.823438572
9.833278952, 9.833457882
9.843278936, 9.843439172
9.853278943, 9.853442933
9.863278946, 9.863448291
9.873278944, 9.873439131
9.883278944, 9.883443386
9.893278943, 9.893457301
9.903278950, 9.903504098
9.913278946, 9.913453940
9.923278943, 9.923435819
9.933278944, 9.933474729
9.943278946, 9.943446930
9.953278949, 9.953457219
9.963278946, 9.963464253
9.973278939, 9.973426308
9.983278950, 9.983443494
9.993278954, 9.993430441
10.003278944, 10.003424700
10.013278936, 10.013431156
10.023278939, 10.023443917
10.033278939, 10.033424258
10.043278933, 10.043428938
10.053278931, 10.053423887
10.063278933, 10.063446481
10.073278930, 10.073428188
10.083278935, 10.083442319
10.093278931, 10.093434118
10.103278931, 10.103450649
10.113278935, 10.113435055
10.123278933, 10.123440379
10.133278927, 10.133428910
10.143278946, 10.143453278
10.153278939, 10.153424625
10.163278939, 10.163442089
10.173278933, 10.173428809
10.183278938, 10.183449197
10.193278927, 10.193432499
10.203278939, 10.203442316
10.213278941, 10.213433589
10.223278935, 10.223449963
10.233278935, 10.233434943
10.243278935, 10.243443768
10.253278931, 10.253430001
10.263278936, 10.263451633
10.273278939, 10.273430490
10.283278939, 10.283441480
10.293278939, 10.293426320
10.303278941, 10.303451071
10.313278936, 10.313430297
10.323278944, 10.323440574
10.333278931, 10.333421418
10.343278941, 10.343440762
10.353278936, 10.353430892
10.363278931, 10.363449779
10.373278935, 10.373420048
10.383278939, 10.383449727
10.393278930, 10.393434244
10.403278930, 10.403439988
10.413278938, 10.413431511
10.423278938, 10.423440866
10.433278938, 10.433430451
10.443278933, 10.443441873
10.453278936, 10.453427891
10.463278931, 10.463450589
10.473278943, 10.473433228
10.483278935, 10.483451349
10.493278935, 10.493422218
10.503278934, 10.503450081
10.513278931, 10.513428010
10.523278946, 10.523440634
10.533278946, 10.533420097
10.543278935, 10.543450184
10.553278930, 10.553430459
10.563278939, 10.563440494
10.573278938, 10.573428579
10.583278931, 10.583440136
10.593278944, 10.593431374
10.603278946, 10.603441943
10.613278933, 10.613426894
10.623278936, 10.623442665
10.633278931, 10.633439225
10.643278935, 10.643441623
10.653278939, 10.653422798
10.663278933, 10.663448668
10.673278928, 10.673422026
10.683278933, 10.683439862
10.693278935, 10.693419678
10.703278930, 10.703442032
10.713278936, 10.713434402
10.723278933, 10.723443751
10.733278939, 10.733465369
10.743278935, 10.743439082
10.753278935, 10.753430302
10.763278931, 10.763437906
10.773278939, 10.773427969
10.783278938, 10.783451684
10.793278928, 10.793429494
10.803278939, 10.803449484
10.813278933, 10.813431991
10.823278938, 10.823447913
10.833278935, 10.833428626
10.843278928, 10.843451055
10.853278939, 10.853429085
10.863278939, 10.863499611
10.873278931, 10.873432165
10.883278938, 10.883451499
10.893278946, 10.893428592
10.903278935, 10.903448707
10.913278928, 10.913430260
10.923278938, 10.923438902
10.933278933, 10.933430354
10.943278931, 10.943441184
10.953278938, 10.953438564
10.963278930, 10.963444718
10.973278927, 10.973427134
10.983278946, 10.983447373
10.993278930, 10.993429071
11.003278931, 11.003450360
11.013278933, 11.013430858
11.023278931, 11.023440523
11.033278925, 11.033433455
11.043278939, 11.043451103
11.053278935, 11.053431682
11.063278939, 11.063450992
11.073278930, 11.073433382
11.083278939, 11.083449355
11.093278930, 11.093432545
11.103278938, 11.103446374
11.113278933, 11.113437507
11.123278939, 11.123441549
11.133278938, 11.133432369
11.143278933, 11.143451756
11.153278933, 11.153431346
11.163278935, 11.163450863
11.173278946, 11.173431444
11.183278931, 11.183453029
11.193278947, 11.193436641
11.203278928, 11.203452566
11.213278933, 11.213433300
11.223278938, 11.223449760
11.233278931, 11.233436435
11.243278946, 11.243451704
11.253278933, 11.253432885
11.263278935, 11.263451982
11.273278928, 11.273436249
11.283278935, 11.283449574
11.293278939, 11.293436607
11.303278938, 11.303451440
11.313278944, 11.313434924
11.323278941, 11.323452966
11.333278930, 11.333432914
11.343278931, 11.343451748
11.353278933, 11.353434363
11.363278936, 11.363449965
11.373278954, 11.373435436
11.383278946, 11.383444274
11.393278927, 11.393436228
11.403278939, 11.403452595
11.413278969, 11.413435298
11.423278941, 11.423452961
11.433278931, 11.433438355
11.443278963, 11.443450712
11.453278927, 11.453434447
11.463278936, 11.463450867
11.473278939, 11.473439122
11.483278943, 11.483451335
11.493278936, 11.493437569
11.503278933, 11.503445054
11.513278930, 11.513439256
11.523278943, 11.523451175
11.533278936, 11.533436324
11.543278939, 11.543450708
11.553278936, 11.553434078
11.563278933, 11.563454128
11.573278928, 11.573435971
11.583278935, 11.583466888
11.593278935, 11.593443170
11.603278941, 11.603452287
11.613278939, 11.613432598
11.623278938, 11.623451543
11.633278933, 11.633434890
11.643278939, 11.643450886
11.653278938, 11.653439200
11.663278933, 11.663508790
11.673278941, 11.673441782
11.683278935, 11.683452734
11.693278935, 11.693435332
11.703278938, 11.703506777
11.713278935, 11.713436386
11.723278930, 11.723451562
11.733278941, 11.733433936
11.743278933, 11.743509964
11.753278933, 11.753440533
11.763278936, 11.763517966
11.773278936, 11.773441703
11.783278936, 11.783452996
11.793278963, 11.793436015
11.803278936, 11.803452086
11.813278931, 11.813437472
11.823278935, 11.823442491
11.833278938, 11.833446396
11.843278935, 11.843453052
11.853278931, 11.853428867
11.863278941, 11.863454136
11.873278933, 11.873441464
11.883278939, 11.883452441
11.893278938, 11.893438474
11.903278939, 11.903508159
11.913278939, 11.913441433
11.923278960, 11.923455385
11.933278928, 11.933437129
11.943278935, 11.943507806
11.953278935, 11.953440681
11.963278936, 11.963507728
11.973278943, 11.973469985
11.983278941, 11.983444842
11.993278930, 11.993444800
12.003278935, 12.003501115
12.013278941, 12.013438877
12.023278944, 12.023454442
12.033278941, 12.033439504
12.043278936, 12.043448330
12.053278935, 12.053436134
------------------------------
