------------------------------
test was performed using the following parameters: --mps=100 --burst=1 --reply-every=1 --msg-size=12 --time=10
------------------------------
sockperf: [Total Run] RunTime=10.100 sec; SentMessages=1011; ReceivedMessages=1010
sockperf: ========= Printing statistics for Server No: 0
sockperf: [Valid Duration] RunTime=9.990 sec; SentMessages=1000; ReceivedMessages=1000
sockperf: [2;35m====> avg-lat= 65.234 (std-dev=21.711)[0m
sockperf: # dropped messages = 0; # duplicated messages = 0; # out-of-order messages = 0
sockperf: [2;35mTotal 1000 observations[0m; each percentile contains 10.00 observations
sockperf: ---> <MAX> observation =  141.003
sockperf: ---> percentile  99.99 =  141.003
sockperf: ---> percentile  99.90 =  137.330
sockperf: ---> percentile  99.50 =  126.832
sockperf: ---> percentile  99.00 =  117.320
sockperf: ---> percentile  95.00 =   95.227
sockperf: ---> percentile  90.00 =   90.394
sockperf: ---> percentile  75.00 =   86.257
sockperf: ---> percentile  50.00 =   61.314
sockperf: ---> percentile  25.00 =   46.170
sockperf: ---> <MIN> observation =   26.385
------------------------------
txTime, rxTime
2.062650444, 2.062834954
2.072650449, 2.072854240
2.082650448, 2.082771187
2.092650451, 2.092774956
2.102650451, 2.102796982
2.112650460, 2.112854357
2.122650453, 2.122845362
2.132650446, 2.132799551
2.142650445, 2.142867190
2.152650451, 2.152759509
2.162650443, 2.162831232
2.172650463, 2.172771306
2.182650444, 2.182775960
2.192650448, 2.192821160
2.202650445, 2.202818451
2.212650449, 2.212755893
2.222650448, 2.222841744
2.232650468, 2.232816926
2.242650452, 2.242825715
2.252650451, 2.252748287
2.262650445, 2.262790085
2.272650463, 2.272747508
2.282650466, 2.282756135
2.292650460, 2.292793245
2.302650453, 2.302825256
2.312650465, 2.312790893
2.322650453, 2.322801095
2.332650462, 2.332809834
2.342650445, 2.342750847
2.352650445, 2.352739414
2.362650438, 2.362731142
2.372650438, 2.372724825
2.382650443, 2.382728091
2.392650432, 2.392736607
2.402650462, 2.402776804
2.412650460, 2.412730717
2.422650438, 2.422759714
2.432650459, 2.432730746
2.442650437, 2.442729291
2.452650462, 2.452729549
2.462650457, 2.462729168
2.472650454, 2.472731342
2.482650449, 2.482791705
2.492650445, 2.492767940
2.502650457, 2.502739355
2.512650457, 2.512711305
2.522650456, 2.522735685
2.532650451, 2.532726820
2.542650446, 2.542731600
2.552650438, 2.552772798
2.562650454, 2.562727464
2.572650460, 2.572739745
2.582650441, 2.582731560
2.592650439, 2.592760329
2.602650445, 2.602734631
2.612650442, 2.612738036
2.622650447, 2.622732444
2.632650442, 2.632727677
2.642650458, 2.642739050
2.652650460, 2.652745408
2.662650447, 2.662716420
2.672650458, 2.672714269
2.682650445, 2.682723188
2.692650434, 2.692720493
2.702650434, 2.702703206
2.712650450, 2.712735728
2.722650443, 2.722778286
2.732650453, 2.732735516
2.742650459, 2.742765425
2.752650456, 2.752737361
2.762650459, 2.762749947
2.772650511, 2.772741506
2.782650440, 2.782734207
2.792650454, 2.792755246
2.802650451, 2.802892919
2.812650456, 2.812796139
2.822650438, 2.822718078
2.832650442, 2.832739749
2.842650437, 2.842721304
2.852650443, 2.852729667
2.862650445, 2.862800537
2.872650443, 2.872803582
2.882650443, 2.882794532
2.892650460, 2.892803615
2.902650473, 2.902803875
2.912650466, 2.912817894
2.922650462, 2.922794618
2.932650465, 2.932757985
2.942650449, 2.942794279
2.952650454, 2.952743011
2.962650495, 2.962739449
2.972650460, 2.972732374
2.982650453, 2.982744288
2.992650457, 2.992745526
3.002650454, 3.002753232
3.012650457, 3.012735798
3.022650451, 3.022737134
3.032650466, 3.032786105
3.042650470, 3.042765832
3.052650471, 3.052759881
3.062650463, 3.062766800
3.072650449, 3.072756303
3.082650465, 3.082760932
3.092650572, 3.092734863
3.102650468, 3.102791276
3.112650470, 3.112727644
3.122650459, 3.122773087
3.132655213, 3.132744687
3.142650462, 3.142729231
3.152650468, 3.152743295
3.162650466, 3.162731011
3.172650460, 3.172768348
3.182658394, 3.182778648
3.192654598, 3.192752790
3.202650470, 3.202745101
3.212650463, 3.212723615
3.222650438, 3.222737250
3.232650443, 3.232742576
3.242650447, 3.242754352
3.252650438, 3.252779478
3.262650438, 3.262814634
3.272650449, 3.272814113
3.282650457, 3.282792840
3.292650443, 3.292805726
3.302650443, 3.302784947
3.312650455, 3.312766890
3.322650447, 3.322807365
3.332650451, 3.332819275
3.342650438, 3.342785588
3.352650451, 3.352818305
3.362650456, 3.362792637
3.372650443, 3.372781114
3.382650437, 3.382790086
3.392650446, 3.392803972
3.402650443, 3.402744792
3.412650449, 3.412845935
3.422650440, 3.422778849
3.432650453, 3.432749446
3.442650438, 3.442775356
3.452650442, 3.452756599
3.462650438, 3.462735639
3.472650440, 3.472725196
3.482650445, 3.482724786
3.492650437, 3.492743879
3.502650446, 3.502758650
3.512650448, 3.512752293
3.522650457, 3.522751025
3.532650456, 3.532875535
3.542650443, 3.542795233
3.552650445, 3.552745966
3.562650443, 3.562712645
3.572650451, 3.572730209
3.582650442, 3.582794901
3.592650438, 3.592766977
3.602650445, 3.602818820
3.612650440, 3.612751442
3.622650438, 3.622743775
3.632650449, 3.632817470
3.642650438, 3.642734889
3.652650453, 3.652762809
3.662650451, 3.662761053
3.672650459, 3.672803991
3.682650442, 3.682765911
3.692650443, 3.692749948
3.702650457, 3.702753026
3.712650443, 3.712732113
3.722650438, 3.722782069
3.732650442, 3.732785883
3.742650437, 3.742714185
3.752650445, 3.752784062
3.762650445, 3.762747091
3.772650456, 3.772737984
3.782650438, 3.782732978
3.792650438, 3.792713089
3.802650438, 3.802724277
3.812650440, 3.812735760
3.822650440, 3.822746781
3.832650438, 3.832790351
3.842650457, 3.842723859
3.852650445, 3.852792700
3.862650446, 3.862759703
3.872650445, 3.872719349
3.882650453, 3.882752012
3.892650456, 3.892737196
3.902650440, 3.902748519
3.912650449, 3.912750264
3.922650435, 3.922720379
3.932650443, 3.932767163
3.942650443, 3.942733108
3.952650442, 3.952737260
3.962650445, 3.962721345
3.972650438, 3.972735306
3.982650438, 3.982715757
3.992650448, 3.992718353
4.002650442, 4.002768575
4.012650440, 4.012793193
4.022650453, 4.022734982
4.032650448, 4.032775629
4.042650446, 4.042778209
4.052650449, 4.052745550
4.062650438, 4.062783034
4.072650445, 4.072738381
4.082650454, 4.082760241
4.092650440, 4.092793054
4.102650435, 4.102799294
4.112650442, 4.112804282
4.122650446, 4.122731080
4.132650458, 4.132774618
4.142650447, 4.142737108
4.152650453, 4.152709026
4.162650452, 4.162867250
4.172650760, 4.172759989
4.182650443, 4.182800976
4.192650457, 4.192880790
4.202650451, 4.202827262
4.212650465, 4.212844846
4.222650446, 4.222821626
4.232650449, 4.232842832
4.242650448, 4.242790495
4.252650446, 4.252900236
4.262650448, 4.262883423
4.272650464, 4.272819034
4.282650448, 4.282904728
4.292650443, 4.292878888
4.302650442, 4.302915358
4.312650448, 4.312814676
4.322650468, 4.322790491
4.332650467, 4.332819138
4.342650451, 4.342830775
4.352650446, 4.352824312
4.362650459, 4.362814864
4.372650464, 4.372839019
4.382650462, 4.382867542
4.392650462, 4.392819053
4.402650454, 4.402807922
4.412650457, 4.412830718
4.422650460, 4.422817015
4.432650462, 4.432810825
4.442650457, 4.442744960
4.452650451, 4.452787568
4.462650445, 4.462811977
4.472650454, 4.472925115
4.482650462, 4.482878320
4.492650459, 4.492868975
4.502650456, 4.502853742
4.512650460, 4.512795490
4.522650445, 4.522781517
4.532650451, 4.532800067
4.542650457, 4.542736654
4.552650442, 4.552857547
4.562650449, 4.562837159
4.572650464, 4.572820234
4.582650446, 4.582839912
4.592650451, 4.592811277
4.602650465, 4.602819116
4.612650464, 4.612895820
4.622650449, 4.622846001
4.632650456, 4.632854285
4.642650443, 4.642839279
4.652650446, 4.652830934
4.662650459, 4.662829575
4.672650464, 4.672814615
4.682650440, 4.682840895
4.692650457, 4.692842754
4.702650457, 4.702788453
4.712650459, 4.712834291
4.722650460, 4.722742597
4.732650457, 4.732749724
4.742650442, 4.742818178
4.752650457, 4.752921384
4.762650457, 4.762849538
4.772650442, 4.772827559
4.782650451, 4.782803810
4.792650449, 4.792884494
4.802650456, 4.802822461
4.812650457, 4.812829162
4.822650448, 4.822812259
4.832650453, 4.832780614
4.842650460, 4.842848946
4.852650457, 4.852879984
4.862650448, 4.862855771
4.872650457, 4.872872505
4.882650442, 4.882816800
4.892650445, 4.892792983
4.902650465, 4.902750346
4.912650457, 4.912745448
4.922650446, 4.922734611
4.932650448, 4.932745343
4.942650454, 4.942787771
4.952650446, 4.952878079
4.962650457, 4.962904123
4.972650445, 4.972781673
4.982650460, 4.982747525
4.992650445, 4.992758523
5.002650440, 5.002785931
5.012650444, 5.012734159
5.022650450, 5.022838426
5.032650453, 5.032776508
5.042650440, 5.042773832
5.052650437, 5.052787578
5.062650437, 5.062860945
5.072650446, 5.072768161
5.082650445, 5.082793208
5.092650446, 5.092783835
5.102650451, 5.102779589
5.112650458, 5.112750964
5.122650445, 5.122779236
5.132650445, 5.132778672
5.142650439, 5.142740359
5.152650442, 5.152805102
5.162650442, 5.162812777
5.172650443, 5.172775864
5.182650445, 5.182763882
5.192650448, 5.192775675
5.202650454, 5.202753881
5.212650454, 5.212726887
5.222650453, 5.222792137
5.232650449, 5.232770046
5.242650451, 5.242774991
5.252650456, 5.252741755
5.262650446, 5.262763727
5.272650451, 5.272718464
5.282650453, 5.282799594
5.292650462, 5.292819685
5.302650440, 5.302893836
5.312650448, 5.312829293
5.322650451, 5.322794192
5.332650453, 5.332861585
5.342650445, 5.342759769
5.352650467, 5.352787346
5.362650451, 5.362777461
5.372650457, 5.372749314
5.382650446, 5.382751238
5.392650449, 5.392758455
5.402650445, 5.402820871
5.412650456, 5.412814656
5.422650446, 5.422761138
5.432650445, 5.432756226
5.442650443, 5.442757873
5.452650453, 5.452932459
5.462650457, 5.462829239
5.472650457, 5.472773834
5.482650451, 5.482772555
5.492650439, 5.492799505
5.502650442, 5.502802482
5.512650459, 5.512758243
5.522650442, 5.522836146
5.532650443, 5.532746208
5.542650446, 5.542742787
5.552650456, 5.552741426
5.562650446, 5.562729151
5.572650459, 5.572739370
5.582650438, 5.582770982
5.592650453, 5.592767539
5.602650440, 5.602734364
5.612650442, 5.612721506
5.622650446, 5.622774548
5.632650438, 5.632731247
5.642650459, 5.642847313
5.652650445, 5.652725595
5.662650435, 5.662735211
5.672650459, 5.672770420
5.682650454, 5.682776842
5.692650437, 5.692751785
5.702650438, 5.702736528
5.712650442, 5.712806324
5.722650440, 5.722750848
5.732650445, 5.732752752
5.742650438, 5.742738866
5.752650459, 5.752769187
5.762650442, 5.762796833
5.772650457, 5.772822972
5.782650490, 5.782737802
5.792650446, 5.792848496
5.802650465, 5.802749348
5.812650443, 5.812806305
5.822650446, 5.822762234
5.832650453, 5.832721358
5.842650451, 5.842795830
5.852650449, 5.852834693
5.862650448, 5.862739695
5.872650434, 5.872785365
5.882650438, 5.882750193
5.892650453, 5.892746790
5.902650448, 5.902790695
5.912650457, 5.912865277
5.922650451, 5.922752194
5.932650449, 5.932820525
5.942650446, 5.942722024
5.952650449, 5.952717895
5.962650453, 5.962827856
5.972650457, 5.972885098
5.982650449, 5.982844148
5.992650443, 5.992745368
6.002650451, 6.002838061
6.012650456, 6.012742101
6.022650451, 6.022812396
6.032650449, 6.032767709
6.042650456, 6.042781522
6.052650460, 6.052815884
6.062650443, 6.062790837
6.072650462, 6.072780449
6.082650462, 6.082777001
6.092650464, 6.092764796
6.102650442, 6.102719758
6.112650454, 6.112728660
6.122650443, 6.122729240
6.132650451, 6.132725415
6.142650460, 6.142764032
6.152650440, 6.152747283
6.162650442, 6.162747223
6.172650435, 6.172739695
6.182650440, 6.182751120
6.192650456, 6.192739711
6.202650437, 6.202769077
6.212650445, 6.212738925
6.222650453, 6.222745033
6.232650435, 6.232782944
6.242650440, 6.242734156
6.252650448, 6.252770866
6.262650440, 6.262747241
6.272650457, 6.272828192
6.282650446, 6.282735896
6.292650451, 6.292791158
6.302650443, 6.302740748
6.312650443, 6.312756033
6.322650445, 6.322751622
6.332650459, 6.332733460
6.342650453, 6.342757110
6.352650456, 6.352725332
6.362650435, 6.362730198
6.372650440, 6.372740328
6.382650435, 6.382740440
6.392650449, 6.392749102
6.402650453, 6.402729033
6.412650440, 6.412769116
6.422650443, 6.422727964
6.432650437, 6.432728221
6.442650440, 6.442822055
6.452650453, 6.452813905
6.462650440, 6.462747375
6.472650443, 6.472781613
6.482650440, 6.482757623
6.492650435, 6.492851086
6.502650449, 6.502823365
6.512650458, 6.512763195
6.522650443, 6.522807525
6.532650457, 6.532784408
6.542650440, 6.542818370
6.552650440, 6.552749252
6.562650440, 6.562743813
6.572650442, 6.572792991
6.582650443, 6.582784716
6.592650456, 6.592803549
6.602650435, 6.602742084
6.612650438, 6.612745221
6.622650437, 6.622854379
6.632650443, 6.632732318
6.642650467, 6.642805418
6.652650457, 6.652803568
6.662650434, 6.662816227
6.672650440, 6.672727176
6.682650453, 6.682750682
6.692650453, 6.692719477
6.702650451, 6.702766656
6.712650437, 6.712722015
6.722650453, 6.722731291
6.732650440, 6.732720461
6.742650438, 6.742737699
6.752650437, 6.752750618
6.762650454, 6.762750105
6.772650457, 6.772743030
6.782650434, 6.782752893
6.792650437, 6.792717283
6.802650438, 6.802774366
6.812650442, 6.812767561
6.822650460, 6.822736337
6.832650459, 6.832716094
6.842650442, 6.842768421
6.852650449, 6.852798601
6.862650440, 6.862744583
6.872650445, 6.872750698
6.882650464, 6.882776428
6.892650438, 6.892735683
6.902650438, 6.902749341
6.912650435, 6.912723494
6.922650446, 6.922726085
6.932650446, 6.932742987
6.942650457, 6.942830387
6.952650435, 6.952772130
6.962650459, 6.962735475
6.972650445, 6.972757208
6.982650440, 6.982766756
6.992650442, 6.992809800
7.002650443, 7.002802668
7.012650454, 7.012772783
7.022650440, 7.022790567
7.032650440, 7.032795081
7.042650438, 7.042794835
7.052650442, 7.052768205
7.062650443, 7.062816770
7.072650442, 7.072761631
7.082650440, 7.082870096
7.092650446, 7.092754914
7.102650442, 7.102753746
7.112650438, 7.112752022
7.122650454, 7.122744231
7.132650446, 7.132727951
7.142650438, 7.142727956
7.152650438, 7.152732852
7.162650437, 7.162736877
7.172650443, 7.172792065
7.182650446, 7.182773965
7.192650440, 7.192757732
7.202650435, 7.202736013
7.212650438, 7.212769187
7.222650457, 7.222727886
7.232650437, 7.232749929
7.242650442, 7.242734766
7.252650438, 7.252746923
7.262650446, 7.262780865
7.272650438, 7.272785142
7.282650438, 7.282788202
7.292650443, 7.292734990
7.302650451, 7.302782887
7.312650453, 7.312776828
7.322650435, 7.322773232
7.332650438, 7.332805216
7.342650443, 7.342791702
7.352650445, 7.352755175
7.362650442, 7.362750534
7.372650454, 7.372796862
7.382650449, 7.382744534
7.392650456, 7.392773622
7.402650440, 7.402775001
7.412650445, 7.412779638
7.422650443, 7.422772222
7.432650438, 7.432745581
7.442650434, 7.442718261
7.452650437, 7.452727252
7.462650443, 7.462765415
7.472650454, 7.472739447
7.482650454, 7.482729596
7.492650456, 7.492766459
7.502650438, 7.502749904
7.512650438, 7.512869575
7.522650443, 7.522771159
7.532650442, 7.532773518
7.542650437, 7.542761451
7.552650451, 7.552734366
7.562650442, 7.562759959
7.572650443, 7.572748401
7.582650449, 7.582761863
7.592650446, 7.592727624
7.602650438, 7.602733356
7.612650442, 7.612743308
7.622650437, 7.622736321
7.632650456, 7.632716588
7.642650457, 7.642737911
7.652650443, 7.652734649
7.662650459, 7.662744384
7.672650438, 7.672727290
7.682650435, 7.682831377
7.692650440, 7.692736739
7.702650454, 7.702835244
7.712650451, 7.712769367
7.722650451, 7.722737702
7.732650457, 7.732736485
7.742650442, 7.742746208
7.752650451, 7.752761537
7.762650437, 7.762740281
7.772650437, 7.772724062
7.782650459, 7.782746773
7.792650443, 7.792717262
7.802650457, 7.802747417
7.812650446, 7.812724421
7.822650438, 7.822824826
7.832650443, 7.832747931
7.842650437, 7.842765586
7.852650443, 7.852750490
7.862650443, 7.862753272
7.872650435, 7.872758135
7.882650445, 7.882740822
7.892650451, 7.892788622
7.902650448, 7.902755198
7.912650434, 7.912749047
7.922650443, 7.922756712
7.932650438, 7.932743571
7.942650442, 7.942753801
7.952650443, 7.952769939
7.962650467, 7.962740533
7.972650445, 7.972731557
7.982650446, 7.982746740
7.992650459, 7.992738100
8.002650445, 8.002741768
8.012650448, 8.012751158
8.022650457, 8.022737161
8.032650454, 8.032725502
8.042650442, 8.042813302
8.052650443, 8.052761103
8.062650442, 8.062760510
8.072650445, 8.072730511
8.082650457, 8.082743612
8.092650445, 8.092746540
8.102650435, 8.102729764
8.112650449, 8.112780192
8.122650475, 8.122766972
8.132650442, 8.132720380
8.142650446, 8.142714524
8.152650438, 8.152711450
8.162650435, 8.162735435
8.172650438, 8.172738667
8.182650437, 8.182788437
8.192650445, 8.192733907
8.202650451, 8.202716199
8.212650454, 8.212807717
8.222650438, 8.222721842
8.232650446, 8.232762447
8.242650446, 8.242741315
8.252650456, 8.252720654
8.262650443, 8.262855866
8.272650437, 8.272767752
8.282650440, 8.282733182
8.292650440, 8.292735100
8.302650440, 8.302789493
8.312650445, 8.312733081
8.322650449, 8.322739952
8.332650457, 8.332710741
8.342650434, 8.342740783
8.352650446, 8.352724624
8.362650438, 8.362750070
8.372650451, 8.372742215
8.382650443, 8.382727901
8.392650446, 8.392771251
8.402650434, 8.402733953
8.412650445, 8.412728840
8.422650451, 8.422725932
8.432650443, 8.432735094
8.442650442, 8.442752620
8.452650442, 8.452748868
8.462650437, 8.462769535
8.472650443, 8.472742273
8.482650437, 8.482739333
8.492650440, 8.492745419
8.502650445, 8.502740947
8.512650443, 8.512754849
8.522650443, 8.522790457
8.532650449, 8.532780765
8.542650438, 8.542754679
8.552650440, 8.552770937
8.562650459, 8.562793614
8.572650456, 8.572713321
8.582650434, 8.582731621
8.592650442, 8.592767567
8.602650440, 8.602767552
8.612650443, 8.612720800
8.622650459, 8.622759570
8.632650445, 8.632765843
8.642650438, 8.642758525
8.652650440, 8.652739049
8.662650446, 8.662768071
8.672650454, 8.672781372
8.682650451, 8.682744874
8.692650453, 8.692755163
8.702650443, 8.702734414
8.712650437, 8.712836562
8.722650445, 8.722741337
8.732650440, 8.732743262
8.742650443, 8.742757083
8.752650442, 8.752720052
8.762650451, 8.762752358
8.772650445, 8.772785316
8.782650446, 8.782772465
8.792650435, 8.792787292
8.802650442, 8.802765614
8.812650442, 8.812756924
8.822650438, 8.822738340
8.832650446, 8.832756686
8.842650440, 8.842739637
8.852650445, 8.852748381
8.862650443, 8.862755403
8.872650451, 8.872811203
8.882650454, 8.882726596
8.892650453, 8.892721170
8.902650443, 8.902745936
8.912650440, 8.912723715
8.922650445, 8.922782261
8.932650453, 8.932753596
8.942650443, 8.942722630
8.952650459, 8.952733180
8.962650446, 8.962730978
8.972650442, 8.972723797
8.982650451, 8.982782586
8.992650457, 8.992728903
9.002650437, 9.002797590
9.012650442, 9.012720492
9.022650438, 9.022771540
9.032650435, 9.032774562
9.042650440, 9.042765704
9.052650435, 9.052781331
9.062650446, 9.062766385
9.072650445, 9.072729557
9.082650446, 9.082733630
9.092650443, 9.092742060
9.102650454, 9.102713916
9.112650440, 9.112765982
9.122650453, 9.122746786
9.132650456, 9.132730438
9.142650440, 9.142762245
9.152650445, 9.152712757
9.162650449, 9.162731537
9.172650456, 9.172765924
9.182650440, 9.182758359
9.192650440, 9.192722809
9.202650449, 9.202716837
9.212650456, 9.212738805
9.222650440, 9.222822001
9.232650449, 9.232739217
9.242650434, 9.242771563
9.252650456, 9.252771222
9.262650442, 9.262757709
9.272650445, 9.272751421
9.282650459, 9.282750528
9.292650454, 9.292765392
9.302650443, 9.302745188
9.312650443, 9.312737188
9.322650442, 9.322754745
9.332650442, 9.332740237
9.342650453, 9.342772156
9.352650448, 9.352731591
9.362650451, 9.362730676
9.372650446, 9.372748586
9.382650437, 9.382727094
9.392650438, 9.392746802
9.402650437, 9.402717902
9.412650456, 9.412734087
9.422650442, 9.422765478
9.432650457, 9.432715123
9.442650440, 9.442755673
9.452650440, 9.452736596
9.462650454, 9.462736763
9.472650460, 9.472774593
9.482650438, 9.482773764
9.492650457, 9.492805344
9.502650446, 9.502771657
9.512650500, 9.512718904
9.522650457, 9.522805120
9.532650451, 9.532813867
9.542650443, 9.542761473
9.552650451, 9.552787466
9.562650457, 9.562818821
9.572650440, 9.572759018
9.582650454, 9.582837085
9.592650440, 9.592785091
9.602650457, 9.602776824
9.612650464, 9.612776994
9.622650451, 9.622729798
9.632650451, 9.632707247
9.642650451, 9.642722973
9.652650453, 9.652733054
9.662650443, 9.662751750
9.672650459, 9.672791151
9.682650445, 9.682749416
9.692650453, 9.692750285
9.702650449, 9.702743996
9.712650443, 9.712765878
9.722650443, 9.722720346
9.732650454, 9.732786732
9.742650454, 9.742828344
9.752650445, 9.752745406
9.762650437, 9.762754328
9.772650442, 9.772758272
9.782650443, 9.782724366
9.792650442, 9.792736293
9.802650445, 9.802813810
9.812650437, 9.812836295
9.822650440, 9.822778484
9.832650434, 9.832795204
9.842650438, 9.842753013
9.852650443, 9.852805048
9.862650448, 9.862751813
9.872650445, 9.872766172
9.882650443, 9.882748813
9.892650440, 9.892741501
9.902650437, 9.902716387
9.912650440, 9.912722686
9.922650440, 9.922735220
9.932650457, 9.932777955
9.942650462, 9.942806446
9.952650442, 9.952807619
9.962650465, 9.962803855
9.972650440, 9.972800327
9.982650435, 9.982767046
9.992650448, 9.992805073
10.002650457, 10.002801185
10.012650456, 10.012804563
10.022650440, 10.022825374
10.032650467, 10.032828021
10.042650437, 10.042824052
10.052650443, 10.052822144
10.062650449, 10.062822196
10.072650443, 10.072823885
10.082650440, 10.082822769
10.092650451, 10.092822158
10.102650454, 10.102818327
10.112650454, 10.112826489
10.122650449, 10.122827987
10.132650451, 10.132819512
10.142650440, 10.142825828
10.152650454, 10.152819427
10.162650446, 10.162822822
10.172650438, 10.172820315
10.182650438, 10.182819820
10.192650457, 10.192822424
10.202650443, 10.202821693
10.212650459, 10.212817280
10.222650440, 10.222718486
10.232650442, 10.232821397
10.242650454, 10.242822624
10.252650437, 10.252823241
10.262650434, 10.262820617
10.272650438, 10.272819911
10.282650440, 10.282821148
10.292650453, 10.292820310
10.302650505, 10.302824848
10.312650437, 10.312819135
10.322650438, 10.322821194
10.332650445, 10.332817138
10.342650445, 10.342829910
10.352650440, 10.352827064
10.362650446, 10.362834160
10.372650459, 10.372835012
10.382650432, 10.382831721
10.392650443, 10.392825085
10.402650437, 10.402830536
10.412650442, 10.412828876
10.422650451, 10.422827615
10.432650438, 10.432828581
10.442650438, 10.442828858
10.452650443, 10.452818372
10.462650442, 10.462832251
10.472650435, 10.472825688
10.482650457, 10.482831212
10.492650434, 10.492827666
10.502650435, 10.502828568
10.512650443, 10.512825592
10.522650445, 10.522831673
10.532650443, 10.532827372
10.542650453, 10.542823404
10.552650434, 10.552827228
10.562650435, 10.562821570
10.572650437, 10.572824829
10.582650438, 10.582830210
10.592650443, 10.592828732
10.602650454, 10.602836003
10.612650438, 10.612835345
10.622650434, 10.622834531
10.632650442, 10.632819931
10.642650438, 10.642827190
10.652650442, 10.652827146
10.662650443, 10.662826375
10.672650437, 10.672826367
10.682650434, 10.682831216
10.692650443, 10.692824648
10.702650438, 10.702825099
10.712650442, 10.712818409
10.722650437, 10.722826107
10.732650442, 10.732829944
10.742650432, 10.742826853
10.752650438, 10.752828762
10.762650440, 10.762827671
10.772650437, 10.772828043
10.782650446, 10.782836491
10.792650438, 10.792832296
10.802650443, 10.802831282
10.812650437, 10.812826299
10.822650442, 10.822834965
10.832650443, 10.832829059
10.842650443, 10.842819346
10.852650446, 10.852826838
10.862650443, 10.862835776
10.872650445, 10.872828178
10.882650440, 10.882828355
10.892650438, 10.892826974
10.902650440, 10.902818833
10.912650440, 10.912830450
10.922650434, 10.922825971
10.932650437, 10.932827151
10.942650451, 10.942825752
10.952650440, 10.952819966
10.962650456, 10.962830830
10.972650445, 10.972827702
10.982650443, 10.982832088
10.992650437, 10.992829925
11.002650443, 11.002826511
11.012650457, 11.012827025
11.022650451, 11.022825020
11.032650440, 11.032830324
11.042650440, 11.042830698
11.052650451, 11.052826989
11.062650440, 11.062827968
11.072650443, 11.072830375
11.082650451, 11.082826094
11.092650453, 11.092825023
11.102650445, 11.102837882
11.112650459, 11.112831571
11.122650438, 11.122831870
11.132650442, 11.132827892
11.142650437, 11.142829506
11.152650437, 11.152830437
11.162650437, 11.162826694
11.172650437, 11.172826281
11.182650438, 11.182829742
11.192650438, 11.192827379
11.202650449, 11.202828778
11.212650456, 11.212826972
11.222650435, 11.222826974
11.232650437, 11.232827888
11.242650445, 11.242832084
11.252650445, 11.252819676
11.262650445, 11.262830732
11.272650435, 11.272827261
11.282650434, 11.282830038
11.292650438, 11.292825855
11.302650437, 11.302828036
11.312650454, 11.312830860
11.322650451, 11.322828009
11.332650438, 11.332822261
11.342650437, 11.342830436
11.352650451, 11.352835379
11.362650440, 11.362831189
11.372650442, 11.372827848
11.382650456, 11.382822060
11.392650453, 11.392832463
11.402650438, 11.402833795
11.412650438, 11.412829023
11.422650435, 11.422831627
11.432650435, 11.432827867
11.442650457, 11.442826411
11.452650435, 11.452830095
11.462650442, 11.462828474
11.472650440, 11.472826353
11.482650438, 11.482831092
11.492650435, 11.492830964
11.502650445, 11.502832008
11.512650438, 11.512828930
11.522650434, 11.522826663
11.532650438, 11.532824840
11.542650437, 11.542826808
11.552650438, 11.552828771
11.562650440, 11.562754215
11.572650445, 11.572829251
11.582650440, 11.582830990
11.592650443, 11.592829502
11.602650440, 11.602836355
11.612650442, 11.612832477
11.622650456, 11.622831369
11.632650440, 11.632827933
11.642650435, 11.642819714
11.652650438, 11.652825701
11.662650438, 11.662832243
11.672650442, 11.672827915
11.682650453, 11.682827581
11.692650443, 11.692826277
11.702650442, 11.702828544
11.712650443, 11.712828394
11.722650438, 11.722830114
11.732650438, 11.732826414
11.742650440, 11.742831946
11.752650442, 11.752822560
11.762650442, 11.762828304
11.772650437, 11.772829340
11.782650445, 11.782834442
11.792650443, 11.792832053
11.802650443, 11.802820937
11.812650434, 11.812819914
11.822650434, 11.822829938
11.832650435, 11.832827578
11.842650454, 11.842833531
11.852650443, 11.852828978
11.862650438, 11.862827250
11.872650456, 11.872832936
11.882650434, 11.882829975
11.892650457, 11.892826212
11.902650442, 11.902831296
11.912650438, 11.912829513
11.922650451, 11.922827737
11.932650435, 11.932827793
11.942650432, 11.942827597
11.952650445, 11.952827034
11.962650435, 11.962830474
11.972650445, 11.972828928
11.982650445, 11.982830388
11.992650440, 11.992828319
12.002650442, 12.002828266
12.012650445, 12.012826961
12.022650445, 12.022821823
12.032650437, 12.032832406
12.042650453, 12.042829838
12.052650456, 12.052829522
------------------------------
