------------------------------
test was performed using the following parameters: --mps=100 --burst=1 --reply-every=1 --msg-size=12 --time=10
------------------------------
sockperf: [Total Run] RunTime=10.100 sec; SentMessages=1011; ReceivedMessages=1010
sockperf: ========= Printing statistics for Server No: 0
sockperf: [Valid Duration] RunTime=9.990 sec; SentMessages=1000; ReceivedMessages=1000
sockperf: [2;35m====> avg-lat=1322.548 (std-dev=599.350)[0m
sockperf: # dropped messages = 0; # duplicated messages = 0; # out-of-order messages = 0
sockperf: [2;35mTotal 1000 observations[0m; each percentile contains 10.00 observations
sockperf: ---> <MAX> observation = 1927.505
sockperf: ---> percentile  99.99 = 1927.505
sockperf: ---> percentile  99.90 = 1910.592
sockperf: ---> percentile  99.50 = 1805.411
sockperf: ---> percentile  99.00 = 1789.478
sockperf: ---> percentile  95.00 = 1757.307
sockperf: ---> percentile  90.00 = 1733.172
sockperf: ---> percentile  75.00 = 1664.793
sockperf: ---> percentile  50.00 = 1589.895
sockperf: ---> percentile  25.00 = 1489.503
sockperf: ---> <MIN> observation =   72.867
------------------------------
txTime, rxTime
2.063989001, 2.066832398
2.073989005, 2.076848316
2.083989008, 2.086777514
2.093989020, 2.096922470
2.103989006, 2.106846664
2.113989004, 2.116871341
2.123989003, 2.126899983
2.133989004, 2.136927035
2.143989003, 2.146607173
2.153989023, 2.156831820
2.163988997, 2.166774599
2.173989020, 2.176786755
2.183989003, 2.186881165
2.193989015, 2.196930439
2.203989000, 2.206927872
2.213989016, 2.216964886
2.223989014, 2.226851734
2.233989013, 2.237002825
2.243989023, 2.246907435
2.253989010, 2.257195386
2.263989011, 2.266959223
2.273989031, 2.276900274
2.283989020, 2.286936020
2.293989018, 2.297023787
2.303989012, 2.307020402
2.313989002, 2.316900238
2.323989003, 2.327082721
2.333989012, 2.336978284
2.343989017, 2.346999029
2.353989020, 2.356993470
2.363989016, 2.366841574
2.373989005, 2.377016385
2.383989019, 2.386977476
2.393989023, 2.396928730
2.403989005, 2.406994846
2.413989021, 2.416929251
2.423989000, 2.426894265
2.433989010, 2.437074751
2.443989024, 2.446989926
2.453989020, 2.456919280
2.463988997, 2.467012844
2.473989015, 2.476958169
2.483989009, 2.487019333
2.493989006, 2.496935469
2.503989001, 2.506908610
2.513989026, 2.517000183
2.523988997, 2.526993983
2.533989020, 2.537147451
2.543989011, 2.547031043
2.553989009, 2.557021057
2.563989003, 2.567001784
2.573989002, 2.577020290
2.583988998, 2.587046134
2.593989020, 2.597080828
2.603989019, 2.607017042
2.613989010, 2.617056613
2.623989005, 2.626961648
2.633989027, 2.637078391
2.643989001, 2.646962556
2.653989023, 2.656995247
2.663989002, 2.666930890
2.673989006, 2.677040602
2.683989003, 2.687096307
2.693989012, 2.696967220
2.703989003, 2.706926994
2.713989021, 2.717095373
2.723989014, 2.727011102
2.733989023, 2.737032061
2.743989001, 2.747097293
2.753989024, 2.756983991
2.763989005, 2.766925850
2.773989009, 2.777136797
2.783989003, 2.787066605
2.793989009, 2.797023856
2.803989006, 2.807076613
2.813988999, 2.816984515
2.823989005, 2.826946374
2.833989010, 2.836981707
2.843989009, 2.847031554
2.853989010, 2.856949722
2.863989019, 2.867044190
2.873989027, 2.877092586
2.883988998, 2.886919152
2.893989013, 2.897039834
2.903989003, 2.907018894
2.913989010, 2.916913969
2.923989011, 2.926771410
2.933989016, 2.936977421
2.943989020, 2.947080968
2.953989024, 2.957132941
2.963989005, 2.967081807
2.973989005, 2.977030157
2.983989020, 2.987054955
2.993989024, 2.997082508
3.003989001, 3.007030095
3.013989037, 3.017069957
3.023989024, 3.027050159
3.033989009, 3.037061315
3.043988997, 3.047148582
3.053989001, 3.057033702
3.063988995, 3.067031261
3.073989020, 3.077052628
3.083989004, 3.087049171
3.093989013, 3.096981129
3.104092358, 3.107197846
3.113989022, 3.117041687
3.123989004, 3.127099722
3.133989021, 3.137109779
3.143989015, 3.147128726
3.153989005, 3.157184574
3.163989003, 3.167157080
3.173988996, 3.177062734
3.183988998, 3.187103218
3.193989018, 3.197135295
3.203989024, 3.207035549
3.213989020, 3.217139368
3.223989003, 3.227060100
3.233989015, 3.237185822
3.243988997, 3.247080974
3.253989020, 3.257169284
3.263989014, 3.267198313
3.273989002, 3.277061692
3.283989008, 3.287152120
3.293989004, 3.297165822
3.303989019, 3.307167377
3.313988996, 3.317182758
3.323989006, 3.327185843
3.333989005, 3.337141926
3.343989000, 3.347139223
3.353988997, 3.357164510
3.363989001, 3.367174376
3.373989016, 3.377093434
3.383989007, 3.387052781
3.393989016, 3.397147375
3.403989009, 3.407024748
3.413989002, 3.417126944
3.423989005, 3.427144942
3.433989020, 3.437132531
3.443989006, 3.447046453
3.453989009, 3.457100992
3.463989017, 3.467195619
3.473989005, 3.477126441
3.483989022, 3.487023471
3.493989013, 3.497089805
3.503989007, 3.507092332
3.513989012, 3.517202310
3.523989005, 3.527092135
3.533989023, 3.537231482
3.543988997, 3.547121824
3.553989015, 3.557162878
3.563989018, 3.567226689
3.573989011, 3.577111926
3.583989022, 3.587103864
3.593989015, 3.597154575
3.603989017, 3.607213965
3.613989017, 3.617233050
3.623989010, 3.627141047
3.633989008, 3.637171056
3.643989000, 3.647091375
3.653989005, 3.657077458
3.663989000, 3.667261008
3.673989002, 3.677142500
3.683989016, 3.687180075
3.693989005, 3.697156947
3.703989017, 3.707125686
3.713989001, 3.717135523
3.723988997, 3.727166825
3.733989005, 3.737253129
3.743989007, 3.747171320
3.753988999, 3.757181048
3.763989017, 3.767101401
3.773989001, 3.777154677
3.783989009, 3.787039929
3.793989026, 3.797098635
3.803989011, 3.807188893
3.813989027, 3.817112314
3.823989003, 3.827130838
3.833989029, 3.837069849
3.843988992, 3.847189247
3.853989023, 3.857082737
3.863988999, 3.867024802
3.873989005, 3.877086135
3.883989022, 3.887043353
3.893989002, 3.897114477
3.903988997, 3.907138735
3.913989018, 3.917140074
3.923989025, 3.927087417
3.933989015, 3.937126404
3.943989012, 3.947099780
3.953989016, 3.956984239
3.963989009, 3.966988086
3.973989020, 3.977098346
3.983989027, 3.987140166
3.993989002, 3.997130061
4.003989065, 4.007159416
4.013989027, 4.017135795
4.023988992, 4.027131994
4.033989023, 4.037158398
4.043989015, 4.047196351
4.053989030, 4.057172077
4.063989016, 4.067139032
4.073989024, 4.077091061
4.083989005, 4.087127612
4.093989020, 4.097159876
4.103989020, 4.107136947
4.113989014, 4.117107572
4.123989011, 4.127162555
4.133989027, 4.137117076
4.143988999, 4.147193612
4.153988995, 4.157158852
4.163989020, 4.167106822
4.173989023, 4.177142028
4.183989003, 4.187086356
4.193988996, 4.197189689
4.203989009, 4.207032669
4.213989018, 4.217117851
4.223988998, 4.227137206
4.233989006, 4.237164526
4.243989003, 4.247224740
4.253989016, 4.257056463
4.263988988, 4.267183293
4.273988999, 4.277176544
4.283989027, 4.287276840
4.293989010, 4.297231672
4.303989006, 4.307232512
4.313989002, 4.317350123
4.323988998, 4.327208399
4.333989020, 4.337208553
4.343989007, 4.347271043
4.353989010, 4.357309549
4.363989003, 4.367200779
4.373989012, 4.377282363
4.383989005, 4.387269889
4.393989021, 4.397309216
4.403989003, 4.407313053
4.413989007, 4.417313850
4.423989003, 4.427288104
4.433989004, 4.437210211
4.443989006, 4.447302197
4.453989021, 4.457260686
4.463989004, 4.467197202
4.473989009, 4.477272632
4.483989005, 4.487343955
4.493988997, 4.497357047
4.503989001, 4.507262367
4.513989016, 4.517262774
4.523989004, 4.527326716
4.533989009, 4.537248733
4.543989005, 4.547242479
4.553989010, 4.557263366
4.563989008, 4.567306152
4.573989023, 4.577245570
4.583989006, 4.587166973
4.593989009, 4.597190913
4.603989006, 4.607315246
4.613988999, 4.617202711
4.623988994, 4.627328596
4.633989018, 4.637122555
4.643989029, 4.647076866
4.653989021, 4.657166656
4.663989009, 4.667844020
4.673989020, 4.677335492
4.683989020, 4.687149355
4.693989021, 4.697069713
4.703989006, 4.707086639
4.713989014, 4.717061799
4.723989016, 4.727175033
4.733989024, 4.737194065
4.743989017, 4.747121791
4.753989020, 4.757197601
4.763989028, 4.767112691
4.773989021, 4.777174206
4.783989000, 4.787247954
4.793989010, 4.797121041
4.803988988, 4.807079714
4.813989024, 4.817157136
4.823989012, 4.827152984
4.833989005, 4.837144791
4.843989001, 4.847169578
4.853989009, 4.857287617
4.863989000, 4.867217115
4.873989029, 4.877303771
4.883989016, 4.887159920
4.893989000, 4.897090728
4.903989003, 4.907167276
4.913989018, 4.917122057
4.923989005, 4.927250289
4.933989016, 4.937257017
4.943988998, 4.946968004
4.953989012, 4.957147989
4.963989009, 4.967241076
4.973989024, 4.976968407
4.983989000, 4.987420464
4.993989016, 4.997167836
5.003989000, 5.007193652
5.013989026, 5.017189717
5.023989024, 5.027121832
5.033989018, 5.037283481
5.043989024, 5.047186512
5.053989023, 5.057272011
5.063989025, 5.067143727
5.073989018, 5.077194162
5.083989009, 5.087037267
5.093989020, 5.097177203
5.103989016, 5.107231002
5.113989020, 5.117244706
5.123989020, 5.127188117
5.133989017, 5.137024531
5.143989009, 5.147126430
5.153989020, 5.157178724
5.163989001, 5.167035700
5.173989020, 5.177219178
5.183989010, 5.187054329
5.193989006, 5.197161515
5.203989003, 5.207165408
5.213989020, 5.217194007
5.223989006, 5.227135010
5.233989005, 5.237120114
5.243989005, 5.247211983
5.253989028, 5.257151620
5.263989017, 5.267168808
5.273989029, 5.277127541
5.283989008, 5.287112953
5.293989018, 5.297269207
5.303989010, 5.307158587
5.313989020, 5.317342155
5.323989003, 5.327229452
5.333988997, 5.337132298
5.343989003, 5.347219235
5.353989024, 5.357137659
5.363989019, 5.367286694
5.373989028, 5.377233183
5.383989008, 5.387271543
5.393989021, 5.397252515
5.403989024, 5.407163161
5.413989023, 5.417189068
5.423989024, 5.427242313
5.433989022, 5.437202888
5.443989027, 5.447220885
5.453989023, 5.457096967
5.463989006, 5.467303446
5.473989024, 5.477177604
5.483989025, 5.487229361
5.493989009, 5.497236836
5.503989017, 5.507267525
5.513989015, 5.517278376
5.523989006, 5.527313975
5.533989026, 5.537174024
5.543989020, 5.547129688
5.553988999, 5.557109312
5.563989009, 5.567138716
5.573989026, 5.577215950
5.583989000, 5.587237814
5.593989021, 5.597250796
5.603989006, 5.607081727
5.613989021, 5.617041667
5.623988995, 5.627093060
5.633989018, 5.637052784
5.643989005, 5.647109407
5.653989027, 5.657210557
5.663989004, 5.667051436
5.673989003, 5.677121145
5.683989025, 5.687149644
5.693989007, 5.697152913
5.703989005, 5.707136379
5.713989015, 5.716969476
5.723989001, 5.727194502
5.733989024, 5.737335117
5.743989020, 5.747246516
5.753989021, 5.757211393
5.763989017, 5.767151595
5.773989027, 5.777140885
5.783989019, 5.787242250
5.793989024, 5.797217503
5.803989024, 5.807213038
5.813989023, 5.817175741
5.823989030, 5.827112033
5.833989021, 5.837053684
5.843989018, 5.847190203
5.853989026, 5.857063411
5.863989008, 5.867068800
5.873988999, 5.877093981
5.883989009, 5.887175872
5.893989023, 5.897218991
5.903989019, 5.907285699
5.913989025, 5.917113758
5.923989001, 5.927089750
5.933989023, 5.937084302
5.943989008, 5.947184694
5.953989027, 5.957146486
5.963989008, 5.967067989
5.973989026, 5.977193134
5.983989006, 5.987232822
5.993989021, 5.997107362
6.003988997, 6.007253867
6.013989021, 6.017223451
6.023989013, 6.027189923
6.033989021, 6.037296288
6.043989014, 6.047255280
6.053989023, 6.057275682
6.063989025, 6.067177809
6.073989024, 6.077201750
6.083988996, 6.087203712
6.093989019, 6.097376757
6.103989009, 6.107175781
6.113989024, 6.117234661
6.123989003, 6.127291492
6.133989023, 6.137108670
6.143989010, 6.147249025
6.153989007, 6.157086517
6.163989003, 6.167239693
6.173989016, 6.177230165
6.183988998, 6.187211253
6.193989016, 6.197206479
6.203989010, 6.207361162
6.213989025, 6.217148126
6.223989014, 6.227224514
6.233989020, 6.237141212
6.243989003, 6.247189156
6.253989015, 6.257267275
6.263989005, 6.267220943
6.273989019, 6.277219626
6.283989017, 6.287276262
6.293989029, 6.297178362
6.303988997, 6.307173199
6.313989023, 6.317185733
6.323989006, 6.327113618
6.333989025, 6.337164338
6.343988998, 6.347145173
6.353989005, 6.357086125
6.363989012, 6.367205200
6.373989027, 6.377242496
6.383989023, 6.387192609
6.393989029, 6.397226172
6.403989019, 6.407246310
6.413989023, 6.417225598
6.423989008, 6.427207670
6.433989023, 6.437230952
6.443989009, 6.447115988
6.453989002, 6.457155986
6.463989020, 6.467328761
6.473989021, 6.477282877
6.483989011, 6.487224478
6.493989024, 6.497180026
6.503989005, 6.507235669
6.513988997, 6.517159975
6.523989006, 6.527085768
6.533989016, 6.537224041
6.543989008, 6.547160031
6.553989018, 6.557134242
6.563989012, 6.567198099
6.573989023, 6.577162742
6.583989027, 6.587188519
6.593989020, 6.597346729
6.603988998, 6.607150923
6.613989005, 6.617153411
6.623989018, 6.627190885
6.633989007, 6.637252688
6.643989022, 6.647209746
6.653989009, 6.657217280
6.663989008, 6.667195297
6.673989021, 6.677243523
6.683989009, 6.687267481
6.693989026, 6.697304488
6.703989019, 6.707276012
6.713989021, 6.717138898
6.723988997, 6.727241812
6.733989018, 6.737247805
6.743989024, 6.747201275
6.753989005, 6.757197705
6.763989014, 6.767158883
6.773989018, 6.777115247
6.783989016, 6.787294869
6.793989010, 6.797262181
6.803989019, 6.807167964
6.813989009, 6.817130618
6.823989003, 6.827246120
6.833989018, 6.837160083
6.843989000, 6.847241183
6.853989001, 6.857067863
6.863989005, 6.867235400
6.873989022, 6.877211318
6.883989020, 6.887280804
6.893989024, 6.897232083
6.903989004, 6.907238544
6.913989026, 6.917237235
6.923989007, 6.927386559
6.933989015, 6.937228547
6.943989006, 6.947241375
6.953989003, 6.957117818
6.963989001, 6.967226283
6.973989016, 6.977264947
6.983989018, 6.987323814
6.993989142, 6.997393533
7.003989012, 7.007329482
7.013988996, 7.017245997
7.023989015, 7.027108870
7.033989016, 7.037178689
7.043989003, 7.047202912
7.053989025, 7.057206128
7.063989017, 7.067352061
7.073989020, 7.077299096
7.083989020, 7.087312749
7.093988997, 7.097151708
7.103989016, 7.107199824
7.113988999, 7.117251724
7.123989016, 7.127275484
7.133989020, 7.137399505
7.143989003, 7.147156563
7.153989026, 7.157248481
7.163989015, 7.167304280
7.173989024, 7.177288506
7.183989003, 7.187361156
7.193989020, 7.197314961
7.203989001, 7.207279477
7.213989026, 7.217342033
7.223989011, 7.227141314
7.233989010, 7.237287213
7.243989011, 7.247265797
7.253989024, 7.257408552
7.263989008, 7.267386503
7.273989018, 7.277259894
7.283989015, 7.287331125
7.293989008, 7.297221752
7.303989025, 7.307314030
7.313989013, 7.317285722
7.323988993, 7.327263228
7.333989021, 7.337284917
7.343988999, 7.347332185
7.353989021, 7.357371663
7.363989018, 7.367351508
7.373989016, 7.377308983
7.383988998, 7.387347693
7.393989001, 7.397320186
7.403989008, 7.407251169
7.413989008, 7.417203952
7.423989005, 7.427351013
7.433989009, 7.437330792
7.443988995, 7.447282146
7.453989020, 7.457306624
7.463989010, 7.467319110
7.473989025, 7.477350792
7.483988997, 7.487349957
7.493989018, 7.497296317
7.503989003, 7.507318590
7.513989001, 7.517241664
7.523989022, 7.527289059
7.533989018, 7.537226014
7.543989001, 7.547251970
7.553989023, 7.557272965
7.563988989, 7.567324023
7.573989018, 7.577294130
7.583989022, 7.587334448
7.593989024, 7.597287162
7.603989005, 7.607390539
7.613989020, 7.617370313
7.623989003, 7.627352993
7.633988997, 7.637213582
7.643989002, 7.647315876
7.653989006, 7.657303448
7.663989014, 7.667340677
7.673989020, 7.677345508
7.683989025, 7.687295006
7.693989023, 7.697325646
7.703989006, 7.707394855
7.713989022, 7.717217651
7.723989028, 7.727206948
7.733989020, 7.737251964
7.743989008, 7.747282841
7.753989024, 7.757248785
7.763989007, 7.767255542
7.773989005, 7.777203295
7.783988997, 7.787313589
7.793988993, 7.797260039
7.803988995, 7.807258612
7.813989023, 7.817272792
7.823989005, 7.827306391
7.833989028, 7.837431481
7.843989008, 7.847442958
7.853989018, 7.857373854
7.863989001, 7.867331886
7.873989021, 7.877288689
7.883989007, 7.887183828
7.893989032, 7.897448018
7.903989006, 7.907406302
7.913989015, 7.917418915
7.923989022, 7.927353843
7.933989023, 7.937329534
7.943989029, 7.947367453
7.953989027, 7.957278571
7.963989024, 7.967308975
7.973989018, 7.977361960
7.983989001, 7.987325348
7.993989003, 7.997340319
8.003988999, 8.007366063
8.013988997, 8.017400133
8.023989006, 8.027338257
8.033989027, 8.037428949
8.043989012, 8.047395452
8.053988995, 8.057443535
8.063988999, 8.067495873
8.073989006, 8.077392530
8.083989129, 8.087444026
8.093989003, 8.097337212
8.103989009, 8.107454780
8.113989021, 8.117427130
8.123989029, 8.127468051
8.133989025, 8.137565640
8.143989024, 8.147436346
8.153989024, 8.157317313
8.163989017, 8.167379703
8.173989010, 8.177439077
8.183989025, 8.187432565
8.193989020, 8.197456642
8.203989022, 8.207541576
8.213989023, 8.217455420
8.223989005, 8.227497516
8.233989021, 8.237538587
8.243989007, 8.247414943
8.253989019, 8.257422408
8.263989058, 8.267427851
8.273989026, 8.277430261
8.283989000, 8.287466830
8.293989015, 8.297420567
8.303989025, 8.307445632
8.313989015, 8.317488655
8.323990269, 8.327490948
8.333989020, 8.337409745
8.343989004, 8.347402400
8.353988993, 8.357366877
8.363989010, 8.367444126
8.373989013, 8.377447393
8.383989006, 8.387471693
8.393988998, 8.397490706
8.403989020, 8.407352488
8.413989598, 8.417394948
8.423989018, 8.427376195
8.433989005, 8.437435836
8.443989008, 8.447527561
8.453989023, 8.457510539
8.463988998, 8.467555368
8.473989013, 8.477459180
8.483989010, 8.487425235
8.493989018, 8.497468048
8.503989024, 8.507438732
8.513989023, 8.517438768
8.523989028, 8.527291026
8.533989018, 8.537335153
8.543989024, 8.547546792
8.553989019, 8.557458518
8.563989019, 8.567566508
8.573989026, 8.577356123
8.583988994, 8.587418437
8.593989015, 8.597403184
8.603989018, 8.607397618
8.613989008, 8.617405258
8.623989006, 8.627256153
8.633989008, 8.637252533
8.643989000, 8.647305367
8.653989006, 8.657366821
8.663989001, 8.667410343
8.673989016, 8.677403817
8.683988998, 8.687388346
8.693988992, 8.697336507
8.703988994, 8.707457887
8.713988997, 8.717407091
8.723989001, 8.727481394
8.733989005, 8.737447387
8.743989000, 8.747472412
8.753988996, 8.757448215
8.763989008, 8.767461717
8.773989004, 8.777372786
8.783989020, 8.787395573
8.793989000, 8.797420752
8.803989003, 8.807483931
8.813988999, 8.817484409
8.823988995, 8.827438517
8.833989021, 8.837479225
8.843989015, 8.847483719
8.853989157, 8.857524238
8.863989016, 8.867557365
8.873989022, 8.877619693
8.883988997, 8.887378003
8.893989000, 8.897499562
8.903989029, 8.907467975
8.913989024, 8.917373640
8.923989012, 8.927453748
8.933989016, 8.937361537
8.943989000, 8.947366951
8.953988999, 8.957489275
8.963989018, 8.967485365
8.973989007, 8.977368796
8.983989005, 8.987374288
8.993989003, 8.997415119
9.003988994, 9.007414931
9.013989005, 9.017379563
9.023989004, 9.027477754
9.033989008, 9.037455305
9.043988998, 9.047436553
9.053988990, 9.057467327
9.063991301, 9.067491351
9.073989024, 9.077503639
9.083989010, 9.087538000
9.093989024, 9.097441369
9.103989022, 9.107476822
9.113989026, 9.117445706
9.123988998, 9.127553564
9.133989021, 9.137486250
9.143989014, 9.147433618
9.153989026, 9.157451520
9.163989020, 9.167501713
9.173989023, 9.177521303
9.183988998, 9.187504137
9.193989018, 9.197431457
9.203989009, 9.207401781
9.213989019, 9.217413522
9.223988995, 9.227408834
9.233989021, 9.237491414
9.243989008, 9.247434739
9.253989001, 9.257397393
9.263989021, 9.267416758
9.273989019, 9.277494221
9.283989027, 9.287492742
9.293989002, 9.297485901
9.303989016, 9.307459045
9.313989018, 9.317438393
9.323989021, 9.327528669
9.333989005, 9.337511688
9.343989019, 9.347511134
9.353989005, 9.357458660
9.363989020, 9.367476256
9.373989020, 9.377525887
9.383989026, 9.387548843
9.393989020, 9.397401136
9.403989020, 9.407484782
9.413989009, 9.417508757
9.423989017, 9.427529345
9.433989016, 9.437426817
9.443989021, 9.447578599
9.453989015, 9.457322812
9.463989022, 9.467411381
9.473989020, 9.477375202
9.483989022, 9.487388520
9.493989024, 9.497392745
9.503989023, 9.507498791
9.513989024, 9.517437062
9.523989008, 9.527436716
9.533988997, 9.537507259
9.543989022, 9.547562456
9.553989016, 9.557565045
9.563989029, 9.567508051
9.573989022, 9.577537000
9.583989025, 9.587411115
9.593989021, 9.597544779
9.603989000, 9.607461452
9.613989552, 9.617509049
9.623989016, 9.627555919
9.633989028, 9.637392928
9.643989001, 9.647442617
9.653988999, 9.657522953
9.663989024, 9.667593282
9.673989020, 9.677509278
9.683989026, 9.687467708
9.693989026, 9.697481059
9.703989016, 9.707422904
9.713989027, 9.717496154
9.723988994, 9.727451583
9.733989017, 9.737419165
9.743989007, 9.747463948
9.753989006, 9.757559361
9.763989016, 9.767490792
9.773989005, 9.777567962
9.783988998, 9.787459434
9.793989015, 9.797444840
9.803989029, 9.807599851
9.813989025, 9.817535242
9.823988998, 9.827455343
9.833988997, 9.837602493
9.843989020, 9.847523073
9.853989027, 9.857533007
9.863989031, 9.867545901
9.873989012, 9.877581623
9.883989005, 9.887581066
9.893989010, 9.897456986
9.903989016, 9.907499854
9.913989026, 9.917532237
9.923989020, 9.927427771
9.933989006, 9.937516476
9.943989019, 9.947540059
9.953989001, 9.957612621
9.963988997, 9.967364574
9.973989007, 9.977810192
9.983989020, 9.986707980
9.993989015, 9.996079637
10.003989007, 10.005839226
10.013988995, 10.015924647
10.023989003, 10.025917003
10.033989019, 10.035837552
10.043989001, 10.044687458
10.053988999, 10.054634818
10.063989018, 10.064626324
10.073989012, 10.074629099
10.083988995, 10.084610733
10.093989014, 10.094599696
10.103989011, 10.104579175
10.113988998, 10.114575865
10.123989010, 10.124565076
10.133989014, 10.134549224
10.143988997, 10.144278619
10.153989010, 10.154284589
10.163989003, 10.164268685
10.173988998, 10.174282065
10.183989016, 10.184271398
10.193989014, 10.194272593
10.203988997, 10.204288298
10.213989010, 10.214282434
10.223989003, 10.224287352
10.233989004, 10.234282009
10.243989010, 10.244279720
10.253989026, 10.254287173
10.263988994, 10.264270621
10.273989014, 10.274285798
10.283989005, 10.284285607
10.293988999, 10.294276297
10.303989013, 10.304282005
10.313989020, 10.314286418
10.323988994, 10.324284813
10.333989018, 10.334270739
10.343988997, 10.344276992
10.353988999, 10.354286954
10.363989005, 10.364277330
10.373989018, 10.374285348
10.383988999, 10.384282806
10.393989018, 10.394282791
10.403988999, 10.404274614
10.413989017, 10.414267995
10.423989013, 10.424285937
10.433989015, 10.434282775
10.443988999, 10.444281425
10.453989014, 10.454288723
10.463989000, 10.464271074
10.473989003, 10.474282587
10.483989010, 10.484285247
10.493989009, 10.494273523
10.503988995, 10.504284458
10.513989014, 10.514288618
10.523988995, 10.524286288
10.533989004, 10.534282344
10.543989011, 10.544277870
10.553989018, 10.554285362
10.563988995, 10.564288040
10.573989012, 10.574288148
10.583989002, 10.584282531
10.593989003, 10.594288349
10.603989022, 10.604291691
10.613989017, 10.614271418
10.623988999, 10.624282182
10.633989009, 10.634282848
10.643989000, 10.644266449
10.653989004, 10.654268274
10.663989002, 10.664284364
10.673989012, 10.674288314
10.683988999, 10.684284657
10.693989020, 10.694275941
10.703988999, 10.704282995
10.713988996, 10.714270609
10.723989019, 10.724282374
10.733989014, 10.734283334
10.743989000, 10.744281605
10.753989018, 10.754282607
10.763989005, 10.764285413
10.773988996, 10.774272109
10.783989010, 10.784288046
10.793989017, 10.794282209
10.803988997, 10.804291889
10.813989017, 10.814271071
10.823989003, 10.824251906
10.833989001, 10.834245072
10.843989010, 10.844277376
10.853989010, 10.854273489
10.863988994, 10.864270642
10.873989009, 10.874272728
10.883988997, 10.884285507
10.893989001, 10.894282198
10.903989000, 10.904274711
10.913989015, 10.914271159
10.923988999, 10.924270732
10.933989015, 10.934270240
10.943988995, 10.944279850
10.953989020, 10.954272791
10.963989021, 10.964289478
10.973988992, 10.974265790
10.983989000, 10.984282809
10.993989014, 10.994273967
11.003989002, 11.004271568
11.013988995, 11.014282320
11.023989014, 11.024282118
11.033989018, 11.034282024
11.043988994, 11.044282204
11.053989015, 11.054284509
11.063988995, 11.064271155
11.073989001, 11.074288152
11.083989018, 11.084285050
11.093989014, 11.094282244
11.103988997, 11.104253987
11.113989004, 11.114275042
11.123988994, 11.124284890
11.133988998, 11.134272568
11.143989010, 11.144282288
11.153989010, 11.154286918
11.163989013, 11.164287221
11.173989009, 11.174270462
11.183988999, 11.184288472
11.193988998, 11.194283297
11.203989014, 11.204293525
11.213989010, 11.214273406
11.223988992, 11.224284586
11.233989015, 11.234282314
11.243988995, 11.244283140
11.253989003, 11.254285665
11.263989016, 11.264274241
11.273989017, 11.274287823
11.283988991, 11.284287683
11.293989018, 11.294270809
11.303988997, 11.304282869
11.313989003, 11.314285262
11.323989011, 11.324263661
11.333989015, 11.334282350
11.343988994, 11.344282833
11.353989017, 11.354282324
11.363989007, 11.364269760
11.373988998, 11.374286132
11.383989010, 11.384281990
11.393989010, 11.394282170
11.403988995, 11.404291683
11.413989018, 11.414287954
11.423988999, 11.424293469
11.433989006, 11.434282739
11.443989014, 11.444279790
11.453989014, 11.454270648
11.463989000, 11.464282893
11.473989017, 11.474266277
11.483989003, 11.484270704
11.493989003, 11.494289109
11.503989005, 11.504285590
11.513988999, 11.514271068
11.523988994, 11.524284591
11.533989018, 11.534282583
11.543988997, 11.544277379
11.553988996, 11.554273427
11.563989005, 11.564275030
11.573989020, 11.574272778
11.583988997, 11.584167880
11.593989020, 11.594273226
11.603989002, 11.604291153
11.613989003, 11.614275402
11.623989019, 11.624290449
11.633989009, 11.634282527
11.643989018, 11.644258061
11.653989012, 11.654272456
11.663989007, 11.664273969
11.673989004, 11.674285229
11.683989018, 11.684273252
11.693989010, 11.694266693
11.703989000, 11.704284765
11.713989015, 11.714287625
11.723988999, 11.724266386
11.733989003, 11.734261695
11.743989013, 11.744268397
11.753989012, 11.754271130
11.763988995, 11.764289390
11.773989012, 11.774286623
11.783988999, 11.784206884
11.793989003, 11.794228726
11.803989014, 11.804221402
11.813989015, 11.814225454
11.823988992, 11.824225355
11.833989012, 11.834226750
11.843989000, 11.844225738
11.853988996, 11.854162796
11.863988994, 11.864163674
11.873988998, 11.874163767
11.883988999, 11.884164472
11.893989025, 11.894169182
11.903988995, 11.904165259
11.913988990, 11.914162997
11.923988994, 11.924134730
11.933988999, 11.934162922
11.943988992, 11.944165445
11.953989003, 11.954165193
11.963989005, 11.964166703
11.973988998, 11.974164479
11.983988999, 11.984164281
11.993989001, 11.994158120
12.003989000, 12.004163735
12.013988996, 12.014164298
12.023988997, 12.024157813
12.033989003, 12.034162475
12.043989002, 12.044165621
12.053988996, 12.054165336
------------------------------
