------------------------------
test was performed using the following parameters: --mps=100 --burst=1 --reply-every=1 --msg-size=12 --time=10
------------------------------
sockperf: [Total Run] RunTime=10.100 sec; SentMessages=1011; ReceivedMessages=1010
sockperf: ========= Printing statistics for Server No: 0
sockperf: [Valid Duration] RunTime=9.980 sec; SentMessages=999; ReceivedMessages=999
sockperf: [2;35m====> avg-lat=1303.432 (std-dev=650.891)[0m
sockperf: # dropped messages = 0; # duplicated messages = 0; # out-of-order messages = 0
sockperf: [2;35mTotal 999 observations[0m; each percentile contains 9.99 observations
sockperf: ---> <MAX> observation = 1838.445
sockperf: ---> percentile  99.99 = 1838.445
sockperf: ---> percentile  99.90 = 1837.313
sockperf: ---> percentile  99.50 = 1820.586
sockperf: ---> percentile  99.00 = 1808.654
sockperf: ---> percentile  95.00 = 1779.856
sockperf: ---> percentile  90.00 = 1758.303
sockperf: ---> percentile  75.00 = 1684.256
sockperf: ---> percentile  50.00 = 1616.912
sockperf: ---> percentile  25.00 = 1513.586
sockperf: ---> <MIN> observation =   80.566
------------------------------
txTime, rxTime
2.078391323, 2.081397751
2.088391321, 2.091380148
2.098391321, 2.101430509
2.108391318, 2.111427971
2.118391314, 2.121449527
2.128391317, 2.131416387
2.138391319, 2.141391822
2.148391313, 2.151418486
2.158391325, 2.161445017
2.168391318, 2.171330487
2.178391317, 2.181358403
2.188391310, 2.191433458
2.198391325, 2.201443592
2.208391319, 2.211416247
2.218391314, 2.221420126
2.228391314, 2.231461117
2.238391314, 2.241390653
2.248391310, 2.251452683
2.258391333, 2.261478290
2.268391320, 2.271385129
2.278391320, 2.281354814
2.288391315, 2.291421846
2.298391315, 2.301425758
2.308391337, 2.311397943
2.318391319, 2.321501740
2.328391320, 2.331490059
2.338391318, 2.341463959
2.348391306, 2.351464021
2.358391320, 2.361440829
2.368391317, 2.371545793
2.378391323, 2.381506573
2.388391318, 2.391529190
2.398391315, 2.401541561
2.408391309, 2.411490284
2.418391310, 2.421409443
2.428391319, 2.431383773
2.438391332, 2.441541329
2.448391323, 2.451446595
2.458391318, 2.461434510
2.468391318, 2.471548919
2.478391315, 2.481485797
2.488391312, 2.491428231
2.498391319, 2.501567621
2.508391316, 2.511592595
2.518391314, 2.521515130
2.528391319, 2.531466877
2.538391310, 2.541469229
2.548391310, 2.551481973
2.558391321, 2.561518739
2.568391321, 2.571494994
2.578391321, 2.581429405
2.588391314, 2.591513488
2.598391317, 2.601485187
2.608391317, 2.611453372
2.618391335, 2.621464364
2.628391321, 2.631433381
2.638391320, 2.641510054
2.648391307, 2.651445942
2.658391315, 2.661400288
2.668391320, 2.671431989
2.678391324, 2.681208472
2.688391315, 2.691333930
2.698391315, 2.701483253
2.708391302, 2.711249706
2.718391339, 2.721259460
2.728391314, 2.731425640
2.738391344, 2.741521649
2.748391317, 2.751440288
2.758391320, 2.761517598
2.768391309, 2.771487611
2.778391312, 2.781442404
2.788391314, 2.791443013
2.798391325, 2.801477917
2.808391314, 2.811527932
2.818391325, 2.821591142
2.828391307, 2.831571739
2.838391339, 2.841466094
2.848391315, 2.851547571
2.858391318, 2.861522669
2.868391315, 2.871508350
2.878391320, 2.881583758
2.888391306, 2.891566248
2.898391312, 2.901450916
2.908391315, 2.911471614
2.918391320, 2.921520328
2.928391312, 2.931548101
2.938391318, 2.941492459
2.948391310, 2.951511838
2.958391342, 2.961484533
2.968391315, 2.971563145
2.978391334, 2.981652167
2.988391317, 2.991509476
2.998391325, 3.001598773
3.008391309, 3.011573023
3.018391332, 3.021541970
3.028391317, 3.031468209
3.038391342, 3.041511267
3.048391310, 3.051600079
3.058391318, 3.061581439
3.068391314, 3.071626980
3.078391318, 3.081599130
3.088391317, 3.091557868
3.098391317, 3.101558815
3.108391312, 3.111510163
3.118391321, 3.121608682
3.128391309, 3.131627758
3.138391317, 3.141517163
3.148391314, 3.151502550
3.158391316, 3.161558196
3.168391321, 3.171511199
3.178391318, 3.181508841
3.188391306, 3.191502476
3.198391312, 3.201569217
3.208391310, 3.211437353
3.218391332, 3.221484103
3.228391321, 3.231532747
3.238391317, 3.241637698
3.248391314, 3.251383009
3.258391318, 3.261544310
3.268391314, 3.271638064
3.278391326, 3.281605721
3.288391311, 3.291591341
3.298391320, 3.301551632
3.308391306, 3.311520874
3.318391321, 3.321519054
3.328391308, 3.331467319
3.338391325, 3.341596015
3.348391319, 3.351504910
3.358391320, 3.361564731
3.368391310, 3.371529163
3.378391317, 3.381478915
3.388391314, 3.391559966
3.398391318, 3.401580279
3.408391324, 3.411593604
3.418391334, 3.421563024
3.428391312, 3.431566388
3.438391318, 3.441546644
3.448391310, 3.451570124
3.458391310, 3.461633014
3.468391320, 3.471543036
3.478391312, 3.481579064
3.488391314, 3.491611867
3.498391318, 3.501564311
3.508391317, 3.511472985
3.518391321, 3.521478022
3.528391316, 3.531572281
3.538391323, 3.541594530
3.548391310, 3.551569015
3.558391317, 3.561504422
3.568391307, 3.571584540
3.578391321, 3.581510534
3.588391314, 3.591584074
3.598391323, 3.601505133
3.608391307, 3.611504495
3.618391318, 3.621560521
3.628391308, 3.631554665
3.638391322, 3.641605682
3.648391322, 3.651556045
3.658391334, 3.661619911
3.668391310, 3.671602711
3.678391309, 3.681635579
3.688391312, 3.691600725
3.698391341, 3.701584072
3.708391318, 3.711640042
3.718391317, 3.721529192
3.728391312, 3.731526079
3.738391317, 3.741470287
3.748391311, 3.751557659
3.758391329, 3.761567773
3.768391317, 3.771399982
3.778391320, 3.781509009
3.788391314, 3.791555633
3.798391318, 3.801552936
3.808391315, 3.811569485
3.818391324, 3.821464435
3.828391313, 3.831625622
3.838391323, 3.841487500
3.848391317, 3.851654038
3.858391317, 3.861599666
3.868391314, 3.871576983
3.878391318, 3.881689152
3.888391321, 3.891578320
3.898391321, 3.901603246
3.908391314, 3.911613000
3.918391312, 3.921651341
3.928391318, 3.931610294
3.938391338, 3.941621437
3.948391317, 3.951623522
3.958391312, 3.961625136
3.968391309, 3.971618411
3.978391309, 3.981573859
3.988391342, 3.991578100
3.998391321, 4.001576282
4.008391322, 4.011656424
4.018391320, 4.021546159
4.028391318, 4.031478556
4.038391315, 4.041552008
4.048391331, 4.051557132
4.058391320, 4.061567854
4.068391320, 4.071609917
4.078391337, 4.081620711
4.088391317, 4.091601808
4.098391332, 4.101537629
4.108391317, 4.111607039
4.118391323, 4.121628571
4.128391314, 4.131633760
4.138391318, 4.141697262
4.148391321, 4.151594892
4.158391309, 4.161647780
4.168391318, 4.171574354
4.178391321, 4.181569143
4.188391318, 4.191637218
4.198391325, 4.201612171
4.208391308, 4.211645947
4.218391315, 4.221648321
4.228391309, 4.231600207
4.238391346, 4.241706888
4.248391310, 4.251507453
4.258391317, 4.261690215
4.268391315, 4.271608554
4.278391314, 4.281671674
4.288391318, 4.291580828
4.298391315, 4.301639881
4.308391317, 4.311596376
4.318391314, 4.321641192
4.328391304, 4.331565729
4.338391309, 4.341666300
4.348391312, 4.351551995
4.358391330, 4.361600898
4.368391319, 4.371691255
4.378391332, 4.381579402
4.388391309, 4.391659109
4.398391337, 4.401663209
4.408391318, 4.411680123
4.418391323, 4.421647735
4.428391319, 4.431682279
4.438391321, 4.441650949
4.448391312, 4.451577283
4.458391337, 4.461743323
4.468391314, 4.471609255
4.478391316, 4.481594058
4.488391313, 4.491681285
4.498391339, 4.501685704
4.508391309, 4.511610446
4.518391320, 4.521655464
4.528391312, 4.531698939
4.538391320, 4.541600491
4.548391312, 4.551617763
4.558391317, 4.561624204
4.568391309, 4.571686412
4.578391317, 4.581572242
4.588391342, 4.591603690
4.598391317, 4.601716212
4.608391319, 4.611510241
4.618391312, 4.621646732
4.628391312, 4.631683468
4.638391317, 4.641669828
4.648391317, 4.651614129
4.658391327, 4.661629740
4.668391312, 4.671608555
4.678391329, 4.681689277
4.688391315, 4.691628736
4.698391314, 4.701676529
4.708391314, 4.711567696
4.718391323, 4.721609442
4.728391318, 4.731656057
4.738391323, 4.741562037
4.748391309, 4.751689167
4.758391317, 4.761659080
4.768391311, 4.771647557
4.778391322, 4.781666346
4.788391316, 4.791627497
4.798391315, 4.801326804
4.808391312, 4.811555612
4.818391312, 4.821707982
4.828391309, 4.831610857
4.838391326, 4.841675672
4.848391314, 4.851680011
4.858391323, 4.861666053
4.868391310, 4.871685377
4.878391320, 4.881732408
4.888391309, 4.891692121
4.898391325, 4.901710119
4.908391323, 4.911642496
4.918391316, 4.921680949
4.928391307, 4.931598523
4.938391320, 4.941707652
4.948391317, 4.951658733
4.958391321, 4.961494089
4.968391315, 4.971557092
4.978391315, 4.981600695
4.988391309, 4.991603814
4.998391317, 5.001661589
5.008391312, 5.011515973
5.018391324, 5.021714024
5.028391315, 5.031587057
5.038391315, 5.041661052
5.048391310, 5.051617115
5.058391318, 5.061626551
5.068391320, 5.071562815
5.078391322, 5.081674840
5.088391326, 5.091670498
5.098391315, 5.101603569
5.108391302, 5.111655120
5.118391309, 5.121712802
5.128391315, 5.131743121
5.138391318, 5.141757185
5.148391316, 5.151686514
5.158391311, 5.161664369
5.168391317, 5.171596170
5.178391312, 5.181695854
5.188391314, 5.191627250
5.198391325, 5.201625167
5.208391317, 5.211632904
5.218391318, 5.221679072
5.228391306, 5.231587479
5.238391319, 5.241687455
5.248391315, 5.251685487
5.258391327, 5.261706141
5.268391314, 5.271693908
5.278391324, 5.281693582
5.288391307, 5.291695832
5.298391323, 5.301668459
5.308391310, 5.311612965
5.318391327, 5.321639391
5.328391318, 5.331581565
5.338391316, 5.341748482
5.348391309, 5.351625067
5.358391318, 5.361674423
5.368391334, 5.371709539
5.378391335, 5.381665824
5.388391325, 5.391666104
5.398391320, 5.401703914
5.408391304, 5.411691039
5.418391320, 5.421736650
5.428391315, 5.431679390
5.438391321, 5.441651073
5.448391310, 5.451623851
5.458391317, 5.461603856
5.468391310, 5.471694122
5.478391312, 5.481598674
5.488391310, 5.491724330
5.498391318, 5.501693115
5.508391315, 5.511631186
5.518391320, 5.521691042
5.528391309, 5.531659940
5.538391314, 5.541732072
5.548391310, 5.551753876
5.558391316, 5.561697311
5.568391323, 5.571702556
5.578391314, 5.581751569
5.588391307, 5.591622782
5.598391315, 5.601713566
5.608391318, 5.611513241
5.618391316, 5.621656086
5.628391315, 5.631639486
5.638391325, 5.641616164
5.648391310, 5.651638037
5.658391314, 5.661676331
5.668391312, 5.671655900
5.678391316, 5.681720140
5.688391318, 5.691711083
5.698391317, 5.701569581
5.708391304, 5.711527811
5.718391315, 5.721721442
5.728391315, 5.731642109
5.738391325, 5.741595790
5.748391338, 5.751662470
5.758391326, 5.761677431
5.768391310, 5.771575789
5.778391312, 5.781599332
5.788391307, 5.791531873
5.798391321, 5.801657547
5.808391318, 5.811657444
5.818391319, 5.821610922
5.828391312, 5.831662452
5.838391314, 5.841680044
5.848391309, 5.851640504
5.858391323, 5.861717499
5.868391318, 5.871663807
5.878391321, 5.881659506
5.888391314, 5.891612000
5.898391323, 5.901760705
5.908391317, 5.911625600
5.918391325, 5.921643919
5.928391316, 5.931691235
5.938391312, 5.941723941
5.948391304, 5.951627250
5.958391314, 5.961713200
5.968391314, 5.971596402
5.978391317, 5.981719896
5.988391319, 5.991599448
5.998391321, 6.001688305
6.008391314, 6.011686252
6.018391317, 6.021501166
6.028391317, 6.031527877
6.038391317, 6.041569498
6.048391321, 6.051595767
6.058391323, 6.061634235
6.068391320, 6.071626210
6.078391315, 6.081616562
6.088391318, 6.091599399
6.098391316, 6.101657500
6.108391321, 6.111666196
6.118391315, 6.121670408
6.128391310, 6.131676872
6.138391315, 6.141652097
6.148391312, 6.151659549
6.158391317, 6.161707444
6.168391314, 6.171679642
6.178391323, 6.181624603
6.188391315, 6.191583668
6.198391320, 6.201698605
6.208391318, 6.211619518
6.218391325, 6.221683824
6.228391320, 6.231575031
6.238391317, 6.241573633
6.248391306, 6.251626723
6.258391310, 6.261711835
6.268391318, 6.271658421
6.278391318, 6.281541796
6.288391321, 6.291713316
6.298391318, 6.301708492
6.308391314, 6.311613022
6.318391318, 6.321672247
6.328391309, 6.331599388
6.338391317, 6.341743837
6.348391317, 6.351635201
6.358391323, 6.361692742
6.368391304, 6.371646032
6.378391321, 6.381703168
6.388391318, 6.391674015
6.398391316, 6.401735560
6.408391316, 6.411766129
6.418391314, 6.421707395
6.428391312, 6.431693834
6.438391309, 6.441743817
6.448391307, 6.451675123
6.458391321, 6.461744043
6.468391319, 6.471646126
6.478391329, 6.481623343
6.488391310, 6.491673588
6.498391317, 6.501675148
6.508391315, 6.511775452
6.518391319, 6.521671184
6.528391317, 6.531607285
6.538391329, 6.541720661
6.548391306, 6.551671925
6.558391317, 6.561722543
6.568391315, 6.571653826
6.578391319, 6.581756238
6.588391313, 6.591695911
6.598391315, 6.601473777
6.608391307, 6.611698755
6.618391315, 6.621695859
6.628391316, 6.631635905
6.638391335, 6.641765471
6.648391312, 6.651652571
6.658391340, 6.661673515
6.668391306, 6.671537085
6.678391317, 6.681777046
6.688391318, 6.691732694
6.698391319, 6.701894044
6.708391313, 6.711672077
6.718391315, 6.721648346
6.728391307, 6.731726696
6.738391320, 6.741704834
6.748391317, 6.751801198
6.758391324, 6.761774330
6.768391316, 6.771656568
6.778391312, 6.781678864
6.788391301, 6.791748862
6.798391317, 6.801662386
6.808391315, 6.811770780
6.818391320, 6.821744110
6.828391315, 6.831798123
6.838391323, 6.841745761
6.848391304, 6.851726813
6.858391314, 6.861623451
6.868391317, 6.871681386
6.878391322, 6.881697827
6.888391320, 6.891669440
6.898391323, 6.901751437
6.908391307, 6.911754659
6.918391317, 6.921721216
6.928391309, 6.931719223
6.938391338, 6.941719254
6.948391315, 6.951781388
6.958391320, 6.961726279
6.968391309, 6.971793056
6.978391322, 6.981866706
6.988391308, 6.991733577
6.998391319, 7.001778907
7.008391323, 7.011706661
7.018391318, 7.021712988
7.028391314, 7.031640931
7.038391318, 7.041670787
7.048391315, 7.051633985
7.058391325, 7.061668236
7.068391314, 7.071649643
7.078391315, 7.081789289
7.088391314, 7.091665402
7.098391323, 7.101698723
7.108391320, 7.111756858
7.118391339, 7.121733481
7.128391319, 7.131658919
7.138391318, 7.141800885
7.148391315, 7.151736811
7.158391315, 7.161728136
7.168391314, 7.171778983
7.178391322, 7.181724887
7.188391321, 7.191785067
7.198391312, 7.201708798
7.208391317, 7.211739199
7.218391318, 7.221799165
7.228391317, 7.231755333
7.238391336, 7.241783384
7.248391315, 7.251739902
7.258391320, 7.261713719
7.268391314, 7.271723676
7.278391314, 7.281795688
7.288391320, 7.291774423
7.298391320, 7.301800187
7.308391323, 7.311728873
7.318391325, 7.321780026
7.328391317, 7.331761653
7.338391340, 7.341738351
7.348391310, 7.351815866
7.358391316, 7.361713443
7.368391319, 7.371709412
7.378391315, 7.381839726
7.388391312, 7.391784639
7.398391337, 7.401819465
7.408391320, 7.411750913
7.418391327, 7.421822988
7.428391313, 7.431804636
7.438391325, 7.441785556
7.448391312, 7.451720365
7.458391332, 7.461801521
7.468391315, 7.471696610
7.478391342, 7.481718651
7.488391326, 7.491783586
7.498391329, 7.501755825
7.508391312, 7.511738652
7.518391315, 7.521796537
7.528391310, 7.531730089
7.538391321, 7.541786299
7.548391322, 7.551811650
7.558391339, 7.561869183
7.568391306, 7.571754903
7.578391323, 7.581773212
7.588391317, 7.591749254
7.598391319, 7.601790220
7.608391318, 7.611683245
7.618391315, 7.621696944
7.628391307, 7.631742262
7.638391316, 7.641752546
7.648391310, 7.651767095
7.658391317, 7.661810470
7.668391314, 7.671783820
7.678391324, 7.681722591
7.688391321, 7.691815738
7.698391320, 7.701842904
7.708391317, 7.711814197
7.718391319, 7.721831432
7.728391316, 7.731838334
7.738391332, 7.741902033
7.748391312, 7.751803932
7.758391314, 7.761876190
7.768391307, 7.771763277
7.778391323, 7.781770876
7.788391315, 7.791810209
7.798391317, 7.801946238
7.808391315, 7.811786801
7.818391317, 7.821827549
7.828391314, 7.831887972
7.838391316, 7.841933628
7.848391323, 7.851848204
7.858391314, 7.861942231
7.868391307, 7.871895799
7.878391315, 7.881923273
7.888391312, 7.891844742
7.898391316, 7.901881408
7.908391313, 7.911889152
7.918391320, 7.921952714
7.928391307, 7.931880961
7.938391318, 7.941902935
7.948391329, 7.951827201
7.958391320, 7.961903786
7.968391320, 7.971805343
7.978391323, 7.981846108
7.988391331, 7.991769380
7.998391335, 8.001847702
8.008391336, 8.011845836
8.018391342, 8.021878172
8.028391334, 8.031911326
8.038391315, 8.041902358
8.048391304, 8.051910430
8.058391313, 8.061836096
8.068391314, 8.071839088
8.078393200, 8.081872509
8.088391324, 8.091827822
8.098391318, 8.101811426
8.108391312, 8.111844155
8.118391314, 8.121874711
8.128391317, 8.131988220
8.138391323, 8.141915339
8.148391320, 8.151902367
8.158391320, 8.161920310
8.168391312, 8.171856463
8.178391331, 8.181955442
8.188391318, 8.191835570
8.198391327, 8.201929187
8.208391314, 8.211986617
8.218391323, 8.221929615
8.228391312, 8.231757654
8.238391320, 8.241903095
8.248391309, 8.251864510
8.258391317, 8.261887634
8.268391312, 8.271795693
8.278391323, 8.281868340
8.288391315, 8.291893122
8.298391310, 8.301909741
8.308391310, 8.311936644
8.318391325, 8.321903842
8.328391321, 8.331756995
8.338391325, 8.341776212
8.348391304, 8.351846332
8.358391314, 8.361839581
8.368391310, 8.371818186
8.378391325, 8.381834077
8.388391312, 8.391890820
8.398391314, 8.401893852
8.408391308, 8.411891946
8.418391319, 8.421968391
8.428391310, 8.431904562
8.438391321, 8.441925224
8.448391318, 8.451951615
8.458391326, 8.461878696
8.468391312, 8.471813692
8.478391314, 8.481900619
8.488391315, 8.491861524
8.498391320, 8.501931557
8.508391313, 8.511885258
8.518391317, 8.521890557
8.528391307, 8.531880791
8.538391312, 8.541955786
8.548391317, 8.551869228
8.558391321, 8.561950110
8.568391318, 8.571759832
8.578391320, 8.581972249
8.588391312, 8.591818339
8.598391334, 8.601908978
8.608391310, 8.611852693
8.618391332, 8.621882772
8.628391318, 8.631880552
8.638391315, 8.641915853
8.648391317, 8.651873929
8.658391321, 8.661995962
8.668391315, 8.671862425
8.678391316, 8.681893816
8.688391322, 8.691821315
8.698391330, 8.701820054
8.708391312, 8.711817699
8.718391319, 8.721922975
8.728391320, 8.731881661
8.738391319, 8.741940691
8.748391312, 8.751893494
8.758391337, 8.761952132
8.768391314, 8.771951439
8.778391315, 8.781994400
8.788391312, 8.791979821
8.798391320, 8.801917078
8.808391320, 8.811917392
8.818391321, 8.821869930
8.828391315, 8.831934440
8.838391318, 8.841889653
8.848391314, 8.851910359
8.858391336, 8.861904107
8.868391313, 8.871947285
8.878391320, 8.881976101
8.888391310, 8.891840689
8.898391309, 8.901918951
8.908391314, 8.911784921
8.918391324, 8.921931594
8.928391312, 8.931810647
8.938391323, 8.941976874
8.948391316, 8.951934837
8.958391318, 8.961903570
8.968391340, 8.971896882
8.978391320, 8.981909355
8.988391323, 8.991794488
8.998391321, 9.001853861
9.008391310, 9.011857258
9.018391314, 9.021795939
9.028391334, 9.031913730
9.038391325, 9.041918534
9.048391316, 9.051818729
9.058391339, 9.061934735
9.068391316, 9.071907245
9.078391310, 9.081964071
9.088391318, 9.091915815
9.098391322, 9.101933072
9.108391320, 9.111952621
9.118391318, 9.121903832
9.128391310, 9.131829236
9.138391323, 9.141951837
9.148391320, 9.151949209
9.158391322, 9.161848943
9.168391313, 9.171936060
9.178391317, 9.181939212
9.188391310, 9.191803865
9.198391317, 9.201885640
9.208391309, 9.211885639
9.218391323, 9.221885113
9.228391315, 9.231950576
9.238391315, 9.241944951
9.248391320, 9.251786117
9.258391336, 9.261869409
9.268391312, 9.271863021
9.278391338, 9.281937890
9.288391321, 9.291942877
9.298391321, 9.301914102
9.308391314, 9.311889995
9.318391334, 9.322001584
9.328391310, 9.331974936
9.338391317, 9.341899905
9.348391316, 9.351922886
9.358391316, 9.361932485
9.368391310, 9.371993628
9.378391321, 9.382040036
9.388391320, 9.391998244
9.398391338, 9.401865822
9.408391315, 9.411933497
9.418391317, 9.421971415
9.428391310, 9.432032483
9.438391317, 9.441964059
9.448391309, 9.451825762
9.458391319, 9.462011352
9.468391326, 9.472015318
9.478391320, 9.482022190
9.488391311, 9.491942159
9.498391315, 9.501918774
9.508391315, 9.511973069
9.518391328, 9.521907935
9.528391317, 9.531945101
9.538391315, 9.541960355
9.548391309, 9.552065937
9.558391310, 9.562007015
9.568391312, 9.571975840
9.578391333, 9.581885485
9.588391317, 9.591989091
9.598391338, 9.602008648
9.608391314, 9.611903040
9.618391342, 9.621939681
9.628391317, 9.632045830
9.638391328, 9.641956021
9.648391313, 9.651977258
9.658391312, 9.661984857
9.668391314, 9.672068204
9.678391318, 9.682060538
9.688391314, 9.691937811
9.698391325, 9.702004836
9.708391324, 9.711965451
9.718391320, 9.721992562
9.728391315, 9.731980617
9.738391315, 9.742000431
9.748391317, 9.751980946
9.758391317, 9.762029347
9.768391314, 9.771951028
9.778391323, 9.781975079
9.788391311, 9.791229120
9.798391321, 9.800841100
9.808391336, 9.810134388
9.818391319, 9.820256599
9.828391322, 9.830389838
9.838391326, 9.840275041
9.848391373, 9.849103684
9.858391444, 9.859059055
9.868391318, 9.869023693
9.878391319, 9.878983045
9.888391312, 9.888996149
9.898391316, 9.898963296
9.908391361, 9.908917471
9.918391366, 9.918907469
9.928391380, 9.928872313
9.938391379, 9.938882282
9.948391313, 9.948589409
9.958391334, 9.958559227
9.968391327, 9.968595972
9.978391328, 9.978600382
9.988391328, 9.988615931
9.998391331, 9.998612638
10.008391325, 10.008571368
10.018391311, 10.018562590
10.028391306, 10.028562077
10.038391308, 10.038557615
10.048391303, 10.048559788
10.058391306, 10.058558992
10.068391333, 10.068552465
10.078391304, 10.078562847
10.088391311, 10.088562512
10.098391303, 10.098560935
10.108391317, 10.108558274
10.118391304, 10.118602416
10.128391333, 10.128601830
10.138391330, 10.138600189
10.148391331, 10.148606348
10.158391312, 10.158627092
10.168391327, 10.168605357
10.178391309, 10.178600544
10.188391331, 10.188606896
10.198391327, 10.198566126
10.208391308, 10.208561901
10.218391304, 10.218556775
10.228391303, 10.228555954
10.238391308, 10.238565966
10.248391303, 10.248565785
10.258391309, 10.258568017
10.268391308, 10.268558026
10.278391306, 10.278567705
10.288391303, 10.288564798
10.298391303, 10.298567875
10.308391311, 10.308566426
10.318391304, 10.318568451
10.328391308, 10.328565328
10.338391298, 10.338567199
10.348391311, 10.348562782
10.358391317, 10.358566463
10.368391304, 10.368564570
10.378391306, 10.378568698
10.388391311, 10.388564724
10.398391301, 10.398565203
10.408391308, 10.408562723
10.418391311, 10.418566167
10.428391311, 10.428564300
10.438391308, 10.438565496
10.448391308, 10.448566025
10.458391297, 10.458564431
10.468391306, 10.468560336
10.478391304, 10.478565935
10.488391303, 10.488566914
10.498391304, 10.498567094
10.508391309, 10.508567801
10.518391311, 10.518572257
10.528391316, 10.528566175
10.538391308, 10.538568234
10.548391311, 10.548566546
10.558391304, 10.558568232
10.568391309, 10.568569387
10.578391300, 10.578565476
10.588391320, 10.588564697
10.598391306, 10.598566912
10.608391304, 10.608565268
10.618391304, 10.618568308
10.628391308, 10.628564141
10.638391306, 10.638566683
10.648391306, 10.648564734
10.658391312, 10.658567874
10.668391309, 10.668564967
10.678391314, 10.678568712
10.688391309, 10.688566961
10.698391306, 10.698568681
10.708391308, 10.708564384
10.718391303, 10.718564964
10.728391304, 10.728568481
10.738391306, 10.738565696
10.748391304, 10.748564681
10.758391304, 10.758567618
10.768391317, 10.768564310
10.778391311, 10.778566936
10.788391301, 10.788566187
10.798391303, 10.798565222
10.808391306, 10.808565074
10.818391304, 10.818568278
10.828391312, 10.828564304
10.838391306, 10.838564716
10.848391309, 10.848565733
10.858391306, 10.858564694
10.868391301, 10.868564098
10.878391306, 10.878566882
10.888391308, 10.888564545
10.898391312, 10.898567365
10.908391303, 10.908562812
10.918391309, 10.918567564
10.928391308, 10.928564858
10.938391300, 10.938568187
10.948391306, 10.948560279
10.958391311, 10.958564954
10.968391311, 10.968562957
10.978391306, 10.978568121
10.988391303, 10.988564997
10.998391303, 10.998568134
11.008391303, 11.008566265
11.018391306, 11.018568102
11.028391309, 11.028564536
11.038391306, 11.038565521
11.048391309, 11.048566328
11.058391303, 11.058568158
11.068391312, 11.068563151
11.078391301, 11.078568597
11.088391306, 11.088565703
11.098391304, 11.098564577
11.108391308, 11.108567284
11.118391306, 11.118564996
11.128391306, 11.128564686
11.138391312, 11.138564801
11.148391303, 11.148566616
11.158391309, 11.158559715
11.168391303, 11.168567160
11.178391312, 11.178567852
11.188391327, 11.188567701
11.198391304, 11.198567380
11.208391304, 11.208567735
11.218391311, 11.218567589
11.228391303, 11.228557797
11.238391300, 11.238567340
11.248391309, 11.248564585
11.258391309, 11.258566651
11.268391311, 11.268565508
11.278391303, 11.278567938
11.288391311, 11.288568192
11.298391301, 11.298567939
11.308391301, 11.308563795
11.318391304, 11.318566590
11.328391304, 11.328567032
11.338391304, 11.338565701
11.348391309, 11.348568644
11.358391301, 11.358568003
11.368391304, 11.368567634
11.378391312, 11.378564928
11.388391301, 11.388565116
11.398391309, 11.398565687
11.408391308, 11.408565488
11.418391306, 11.418567493
11.428391309, 11.428564795
11.438391309, 11.438566566
11.448391306, 11.448564855
11.458391311, 11.458564874
11.468391309, 11.468563453
11.478391303, 11.478566146
11.488391303, 11.488564279
11.498391303, 11.498564588
11.508391306, 11.508565562
11.518391303, 11.518567986
11.528391308, 11.528568248
11.538391303, 11.538564788
11.548391306, 11.548564127
11.558391311, 11.558568312
11.568391311, 11.568565745
11.578391309, 11.578566173
11.588391309, 11.588565066
11.598391304, 11.598565352
11.608391304, 11.608565772
11.618391304, 11.618566838
11.628391306, 11.628566001
11.638391311, 11.638565654
11.648391312, 11.648565668
11.658391303, 11.658565543
11.668391334, 11.668566604
11.678391309, 11.678564610
11.688391309, 11.688567271
11.698391311, 11.698565532
11.708391311, 11.708565079
11.718391300, 11.718565466
11.728391311, 11.728566685
11.738391308, 11.738567612
11.748391308, 11.748568949
11.758391309, 11.758566541
11.768391303, 11.768565281
11.778391301, 11.778568465
11.788391301, 11.788567452
11.798391303, 11.798565845
11.808391301, 11.808564998
11.818391311, 11.818564915
11.828391309, 11.828561079
11.838391298, 11.838567026
11.848391308, 11.848564651
11.858391308, 11.858566115
11.868391306, 11.868566181
11.878391312, 11.878565873
11.888391303, 11.888565472
11.898391301, 11.898565603
11.908391306, 11.908563394
11.918391309, 11.918566152
11.928391304, 11.928565832
11.938391311, 11.938564547
11.948391312, 11.948564143
11.958391304, 11.958564304
11.968391306, 11.968564139
11.978391303, 11.978567659
11.988391311, 11.988568543
11.998391304, 11.998566588
12.008391308, 12.008568254
12.018391298, 12.018565039
12.028391306, 12.028564253
12.038391306, 12.038569250
12.048391309, 12.048566492
12.058391306, 12.058566261
------------------------------
