------------------------------
test was performed using the following parameters: --mps=100 --burst=1 --reply-every=1 --msg-size=12 --time=10
------------------------------
sockperf: [Total Run] RunTime=10.100 sec; SentMessages=1011; ReceivedMessages=1010
sockperf: ========= Printing statistics for Server No: 0
sockperf: [Valid Duration] RunTime=9.990 sec; SentMessages=1000; ReceivedMessages=1000
sockperf: [2;35m====> avg-lat= 75.865 (std-dev=32.982)[0m
sockperf: # dropped messages = 0; # duplicated messages = 0; # out-of-order messages = 0
sockperf: [2;35mTotal 1000 observations[0m; each percentile contains 10.00 observations
sockperf: ---> <MAX> observation =  173.781
sockperf: ---> percentile  99.99 =  173.781
sockperf: ---> percentile  99.90 =  163.051
sockperf: ---> percentile  99.50 =  151.397
sockperf: ---> percentile  99.00 =  150.915
sockperf: ---> percentile  95.00 =  148.789
sockperf: ---> percentile  90.00 =  138.718
sockperf: ---> percentile  75.00 =   89.122
sockperf: ---> percentile  50.00 =   69.044
sockperf: ---> percentile  25.00 =   48.878
sockperf: ---> <MIN> observation =   27.445
------------------------------
txTime, rxTime
2.064285492, 2.064428108
2.074285490, 2.074409559
2.084285485, 2.084424151
2.094285508, 2.094412426
2.104285497, 2.104422076
2.114285503, 2.114391788
2.124285497, 2.124392761
2.134285485, 2.134399068
2.144285487, 2.144385550
2.154285501, 2.154382035
2.164285493, 2.164383794
2.174285485, 2.174389590
2.184285497, 2.184422258
2.194285484, 2.194383786
2.204285482, 2.204392546
2.214285484, 2.214381563
2.224285497, 2.224374564
2.234285492, 2.234383284
2.244285492, 2.244382885
2.254285490, 2.254379342
2.264285489, 2.264383246
2.274285497, 2.274387252
2.284285490, 2.284379111
2.294285503, 2.294388092
2.304285489, 2.304382821
2.314285489, 2.314384808
2.324285500, 2.324379746
2.334285504, 2.334378085
2.344285487, 2.344380701
2.354285501, 2.354383374
2.364285490, 2.364381797
2.374285485, 2.374414107
2.384285487, 2.384404145
2.394285498, 2.394392947
2.404285495, 2.404385239
2.414285490, 2.414383732
2.424285493, 2.424383586
2.434285490, 2.434419720
2.444285489, 2.444399278
2.454285490, 2.454384337
2.464285482, 2.464398145
2.474285485, 2.474392554
2.484285487, 2.484383987
2.494285487, 2.494382623
2.504285490, 2.504399946
2.514285504, 2.514383429
2.524285492, 2.524404626
2.534285503, 2.534378003
2.544285504, 2.544387617
2.554285490, 2.554376359
2.564285492, 2.564387107
2.574285531, 2.574378288
2.584285484, 2.584435148
2.594285485, 2.594382004
2.604285485, 2.604379807
2.614285484, 2.614378184
2.624285490, 2.624415732
2.634285498, 2.634384037
2.644285498, 2.644385214
2.654285482, 2.654398982
2.664286018, 2.664422003
2.674285479, 2.674402251
2.684286060, 2.684398713
2.694285482, 2.694374832
2.704285487, 2.704379368
2.714285501, 2.714385226
2.724285489, 2.724419956
2.734285530, 2.734381238
2.744285497, 2.744384953
2.754285498, 2.754408196
2.764285501, 2.764379531
2.774285492, 2.774419294
2.784285498, 2.784426682
2.794285484, 2.794383775
2.804285487, 2.804382630
2.814285495, 2.814385801
2.824285482, 2.824380497
2.834285500, 2.834391973
2.844285492, 2.844382128
2.854285484, 2.854391344
2.864285485, 2.864380770
2.874285482, 2.874385386
2.884285492, 2.884426371
2.894285504, 2.894441373
2.904285487, 2.904419657
2.914285716, 2.914433773
2.924285487, 2.924459736
2.934285534, 2.934383764
2.944285519, 2.944390560
2.954285492, 2.954410192
2.964285487, 2.964385602
2.974285482, 2.974386388
2.984285484, 2.984459321
2.994285549, 2.994440352
3.004285487, 3.004377201
3.014285538, 3.014452186
3.024285485, 3.024431291
3.034285495, 3.034400676
3.044285490, 3.044447803
3.054285493, 3.054468663
3.064285481, 3.064406974
3.074285501, 3.074391106
3.084285497, 3.084380756
3.094285487, 3.094383376
3.104285492, 3.104414815
3.114285487, 3.114385405
3.124285484, 3.124405326
3.134285490, 3.134406625
3.144285500, 3.144389816
3.154285492, 3.154504566
3.164285484, 3.164368948
3.174285495, 3.174388018
3.184285482, 3.184387478
3.194285492, 3.194383221
3.204285485, 3.204378205
3.214285493, 3.214384961
3.224285490, 3.224397576
3.234285482, 3.234379432
3.244285517, 3.244382900
3.254285495, 3.254385201
3.264285492, 3.264382062
3.274285501, 3.274379343
3.284285531, 3.284378947
3.294285487, 3.294385064
3.304285498, 3.304382054
3.314285490, 3.314423799
3.324285484, 3.324385019
3.334285487, 3.334385082
3.344285490, 3.344463418
3.354285485, 3.354384686
3.364285490, 3.364382915
3.374285501, 3.374383960
3.384285490, 3.384418696
3.394285495, 3.394387471
3.404285489, 3.404391818
3.414285498, 3.414389638
3.424285492, 3.424387010
3.434285497, 3.434441020
3.444285490, 3.444382488
3.454285506, 3.454409104
3.464285487, 3.464378587
3.474285481, 3.474383156
3.484285490, 3.484381508
3.494285489, 3.494385141
3.504285490, 3.504382630
3.514285485, 3.514377090
3.524285536, 3.524377403
3.534285490, 3.534386524
3.544285528, 3.544381831
3.554285503, 3.554386969
3.564285489, 3.564383609
3.574285482, 3.574381577
3.584285490, 3.584381781
3.594285485, 3.594392549
3.604285495, 3.604434273
3.614285523, 3.614393029
3.624285498, 3.624382926
3.634285501, 3.634482466
3.644285501, 3.644384110
3.654285487, 3.654385812
3.664285489, 3.664428003
3.674285482, 3.674409797
3.684285498, 3.684484600
3.694285484, 3.694382226
3.704285481, 3.704455637
3.714285504, 3.714448076
3.724285484, 3.724435814
3.734285489, 3.734360246
3.744285482, 3.744402615
3.754285482, 3.754389622
3.764285503, 3.764374870
3.774285497, 3.774373697
3.784285495, 3.784445916
3.794285487, 3.794415435
3.804285489, 3.804418317
3.814285497, 3.814443639
3.824285490, 3.824428614
3.834285487, 3.834413125
3.844285481, 3.844389052
3.854285482, 3.854433886
3.864285484, 3.864447747
3.874285490, 3.874464316
3.884285500, 3.884409434
3.894285497, 3.894395031
3.904285504, 3.904415863
3.914285550, 3.914365509
3.924285487, 3.924461790
3.934285495, 3.934441492
3.944285533, 3.944398198
3.954285489, 3.954363605
3.964285495, 3.964391308
3.974285484, 3.974412617
3.984285489, 3.984421189
3.994285501, 3.994365329
4.004285481, 4.004343579
4.014285545, 4.014368717
4.024285498, 4.024394478
4.034285493, 4.034391477
4.044285489, 4.044475059
4.054285485, 4.054432986
4.064285489, 4.064426986
4.074285484, 4.074475015
4.084285495, 4.084408728
4.094285487, 4.094366925
4.104285482, 4.104453242
4.114285481, 4.114440491
4.124285498, 4.124386630
4.134285504, 4.134370868
4.144285481, 4.144396024
4.154285487, 4.154479242
4.164285490, 4.164435020
4.174285489, 4.174459305
4.184285490, 4.184472489
4.194285495, 4.194404056
4.204285487, 4.204397677
4.214285482, 4.214419187
4.224285489, 4.224460331
4.234285522, 4.234414022
4.244285485, 4.244464128
4.254285508, 4.254476168
4.264287937, 4.264470280
4.274285506, 4.274406807
4.284285485, 4.284356815
4.294285487, 4.294379035
4.304285497, 4.304414201
4.314285545, 4.314422842
4.324285485, 4.324469664
4.334285500, 4.334430496
4.344285487, 4.344457192
4.354285489, 4.354469318
4.364285522, 4.364374371
4.374285490, 4.374492377
4.384285504, 4.384445630
4.394285485, 4.394378761
4.404285503, 4.404380782
4.414285484, 4.414380854
4.424286433, 4.424380197
4.434285495, 4.434416176
4.444285490, 4.444382727
4.454285482, 4.454405016
4.464287161, 4.464461983
4.474285489, 4.474385555
4.484285489, 4.484466178
4.494285536, 4.494457516
4.504285501, 4.504400650
4.514285485, 4.514455688
4.524285495, 4.524380854
4.534285490, 4.534379373
4.544286940, 4.544377856
4.554285497, 4.554384648
4.564285484, 4.564445352
4.574285490, 4.574462407
4.584285490, 4.584454166
4.594285481, 4.594461492
4.604285485, 4.604437852
4.614285501, 4.614381759
4.624285495, 4.624379992
4.634285490, 4.634407623
4.644285493, 4.644421503
4.654285482, 4.654436733
4.664285487, 4.664396844
4.674285489, 4.674463680
4.684285484, 4.684432754
4.694285482, 4.694382689
4.704285484, 4.704466473
4.714285492, 4.714410515
4.724287050, 4.724396747
4.734285501, 4.734475353
4.744285482, 4.744422397
4.754285492, 4.754426668
4.764285485, 4.764382960
4.774285495, 4.774395688
4.784285495, 4.784398295
4.794285504, 4.794377406
4.804286401, 4.804379997
4.814285489, 4.814453319
4.824285492, 4.824424506
4.834285482, 4.834377325
4.844285487, 4.844380191
4.854285561, 4.854378677
4.864285489, 4.864377992
4.874285519, 4.874387558
4.884285504, 4.884379053
4.894285487, 4.894396084
4.904285487, 4.904401795
4.914285492, 4.914377681
4.924285487, 4.924380878
4.934285501, 4.934378718
4.944285487, 4.944455280
4.954285484, 4.954419382
4.964285487, 4.964401451
4.974285498, 4.974388733
4.984285487, 4.984411488
4.994285485, 4.994417300
5.004285482, 5.004380115
5.014285482, 5.014381393
5.024285481, 5.024374592
5.034285498, 5.034500767
5.044285502, 5.044462541
5.054285489, 5.054508190
5.064285479, 5.064558140
5.074285487, 5.074502819
5.084285501, 5.084452172
5.094285492, 5.094429184
5.104285492, 5.104468536
5.114285485, 5.114569882
5.124285482, 5.124434961
5.134285506, 5.134536144
5.144285478, 5.144422737
5.154285493, 5.154446822
5.164285499, 5.164449981
5.174285491, 5.174465382
5.184285503, 5.184501254
5.194285485, 5.194429922
5.204285503, 5.204438863
5.214285506, 5.214460253
5.224285495, 5.224434509
5.234285492, 5.234450375
5.244285482, 5.244433585
5.254285484, 5.254443608
5.264285504, 5.264432534
5.274285504, 5.274633067
5.284285506, 5.284533765
5.294285493, 5.294550409
5.304285506, 5.304611610
5.314285481, 5.314555077
5.324285506, 5.324565629
5.334285508, 5.334506755
5.344285489, 5.344537199
5.354285502, 5.354547456
5.364285499, 5.364563278
5.374285479, 5.374505297
5.384285501, 5.384576810
5.394285493, 5.394426040
5.404285502, 5.404564510
5.414285490, 5.414489280
5.424285502, 5.424520171
5.434285487, 5.434507227
5.444285503, 5.444395327
5.454285484, 5.454458438
5.464285486, 5.464532973
5.474285501, 5.474469685
5.484285482, 5.484382877
5.494285501, 5.494378567
5.504285507, 5.504458252
5.514285492, 5.514438982
5.524285504, 5.524418478
5.534285490, 5.534541782
5.544285503, 5.544414842
5.554285482, 5.554374968
5.564285490, 5.564424987
5.574285490, 5.574444319
5.584285490, 5.584425987
5.594285501, 5.594480378
5.604285491, 5.604553285
5.614285498, 5.614372490
5.624285483, 5.624523634
5.634285485, 5.634368504
5.644285481, 5.644368883
5.654285507, 5.654466795
5.664285482, 5.664473422
5.674285480, 5.674424097
5.684285484, 5.684421894
5.694285481, 5.694459454
5.704285487, 5.704481103
5.714285482, 5.714475919
5.724285486, 5.724471286
5.734285482, 5.734474927
5.744285487, 5.744449844
5.754285488, 5.754523653
5.764285489, 5.764423774
5.774285484, 5.774427939
5.784285479, 5.784374617
5.794285483, 5.794359616
5.804285487, 5.804514876
5.814285490, 5.814450888
5.824285490, 5.824360448
5.834285490, 5.834542287
5.844285487, 5.844523903
5.854285487, 5.854481507
5.864285485, 5.864456928
5.874285484, 5.874448613
5.884285486, 5.884496089
5.894285481, 5.894496709
5.904285478, 5.904366655
5.914285481, 5.914475617
5.924285508, 5.924444467
5.934285490, 5.934376263
5.944285487, 5.944421135
5.954285479, 5.954406669
5.964285479, 5.964493314
5.974285483, 5.974372487
5.984285506, 5.984495824
5.994285476, 5.994470253
6.004285487, 6.004345465
6.014285480, 6.014395854
6.024285473, 6.024438232
6.034285495, 6.034475679
6.044285486, 6.044463731
6.054285481, 6.054509283
6.064285479, 6.064450510
6.074285487, 6.074357672
6.084285474, 6.084361383
6.094285480, 6.094388050
6.104285478, 6.104360859
6.114285478, 6.114351598
6.124285487, 6.124363024
6.134285478, 6.134341390
6.144285473, 6.144392111
6.154285481, 6.154370259
6.164285483, 6.164389340
6.174285502, 6.174373360
6.184285486, 6.184375341
6.194285478, 6.194403051
6.204285486, 6.204389486
6.214285483, 6.214398630
6.224285478, 6.224380910
6.234285484, 6.234377108
6.244285486, 6.244387249
6.254285483, 6.254363668
6.264285487, 6.264351211
6.274285489, 6.274365631
6.284285489, 6.284365029
6.294285483, 6.294381748
6.304285492, 6.304353746
6.314285476, 6.314372300
6.324285486, 6.324478326
6.334285483, 6.334421495
6.344285486, 6.344372340
6.354285489, 6.354360845
6.364285487, 6.364381766
6.374285486, 6.374434678
6.384285489, 6.384407146
6.394285484, 6.394470148
6.404285492, 6.404541678
6.414285487, 6.414379956
6.424285486, 6.424380951
6.434285476, 6.434424885
6.444285486, 6.444388062
6.454285483, 6.454428162
6.464285486, 6.464452238
6.474285491, 6.474388053
6.484285484, 6.484343746
6.494285484, 6.494533313
6.504285480, 6.504468907
6.514285483, 6.514462609
6.524285481, 6.524439414
6.534285485, 6.534451939
6.544285486, 6.544496271
6.554285491, 6.554429324
6.564285480, 6.564359674
6.574285489, 6.574432234
6.584285488, 6.584363523
6.594285477, 6.594344242
6.604285488, 6.604350360
6.614285483, 6.614518290
6.624285489, 6.624446469
6.634285486, 6.634427808
6.644285478, 6.644367379
6.654285485, 6.654366512
6.664285483, 6.664424693
6.674285499, 6.674501153
6.684285488, 6.684444744
6.694285480, 6.694441562
6.704285482, 6.704458255
6.714285482, 6.714397181
6.724285493, 6.724350722
6.734285478, 6.734473523
6.744285481, 6.744456046
6.754285473, 6.754393590
6.764285487, 6.764432118
6.774285482, 6.774366642
6.784285480, 6.784479649
6.794285482, 6.794362935
6.804285488, 6.804370608
6.814285491, 6.814411598
6.824285495, 6.824430834
6.834285504, 6.834470302
6.844285485, 6.844383217
6.854285479, 6.854390065
6.864285488, 6.864366337
6.874285480, 6.874364032
6.884285485, 6.884378220
6.894285493, 6.894371797
6.904285490, 6.904365804
6.914285498, 6.914364242
6.924285490, 6.924390255
6.934285482, 6.934354177
6.944285480, 6.944379046
6.954285490, 6.954443446
6.964285487, 6.964368447
6.974285483, 6.974422417
6.984285491, 6.984506357
6.994285488, 6.994388927
7.004285487, 7.004350111
7.014285493, 7.014349530
7.024285487, 7.024382520
7.034285491, 7.034371030
7.044285482, 7.044569016
7.054285483, 7.054388811
7.064285488, 7.064447371
7.074285488, 7.074537874
7.084285491, 7.084361953
7.094285491, 7.094357846
7.104285485, 7.104361907
7.114285491, 7.114342676
7.124285479, 7.124562915
7.134285482, 7.134436507
7.144285483, 7.144369735
7.154285487, 7.154368035
7.164285491, 7.164375337
7.174285491, 7.174347474
7.184285493, 7.184464097
7.194285487, 7.194476282
7.204285488, 7.204372966
7.214285493, 7.214468527
7.224285490, 7.224372260
7.234285488, 7.234378544
7.244285493, 7.244363732
7.254285487, 7.254367250
7.264285487, 7.264340377
7.274285487, 7.274373310
7.284285485, 7.284377944
7.294285480, 7.294449474
7.304285480, 7.304411333
7.314285483, 7.314416362
7.324285479, 7.324366633
7.334285485, 7.334385272
7.344285488, 7.344364201
7.354285482, 7.354396182
7.364285491, 7.364367359
7.374285488, 7.374384308
7.384285493, 7.384379797
7.394285490, 7.394352718
7.404285482, 7.404386677
7.414285498, 7.414375776
7.424285485, 7.424393493
7.434285483, 7.434429514
7.444285488, 7.444345103
7.454285479, 7.454341005
7.464285491, 7.464376717
7.474285483, 7.474401667
7.484285479, 7.484386666
7.494285487, 7.494376292
7.504285487, 7.504374053
7.514285480, 7.514380470
7.524285488, 7.524402699
7.534285490, 7.534363385
7.544285488, 7.544384089
7.554285490, 7.554372023
7.564285493, 7.564371232
7.574285491, 7.574385368
7.584285485, 7.584360944
7.594285480, 7.594402170
7.604285491, 7.604359201
7.614285485, 7.614381687
7.624285491, 7.624369724
7.634285482, 7.634405144
7.644285487, 7.644360473
7.654285487, 7.654392340
7.664285493, 7.664410529
7.674285480, 7.674428494
7.684285479, 7.684431257
7.694285483, 7.694395768
7.704285483, 7.704360124
7.714285485, 7.714372879
7.724285488, 7.724445270
7.734285477, 7.734504060
7.744285491, 7.744379559
7.754285493, 7.754403895
7.764285487, 7.764488209
7.774285482, 7.774503523
7.784285480, 7.784443110
7.794285483, 7.794392354
7.804285491, 7.804389746
7.814285488, 7.814387403
7.824285491, 7.824363306
7.834285490, 7.834421924
7.844285482, 7.844452013
7.854285488, 7.854375372
7.864285490, 7.864402845
7.874285488, 7.874487185
7.884285487, 7.884429056
7.894285482, 7.894450641
7.904285488, 7.904383191
7.914285507, 7.914469350
7.924285482, 7.924477582
7.934285487, 7.934469161
7.944285481, 7.944364729
7.954285484, 7.954428478
7.964285493, 7.964454931
7.974285493, 7.974441775
7.984285511, 7.984516130
7.994285489, 7.994463745
8.004285478, 8.004454189
8.014285487, 8.014465339
8.024285492, 8.024452585
8.034285490, 8.034420468
8.044285485, 8.044461872
8.054285477, 8.054491266
8.064285480, 8.064469709
8.074285477, 8.074458878
8.084285495, 8.084435042
8.094285488, 8.094477687
8.104285491, 8.104445643
8.114285489, 8.114495672
8.124285488, 8.124421768
8.134285485, 8.134500476
8.144285481, 8.144457170
8.154285498, 8.154441190
8.164285487, 8.164468916
8.174285489, 8.174402381
8.184285485, 8.184515110
8.194285481, 8.194436417
8.204285485, 8.204393488
8.214285488, 8.214430430
8.224285489, 8.224464983
8.234285483, 8.234413674
8.244285486, 8.244433753
8.254285477, 8.254418559
8.264285483, 8.264456328
8.274285481, 8.274441617
8.284285486, 8.284516373
8.294285491, 8.294492469
8.304285487, 8.304378241
8.314285485, 8.314426898
8.324285485, 8.324503527
8.334285498, 8.334401464
8.344285482, 8.344386929
8.354285488, 8.354396799
8.364285483, 8.364465293
8.374285494, 8.374389447
8.384285486, 8.384438081
8.394285483, 8.394459099
8.404285485, 8.404497262
8.414285483, 8.414464871
8.424285482, 8.424508852
8.434285485, 8.434450481
8.444285482, 8.444456738
8.454285503, 8.454420950
8.464285496, 8.464463354
8.474285487, 8.474458903
8.484285480, 8.484554685
8.494285481, 8.494457131
8.504285484, 8.504414411
8.514285483, 8.514482461
8.524285480, 8.524362595
8.534285482, 8.534373229
8.544285480, 8.544378103
8.554285476, 8.554371169
8.564285487, 8.564381866
8.574285490, 8.574427801
8.584285490, 8.584363178
8.594285488, 8.594455577
8.604285485, 8.604360236
8.614285488, 8.614459704
8.624285487, 8.624480711
8.634285491, 8.634484522
8.644285486, 8.644436216
8.654285486, 8.654467795
8.664285474, 8.664345589
8.674285471, 8.674475339
8.684285483, 8.684453535
8.694285483, 8.694461216
8.704285483, 8.704400134
8.714285483, 8.714401281
8.724285475, 8.724478784
8.734285481, 8.734407685
8.744285494, 8.744434004
8.754285489, 8.754390251
8.764285491, 8.764411544
8.774285486, 8.774443736
8.784285489, 8.784418837
8.794285485, 8.794423280
8.804285489, 8.804514956
8.814285483, 8.814363118
8.824285483, 8.824458188
8.834285502, 8.834442113
8.844285489, 8.844450237
8.854285488, 8.854385423
8.864285480, 8.864360129
8.874285488, 8.874402825
8.884285491, 8.884424415
8.894285500, 8.894386818
8.904285507, 8.904500753
8.914285485, 8.914474571
8.924285485, 8.924520840
8.934285486, 8.934462102
8.944285486, 8.944419255
8.954285490, 8.954525614
8.964285485, 8.964388883
8.974285487, 8.974466707
8.984285506, 8.984425563
8.994285489, 8.994453666
9.004285491, 9.004386508
9.014285489, 9.014387855
9.024285481, 9.024388637
9.034285483, 9.034402505
9.044285493, 9.044350915
9.054285492, 9.054387378
9.064285489, 9.064356574
9.074285479, 9.074352873
9.084285474, 9.084346579
9.094285478, 9.094365359
9.104285482, 9.104360107
9.114285487, 9.114343663
9.124285481, 9.124381195
9.134285478, 9.134430768
9.144285484, 9.144423061
9.154285487, 9.154380521
9.164285495, 9.164349924
9.174285484, 9.174423573
9.184285484, 9.184371858
9.194285489, 9.194392418
9.204285484, 9.204379961
9.214285481, 9.214402108
9.224285484, 9.224405859
9.234285487, 9.234361359
9.244285487, 9.244386000
9.254285482, 9.254380346
9.264285489, 9.264468445
9.274285479, 9.274390688
9.284285476, 9.284395061
9.294285485, 9.294385610
9.304285489, 9.304372748
9.314285487, 9.314454756
9.324285485, 9.324403240
9.334285490, 9.334370474
9.344285476, 9.344365045
9.354285484, 9.354405044
9.364285489, 9.364367647
9.374285489, 9.374371014
9.384285487, 9.384390517
9.394285493, 9.394370200
9.404285485, 9.404392486
9.414285490, 9.414359411
9.424285716, 9.424436892
9.434285504, 9.434391140
9.444285476, 9.444382506
9.454285490, 9.454385420
9.464285482, 9.464392903
9.474285485, 9.474423178
9.484285490, 9.484412749
9.494285484, 9.494361838
9.504285476, 9.504373926
9.514285487, 9.514392163
9.524285489, 9.524419385
9.534285484, 9.534359166
9.544285497, 9.544415825
9.554285484, 9.554348289
9.564285482, 9.564380507
9.574285482, 9.574364827
9.584285479, 9.584379113
9.594285484, 9.594384478
9.604285485, 9.604400466
9.614285487, 9.614358386
9.624285489, 9.624414366
9.634285482, 9.634365116
9.644285501, 9.644414913
9.654285485, 9.654374594
9.664285484, 9.664416742
9.674285485, 9.674422892
9.684285487, 9.684405744
9.694285487, 9.694359196
9.704285484, 9.704385979
9.714285476, 9.714429680
9.724285481, 9.724372014
9.734285478, 9.734420559
9.744285479, 9.744368092
9.754285476, 9.754365163
9.764285478, 9.764366598
9.774285484, 9.774380654
9.784285484, 9.784477963
9.794285487, 9.794440742
9.804285482, 9.804517257
9.814285479, 9.814367512
9.824285484, 9.824378723
9.834285498, 9.834367831
9.844285481, 9.844381494
9.854285490, 9.854405256
9.864285485, 9.864433965
9.874285489, 9.874492050
9.884285492, 9.884439213
9.894285501, 9.894359203
9.904285485, 9.904401991
9.914285479, 9.914362945
9.924285473, 9.924384981
9.934285487, 9.934460246
9.944285484, 9.944503918
9.954285484, 9.954443617
9.964285490, 9.964384514
9.974285492, 9.974381895
9.984285541, 9.984373026
9.994285497, 9.994423647
10.004285495, 10.004508644
10.014285482, 10.014515997
10.024285484, 10.024516005
10.034285492, 10.034515800
10.044285479, 10.044525238
10.054285484, 10.054520698
10.064285482, 10.064517598
10.074285482, 10.074521035
10.084285490, 10.084579423
10.094285506, 10.094584535
10.104285479, 10.104587348
10.114285482, 10.114581080
10.124285501, 10.124587332
10.134285484, 10.134580575
10.144285504, 10.144586055
10.154285503, 10.154583242
10.164285503, 10.164583247
10.174285481, 10.174584157
10.184285498, 10.184583494
10.194285490, 10.194585307
10.204285500, 10.204583877
10.214285506, 10.214586666
10.224285484, 10.224582496
10.234285484, 10.234582891
10.244285504, 10.244580441
10.254285489, 10.254587973
10.264285506, 10.264581311
10.274285484, 10.274583991
10.284285498, 10.284583275
10.294285482, 10.294582215
10.304285506, 10.304585140
10.314285482, 10.314581570
10.324285501, 10.324583397
10.334285508, 10.334588302
10.344285479, 10.344581452
10.354285501, 10.354582707
10.364285501, 10.364583907
10.374285485, 10.374584412
10.384285504, 10.384585104
10.394285500, 10.394585711
10.404285485, 10.404583019
10.414285487, 10.414586854
10.424285501, 10.424580664
10.434285485, 10.434583286
10.444285508, 10.444583063
10.454285500, 10.454581376
10.464285498, 10.464582330
10.474285482, 10.474580926
10.484285504, 10.484582015
10.494285485, 10.494586905
10.504285500, 10.504580750
10.514285508, 10.514580952
10.524285498, 10.524582835
10.534285479, 10.534583104
10.544285506, 10.544586884
10.554285487, 10.554586419
10.564285503, 10.564583607
10.574285504, 10.574585274
10.584285487, 10.584580469
10.594285504, 10.594608346
10.604285503, 10.604580549
10.614285489, 10.614580986
10.624285501, 10.624580868
10.634285503, 10.634589011
10.644285482, 10.644583973
10.654285485, 10.654585718
10.664285504, 10.664584280
10.674285485, 10.674585440
10.684285504, 10.684582110
10.694285503, 10.694466516
10.704285503, 10.704458591
10.714285484, 10.714581395
10.724285504, 10.724581100
10.734285492, 10.734585032
10.744285498, 10.744581617
10.754285506, 10.754582962
10.764285484, 10.764523539
10.774285493, 10.774578631
10.784285498, 10.784586061
10.794285487, 10.794581891
10.804285500, 10.804583804
10.814285506, 10.814585848
10.824285485, 10.824587583
10.834285490, 10.834584958
10.844285501, 10.844583723
10.854285490, 10.854583933
10.864285506, 10.864581078
10.874285501, 10.874581128
10.884285492, 10.884577170
10.894285481, 10.894583865
10.904285501, 10.904583215
10.914285489, 10.914588024
10.924285498, 10.924577645
10.934285498, 10.934584777
10.944285482, 10.944576912
10.954285481, 10.954578154
10.964285508, 10.964577457
10.974285490, 10.974583069
10.984285501, 10.984579136
10.994285506, 10.994589368
11.004285501, 11.004581779
11.014285479, 11.014576376
11.024285506, 11.024576136
11.034285484, 11.034522625
11.044285501, 11.044526037
11.054285506, 11.054520507
11.064285479, 11.064527307
11.074285482, 11.074494868
11.084285505, 11.084526629
11.094285487, 11.094521881
11.104285501, 11.104461291
11.114285497, 11.114461924
11.124285471, 11.124460421
11.134285500, 11.134466980
11.144285495, 11.144460770
11.154285487, 11.154462990
11.164285487, 11.164460399
11.174285484, 11.174461665
11.184285482, 11.184462010
11.194285487, 11.194460792
11.204285492, 11.204462334
11.214285476, 11.214463469
11.224285484, 11.224462153
11.234285492, 11.234462747
11.244285489, 11.244458737
11.254285489, 11.254458768
11.264285490, 11.264460432
11.274285482, 11.274454347
11.284285487, 11.284455880
11.294285482, 11.294463784
11.304285482, 11.304459952
11.314285481, 11.314463810
11.324285495, 11.324453291
11.334285495, 11.334464165
11.344285478, 11.344454325
11.354285479, 11.354460103
11.364285490, 11.364452650
11.374285487, 11.374463665
11.384285489, 11.384466644
11.394285476, 11.394457252
11.404285482, 11.404462400
11.414285489, 11.414461574
11.424285490, 11.424459802
11.434285487, 11.434459750
11.444285484, 11.444454448
11.454285487, 11.454464239
11.464285490, 11.464458430
11.474285481, 11.474464793
11.484285476, 11.484460705
11.494285481, 11.494461369
11.504285479, 11.504458423
11.514285478, 11.514459340
11.524285493, 11.524459928
11.534285479, 11.534463418
11.544285478, 11.544461228
11.554285485, 11.554459670
11.564285489, 11.564462006
11.574285484, 11.574460765
11.584285489, 11.584461457
11.594285489, 11.594461389
11.604285484, 11.604460027
11.614285479, 11.614461972
11.624285489, 11.624456442
11.634285489, 11.634467136
11.644285490, 11.644460435
11.654285485, 11.654456850
11.664285479, 11.664460124
11.674285479, 11.674463343
11.684285476, 11.684458244
11.694285479, 11.694463491
11.704285479, 11.704460352
11.714285484, 11.714461762
11.724285476, 11.724460428
11.734285473, 11.734462017
11.744285481, 11.744461613
11.754285482, 11.754461542
11.764285479, 11.764461593
11.774285474, 11.774462183
11.784285481, 11.784460562
11.794285487, 11.794463369
11.804285476, 11.804460364
11.814285489, 11.814461247
11.824285485, 11.824460522
11.834285509, 11.834473998
11.844285474, 11.844461266
11.854285506, 11.854465623
11.864285476, 11.864455323
11.874285495, 11.874467576
11.884285474, 11.884460576
11.894285489, 11.894460464
11.904285479, 11.904454865
11.914285484, 11.914460014
11.924285490, 11.924461645
11.934285492, 11.934462649
11.944285482, 11.944460233
11.954285485, 11.954456467
11.964285484, 11.964454505
11.974285476, 11.974459464
11.984285479, 11.984460301
11.994285481, 11.994454207
12.004285490, 12.004459370
12.014285481, 12.014465144
12.024285473, 12.024461566
12.034285473, 12.034462352
12.044285478, 12.044459348
12.054285474, 12.054459906
------------------------------
