------------------------------
test was performed using the following parameters: --mps=100 --burst=1 --reply-every=1 --msg-size=12 --time=10
------------------------------
sockperf: [Total Run] RunTime=10.100 sec; SentMessages=1011; ReceivedMessages=1010
sockperf: ========= Printing statistics for Server No: 0
sockperf: [Valid Duration] RunTime=9.980 sec; SentMessages=999; ReceivedMessages=999
sockperf: [2;35m====> avg-lat= 77.488 (std-dev=19.842)[0m
sockperf: # dropped messages = 0; # duplicated messages = 0; # out-of-order messages = 0
sockperf: [2;35mTotal 999 observations[0m; each percentile contains 9.99 observations
sockperf: ---> <MAX> observation =  159.478
sockperf: ---> percentile  99.99 =  159.478
sockperf: ---> percentile  99.90 =  140.214
sockperf: ---> percentile  99.50 =  133.599
sockperf: ---> percentile  99.00 =  129.345
sockperf: ---> percentile  95.00 =  113.978
sockperf: ---> percentile  90.00 =  104.769
sockperf: ---> percentile  75.00 =   89.851
sockperf: ---> percentile  50.00 =   76.191
sockperf: ---> percentile  25.00 =   60.901
sockperf: ---> <MIN> observation =   28.702
------------------------------
txTime, rxTime
2.063672542, 2.063800959
2.073672587, 2.073799929
2.083672540, 2.083817841
2.093672562, 2.093811995
2.103672553, 2.103825424
2.113672555, 2.113827539
2.123672547, 2.123824957
2.133672558, 2.133801582
2.143672550, 2.143802224
2.153672636, 2.153834306
2.163672547, 2.163809750
2.173672612, 2.173797313
2.183672545, 2.183824867
2.193672592, 2.193810705
2.203672629, 2.203815152
2.213672550, 2.213820303
2.223672553, 2.223813256
2.233672549, 2.233794794
2.243672540, 2.243844133
2.253672547, 2.253829822
2.263672545, 2.263850006
2.273672546, 2.273836911
2.283672558, 2.283838845
2.293672557, 2.293838667
2.303672540, 2.303827025
2.313672541, 2.313856877
2.323672554, 2.323842052
2.333672549, 2.333837616
2.343672547, 2.343830969
2.353672546, 2.353854309
2.363672539, 2.363825549
2.373672547, 2.373841075
2.383672641, 2.383832414
2.393672544, 2.393840309
2.403672548, 2.403828372
2.413672541, 2.413865092
2.423672545, 2.423859473
2.433672553, 2.433867727
2.443672617, 2.443817785
2.453672610, 2.453829204
2.463672546, 2.463852710
2.473672621, 2.473859207
2.483672548, 2.483851357
2.493672547, 2.493838981
2.503672543, 2.503872338
2.513672563, 2.513866413
2.523672562, 2.523822999
2.533672544, 2.533826088
2.543672546, 2.543845755
2.553672547, 2.553847452
2.563672551, 2.563818071
2.573672558, 2.573819136
2.583672546, 2.583840483
2.593672537, 2.593843722
2.603672567, 2.603840177
2.613672541, 2.613858097
2.623672546, 2.623825728
2.633672577, 2.633852992
2.643672540, 2.643846684
2.653674898, 2.653852061
2.663672540, 2.663883684
2.673672534, 2.673839821
2.683672573, 2.683822462
2.693672543, 2.693834567
2.703672543, 2.703841591
2.713672549, 2.713845883
2.723672554, 2.723837784
2.733673370, 2.733833111
2.743672539, 2.743849477
2.753672541, 2.753853376
2.763672540, 2.763837519
2.773672558, 2.773854396
2.783672547, 2.783845558
2.793672557, 2.793838797
2.803672547, 2.803844635
2.813672546, 2.813866887
2.823672543, 2.823837051
2.833672543, 2.833860513
2.843672548, 2.843851583
2.853672544, 2.853821340
2.863673330, 2.863862309
2.873672546, 2.873869451
2.883672559, 2.883846855
2.893672541, 2.893875344
2.903672548, 2.903828974
2.913672543, 2.913837085
2.923672540, 2.923835057
2.933672557, 2.933819638
2.943672535, 2.943854182
2.953672543, 2.953862796
2.963672543, 2.963877342
2.973672543, 2.973853755
2.983672535, 2.983846293
2.993672642, 2.993832835
3.003672565, 3.003820967
3.013672550, 3.013848540
3.023672558, 3.023844611
3.033672550, 3.033874295
3.043672545, 3.043824201
3.053672558, 3.053830991
3.063673188, 3.063849796
3.073672557, 3.073842093
3.083672548, 3.083845952
3.093672549, 3.093846926
3.103672547, 3.103843211
3.113672596, 3.113847978
3.123672543, 3.123843479
3.133672543, 3.133847348
3.143672547, 3.143828644
3.153672550, 3.153844418
3.163672547, 3.163843103
3.173672544, 3.173872863
3.183672559, 3.183855835
3.193672546, 3.193851643
3.203672551, 3.203853810
3.213672549, 3.213816341
3.223672567, 3.223846706
3.233673818, 3.233830310
3.243672542, 3.243838824
3.253672544, 3.253824149
3.263672547, 3.263836454
3.273672557, 3.273845618
3.283672545, 3.283836246
3.293672558, 3.293836970
3.303672548, 3.303821024
3.313672546, 3.313851182
3.323672548, 3.323868704
3.333672545, 3.333861248
3.343672537, 3.343864306
3.353672562, 3.353821089
3.363672534, 3.363871505
3.373672543, 3.373897224
3.383672545, 3.383875209
3.393672560, 3.393890595
3.403672539, 3.403908339
3.413672560, 3.413838279
3.423672540, 3.423852141
3.433672535, 3.433850784
3.443672541, 3.443899373
3.453672541, 3.453848269
3.463672536, 3.463798487
3.473672541, 3.473783196
3.483672537, 3.483841172
3.493672546, 3.493813703
3.503672539, 3.503852399
3.513672560, 3.513801923
3.523672530, 3.523829351
3.533672544, 3.533810188
3.543672535, 3.543800086
3.553672533, 3.553769316
3.563672543, 3.563778274
3.573672539, 3.573729943
3.583672535, 3.583902870
3.593672557, 3.593858257
3.603672537, 3.603884441
3.613672552, 3.613844127
3.623672543, 3.623889389
3.633672566, 3.633840399
3.643672531, 3.643896014
3.653672565, 3.653880712
3.663672535, 3.663890445
3.673672549, 3.673869872
3.683672559, 3.683868839
3.693672543, 3.693850417
3.703672532, 3.703854989
3.713672554, 3.713861917
3.723672539, 3.723850249
3.733672546, 3.733837658
3.743672539, 3.743849641
3.753672536, 3.753853610
3.763672537, 3.763901823
3.773672537, 3.773811959
3.783672573, 3.783842863
3.793672538, 3.793863715
3.803672534, 3.803869664
3.813672536, 3.813860220
3.823672535, 3.823868164
3.833672543, 3.833842495
3.843672539, 3.843851601
3.853672539, 3.853852293
3.863672539, 3.863872018
3.873672539, 3.873826926
3.883672535, 3.883901222
3.893672565, 3.893927883
3.903672550, 3.903880665
3.913672541, 3.913899462
3.923672562, 3.923857484
3.933672558, 3.933886549
3.943672547, 3.943952976
3.953672539, 3.953867939
3.963672540, 3.963878543
3.973672549, 3.973835978
3.983672541, 3.983839502
3.993672586, 3.993822775
4.003672539, 4.003865697
4.013672534, 4.013838254
4.023672541, 4.023865977
4.033672536, 4.033911261
4.043672539, 4.043851410
4.053672536, 4.053864140
4.063672529, 4.063899319
4.073672560, 4.073887503
4.083672539, 4.083891038
4.093672546, 4.093888764
4.103672554, 4.103874892
4.113672560, 4.113892041
4.123672537, 4.123892933
4.133672563, 4.133882202
4.143672542, 4.143877935
4.153672544, 4.153888162
4.163672559, 4.163933726
4.173672565, 4.173882083
4.183672547, 4.183952340
4.193672563, 4.193839124
4.203672535, 4.203827698
4.213672535, 4.213836687
4.223672540, 4.223842263
4.233672539, 4.233858828
4.243672539, 4.243863459
4.253672539, 4.253890762
4.263672534, 4.263828560
4.273672568, 4.273840065
4.283672537, 4.283857893
4.293672541, 4.293806871
4.303672539, 4.303833167
4.313672543, 4.313833160
4.323672534, 4.323860788
4.333672544, 4.333872651
4.343672540, 4.343845815
4.353672539, 4.353813624
4.363672538, 4.363817787
4.373672536, 4.373866726
4.383672541, 4.383852630
4.393672539, 4.393821632
4.403672541, 4.403806718
4.413672541, 4.413854684
4.423672537, 4.423831273
4.433672538, 4.433875961
4.443672532, 4.443814302
4.453672538, 4.453859098
4.463672535, 4.463843266
4.473672543, 4.473843210
4.483672534, 4.483826984
4.493672536, 4.493824520
4.503672537, 4.503765115
4.513672565, 4.513815288
4.523672535, 4.523816452
4.533672543, 4.533837117
4.543672537, 4.543834306
4.553672539, 4.553829557
4.563672540, 4.563816087
4.573672535, 4.573820861
4.583672544, 4.583835282
4.593672543, 4.593818897
4.603672533, 4.603832202
4.613672535, 4.613835187
4.623672541, 4.623826536
4.633672543, 4.633922423
4.643672540, 4.643824106
4.653672539, 4.653851021
4.663672537, 4.663811151
4.673672544, 4.673859207
4.683672542, 4.683819925
4.693672538, 4.693835433
4.703672539, 4.703898856
4.713672539, 4.713846754
4.723672540, 4.723826455
4.733672539, 4.733852243
4.743672542, 4.743887661
4.753672541, 4.753849215
4.763672543, 4.763827710
4.773672538, 4.773870039
4.783672543, 4.783935224
4.793672565, 4.793898435
4.803672535, 4.803861582
4.813672541, 4.813921461
4.823672569, 4.823852192
4.833672538, 4.833899780
4.843672543, 4.843939744
4.853672558, 4.853912038
4.863672548, 4.863881255
4.873672546, 4.873883724
4.883672558, 4.883914298
4.893672566, 4.893863711
4.903672540, 4.903901366
4.913672559, 4.913879882
4.923672561, 4.923908734
4.933672546, 4.933884500
4.943672559, 4.943898824
4.953672560, 4.953877662
4.963672542, 4.963879983
4.973672561, 4.973910766
4.983672561, 4.983862080
4.993672544, 4.993876906
5.003672559, 5.003900036
5.013672564, 5.013912009
5.023672564, 5.023895160
5.033672562, 5.033951169
5.043672564, 5.043921411
5.053672541, 5.053906589
5.063672559, 5.063904197
5.073672562, 5.073883361
5.083672542, 5.083905196
5.093672562, 5.093883043
5.103672564, 5.103885785
5.113672563, 5.113864799
5.123672546, 5.123878671
5.133672541, 5.133896874
5.143672539, 5.143891938
5.153672557, 5.153899337
5.163672540, 5.163851925
5.173672547, 5.173878800
5.183672562, 5.183872616
5.193672558, 5.193767132
5.203672535, 5.203900492
5.213672568, 5.213805237
5.223672539, 5.223837219
5.233672544, 5.233785622
5.243672534, 5.243859246
5.253672568, 5.253773272
5.263672539, 5.263777987
5.273672544, 5.273746320
5.283672539, 5.283864099
5.293672538, 5.293806503
5.303672540, 5.303823432
5.313672539, 5.313828551
5.323672535, 5.323832830
5.333672535, 5.333814167
5.343672539, 5.343826035
5.353672536, 5.353865429
5.363672539, 5.363789240
5.373672538, 5.373815955
5.383672534, 5.383835409
5.393672541, 5.393828276
5.403672542, 5.403795343
5.413672536, 5.413808066
5.423672535, 5.423843083
5.433672538, 5.433876506
5.443672537, 5.443829209
5.453672536, 5.453802366
5.463672545, 5.463815062
5.473672539, 5.473797763
5.483672535, 5.483778439
5.493672536, 5.493775421
5.503672537, 5.503873843
5.513672535, 5.513840935
5.523672535, 5.523840105
5.533672543, 5.533876597
5.543672540, 5.543799227
5.553672544, 5.553864392
5.563672539, 5.563814575
5.573672539, 5.573831412
5.583672537, 5.583803146
5.593672535, 5.593822585
5.603672538, 5.603838707
5.613672541, 5.613796610
5.623672534, 5.623844046
5.633672538, 5.633807346
5.643672541, 5.643880295
5.653672549, 5.653780680
5.663672537, 5.663816535
5.673672541, 5.673790854
5.683672534, 5.683838254
5.693672539, 5.693806020
5.703672540, 5.703788721
5.713672535, 5.713828714
5.723672537, 5.723817443
5.733672538, 5.733789768
5.743672535, 5.743845896
5.753672536, 5.753828693
5.763672537, 5.763791203
5.773672542, 5.773803377
5.783672541, 5.783776096
5.793672536, 5.793804678
5.803672535, 5.803791351
5.813672534, 5.813786468
5.823672535, 5.823813761
5.833672538, 5.833800939
5.843672541, 5.843824299
5.853672541, 5.853827396
5.863672537, 5.863803352
5.873672540, 5.873798081
5.883672539, 5.883799137
5.893672538, 5.893829087
5.903672541, 5.903815784
5.913672544, 5.913783431
5.923672537, 5.923827530
5.933672540, 5.933806929
5.943672535, 5.943821282
5.953672544, 5.953833672
5.963672539, 5.963778190
5.973672539, 5.973820340
5.983672537, 5.983814357
5.993672539, 5.993844218
6.003672538, 6.003791054
6.013672536, 6.013875601
6.023672551, 6.023833726
6.033672535, 6.033795694
6.043672542, 6.043785989
6.053672539, 6.053818748
6.063672542, 6.063812450
6.073672539, 6.073808033
6.083672543, 6.083804581
6.093672536, 6.093817827
6.103672532, 6.103792101
6.113672536, 6.113809221
6.123672572, 6.123794141
6.133672546, 6.133800071
6.143672550, 6.143793036
6.153672544, 6.153818713
6.163672551, 6.163815202
6.173672554, 6.173799779
6.183672542, 6.183809542
6.193672544, 6.193794347
6.203672535, 6.203789510
6.213672544, 6.213832786
6.223672539, 6.223823608
6.233672535, 6.233818282
6.243672537, 6.243813661
6.253672536, 6.253809990
6.263672537, 6.263826026
6.273672546, 6.273828684
6.283672532, 6.283877590
6.293672539, 6.293806399
6.303672534, 6.303793998
6.313672538, 6.313801523
6.323672535, 6.323793838
6.333672544, 6.333807332
6.343672531, 6.343759200
6.353672539, 6.353828006
6.363672535, 6.363816696
6.373672538, 6.373812948
6.383672535, 6.383795221
6.393672538, 6.393820614
6.403672537, 6.403778109
6.413672557, 6.413847007
6.423672537, 6.423812790
6.433672538, 6.433862335
6.443672535, 6.443842396
6.453672541, 6.453780611
6.463672534, 6.463816537
6.473672540, 6.473809422
6.483672536, 6.483809904
6.493672545, 6.493781679
6.503672540, 6.503810702
6.513672541, 6.513820052
6.523672540, 6.523864734
6.533672535, 6.533833687
6.543672540, 6.543821106
6.553672536, 6.553811903
6.563672540, 6.563817672
6.573672567, 6.573817278
6.583672537, 6.583828492
6.593672552, 6.593800253
6.603672534, 6.603795204
6.613672537, 6.613783873
6.623672537, 6.623836604
6.633672542, 6.633823061
6.643672536, 6.643851445
6.653672542, 6.653807690
6.663672541, 6.663823033
6.673672543, 6.673841388
6.683672543, 6.683793383
6.693672547, 6.693799254
6.703672530, 6.703830332
6.713672540, 6.713830126
6.723672535, 6.723806530
6.733672539, 6.733817266
6.743672536, 6.743805824
6.753672543, 6.753789859
6.763672535, 6.763789912
6.773672534, 6.773827456
6.783672543, 6.783826090
6.793672534, 6.793808680
6.803672538, 6.803806584
6.813672540, 6.813809425
6.823672536, 6.823786282
6.833672540, 6.833777689
6.843672539, 6.843814962
6.853672543, 6.853874137
6.863672538, 6.863759990
6.873672534, 6.873846316
6.883672533, 6.883835010
6.893672537, 6.893829802
6.903672540, 6.903820878
6.913672538, 6.913833643
6.923672543, 6.923828107
6.933672538, 6.933827863
6.943672542, 6.943864725
6.953672539, 6.953872803
6.963672542, 6.963838445
6.973672539, 6.973804130
6.983672542, 6.983817416
6.993672541, 6.993860625
7.003672564, 7.003759947
7.013672555, 7.013876437
7.023672547, 7.023877504
7.033672541, 7.033831385
7.043672545, 7.043850817
7.053672541, 7.053819193
7.063672541, 7.063796406
7.073672532, 7.073826110
7.083672537, 7.083781392
7.093672538, 7.093766742
7.103672535, 7.103760536
7.113672538, 7.113802520
7.123672534, 7.123884209
7.133672540, 7.133811279
7.143672534, 7.143810167
7.153672533, 7.153810055
7.163672540, 7.163784517
7.173672543, 7.173839550
7.183672542, 7.183809975
7.193672534, 7.193775232
7.203672537, 7.203820713
7.213672538, 7.213786026
7.223672539, 7.223842659
7.233672536, 7.233799569
7.243672540, 7.243789262
7.253672536, 7.253803694
7.263672540, 7.263817916
7.273672566, 7.273819586
7.283672543, 7.283806750
7.293672546, 7.293823486
7.303672547, 7.303781772
7.313672539, 7.313793655
7.323672534, 7.323796334
7.333672542, 7.333805595
7.343672540, 7.343792755
7.353672537, 7.353804664
7.363672534, 7.363784955
7.373672541, 7.373800293
7.383672538, 7.383813968
7.393672540, 7.393797875
7.403672537, 7.403810183
7.413672543, 7.413776735
7.423672539, 7.423801752
7.433672541, 7.433804127
7.443672543, 7.443774367
7.453672546, 7.453787092
7.463672535, 7.463781236
7.473672542, 7.473817150
7.483672534, 7.483804543
7.493672535, 7.493816956
7.503672542, 7.503847868
7.513672539, 7.513798975
7.523672545, 7.523795715
7.533672541, 7.533794011
7.543672540, 7.543800823
7.553672544, 7.553793736
7.563672540, 7.563795092
7.573672543, 7.573795565
7.583672539, 7.583799836
7.593672543, 7.593803442
7.603672540, 7.603804000
7.613672539, 7.613806446
7.623672540, 7.623808645
7.633672543, 7.633778258
7.643672540, 7.643841425
7.653672538, 7.653792164
7.663672537, 7.663780997
7.673672549, 7.673826243
7.683672535, 7.683815302
7.693672538, 7.693819825
7.703672535, 7.703811768
7.713672546, 7.713803658
7.723672534, 7.723797113
7.733672552, 7.733807408
7.743672539, 7.743844188
7.753672539, 7.753818891
7.763672534, 7.763838455
7.773672541, 7.773827853
7.783672539, 7.783824922
7.793672541, 7.793836275
7.803672534, 7.803843016
7.813672539, 7.813845624
7.823672539, 7.823822969
7.833672541, 7.833858840
7.843672534, 7.843818265
7.853672538, 7.853803918
7.863672542, 7.863785904
7.873672538, 7.873771652
7.883672542, 7.883795346
7.893672543, 7.893853250
7.903672540, 7.903796322
7.913672541, 7.913820880
7.923672567, 7.923821606
7.933672539, 7.933742031
7.943672537, 7.943754450
7.953672541, 7.953744202
7.963672538, 7.963763985
7.973672541, 7.973879673
7.983672541, 7.983853072
7.993672550, 7.993875220
8.003672542, 8.003813937
8.013672542, 8.013810661
8.023672535, 8.023812067
8.033672543, 8.033803308
8.043672534, 8.043790608
8.053672541, 8.053783683
8.063672540, 8.063796148
8.073672543, 8.073854950
8.083672531, 8.083816073
8.093672538, 8.093769104
8.103672537, 8.103860778
8.113672541, 8.113815172
8.123672544, 8.123794268
8.133672534, 8.133800680
8.143672537, 8.143815668
8.153672544, 8.153821264
8.163672541, 8.163831127
8.173672542, 8.173858048
8.183672541, 8.183817997
8.193672541, 8.193825194
8.203672534, 8.203793374
8.213672538, 8.213809492
8.223672543, 8.223847839
8.233672544, 8.233790233
8.243672537, 8.243861632
8.253672539, 8.253828231
8.263672531, 8.263834762
8.273672538, 8.273855233
8.283672543, 8.283878747
8.293672544, 8.293853544
8.303672542, 8.303911784
8.313672538, 8.313834426
8.323672534, 8.323891108
8.333672557, 8.333887374
8.343672543, 8.343886835
8.353672550, 8.353864738
8.363672561, 8.363856953
8.373672560, 8.373891783
8.383672540, 8.383891803
8.393672565, 8.393839206
8.403672539, 8.403851178
8.413672543, 8.413849576
8.423672540, 8.423817828
8.433672539, 8.433845547
8.443672540, 8.443835644
8.453672541, 8.453846857
8.463672535, 8.463820362
8.473672544, 8.473828548
8.483672543, 8.483867450
8.493672537, 8.493854157
8.503672535, 8.503859173
8.513672535, 8.513844852
8.523672534, 8.523897492
8.533672571, 8.533901232
8.543672562, 8.543908308
8.553672541, 8.553925582
8.563672545, 8.563916134
8.573672557, 8.573852076
8.583672542, 8.583880266
8.593672546, 8.593853782
8.603672564, 8.603903955
8.613672560, 8.613826140
8.623672531, 8.623854856
8.633672543, 8.633813948
8.643672540, 8.643827365
8.653672536, 8.653823049
8.663672540, 8.663863651
8.673672544, 8.673855813
8.683672539, 8.683813664
8.693672535, 8.693844328
8.703672535, 8.703838213
8.713672538, 8.713829071
8.723672534, 8.723857343
8.733672541, 8.733819450
8.743672534, 8.743847073
8.753672538, 8.753825234
8.763672542, 8.763819217
8.773672539, 8.773850952
8.783672537, 8.783842618
8.793672580, 8.793842353
8.803672539, 8.803830616
8.813672534, 8.813844303
8.823672541, 8.823855817
8.833672542, 8.833822334
8.843672541, 8.843813975
8.853672534, 8.853845847
8.863672543, 8.863849274
8.873672542, 8.873820938
8.883672541, 8.883864392
8.893672534, 8.893871139
8.903672540, 8.903808910
8.913672539, 8.913866583
8.923672540, 8.923845257
8.933672547, 8.933870106
8.943672547, 8.943928476
8.953672559, 8.953903360
8.963672540, 8.963896166
8.973672543, 8.973883919
8.983672537, 8.983886543
8.993672557, 8.993855678
9.003672547, 9.003923226
9.013672544, 9.013926592
9.023672535, 9.023911668
9.033672560, 9.033865945
9.043672538, 9.043941362
9.053672561, 9.053931252
9.063672548, 9.063867477
9.073672556, 9.073856306
9.083672548, 9.083910338
9.093672557, 9.093827362
9.103672532, 9.103863378
9.113672561, 9.113858018
9.123672535, 9.123817946
9.133672544, 9.133836510
9.143672542, 9.143863918
9.153672544, 9.153805517
9.163672537, 9.163843858
9.173672543, 9.173845815
9.183672539, 9.183844526
9.193672550, 9.193827231
9.203672535, 9.203854787
9.213672535, 9.213865209
9.223672539, 9.223840877
9.233672541, 9.233850313
9.243672543, 9.243868274
9.253672544, 9.253831393
9.263672539, 9.263855802
9.273672538, 9.273865209
9.283672531, 9.283907337
9.293672563, 9.293883865
9.303672553, 9.303911359
9.313672563, 9.313901192
9.323672550, 9.323912854
9.333672555, 9.333880638
9.343672548, 9.343879131
9.353672565, 9.353908278
9.363672550, 9.363905305
9.373672565, 9.373884138
9.383672549, 9.383887185
9.393672557, 9.393895260
9.403672547, 9.403991503
9.413672554, 9.413881079
9.423672548, 9.423938043
9.433672560, 9.433902975
9.443672550, 9.443850309
9.453672542, 9.453882082
9.463672537, 9.463870818
9.473672539, 9.473911983
9.483672556, 9.483844713
9.493672539, 9.493902964
9.503672543, 9.503841450
9.513672539, 9.513938958
9.523672541, 9.523842676
9.533672537, 9.533824262
9.543672541, 9.543820360
9.553672537, 9.553835815
9.563672535, 9.563812873
9.573672541, 9.573846955
9.583672532, 9.583858280
9.593672543, 9.593822769
9.603672539, 9.603836945
9.613672536, 9.613829230
9.623672540, 9.623855707
9.633672547, 9.633855816
9.643672535, 9.643825715
9.653672550, 9.653846368
9.663672535, 9.663820561
9.673672538, 9.673815080
9.683672534, 9.683838316
9.693672541, 9.693838440
9.703672540, 9.703850942
9.713672543, 9.713814395
9.723672547, 9.723851636
9.733672680, 9.733830552
9.743672540, 9.743852286
9.753672546, 9.753846342
9.763672534, 9.763858654
9.773672543, 9.773832817
9.783672540, 9.783825429
9.793672539, 9.793839968
9.803672543, 9.803826155
9.813672543, 9.813826387
9.823672537, 9.823837788
9.833672555, 9.833840284
9.843672535, 9.843826878
9.853672544, 9.853832816
9.863672537, 9.863752212
9.873672539, 9.873743137
9.883672540, 9.883743048
9.893672544, 9.893842796
9.903672619, 9.903825860
9.913672830, 9.913864069
9.923672673, 9.923808020
9.933672609, 9.933837294
9.943672602, 9.943819552
9.953672536, 9.953825307
9.963672651, 9.963890093
9.973672606, 9.973863426
9.983672614, 9.983872772
9.993672547, 9.993773921
10.003672537, 10.003787088
10.013672539, 10.013790293
10.023672537, 10.023786365
10.033672536, 10.033790608
10.043672539, 10.043790012
10.053672541, 10.053783458
10.063672529, 10.063778152
10.073672539, 10.073782447
10.083672539, 10.083784196
10.093672536, 10.093779274
10.103672534, 10.103782492
10.113672541, 10.113779635
10.123672529, 10.123800103
10.133672549, 10.133782801
10.143672532, 10.143785410
10.153672538, 10.153777354
10.163672535, 10.163783746
10.173672544, 10.173780072
10.183672535, 10.183778726
10.193672554, 10.193778855
10.203672535, 10.203782252
10.213672538, 10.213781203
10.223672537, 10.223783796
10.233672536, 10.233784129
10.243672531, 10.243783001
10.253672535, 10.253779172
10.263672540, 10.263782359
10.273672541, 10.273777777
10.283672542, 10.283781619
10.293672544, 10.293780884
10.303672539, 10.303785770
10.313672541, 10.313776239
10.323672539, 10.323784936
10.333672536, 10.333778208
10.343672534, 10.343778761
10.353672543, 10.353791330
10.363672545, 10.363779317
10.373672541, 10.373780895
10.383672534, 10.383786575
10.393672543, 10.393823358
10.403672539, 10.403781813
10.413672539, 10.413781372
10.423672539, 10.423780468
10.433672536, 10.433775465
10.443672540, 10.443781227
10.453672538, 10.453778838
10.463672535, 10.463787690
10.473672536, 10.473782310
10.483672532, 10.483783455
10.493672557, 10.493781126
10.503672537, 10.503781420
10.513672543, 10.513779188
10.523672535, 10.523779909
10.533672536, 10.533782706
10.543672532, 10.543786223
10.553672533, 10.553779335
10.563672539, 10.563785374
10.573672539, 10.573784631
10.583672535, 10.583778063
10.593672546, 10.593781407
10.603672531, 10.603780291
10.613672539, 10.613780350
10.623672534, 10.623786959
10.633672541, 10.633778099
10.643672539, 10.643781704
10.653672541, 10.653782957
10.663672532, 10.663778507
10.673672535, 10.673779131
10.683672537, 10.683778115
10.693672535, 10.693778737
10.703672534, 10.703781251
10.713672541, 10.713781209
10.723672537, 10.723784876
10.733672539, 10.733777268
10.743672534, 10.743777168
10.753672541, 10.753784962
10.763672534, 10.763779884
10.773672544, 10.773783761
10.783672535, 10.783780230
10.793672543, 10.793779436
10.803672542, 10.803786542
10.813672539, 10.813779400
10.823672534, 10.823778826
10.833672536, 10.833780530
10.843672537, 10.843781291
10.853672536, 10.853780702
10.863672542, 10.863784671
10.873672536, 10.873779278
10.883672539, 10.883782048
10.893672541, 10.893780983
10.903672531, 10.903780953
10.913672538, 10.913779217
10.923672539, 10.923780403
10.933672541, 10.933779836
10.943672535, 10.943785189
10.953672536, 10.953783192
10.963672531, 10.963779964
10.973672539, 10.973777202
10.983672535, 10.983783487
10.993672568, 10.993776157
11.003672543, 11.003782732
11.013672536, 11.013779933
11.023672534, 11.023781201
11.033672536, 11.033779518
11.043672535, 11.043787355
11.053672536, 11.053778623
11.063672535, 11.063774274
11.073672538, 11.073781606
11.083672529, 11.083783471
11.093672538, 11.093782877
11.103672539, 11.103785650
11.113672535, 11.113782014
11.123672537, 11.123779598
11.133672536, 11.133779337
11.143672535, 11.143783051
11.153672536, 11.153780737
11.163672539, 11.163782102
11.173672571, 11.173783541
11.183672539, 11.183787284
11.193672543, 11.193776545
11.203672534, 11.203780419
11.213672538, 11.213779465
11.223672535, 11.223784047
11.233672541, 11.233781399
11.243672540, 11.243783365
11.253672535, 11.253778588
11.263672529, 11.263781115
11.273672541, 11.273780903
11.283672539, 11.283785663
11.293672539, 11.293780788
11.303672539, 11.303780343
11.313672538, 11.313779790
11.323672534, 11.323782033
11.333672533, 11.333780725
11.343672537, 11.343787107
11.353672573, 11.353783565
11.363672534, 11.363795551
11.373672538, 11.373781980
11.383672531, 11.383781777
11.393672541, 11.393783162
11.403672535, 11.403781275
11.413672539, 11.413781724
11.423672539, 11.423787016
11.433672535, 11.433780314
11.443672537, 11.443778842
11.453672539, 11.453779193
11.463672540, 11.463781598
11.473672573, 11.473780355
11.483672539, 11.483776595
11.493672543, 11.493778841
11.503672537, 11.503783566
11.513672555, 11.513782597
11.523672539, 11.523783381
11.533672538, 11.533781468
11.543672542, 11.543779279
11.553672535, 11.553779984
11.563672532, 11.563779146
11.573672539, 11.573781017
11.583672540, 11.583789466
11.593672543, 11.593778901
11.603672537, 11.603782108
11.613672541, 11.613781241
11.623672532, 11.623783596
11.633672536, 11.633819471
11.643672542, 11.643779912
11.653672541, 11.653779807
11.663672534, 11.663785569
11.673672539, 11.673780977
11.683672531, 11.683779798
11.693672538, 11.693777688
11.703672534, 11.703783484
11.713672544, 11.713780183
11.723672540, 11.723782107
11.733672543, 11.733782248
11.743672543, 11.743803492
11.753672535, 11.753796310
11.763672534, 11.763801944
11.773672546, 11.773797876
11.783672535, 11.783800147
11.793672538, 11.793797804
11.803672537, 11.803800657
11.813672542, 11.813798547
11.823672541, 11.823800394
11.833672540, 11.833800793
11.843672538, 11.843800149
11.853672542, 11.853804922
11.863672538, 11.863798310
11.873672534, 11.873796978
11.883672537, 11.883797510
11.893672539, 11.893797341
11.903672541, 11.903805909
11.913672539, 11.913800831
11.923672533, 11.923801460
11.933672540, 11.933800210
11.943672539, 11.943801577
11.953672535, 11.953800275
11.963672534, 11.963797915
11.973672532, 11.973798777
11.983672530, 11.983801068
11.993672537, 11.993798138
12.003672541, 12.003800087
12.013672539, 12.013802671
12.023672538, 12.023801835
12.033672535, 12.033799977
12.043672530, 12.043797561
------------------------------
