------------------------------
test was performed using the following parameters: --mps=100 --burst=1 --reply-every=1 --msg-size=12 --time=10
------------------------------
sockperf: [Total Run] RunTime=10.100 sec; SentMessages=1011; ReceivedMessages=1010
sockperf: ========= Printing statistics for Server No: 0
sockperf: [Valid Duration] RunTime=9.990 sec; SentMessages=1000; ReceivedMessages=1000
sockperf: [2;35m====> avg-lat= 80.831 (std-dev=17.916)[0m
sockperf: # dropped messages = 0; # duplicated messages = 0; # out-of-order messages = 0
sockperf: [2;35mTotal 1000 observations[0m; each percentile contains 10.00 observations
sockperf: ---> <MAX> observation =  142.796
sockperf: ---> percentile  99.99 =  142.796
sockperf: ---> percentile  99.90 =  142.147
sockperf: ---> percentile  99.50 =  129.268
sockperf: ---> percentile  99.00 =  125.148
sockperf: ---> percentile  95.00 =  105.802
sockperf: ---> percentile  90.00 =   97.125
sockperf: ---> percentile  75.00 =   88.832
sockperf: ---> percentile  50.00 =   85.443
sockperf: ---> percentile  25.00 =   76.991
sockperf: ---> <MIN> observation =   31.372
------------------------------
txTime, rxTime
2.063823575, 2.063949104
2.073823562, 2.073958697
2.083823581, 2.084000428
2.093823566, 2.094084603
2.103823565, 2.103954319
2.113823565, 2.113982119
2.123823581, 2.123948804
2.133823643, 2.133987253
2.143823575, 2.143963257
2.153823562, 2.153995012
2.163823567, 2.164009459
2.173823561, 2.173972682
2.183823563, 2.184057142
2.193823562, 2.193975460
2.203823558, 2.203946957
2.213823581, 2.213958211
2.223823564, 2.223997066
2.233823567, 2.233950546
2.243823562, 2.243983207
2.253823567, 2.253998674
2.263823554, 2.263973773
2.273823559, 2.273962572
2.283823561, 2.283973590
2.293823569, 2.293965060
2.303823569, 2.303980134
2.313823562, 2.313968654
2.323823561, 2.323976526
2.333823558, 2.333979169
2.343823559, 2.344035879
2.353823607, 2.353908550
2.363823556, 2.363925683
2.373823567, 2.373908332
2.383823561, 2.383923117
2.393823562, 2.393950632
2.403823559, 2.403920250
2.413823562, 2.413924514
2.423823564, 2.423946163
2.433823561, 2.433929625
2.443823565, 2.443926036
2.453823559, 2.453924424
2.463823569, 2.463919187
2.473823562, 2.473923249
2.483823569, 2.483929960
2.493823569, 2.493917463
2.503823558, 2.503919376
2.513823564, 2.513918969
2.523823565, 2.523919209
2.533823599, 2.533930064
2.543823572, 2.543919291
2.553823562, 2.553933527
2.563823561, 2.563929775
2.573823556, 2.573922359
2.583823559, 2.583945629
2.593823561, 2.593949608
2.603823564, 2.603916460
2.613823561, 2.613911995
2.623823554, 2.623915308
2.633823580, 2.633923131
2.643823565, 2.643992833
2.653823569, 2.654010345
2.663823565, 2.664055375
2.673823558, 2.674037856
2.683823559, 2.684027972
2.693823556, 2.693998358
2.703823562, 2.703997950
2.713823558, 2.713981072
2.723823564, 2.723984790
2.733823567, 2.733994799
2.743823561, 2.744039757
2.753823565, 2.754007803
2.763823608, 2.763987230
2.773823562, 2.774002449
2.783823561, 2.783995918
2.793823569, 2.794008693
2.803823562, 2.803996904
2.813823561, 2.813996040
2.823823562, 2.824011335
2.833823559, 2.834011096
2.843823569, 2.843989544
2.853823564, 2.854017295
2.863823558, 2.864003889
2.873823573, 2.874002313
2.883823567, 2.884002606
2.893823565, 2.893995963
2.903823565, 2.904000381
2.913823565, 2.913998895
2.923823560, 2.924015432
2.933823567, 2.933987850
2.943823561, 2.943992934
2.953823564, 2.953990520
2.963823564, 2.963989169
2.973823567, 2.974011987
2.983823570, 2.984016137
2.993823566, 2.993988922
3.003823561, 3.003971512
3.013823565, 3.014021319
3.023823569, 3.023999127
3.033823561, 3.034000629
3.043823565, 3.044006090
3.053823567, 3.054031902
3.063823571, 3.064000427
3.073823562, 3.073997494
3.083823565, 3.083992795
3.093823559, 3.093937689
3.103823564, 3.103922098
3.113823561, 3.113933369
3.123823567, 3.123921312
3.133823588, 3.133932781
3.143823561, 3.143912955
3.153823567, 3.153923366
3.163823554, 3.163925479
3.173823564, 3.173921737
3.183823564, 3.183926665
3.193823567, 3.194000248
3.203823564, 3.203988134
3.213823561, 3.214002403
3.223823558, 3.223987594
3.233823558, 3.234019290
3.243823567, 3.244012164
3.253823567, 3.254011038
3.263823563, 3.264008280
3.273823561, 3.274001817
3.283823559, 3.283977943
3.293823564, 3.293972748
3.303823568, 3.303992702
3.313823562, 3.314008593
3.323823568, 3.323989173
3.333823564, 3.333997892
3.343823562, 3.343991474
3.353823558, 3.353991239
3.363823564, 3.363983317
3.373823564, 3.373982907
3.383823600, 3.384007050
3.393823565, 3.394008378
3.403823567, 3.403992745
3.413823564, 3.413986611
3.423823561, 3.423984653
3.433823567, 3.433976766
3.443823564, 3.443982861
3.453823562, 3.454018462
3.463823607, 3.464006129
3.473823556, 3.473991916
3.483823564, 3.483994038
3.493823564, 3.493970604
3.503823565, 3.503999986
3.513823565, 3.513979428
3.523823569, 3.523971925
3.533823565, 3.533984053
3.543823578, 3.543990008
3.553823569, 3.553929333
3.563823558, 3.563926439
3.573823562, 3.573927508
3.583823567, 3.583925146
3.593823569, 3.593940378
3.603823567, 3.603963120
3.613823562, 3.613962019
3.623823569, 3.623998563
3.633823580, 3.633991554
3.643823569, 3.643984615
3.653823562, 3.653977398
3.663823608, 3.663984099
3.673823564, 3.673993830
3.683823569, 3.683997455
3.693823561, 3.693991903
3.703823559, 3.703932824
3.713823569, 3.713931689
3.723823556, 3.723934805
3.733823564, 3.733939492
3.743823561, 3.743935906
3.753823562, 3.753927448
3.763823564, 3.763926627
3.773823559, 3.773927134
3.783823570, 3.783918936
3.793823569, 3.793926824
3.803823565, 3.803937119
3.813823561, 3.813942425
3.823823554, 3.823925951
3.833823567, 3.833939926
3.843823567, 3.843920943
3.853823564, 3.853939119
3.863823561, 3.863921832
3.873823559, 3.873921274
3.883823558, 3.883917030
3.893823564, 3.893918407
3.903823570, 3.903928821
3.913823567, 3.913916245
3.923823561, 3.923982581
3.933823564, 3.934027626
3.943823559, 3.944021288
3.953823569, 3.953992142
3.963823567, 3.964006707
3.973823569, 3.974000509
3.983823572, 3.983995069
3.993823561, 3.993982013
4.003823566, 4.003983316
4.013823569, 4.014025340
4.023823639, 4.024043787
4.033823564, 4.034107859
4.043823561, 4.044064527
4.053823581, 4.054075690
4.063823556, 4.064109149
4.073823573, 4.073985791
4.083823569, 4.084069208
4.093823584, 4.094053345
4.103823562, 4.104080224
4.113823576, 4.114078649
4.123823580, 4.124097034
4.133823559, 4.134072496
4.143823583, 4.144082120
4.153823561, 4.154073857
4.163823578, 4.164064638
4.173823577, 4.174054090
4.183823578, 4.184031132
4.193823578, 4.194030522
4.203823562, 4.204035168
4.213823575, 4.214047916
4.223823581, 4.224094763
4.233823578, 4.234043412
4.243823581, 4.244015797
4.253823567, 4.254007087
4.263823567, 4.264004286
4.273823559, 4.274009508
4.283823567, 4.284003898
4.293823559, 4.294012765
4.303823573, 4.303950868
4.313823565, 4.313921050
4.323823565, 4.324005183
4.333823564, 4.333926020
4.343823565, 4.344014975
4.353823559, 4.353994569
4.363823554, 4.364038259
4.373823580, 4.374009243
4.383823569, 4.384001235
4.393823559, 4.394014891
4.403823575, 4.403977559
4.413823575, 4.414019891
4.423823562, 4.423998741
4.433823577, 4.433976132
4.443823572, 4.444004582
4.453823578, 4.454002582
4.463823577, 4.464005240
4.473823581, 4.474019701
4.483823562, 4.484006822
4.493823580, 4.494024015
4.503823562, 4.504062924
4.513823572, 4.514050370
4.523823580, 4.524048801
4.533823578, 4.534058174
4.543823559, 4.544051663
4.553823575, 4.554028518
4.563823562, 4.564049690
4.573823559, 4.574018335
4.583823581, 4.584066349
4.593823667, 4.594008864
4.603823562, 4.604058673
4.613823581, 4.614055156
4.623823569, 4.624023121
4.633823580, 4.634007972
4.643823559, 4.643994336
4.653823567, 4.654062528
4.663823559, 4.664028193
4.673823573, 4.674010376
4.683823564, 4.684030157
4.693823561, 4.694035128
4.703823580, 4.704047637
4.713823580, 4.714064352
4.723823561, 4.724023890
4.733823581, 4.734022899
4.743823565, 4.743995558
4.753823567, 4.754010777
4.763823567, 4.764046927
4.773823573, 4.774055512
4.783823567, 4.784028917
4.793823583, 4.794006119
4.803823569, 4.804053534
4.813823561, 4.814047342
4.823823578, 4.824054037
4.833823580, 4.834042989
4.843823558, 4.843997276
4.853823559, 4.854053572
4.863823559, 4.864020415
4.873823561, 4.874044671
4.883823578, 4.883991851
4.893823558, 4.894018161
4.903823554, 4.903983431
4.913823564, 4.914013955
4.923823567, 4.924063392
4.933823565, 4.933985935
4.943823562, 4.944024381
4.953823565, 4.953996465
4.963823558, 4.964009979
4.973823567, 4.973996762
4.983823561, 4.984000498
4.993823564, 4.994011671
5.003823567, 5.004001452
5.013823567, 5.013991940
5.023823564, 5.024022772
5.033823561, 5.034001519
5.043823567, 5.043995743
5.053823564, 5.053992404
5.063823558, 5.063982686
5.073823566, 5.073996667
5.083823559, 5.083984897
5.093823565, 5.093986530
5.103823565, 5.103986503
5.113823564, 5.114011032
5.123823561, 5.123974507
5.133823565, 5.133999210
5.143823561, 5.143983972
5.153823562, 5.154001411
5.163823564, 5.163985937
5.173823561, 5.173984873
5.183823569, 5.184002709
5.193823564, 5.194004748
5.203823559, 5.203989058
5.213823564, 5.214013814
5.223823562, 5.223996981
5.233823567, 5.234003039
5.243823562, 5.243998357
5.253823551, 5.253982158
5.263823567, 5.264001164
5.273823569, 5.273996739
5.283823562, 5.284012653
5.293823564, 5.293922304
5.303823561, 5.303903024
5.313823565, 5.313937707
5.323823562, 5.323903297
5.333823561, 5.333912865
5.343823565, 5.343946213
5.353823567, 5.353926313
5.363823562, 5.363907356
5.373823567, 5.373914829
5.383823561, 5.383933552
5.393823565, 5.393909248
5.403823561, 5.403916583
5.413823561, 5.413924385
5.423823554, 5.423914955
5.433823559, 5.433903190
5.443823558, 5.443921830
5.453823567, 5.453895892
5.463823565, 5.463916141
5.473823564, 5.473902913
5.483823564, 5.483891474
5.493823564, 5.493957167
5.503823554, 5.503975522
5.513823564, 5.513984883
5.523823562, 5.523993509
5.533823565, 5.533999885
5.543823562, 5.544010465
5.553823565, 5.553981991
5.563823562, 5.563990468
5.573823561, 5.573994636
5.583823561, 5.584004223
5.593823562, 5.593991003
5.603823559, 5.603982433
5.613823562, 5.613985903
5.623823559, 5.623991243
5.633823569, 5.633989451
5.643823561, 5.643994963
5.653823564, 5.654006983
5.663823561, 5.663977684
5.673823556, 5.673993432
5.683823559, 5.683985762
5.693823555, 5.693979402
5.703823562, 5.703980491
5.713823561, 5.713995107
5.723823561, 5.723984242
5.733823562, 5.733988606
5.743823565, 5.743986653
5.753823560, 5.753997984
5.763823562, 5.763992173
5.773823567, 5.773990002
5.783823565, 5.783992361
5.793823565, 5.793984740
5.803823564, 5.803924108
5.813823561, 5.813919689
5.823823564, 5.823934531
5.833823567, 5.833925975
5.843823562, 5.843930833
5.853823565, 5.853934144
5.863823564, 5.863905463
5.873823565, 5.873923167
5.883823567, 5.883930198
5.893823561, 5.893936236
5.903823565, 5.903929961
5.913823564, 5.913987703
5.923823562, 5.923968416
5.933823559, 5.933917666
5.943823567, 5.943921344
5.953823564, 5.954023578
5.963823564, 5.963951370
5.973823561, 5.973982514
5.983823564, 5.983972461
5.993823561, 5.993968078
6.003823559, 6.003980864
6.013823559, 6.013996929
6.023823558, 6.024014489
6.033823567, 6.033989039
6.043823567, 6.043975124
6.053823561, 6.054000098
6.063823567, 6.063990116
6.073823561, 6.074009446
6.083823559, 6.083990588
6.093823561, 6.093994628
6.103823559, 6.103979392
6.113823565, 6.114002962
6.123823565, 6.124022010
6.133823567, 6.133986410
6.143823562, 6.144014071
6.153823562, 6.154013594
6.163823559, 6.164014422
6.173823564, 6.173980804
6.183823562, 6.183980627
6.193823564, 6.193994242
6.203823567, 6.204014220
6.213823564, 6.214007304
6.223823558, 6.223998947
6.233823562, 6.233981947
6.243823567, 6.244002057
6.253823569, 6.253990116
6.263823554, 6.264002142
6.273823561, 6.273990179
6.283823562, 6.284000893
6.293823564, 6.294012033
6.303823558, 6.304014663
6.313823565, 6.313999915
6.323823569, 6.324005993
6.333823556, 6.334009686
6.343823559, 6.344012984
6.353823562, 6.354012905
6.363823564, 6.363989264
6.373823559, 6.373985869
6.383823556, 6.384002800
6.393823562, 6.394001437
6.403823562, 6.403945812
6.413823570, 6.413923576
6.423823569, 6.423920848
6.433823564, 6.433966931
6.443823572, 6.443910440
6.453823569, 6.453938284
6.463823564, 6.463914584
6.473823561, 6.473932361
6.483823562, 6.483959395
6.493823565, 6.493937690
6.503823564, 6.503916872
6.513823562, 6.513929849
6.523823562, 6.523920013
6.533823561, 6.533918244
6.543823569, 6.543922051
6.553823562, 6.553959613
6.563823565, 6.564014182
6.573823559, 6.573990290
6.583823564, 6.584006587
6.593823567, 6.594009001
6.603823562, 6.604021089
6.613823569, 6.613986121
6.623823569, 6.624001616
6.633823567, 6.633975225
6.643823559, 6.643985465
6.653823559, 6.653986053
6.663823564, 6.664008240
6.673823567, 6.674007891
6.683823561, 6.684001580
6.693823551, 6.693986012
6.703823567, 6.703986521
6.713823569, 6.713991387
6.723823564, 6.723983308
6.733823556, 6.733982570
6.743823559, 6.743993449
6.753823561, 6.753986960
6.763823561, 6.763978238
6.773823569, 6.773975802
6.783823567, 6.783981001
6.793823559, 6.793981895
6.803823567, 6.803996634
6.813823565, 6.813927404
6.823823560, 6.823909862
6.833823569, 6.833912316
6.843823558, 6.843921313
6.853823561, 6.853906821
6.863823572, 6.863886318
6.873823567, 6.873902942
6.883823563, 6.883913473
6.893823563, 6.893910737
6.903823561, 6.903899274
6.913823563, 6.913984363
6.923823561, 6.923974427
6.933823563, 6.934007699
6.943823561, 6.943998477
6.953823567, 6.954008435
6.963823563, 6.963980319
6.973823566, 6.973990751
6.983823566, 6.983992987
6.993823567, 6.993998020
7.003823563, 7.003983981
7.013823569, 7.013992611
7.023823559, 7.023978484
7.033823564, 7.034031974
7.043823561, 7.043983878
7.053823567, 7.053982288
7.063823562, 7.064005785
7.073823565, 7.074012243
7.083823564, 7.083985780
7.093823562, 7.093936896
7.103823569, 7.104004888
7.113823567, 7.113993054
7.123823556, 7.124000831
7.133823559, 7.133975885
7.143823567, 7.144008873
7.153823564, 7.154009593
7.163823567, 7.163986732
7.173823559, 7.174004731
7.183823553, 7.183994802
7.193823561, 7.194005223
7.203823561, 7.203996935
7.213823554, 7.214019998
7.223823567, 7.223989499
7.233823562, 7.234005383
7.243823567, 7.244018023
7.253823562, 7.254010543
7.263823565, 7.264010632
7.273823562, 7.273985310
7.283823565, 7.283997093
7.293823567, 7.293996972
7.303823567, 7.303994835
7.313823569, 7.314000243
7.323823567, 7.324010259
7.333823565, 7.334003652
7.343823567, 7.343980131
7.353823567, 7.354009116
7.363823556, 7.363980428
7.373823562, 7.374002992
7.383823564, 7.384077668
7.393823569, 7.394030683
7.403823562, 7.404055940
7.413823559, 7.414012865
7.423823562, 7.423989926
7.433823565, 7.433998113
7.443823565, 7.444027159
7.453823561, 7.453988395
7.463823561, 7.464019666
7.473823564, 7.474001971
7.483823562, 7.483984613
7.493823562, 7.493992488
7.503823569, 7.503927314
7.513823562, 7.513920834
7.523823567, 7.523928307
7.533823564, 7.533934852
7.543823564, 7.543925165
7.553823559, 7.553920062
7.563823564, 7.563924558
7.573823565, 7.573911289
7.583823569, 7.583903245
7.593823567, 7.593934788
7.603823561, 7.603991390
7.613823567, 7.613979277
7.623823564, 7.623995099
7.633823559, 7.633977106
7.643823562, 7.643985089
7.653823569, 7.653988395
7.663823564, 7.664006870
7.673823565, 7.673996763
7.683823567, 7.684013275
7.693823569, 7.693994494
7.703823559, 7.703978484
7.713823562, 7.713984164
7.723823558, 7.723967697
7.733823569, 7.733982356
7.743823568, 7.743984778
7.753823563, 7.754006411
7.763823560, 7.763993494
7.773823567, 7.773984309
7.783823561, 7.784005352
7.793823565, 7.794027972
7.803823562, 7.804005411
7.813823567, 7.813991654
7.823823569, 7.823990890
7.833823565, 7.833968894
7.843823564, 7.844008607
7.853823560, 7.854009223
7.863823564, 7.864003470
7.873823567, 7.874002234
7.883823564, 7.883980362
7.893823562, 7.894009264
7.903823559, 7.903981972
7.913823569, 7.913996458
7.923823569, 7.923990661
7.933823567, 7.933984388
7.943823562, 7.944001318
7.953823553, 7.953987885
7.963823564, 7.964022068
7.973823567, 7.973976098
7.983823564, 7.983991915
7.993823569, 7.993998629
8.003823567, 8.004006606
8.013823562, 8.013988393
8.023823553, 8.024021010
8.033823561, 8.033986011
8.043823569, 8.044019035
8.053823565, 8.054024369
8.063823562, 8.063974561
8.073823565, 8.073987489
8.083823558, 8.083990569
8.093823562, 8.093965722
8.103823562, 8.104003065
8.113823565, 8.113993654
8.123823564, 8.124026566
8.133823561, 8.133967332
8.143823565, 8.144014586
8.153823567, 8.153997834
8.163823564, 8.164043188
8.173823564, 8.173997434
8.183823567, 8.183984827
8.193823569, 8.193995562
8.203823554, 8.203990890
8.213823565, 8.213980619
8.223823559, 8.223976514
8.233823564, 8.233987290
8.243823559, 8.243974055
8.253823557, 8.253993281
8.263823559, 8.264004596
8.273823567, 8.273984393
8.283823560, 8.283995475
8.293823565, 8.293990485
8.303823567, 8.303980481
8.313823559, 8.313993292
8.323823561, 8.323983043
8.333823567, 8.334005075
8.343823567, 8.344017818
8.353823559, 8.353987820
8.363823564, 8.363987541
8.373823561, 8.374002600
8.383823564, 8.383990217
8.393823567, 8.393988670
8.403823565, 8.404001482
8.413823564, 8.413994413
8.423823562, 8.423989292
8.433823561, 8.433999004
8.443823556, 8.444005971
8.453823564, 8.453974229
8.463823559, 8.464018396
8.473823561, 8.473964126
8.483823565, 8.483978162
8.493823565, 8.493991611
8.503823565, 8.503983935
8.513823562, 8.513981039
8.523823561, 8.523996155
8.533823558, 8.533992347
8.543823561, 8.543988026
8.553823565, 8.554003799
8.563823565, 8.563908190
8.573823564, 8.573913004
8.583823564, 8.583986712
8.593823564, 8.593970317
8.603823565, 8.603977554
8.613823559, 8.614011684
8.623823559, 8.623996282
8.633823565, 8.634003014
8.643823569, 8.643980947
8.653823565, 8.654000114
8.663823562, 8.664023751
8.673823565, 8.673992555
8.683823561, 8.684000369
8.693823567, 8.693991003
8.703823561, 8.704003232
8.713823564, 8.713992628
8.723823561, 8.723995201
8.733823567, 8.733985930
8.743823562, 8.744011472
8.753823564, 8.754001588
8.763823569, 8.763993083
8.773823561, 8.773986916
8.783823565, 8.783999523
8.793823562, 8.793996079
8.803823564, 8.803917460
8.813823559, 8.813931564
8.823823564, 8.823897649
8.833823562, 8.834028202
8.843823570, 8.843987238
8.853823565, 8.854018123
8.863823558, 8.863978873
8.873823565, 8.874001689
8.883823564, 8.883978052
8.893823558, 8.893984763
8.903823560, 8.903989975
8.913823557, 8.913994416
8.923823559, 8.923980969
8.933823569, 8.933967642
8.943823561, 8.943994518
8.953823564, 8.953992667
8.963823562, 8.963964716
8.973823562, 8.973992302
8.983823560, 8.983981877
8.993823562, 8.994062839
9.003823561, 9.003996953
9.013823569, 9.014013515
9.023823566, 9.023962950
9.033823560, 9.033976720
9.043823555, 9.044020119
9.053823609, 9.053990135
9.063823565, 9.063942008
9.073823565, 9.073931906
9.083823556, 9.083925501
9.093823561, 9.093923883
9.103823556, 9.103919411
9.113823567, 9.114014101
9.123823567, 9.124022873
9.133823564, 9.134022628
9.143823556, 9.143993449
9.153823562, 9.153992642
9.163823565, 9.163993929
9.173823559, 9.173978483
9.183823564, 9.184000690
9.193823564, 9.193992208
9.203823567, 9.203997988
9.213823561, 9.213997284
9.223823564, 9.223990634
9.233823564, 9.233995388
9.243823565, 9.243997128
9.253823569, 9.253973525
9.263823564, 9.264018543
9.273823559, 9.273986404
9.283823556, 9.283998307
9.293823561, 9.294002911
9.303823564, 9.304002668
9.313823564, 9.313932614
9.323823559, 9.323912407
9.333823560, 9.333918403
9.343823557, 9.343935039
9.353823564, 9.353922848
9.363823564, 9.363936652
9.373823569, 9.373916039
9.383823562, 9.383957136
9.393823554, 9.393963027
9.403823553, 9.404005439
9.413823564, 9.413978530
9.423823558, 9.424000448
9.433823564, 9.433981304
9.443823561, 9.443992860
9.453823567, 9.453984568
9.463823562, 9.464007951
9.473823567, 9.474012828
9.483823562, 9.483992972
9.493823564, 9.494001811
9.503823565, 9.503985180
9.513823567, 9.513991395
9.523823567, 9.523992331
9.533823562, 9.533985575
9.543823564, 9.543972645
9.553823562, 9.554000071
9.563823554, 9.563986822
9.573823569, 9.573997234
9.583823559, 9.584008654
9.593823558, 9.594006438
9.603823565, 9.603997032
9.613823569, 9.614000826
9.623823559, 9.623996229
9.633823564, 9.633993304
9.643823569, 9.644001217
9.653823562, 9.654005412
9.663823561, 9.663919626
9.673823559, 9.673948335
9.683823569, 9.683932401
9.693823551, 9.693943469
9.703823561, 9.703931330
9.713823556, 9.713918085
9.723823556, 9.723940898
9.733823556, 9.733907836
9.743823558, 9.743900910
9.753823567, 9.753923628
9.763823564, 9.763938674
9.773823559, 9.773912271
9.783823562, 9.783934425
9.793823567, 9.793912582
9.803823565, 9.803907535
9.813823561, 9.813905008
9.823823561, 9.823908739
9.833823572, 9.833937324
9.843823567, 9.843900256
9.853823564, 9.853917524
9.863823564, 9.863902015
9.873823567, 9.873912488
9.883823558, 9.883898622
9.893823561, 9.893903627
9.903823562, 9.903919013
9.913823569, 9.913890876
9.923823565, 9.923971205
9.933823556, 9.933982375
9.943823558, 9.943905847
9.953823562, 9.953901270
9.963823572, 9.963898330
9.973823564, 9.973893626
9.983823564, 9.983967230
9.993823569, 9.993958686
10.003823562, 10.003994521
10.013823569, 10.013995754
10.023823564, 10.023987684
10.033823562, 10.033998640
10.043823561, 10.043989748
10.053823564, 10.054002709
10.063823561, 10.063994628
10.073823567, 10.073995367
10.083823561, 10.084002034
10.093823567, 10.093995614
10.103823564, 10.103998863
10.113823562, 10.113993146
10.123823561, 10.123998393
10.133823567, 10.133994914
10.143823569, 10.144001138
10.153823564, 10.153997968
10.163823567, 10.163999812
10.173823567, 10.174000451
10.183823561, 10.184000025
10.193823569, 10.193992443
10.203823569, 10.203993582
10.213823564, 10.213995271
10.223823569, 10.223998150
10.233823567, 10.233999173
10.243823558, 10.243999351
10.253823567, 10.253995300
10.263823569, 10.264001503
10.273823561, 10.273994317
10.283823562, 10.283997671
10.293823562, 10.293994396
10.303823565, 10.303995727
10.313823561, 10.313994447
10.323823562, 10.323999021
10.333823567, 10.333997120
10.343823564, 10.344001630
10.353823561, 10.353995331
10.363823564, 10.363996152
10.373823565, 10.373994169
10.383823564, 10.383996138
10.393823562, 10.393995036
10.403823562, 10.403996744
10.413823567, 10.413996190
10.423823575, 10.424001096
10.433823567, 10.433996989
10.443823561, 10.443973615
10.453823569, 10.453992019
10.463823564, 10.463996315
10.473823564, 10.473997284
10.483823554, 10.484001182
10.493823554, 10.493996589
10.503823562, 10.504000379
10.513823561, 10.513995898
10.523823564, 10.523995197
10.533823562, 10.533998509
10.543823558, 10.543998641
10.553823561, 10.553996908
10.563823565, 10.563998929
10.573823565, 10.573994043
10.583823561, 10.583997144
10.593823562, 10.593998854
10.603823554, 10.603994398
10.613823569, 10.613995215
10.623823561, 10.623995118
10.633823559, 10.633994043
10.643823559, 10.643997336
10.653823551, 10.654000023
10.663823554, 10.663996944
10.673823569, 10.673994037
10.683823564, 10.683999965
10.693823561, 10.693995390
10.703823569, 10.703967451
10.713823560, 10.713993762
10.723823556, 10.723995825
10.733823564, 10.733994142
10.743823569, 10.744000239
10.753823564, 10.753987738
10.763823561, 10.763997434
10.773823564, 10.773999461
10.783823562, 10.783994497
10.793823562, 10.793998689
10.803823562, 10.803997573
10.813823561, 10.813994630
10.823823561, 10.823999378
10.833823561, 10.833995129
10.843823562, 10.843995943
10.853823567, 10.853995922
10.863823562, 10.863996697
10.873823562, 10.873994243
10.883823565, 10.883998167
10.893823569, 10.893998792
10.903823556, 10.904000033
10.913823559, 10.913995293
10.923823561, 10.923997542
10.933823556, 10.933996163
10.943823567, 10.943996623
10.953823558, 10.953997283
10.963823562, 10.964001843
10.973823559, 10.973995290
10.983823569, 10.983999859
10.993823569, 10.993997328
11.003823564, 11.003994211
11.013823564, 11.013995144
11.023823564, 11.023994496
11.033823558, 11.033994996
11.043823565, 11.044000731
11.053823569, 11.053994580
11.063823562, 11.064003262
11.073823556, 11.073991785
11.083823562, 11.083996034
11.093823562, 11.093993558
11.103823565, 11.103997013
11.113823561, 11.113995982
11.123823567, 11.123999435
11.133823562, 11.133998601
11.143823556, 11.144000286
11.153823562, 11.153988807
11.163823564, 11.163995358
11.173823561, 11.173995421
11.183823565, 11.183995435
11.193823567, 11.193997065
11.203823562, 11.204000477
11.213823569, 11.213995644
11.223823565, 11.223999000
11.233823554, 11.233996725
11.243823556, 11.243998659
11.253823561, 11.253996302
11.263823553, 11.263995666
11.273823564, 11.273993438
11.283823565, 11.284000313
11.293823561, 11.293996487
11.303823561, 11.303998123
11.313823564, 11.314000406
11.323823562, 11.323998385
11.333823564, 11.333995786
11.343823564, 11.343994788
11.353823561, 11.353994808
11.363823561, 11.363994767
11.373823565, 11.373993493
11.383823556, 11.383997740
11.393823564, 11.393996548
11.403823564, 11.403998357
11.413823565, 11.413995959
11.423823562, 11.424000366
11.433823559, 11.433995661
11.443823559, 11.443997696
11.453823565, 11.453993953
11.463823569, 11.463997669
11.473823567, 11.473995636
11.483823565, 11.483992633
11.493823561, 11.493999012
11.503823562, 11.503997246
11.513823564, 11.513998082
11.523823564, 11.524001272
11.533823564, 11.533998677
11.543823561, 11.544002769
11.553823556, 11.553990380
11.563823561, 11.563998163
11.573823569, 11.573995334
11.583823567, 11.583997802
11.593823562, 11.593997560
11.603823569, 11.603997251
11.613823567, 11.613992372
11.623823554, 11.623999209
11.633823561, 11.633996599
11.643823565, 11.643995441
11.653823561, 11.653999319
11.663823564, 11.663995753
11.673823569, 11.673995562
11.683823554, 11.683978532
11.693823562, 11.693996623
11.703823564, 11.703997733
11.713823561, 11.713991608
11.723823564, 11.723996130
11.733823569, 11.733996062
11.743823558, 11.743995742
11.753823569, 11.753971228
11.763823566, 11.764001636
11.773823559, 11.773999482
11.783823569, 11.784001162
11.793823569, 11.793998950
11.803823558, 11.803996932
11.813823559, 11.813992802
11.823823565, 11.823994674
11.833823565, 11.833995554
11.843823565, 11.843997794
11.853823556, 11.853992783
11.863823559, 11.863995568
11.873823561, 11.873996597
11.883823558, 11.883995129
11.893823565, 11.893994891
11.903823567, 11.903994703
11.913823567, 11.913998734
11.923823554, 11.923999520
11.933823561, 11.933993124
11.943823559, 11.943998445
11.953823569, 11.953993812
11.963823562, 11.964000199
11.973823564, 11.973994221
11.983823559, 11.983995513
11.993823569, 11.994001569
12.003823565, 12.004000349
12.013823558, 12.013998672
12.023823562, 12.023995607
12.033823565, 12.033996529
12.043823558, 12.043996624
12.053823569, 12.053987923
------------------------------
