------------------------------
test was performed using the following parameters: --mps=100 --burst=1 --reply-every=1 --msg-size=12 --time=10
------------------------------
sockperf: [Total Run] RunTime=10.100 sec; SentMessages=1011; ReceivedMessages=1010
sockperf: ========= Printing statistics for Server No: 0
sockperf: [Valid Duration] RunTime=9.990 sec; SentMessages=1000; ReceivedMessages=1000
sockperf: [2;35m====> avg-lat= 64.929 (std-dev=18.111)[0m
sockperf: # dropped messages = 0; # duplicated messages = 0; # out-of-order messages = 0
sockperf: [2;35mTotal 1000 observations[0m; each percentile contains 10.00 observations
sockperf: ---> <MAX> observation =  123.610
sockperf: ---> percentile  99.99 =  123.610
sockperf: ---> percentile  99.90 =  121.741
sockperf: ---> percentile  99.50 =  107.863
sockperf: ---> percentile  99.00 =  101.757
sockperf: ---> percentile  95.00 =   90.039
sockperf: ---> percentile  90.00 =   87.743
sockperf: ---> percentile  75.00 =   85.127
sockperf: ---> percentile  50.00 =   62.034
sockperf: ---> percentile  25.00 =   47.092
sockperf: ---> <MIN> observation =   32.285
------------------------------
txTime, rxTime
2.063016983, 2.063150911
2.073016983, 2.073182888
2.083017125, 2.083218802
2.093016985, 2.093153718
2.103016983, 2.103121733
2.113016994, 2.113105616
2.123016984, 2.123167684
2.133016983, 2.133152219
2.143016984, 2.143161409
2.153016990, 2.153172727
2.163016983, 2.163189915
2.173016979, 2.173187842
2.183016994, 2.183160559
2.193017005, 2.193181001
2.203016989, 2.203219284
2.213016994, 2.213157150
2.223017000, 2.223172125
2.233016985, 2.233137641
2.243016996, 2.243199812
2.253017003, 2.253156755
2.263016993, 2.263173961
2.273016997, 2.273179229
2.283016994, 2.283195207
2.293016983, 2.293181831
2.303017004, 2.303184000
2.313016979, 2.313175373
2.323016997, 2.323171516
2.333017004, 2.333190158
2.343016991, 2.343176817
2.353016980, 2.353161793
2.363017006, 2.363195717
2.373016988, 2.373194131
2.383016997, 2.383161240
2.393016991, 2.393197070
2.403016986, 2.403182352
2.413016986, 2.413220371
2.423016992, 2.423128998
2.433016994, 2.433110705
2.443016989, 2.443109635
2.453016988, 2.453176582
2.463016998, 2.463140036
2.473016983, 2.473117608
2.483017001, 2.483185254
2.493016998, 2.493145272
2.503016998, 2.503160675
2.513016999, 2.513160793
2.523016990, 2.523218335
2.533016990, 2.533158731
2.543017046, 2.543134573
2.553016982, 2.553148444
2.563017055, 2.563126094
2.573017001, 2.573146751
2.583017000, 2.583123934
2.593017035, 2.593165373
2.603017115, 2.603150666
2.613017004, 2.613196204
2.623016992, 2.623181720
2.633016988, 2.633205882
2.643017001, 2.643179769
2.653016983, 2.653159171
2.663017000, 2.663181130
2.673016999, 2.673195495
2.683016983, 2.683185895
2.693017053, 2.693182588
2.703017003, 2.703194898
2.713016979, 2.713168306
2.723016998, 2.723142171
2.733016985, 2.733196729
2.743016991, 2.743184405
2.753016998, 2.753162065
2.763017001, 2.763177939
2.773016977, 2.773163868
2.783017036, 2.783185212
2.793016986, 2.793232713
2.803016984, 2.803169523
2.813017002, 2.813203164
2.823016997, 2.823184070
2.833016986, 2.833188612
2.843017042, 2.843189392
2.853017078, 2.853203942
2.863016995, 2.863210011
2.873016985, 2.873213983
2.883017050, 2.883159914
2.893016985, 2.893197871
2.903016990, 2.903166733
2.913016986, 2.913190238
2.923016996, 2.923183130
2.933016988, 2.933177895
2.943017000, 2.943220515
2.953016977, 2.953189861
2.963017048, 2.963197899
2.973016992, 2.973207643
2.983016982, 2.983167693
2.993017008, 2.993189039
3.003016992, 3.003218122
3.013017002, 3.013264224
3.023017001, 3.023210085
3.033016979, 3.033180487
3.043016988, 3.043178219
3.053016998, 3.053172534
3.063017001, 3.063186709
3.073016984, 3.073118157
3.083016993, 3.083099975
3.093016990, 3.093200104
3.103016983, 3.103235064
3.113016989, 3.113195361
3.123017002, 3.123127338
3.133016982, 3.133161459
3.143017000, 3.143142648
3.153016986, 3.153184591
3.163016983, 3.163135453
3.173016998, 3.173083768
3.183016998, 3.183082163
3.193016983, 3.193126134
3.203016995, 3.203144041
3.213016996, 3.213108634
3.223016992, 3.223124899
3.233017001, 3.233202941
3.243016997, 3.243154822
3.253016990, 3.253142787
3.263017017, 3.263150875
3.273016985, 3.273104876
3.283017005, 3.283165290
3.293017004, 3.293182232
3.303016994, 3.303187877
3.313016982, 3.313141031
3.323016990, 3.323123186
3.333016985, 3.333131714
3.343017054, 3.343126372
3.353016993, 3.353125833
3.363016983, 3.363149894
3.373016999, 3.373180035
3.383017121, 3.383113057
3.393016983, 3.393109232
3.403017050, 3.403109590
3.413016998, 3.413121192
3.423016997, 3.423110813
3.433016983, 3.433153399
3.443016998, 3.443113521
3.453016986, 3.453105937
3.463017001, 3.463117677
3.473016998, 3.473221444
3.483017001, 3.483185521
3.493016977, 3.493156211
3.503017003, 3.503155529
3.513016982, 3.513133347
3.523016978, 3.523177023
3.533016993, 3.533143414
3.543016998, 3.543122398
3.553016975, 3.553228008
3.563017003, 3.563111462
3.573016991, 3.573124933
3.583016998, 3.583129473
3.593016985, 3.593108921
3.603016998, 3.603109347
3.613016990, 3.613106777
3.623016987, 3.623142791
3.633016991, 3.633138759
3.643016997, 3.643109009
3.653016988, 3.653155325
3.663017013, 3.663156098
3.673016983, 3.673113620
3.683017000, 3.683105516
3.693016993, 3.693109884
3.703016992, 3.703120993
3.713017001, 3.713137027
3.723016997, 3.723152146
3.733016994, 3.733107967
3.743016990, 3.743160601
3.753017042, 3.753137869
3.763017366, 3.763152008
3.773017007, 3.773201250
3.783017003, 3.783189592
3.793016991, 3.793121886
3.803017065, 3.803123275
3.813016986, 3.813191374
3.823017049, 3.823153988
3.833016991, 3.833127532
3.843016997, 3.843130940
3.853016977, 3.853166660
3.863017022, 3.863107090
3.873016999, 3.873138803
3.883016998, 3.883139780
3.893017002, 3.893252801
3.903016995, 3.903111666
3.913016991, 3.913180865
3.923016997, 3.923111949
3.933016990, 3.933106237
3.943017003, 3.943125371
3.953017001, 3.953114154
3.963017003, 3.963144370
3.973016991, 3.973132884
3.983016981, 3.983112375
3.993016986, 3.993133514
4.003017253, 4.003149556
4.013016988, 4.013114026
4.023017001, 4.023106459
4.033016985, 4.033162833
4.043016997, 4.043206946
4.053016985, 4.053110981
4.063017052, 4.063122008
4.073016980, 4.073149799
4.083016992, 4.083111898
4.093016979, 4.093109693
4.103016995, 4.103105972
4.113016988, 4.113105187
4.123016986, 4.123150360
4.133016991, 4.133106442
4.143016992, 4.143109910
4.153016988, 4.153153882
4.163016995, 4.163155510
4.173016994, 4.173108904
4.183016992, 4.183117251
4.193017009, 4.193113026
4.203016995, 4.203113218
4.213016980, 4.213106054
4.223016989, 4.223149416
4.233016986, 4.233108001
4.243016981, 4.243128206
4.253017032, 4.253167520
4.263016992, 4.263112268
4.273016985, 4.273122616
4.283017055, 4.283126811
4.293017004, 4.293109311
4.303016997, 4.303146670
4.313016996, 4.313110606
4.323016997, 4.323108407
4.333016993, 4.333106666
4.343017024, 4.343117208
4.353016983, 4.353118585
4.363016984, 4.363108871
4.373017067, 4.373151875
4.383016990, 4.383112274
4.393016988, 4.393107476
4.403016981, 4.403104619
4.413016991, 4.413131037
4.423016983, 4.423115654
4.433017001, 4.433103957
4.443016987, 4.443122481
4.453017002, 4.453106813
4.463016986, 4.463112328
4.473016988, 4.473102345
4.483017005, 4.483146470
4.493016996, 4.493108335
4.503017003, 4.503110888
4.513016986, 4.513128602
4.523017043, 4.523132223
4.533016991, 4.533146031
4.543017057, 4.543140767
4.553016985, 4.553178716
4.563016981, 4.563151734
4.573017043, 4.573143101
4.583016997, 4.583149374
4.593016988, 4.593111570
4.603016984, 4.603172033
4.613016999, 4.613116515
4.623017001, 4.623146720
4.633016980, 4.633111928
4.643017168, 4.643108724
4.653016991, 4.653105856
4.663017007, 4.663107774
4.673017002, 4.673105111
4.683017000, 4.683110494
4.693016989, 4.693121456
4.703016984, 4.703130252
4.713017016, 4.713110918
4.723017069, 4.723121663
4.733016997, 4.733181806
4.743016998, 4.743109144
4.753016978, 4.753107555
4.763017001, 4.763105896
4.773016999, 4.773116681
4.783016992, 4.783121827
4.793016986, 4.793107729
4.803017140, 4.803172322
4.813016986, 4.813114463
4.823017003, 4.823146573
4.833016989, 4.833136583
4.843017004, 4.843210912
4.853016978, 4.853128433
4.863016996, 4.863146949
4.873016988, 4.873141803
4.883016997, 4.883133076
4.893016999, 4.893116372
4.903016992, 4.903178588
4.913016990, 4.913108738
4.923017003, 4.923156890
4.933016979, 4.933109142
4.943016987, 4.943112729
4.953016988, 4.953105886
4.963016979, 4.963147123
4.973016996, 4.973094354
4.983016975, 4.983137348
4.993017002, 4.993199698
5.003016978, 5.003111355
5.013016985, 5.013110119
5.023017003, 5.023110112
5.033016988, 5.033111586
5.043017000, 5.043110145
5.053016988, 5.053144806
5.063016981, 5.063181430
5.073016990, 5.073162746
5.083016998, 5.083105076
5.093017005, 5.093105923
5.103016994, 5.103106835
5.113016986, 5.113143908
5.123016976, 5.123103187
5.133016986, 5.133108645
5.143017000, 5.143108835
5.153016994, 5.153104521
5.163016997, 5.163109107
5.173016982, 5.173130168
5.183016990, 5.183109549
5.193016985, 5.193132859
5.203016984, 5.203140321
5.213016994, 5.213106130
5.223016995, 5.223131573
5.233016994, 5.233152950
5.243016981, 5.243107332
5.253016985, 5.253165229
5.263016992, 5.263121207
5.273016983, 5.273154441
5.283016997, 5.283103981
5.293016985, 5.293167937
5.303017003, 5.303173104
5.313016990, 5.313109071
5.323016986, 5.323158720
5.333017002, 5.333121049
5.343017000, 5.343130434
5.353016972, 5.353105034
5.363016984, 5.363116295
5.373017001, 5.373117914
5.383016987, 5.383111555
5.393016994, 5.393110909
5.403017043, 5.403178482
5.413016979, 5.413104551
5.423016987, 5.423162656
5.433016988, 5.433116280
5.443016998, 5.443180029
5.453016988, 5.453159398
5.463017000, 5.463205360
5.473016979, 5.473120043
5.483016998, 5.483133692
5.493017114, 5.493123458
5.503016983, 5.503117050
5.513016985, 5.513168283
5.523017039, 5.523114590
5.533016983, 5.533106338
5.543017054, 5.543107986
5.553016991, 5.553166912
5.563016998, 5.563151666
5.573016998, 5.573219539
5.583017003, 5.583104738
5.593016980, 5.593108604
5.603016997, 5.603106681
5.613016998, 5.613162264
5.623016986, 5.623125237
5.633016996, 5.633107132
5.643016994, 5.643111222
5.653016975, 5.653112649
5.663016997, 5.663162131
5.673016991, 5.673148686
5.683016989, 5.683107114
5.693017001, 5.693178599
5.703017001, 5.703128881
5.713016982, 5.713107888
5.723016998, 5.723145423
5.733017004, 5.733141814
5.743016995, 5.743136155
5.753016991, 5.753178664
5.763017001, 5.763140541
5.773016985, 5.773145205
5.783016978, 5.783187925
5.793016994, 5.793168790
5.803016990, 5.803127537
5.813016994, 5.813106327
5.823016998, 5.823111278
5.833016986, 5.833147497
5.843016994, 5.843132771
5.853017005, 5.853111533
5.863016983, 5.863118105
5.873017007, 5.873112000
5.883016997, 5.883174568
5.893016993, 5.893131166
5.903016990, 5.903106781
5.913016985, 5.913130089
5.923016997, 5.923110517
5.933016988, 5.933131154
5.943017003, 5.943108331
5.953016986, 5.953104723
5.963016975, 5.963137107
5.973016993, 5.973140324
5.983016984, 5.983185269
5.993016988, 5.993117425
6.003017003, 6.003116272
6.013016983, 6.013147670
6.023017003, 6.023115886
6.033016985, 6.033111529
6.043016984, 6.043106868
6.053016986, 6.053119621
6.063016981, 6.063119248
6.073016983, 6.073107920
6.083017001, 6.083181709
6.093017004, 6.093110069
6.103016987, 6.103105690
6.113016994, 6.113106395
6.123016997, 6.123106184
6.133016982, 6.133105147
6.143016997, 6.143106623
6.153016985, 6.153121808
6.163016986, 6.163111746
6.173016996, 6.173115736
6.183016995, 6.183106127
6.193016982, 6.193109028
6.203016989, 6.203147630
6.213016990, 6.213142484
6.223016997, 6.223107899
6.233016986, 6.233103666
6.243016989, 6.243107318
6.253016982, 6.253127533
6.263016990, 6.263107057
6.273017002, 6.273107974
6.283016997, 6.283110625
6.293017046, 6.293107377
6.303017003, 6.303113329
6.313016983, 6.313110329
6.323017000, 6.323107531
6.333016986, 6.333109505
6.343017001, 6.343101659
6.353016998, 6.353106234
6.363017001, 6.363130938
6.373017007, 6.373161438
6.383016981, 6.383126383
6.393016996, 6.393109632
6.403016986, 6.403103977
6.413016991, 6.413104434
6.423017000, 6.423130021
6.433016982, 6.433104503
6.443017003, 6.443142822
6.453016980, 6.453131275
6.463016997, 6.463141319
6.473016991, 6.473189399
6.483016995, 6.483196511
6.493016996, 6.493172967
6.503017000, 6.503153461
6.513016988, 6.513103671
6.523016990, 6.523143383
6.533016991, 6.533145367
6.543017003, 6.543147543
6.553016986, 6.553111948
6.563016995, 6.563106206
6.573016983, 6.573113140
6.583016995, 6.583105289
6.593016998, 6.593104890
6.603016994, 6.603111020
6.613016977, 6.613155500
6.623017000, 6.623108969
6.633017051, 6.633126267
6.643016998, 6.643105669
6.653017001, 6.653158181
6.663016997, 6.663110690
6.673016980, 6.673103482
6.683016995, 6.683149280
6.693016986, 6.693123188
6.703016995, 6.703147466
6.713016994, 6.713118546
6.723017046, 6.723171628
6.733016979, 6.733154864
6.743016992, 6.743112640
6.753016985, 6.753109273
6.763016986, 6.763107374
6.773017005, 6.773152674
6.783016997, 6.783110452
6.793016979, 6.793103332
6.803016997, 6.803134740
6.813016990, 6.813153078
6.823016994, 6.823107024
6.833016988, 6.833105612
6.843017003, 6.843170456
6.853016990, 6.853136680
6.863017000, 6.863145068
6.873016994, 6.873131626
6.883016979, 6.883106719
6.893016991, 6.893114927
6.903016990, 6.903110906
6.913016977, 6.913114250
6.923016990, 6.923136601
6.933017002, 6.933107742
6.943016986, 6.943196852
6.953016998, 6.953109044
6.963017000, 6.963134942
6.973016990, 6.973109838
6.983016997, 6.983107002
6.993016983, 6.993106456
7.003016997, 7.003120214
7.013017005, 7.013206844
7.023016990, 7.023112444
7.033016986, 7.033140458
7.043017006, 7.043141725
7.053016988, 7.053139174
7.063016990, 7.063116300
7.073016998, 7.073128607
7.083016995, 7.083187273
7.093016996, 7.093127539
7.103016997, 7.103149389
7.113017001, 7.113170017
7.123016990, 7.123119978
7.133016998, 7.133106134
7.143016995, 7.143119802
7.153017005, 7.153110543
7.163016994, 7.163167202
7.173016999, 7.173105443
7.183016995, 7.183157789
7.193016979, 7.193129982
7.203016981, 7.203103162
7.213016983, 7.213107546
7.223016998, 7.223119286
7.233016991, 7.233102741
7.243016990, 7.243108677
7.253017002, 7.253104912
7.263016995, 7.263105279
7.273016985, 7.273122471
7.283017001, 7.283150824
7.293016993, 7.293125942
7.303016990, 7.303127679
7.313017004, 7.313109335
7.323016997, 7.323187774
7.333016980, 7.333123043
7.343017019, 7.343109866
7.353016988, 7.353110953
7.363017000, 7.363163552
7.373017039, 7.373173962
7.383017241, 7.383120021
7.393017007, 7.393151035
7.403016998, 7.403147164
7.413017086, 7.413201747
7.423016990, 7.423239643
7.433017004, 7.433158866
7.443017055, 7.443183599
7.453016990, 7.453169677
7.463016997, 7.463183774
7.473017249, 7.473162220
7.483016997, 7.483183434
7.493017001, 7.493164103
7.503017000, 7.503182961
7.513016985, 7.513142231
7.523016986, 7.523125306
7.533016983, 7.533141398
7.543016979, 7.543146702
7.553017007, 7.553110849
7.563017118, 7.563121097
7.573016977, 7.573106482
7.583016987, 7.583144078
7.593016986, 7.593147168
7.603017054, 7.603108099
7.613016996, 7.613109128
7.623017005, 7.623108791
7.633016983, 7.633180148
7.643016995, 7.643103580
7.653016985, 7.653105402
7.663016978, 7.663110401
7.673016993, 7.673155077
7.683016986, 7.683111278
7.693016986, 7.693139196
7.703017123, 7.703108811
7.713016991, 7.713120930
7.723016987, 7.723185069
7.733016999, 7.733130186
7.743016994, 7.743111274
7.753016990, 7.753152131
7.763016990, 7.763106230
7.773016988, 7.773107576
7.783017054, 7.783108301
7.793017001, 7.793115005
7.803016983, 7.803118673
7.813016979, 7.813104126
7.823017005, 7.823170226
7.833017002, 7.833135000
7.843016989, 7.843108874
7.853017015, 7.853150067
7.863016995, 7.863137948
7.873017002, 7.873168959
7.883017001, 7.883214132
7.893017059, 7.893166767
7.903016994, 7.903109819
7.913016991, 7.913102924
7.923016986, 7.923143459
7.933016985, 7.933159578
7.943017009, 7.943125611
7.953016990, 7.953128252
7.963017006, 7.963107319
7.973017001, 7.973113247
7.983016987, 7.983125526
7.993016986, 7.993163224
8.003016997, 8.003122988
8.013016983, 8.013129532
8.023017046, 8.023132602
8.033016979, 8.033152718
8.043017001, 8.043106440
8.053016979, 8.053115946
8.063016995, 8.063151385
8.073016986, 8.073143842
8.083016992, 8.083109122
8.093017005, 8.093109538
8.103017000, 8.103104761
8.113016983, 8.113147296
8.123016997, 8.123108352
8.133016986, 8.133102680
8.143016998, 8.143115777
8.153016986, 8.153151728
8.163016997, 8.163133106
8.173016985, 8.173110959
8.183016997, 8.183106326
8.193016982, 8.193122779
8.203016981, 8.203106182
8.213017002, 8.213105841
8.223016997, 8.223147578
8.233016985, 8.233108799
8.243016995, 8.243126275
8.253016982, 8.253107991
8.263016998, 8.263127389
8.273016996, 8.273107622
8.283016995, 8.283131770
8.293016991, 8.293109414
8.303017000, 8.303120408
8.313016983, 8.313107929
8.323016998, 8.323110272
8.333016999, 8.333103807
8.343016998, 8.343108840
8.353016991, 8.353110966
8.363016995, 8.363112580
8.373016998, 8.373199716
8.383016997, 8.383129217
8.393016985, 8.393112426
8.403016979, 8.403107081
8.413016986, 8.413126625
8.423016995, 8.423109176
8.433017002, 8.433105533
8.443017115, 8.443137749
8.453017005, 8.453108776
8.463017000, 8.463128306
8.473016988, 8.473150587
8.483016990, 8.483104488
8.493017001, 8.493106624
8.503016997, 8.503108631
8.513016991, 8.513110514
8.523017011, 8.523119562
8.533016991, 8.533206093
8.543016989, 8.543110095
8.553016983, 8.553136130
8.563016992, 8.563108636
8.573016999, 8.573110014
8.583017005, 8.583161577
8.593016977, 8.593112333
8.603016997, 8.603107921
8.613016983, 8.613118603
8.623016990, 8.623110032
8.633016985, 8.633106995
8.643016979, 8.643106749
8.653016990, 8.653125979
8.663017000, 8.663111184
8.673017005, 8.673103992
8.683016997, 8.683152376
8.693016994, 8.693161773
8.703016995, 8.703110858
8.713016994, 8.713166756
8.723017058, 8.723106827
8.733017125, 8.733111859
8.743017055, 8.743119170
8.753016996, 8.753104979
8.763016997, 8.763147649
8.773016999, 8.773114138
8.783017003, 8.783107962
8.793016985, 8.793169459
8.803017000, 8.803118503
8.813017002, 8.813110442
8.823017055, 8.823111314
8.833016985, 8.833106625
8.843016979, 8.843107441
8.853016985, 8.853130907
8.863016994, 8.863106910
8.873017050, 8.873115969
8.883017008, 8.883101468
8.893016991, 8.893082639
8.903017006, 8.903115902
8.913017001, 8.913114641
8.923016987, 8.923140086
8.933016996, 8.933125901
8.943016994, 8.943129574
8.953016986, 8.953167094
8.963017027, 8.963096646
8.973016983, 8.973127059
8.983016987, 8.983150417
8.993016979, 8.993121919
9.003017001, 9.003146367
9.013016979, 9.013113787
9.023016990, 9.023092340
9.033016991, 9.033086670
9.043016994, 9.043119586
9.053016994, 9.053130566
9.063016995, 9.063104337
9.073016983, 9.073141108
9.083016983, 9.083100902
9.093016983, 9.093106581
9.103016989, 9.103091221
9.113016985, 9.113108299
9.123017006, 9.123102744
9.133016983, 9.133132472
9.143016990, 9.143111620
9.153016993, 9.153089016
9.163016995, 9.163108638
9.173016999, 9.173118218
9.183016987, 9.183095863
9.193016986, 9.193106215
9.203017006, 9.203099055
9.213016991, 9.213144707
9.223016998, 9.223192815
9.233016996, 9.233141066
9.243016997, 9.243113439
9.253016996, 9.253123742
9.263016998, 9.263126268
9.273016988, 9.273166151
9.283016989, 9.283124153
9.293016996, 9.293133317
9.303016995, 9.303125034
9.313016993, 9.313087819
9.323016983, 9.323120858
9.333016982, 9.333100970
9.343017001, 9.343090019
9.353016980, 9.353100659
9.363016987, 9.363081558
9.373016996, 9.373124198
9.383016995, 9.383091731
9.393016994, 9.393109463
9.403016983, 9.403097401
9.413016988, 9.413088463
9.423016986, 9.423134855
9.433016980, 9.433104849
9.443016992, 9.443172229
9.453016983, 9.453158982
9.463016979, 9.463168121
9.473016998, 9.473103426
9.483017000, 9.483190246
9.493016991, 9.493169838
9.503016998, 9.503163939
9.513016986, 9.513147372
9.523016984, 9.523097862
9.533016999, 9.533150238
9.543016997, 9.543156714
9.553016985, 9.553100422
9.563016995, 9.563126268
9.573016998, 9.573087440
9.583017074, 9.583105331
9.593016985, 9.593114034
9.603016979, 9.603138117
9.613016982, 9.613106275
9.623016997, 9.623178403
9.633016988, 9.633126137
9.643016978, 9.643160495
9.653016996, 9.653118461
9.663017003, 9.663117287
9.673016979, 9.673155606
9.683016994, 9.683135173
9.693016991, 9.693102754
9.703016995, 9.703139920
9.713017009, 9.713160104
9.723016995, 9.723169518
9.733016999, 9.733120206
9.743016976, 9.743145739
9.753016990, 9.753121377
9.763016995, 9.763098408
9.773016993, 9.773164997
9.783017003, 9.783185236
9.793016980, 9.793114199
9.803017000, 9.803144749
9.813016985, 9.813136312
9.823016978, 9.823137691
9.833016983, 9.833191791
9.843016979, 9.843088204
9.853016998, 9.853177737
9.863016998, 9.863121248
9.873017054, 9.873118027
9.883016986, 9.883125333
9.893017058, 9.893119268
9.903016998, 9.903105564
9.913016983, 9.913114943
9.923017001, 9.923104509
9.933016982, 9.933115203
9.943016995, 9.943112860
9.953016996, 9.953107435
9.963017000, 9.963108151
9.973016980, 9.973108695
9.983017008, 9.983164322
9.993016982, 9.993191614
10.003016983, 10.003181812
10.013016982, 10.013192390
10.023017005, 10.023200683
10.033016972, 10.033190961
10.043016983, 10.043179770
10.053016988, 10.053173889
10.063016979, 10.063195277
10.073016979, 10.073194838
10.083016983, 10.083195660
10.093016980, 10.093190141
10.103016984, 10.103191673
10.113016991, 10.113191842
10.123016992, 10.123191579
10.133016993, 10.133191453
10.143017003, 10.143193249
10.153016975, 10.153193135
10.163016979, 10.163134634
10.173016999, 10.173200237
10.183016997, 10.183195832
10.193016977, 10.193192570
10.203016978, 10.203194852
10.213017001, 10.213193601
10.223016992, 10.223197071
10.233016991, 10.233192705
10.243016978, 10.243197123
10.253017007, 10.253192710
10.263016995, 10.263190908
10.273016993, 10.273193451
10.283017005, 10.283173177
10.293016985, 10.293192123
10.303016998, 10.303193136
10.313016979, 10.313194690
10.323016992, 10.323192898
10.333016975, 10.333193469
10.343016995, 10.343188935
10.353016986, 10.353190954
10.363016976, 10.363190504
10.373017002, 10.373199379
10.383016987, 10.383192809
10.393016985, 10.393190419
10.403016975, 10.403190914
10.413016986, 10.413187934
10.423017005, 10.423190170
10.433017002, 10.433190446
10.443016992, 10.443192984
10.453016986, 10.453187530
10.463016995, 10.463191249
10.473016983, 10.473191445
10.483017003, 10.483190913
10.493016996, 10.493190141
10.503017000, 10.503188429
10.513016979, 10.513191730
10.523016998, 10.523187808
10.533016991, 10.533187533
10.543016981, 10.543191733
10.553016991, 10.553187697
10.563017000, 10.563132883
10.573016986, 10.573187940
10.583016990, 10.583189040
10.593016988, 10.593187318
10.603016998, 10.603125573
10.613017005, 10.613186263
10.623016998, 10.623190429
10.633016979, 10.633189847
10.643017000, 10.643187920
10.653016991, 10.653189619
10.663016984, 10.663192231
10.673017001, 10.673188902
10.683017005, 10.683190707
10.693016980, 10.693192233
10.703017005, 10.703190845
10.713016982, 10.713190233
10.723016978, 10.723189117
10.733016998, 10.733189044
10.743016998, 10.743189182
10.753016974, 10.753189065
10.763016995, 10.763188691
10.773016983, 10.773189836
10.783017003, 10.783192226
10.793016980, 10.793189278
10.803016992, 10.803189979
10.813016980, 10.813190226
10.823016997, 10.823187432
10.833016990, 10.833188396
10.843016987, 10.843187939
10.853017004, 10.853188163
10.863017005, 10.863192491
10.873016988, 10.873201849
10.883016990, 10.883188967
10.893016986, 10.893189562
10.903016983, 10.903192597
10.913017001, 10.913189510
10.923016995, 10.923189424
10.933016980, 10.933190414
10.943016998, 10.943190620
10.953016985, 10.953190569
10.963017005, 10.963193145
10.973017005, 10.973188008
10.983016990, 10.983188177
10.993016979, 10.993187430
11.003016979, 11.003118306
11.013016983, 11.013190056
11.023016989, 11.023193876
11.033016991, 11.033193561
11.043017001, 11.043189671
11.053016975, 11.053188813
11.063016998, 11.063187549
11.073016983, 11.073191700
11.083016981, 11.083190684
11.093017002, 11.093192006
11.103016997, 11.103189810
11.113016982, 11.113192123
11.123016976, 11.123187551
11.133016991, 11.133191775
11.143016990, 11.143189742
11.153017004, 11.153189996
11.163016990, 11.163190068
11.173016986, 11.173190129
11.183016981, 11.183190560
11.193016991, 11.193190523
11.203016998, 11.203192591
11.213016998, 11.213191564
11.223017005, 11.223187073
11.233016977, 11.233189608
11.243016989, 11.243189777
11.253016985, 11.253189478
11.263016987, 11.263194247
11.273016985, 11.273191586
11.283016997, 11.283202834
11.293016972, 11.293190179
11.303016975, 11.303169414
11.313016985, 11.313189784
11.323016989, 11.323189697
11.333016999, 11.333190095
11.343016994, 11.343193000
11.353016977, 11.353190841
11.363016997, 11.363187322
11.373017001, 11.373197316
11.383016992, 11.383194071
11.393016998, 11.393191963
11.403016989, 11.403193657
11.413016983, 11.413193400
11.423016997, 11.423166520
11.433016980, 11.433193173
11.443016984, 11.443211493
11.453017037, 11.453195982
11.463017000, 11.463180050
11.473016980, 11.473191139
11.483017003, 11.483188989
11.493016991, 11.493190111
11.503016978, 11.503193950
11.513016990, 11.513191068
11.523016979, 11.523176297
11.533016980, 11.533188172
11.543016994, 11.543188767
11.553016985, 11.553187971
11.563016998, 11.563189411
11.573016988, 11.573191126
11.583016989, 11.583192657
11.593016988, 11.593191000
11.603017003, 11.603186264
11.613016990, 11.613232288
11.623016981, 11.623191890
11.633016999, 11.633188584
11.643017001, 11.643189244
11.653016974, 11.653190831
11.663017000, 11.663260482
11.673016985, 11.673191799
11.683017003, 11.683178386
11.693016991, 11.693187318
11.703017000, 11.703190077
11.713016979, 11.713189266
11.723017003, 11.723186845
11.733016988, 11.733191600
11.743016997, 11.743193568
11.753016988, 11.753190744
11.763016990, 11.763189503
11.773016979, 11.773188932
11.783017001, 11.783186443
11.793016990, 11.793188586
11.803016984, 11.803197942
11.813016994, 11.813189270
11.823016989, 11.823172442
11.833016974, 11.833187592
11.843016975, 11.843187229
11.853016990, 11.853191147
11.863016994, 11.863189844
11.873016994, 11.873198906
11.883016990, 11.883190815
11.893016983, 11.893193439
11.903016997, 11.903195052
11.913016983, 11.913194312
11.923016983, 11.923187960
11.933017002, 11.933189045
11.943017005, 11.943223964
11.953016982, 11.953190053
11.963016990, 11.963159505
11.973016988, 11.973190515
11.983016978, 11.983197043
11.993016977, 11.993186937
12.003016983, 12.003194973
12.013016993, 12.013190304
12.023016983, 12.023189013
12.033016988, 12.033189560
12.043016992, 12.043190957
12.053016998, 12.053188111
------------------------------
