------------------------------
test was performed using the following parameters: --mps=100 --burst=1 --reply-every=1 --msg-size=12 --time=10
------------------------------
sockperf: [Total Run] RunTime=10.100 sec; SentMessages=1011; ReceivedMessages=1010
sockperf: ========= Printing statistics for Server No: 0
sockperf: [Valid Duration] RunTime=9.990 sec; SentMessages=1000; ReceivedMessages=1000
sockperf: [2;35m====> avg-lat= 68.877 (std-dev=21.989)[0m
sockperf: # dropped messages = 0; # duplicated messages = 0; # out-of-order messages = 0
sockperf: [2;35mTotal 1000 observations[0m; each percentile contains 10.00 observations
sockperf: ---> <MAX> observation =  197.713
sockperf: ---> percentile  99.99 =  197.713
sockperf: ---> percentile  99.90 =  165.058
sockperf: ---> percentile  99.50 =  150.154
sockperf: ---> percentile  99.00 =  137.211
sockperf: ---> percentile  95.00 =  109.248
sockperf: ---> percentile  90.00 =   98.549
sockperf: ---> percentile  75.00 =   79.447
sockperf: ---> percentile  50.00 =   64.441
sockperf: ---> percentile  25.00 =   55.259
sockperf: ---> <MIN> observation =   28.013
------------------------------
txTime, rxTime
2.062377942, 2.062450793
2.072377959, 2.072520995
2.082378036, 2.082505915
2.092377962, 2.092438898
2.102377961, 2.102484547
2.112380610, 2.112477922
2.122380282, 2.122472885
2.132377946, 2.132442639
2.142377960, 2.142476581
2.152377956, 2.152467440
2.162377958, 2.162501330
2.172377956, 2.172456932
2.182377960, 2.182450646
2.192377943, 2.192450061
2.202382843, 2.202506348
2.212379569, 2.212481202
2.222377957, 2.222524006
2.232377948, 2.232547636
2.242377935, 2.242587941
2.252377938, 2.252548250
2.262377946, 2.262529558
2.272377955, 2.272513905
2.282377960, 2.282534058
2.292377940, 2.292549151
2.302377939, 2.302461604
2.312377950, 2.312542375
2.322377959, 2.322576850
2.332377954, 2.332589231
2.342377944, 2.342563391
2.352377946, 2.352573525
2.362377944, 2.362505030
2.372377943, 2.372510311
2.382377943, 2.382513246
2.392377962, 2.392530813
2.402377957, 2.402512673
2.412377958, 2.412549499
2.422377939, 2.422541201
2.432377956, 2.432459483
2.442377942, 2.442479191
2.452377942, 2.452465841
2.462377936, 2.462464092
2.472377932, 2.472534666
2.482377953, 2.482491824
2.492377938, 2.492451135
2.502377938, 2.502500913
2.512377943, 2.512463461
2.522377927, 2.522449981
2.532377954, 2.532449122
2.542377938, 2.542502639
2.552377932, 2.552455072
2.562377936, 2.562456145
2.572377932, 2.572452298
2.582377928, 2.582443846
2.592377927, 2.592465094
2.602377939, 2.602475391
2.612377934, 2.612468466
2.622377936, 2.622482407
2.632377945, 2.632501369
2.642377938, 2.642462284
2.652377937, 2.652479476
2.662377944, 2.662509998
2.672377935, 2.672446674
2.682377930, 2.682489743
2.692377976, 2.692550061
2.702377946, 2.702512518
2.712377942, 2.712484645
2.722377927, 2.722453038
2.732377932, 2.732474417
2.742377936, 2.742525697
2.752377929, 2.752460439
2.762377933, 2.762489151
2.772377931, 2.772518206
2.782377944, 2.782504733
2.792377931, 2.792527201
2.802377933, 2.802530594
2.812377950, 2.812470626
2.822377935, 2.822542780
2.832377942, 2.832549581
2.842377999, 2.842518708
2.852377943, 2.852523292
2.862377928, 2.862456160
2.872377929, 2.872485624
2.882377930, 2.882479137
2.892377929, 2.892470309
2.902378004, 2.902525056
2.912377960, 2.912493544
2.922377936, 2.922471255
2.932377924, 2.932478969
2.942377936, 2.942476562
2.952377944, 2.952586012
2.962377936, 2.962520976
2.972377929, 2.972479386
2.982377930, 2.982573891
2.992377938, 2.992547643
3.002377931, 3.002566977
3.012377987, 3.012513280
3.022377953, 3.022478504
3.032377929, 3.032486984
3.042377931, 3.042521695
3.052377935, 3.052474903
3.062377936, 3.062467537
3.072377935, 3.072469824
3.082377934, 3.082473240
3.092377937, 3.092482346
3.102377948, 3.102483441
3.112377929, 3.112479455
3.122377933, 3.122479244
3.132377935, 3.132492033
3.142377933, 3.142514313
3.152377930, 3.152527760
3.162377933, 3.162513154
3.172377937, 3.172506390
3.182377936, 3.182481864
3.192377934, 3.192471834
3.202377941, 3.202484914
3.212377934, 3.212519488
3.222377931, 3.222526414
3.232377927, 3.232538333
3.242377936, 3.242519884
3.252377932, 3.252488285
3.262377946, 3.262542671
3.272377943, 3.272482252
3.282377952, 3.282514550
3.292377935, 3.292482211
3.302377938, 3.302489062
3.312377935, 3.312502493
3.322377950, 3.322483462
3.332377935, 3.332502248
3.342377946, 3.342495259
3.352377927, 3.352490149
3.362377938, 3.362530733
3.372377934, 3.372513807
3.382377934, 3.382490409
3.392377943, 3.392491973
3.402377934, 3.402497100
3.412377933, 3.412506028
3.422377931, 3.422504312
3.432377934, 3.432484218
3.442377937, 3.442519288
3.452377950, 3.452508667
3.462377936, 3.462493263
3.472377951, 3.472514441
3.482377940, 3.482566381
3.492377926, 3.492502897
3.502377941, 3.502519789
3.512377950, 3.512504290
3.522377935, 3.522485849
3.532377929, 3.532502032
3.542377931, 3.542523320
3.552377931, 3.552519828
3.562377931, 3.562530352
3.572377935, 3.572497597
3.582377927, 3.582505458
3.592377928, 3.592475547
3.602377931, 3.602509106
3.612377948, 3.612549438
3.622377950, 3.622514008
3.632377946, 3.632510124
3.642377937, 3.642505579
3.652377951, 3.652475780
3.662377941, 3.662512586
3.672377950, 3.672457793
3.682377942, 3.682460408
3.692377935, 3.692521837
3.702377941, 3.702545614
3.712377934, 3.712482007
3.722377942, 3.722500842
3.732377929, 3.732482901
3.742377955, 3.742462927
3.752377945, 3.752457247
3.762377934, 3.762512507
3.772377929, 3.772575029
3.782377932, 3.782508533
3.792377927, 3.792494531
3.802377941, 3.802489514
3.812377929, 3.812523068
3.822377944, 3.822485759
3.832377935, 3.832497512
3.842377933, 3.842478278
3.852377927, 3.852489380
3.862377941, 3.862495850
3.872377941, 3.872472410
3.882377952, 3.882513098
3.892377961, 3.892492035
3.902377935, 3.902473341
3.912377932, 3.912556311
3.922377950, 3.922542107
3.932377932, 3.932451627
3.942377931, 3.942469264
3.952377946, 3.952457096
3.962377939, 3.962514432
3.972377951, 3.972451436
3.982377950, 3.982461707
3.992377929, 3.992475679
4.002377935, 4.002452056
4.012377932, 4.012458372
4.022377936, 4.022488284
4.032377929, 4.032480210
4.042377949, 4.042483667
4.052377948, 4.052442276
4.062377930, 4.062476744
4.072377950, 4.072475811
4.082377935, 4.082500062
4.092377945, 4.092481142
4.102377957, 4.102472630
4.112377931, 4.112450422
4.122377947, 4.122480044
4.132377934, 4.132458008
4.142377935, 4.142472137
4.152377937, 4.152508419
4.162377940, 4.162448832
4.172377952, 4.172461237
4.182377925, 4.182445185
4.192377953, 4.192457492
4.202377929, 4.202458157
4.212377944, 4.212457119
4.222377929, 4.222463543
4.232377929, 4.232466850
4.242377933, 4.242450348
4.252377950, 4.252484207
4.262377938, 4.262456340
4.272377934, 4.272447799
4.282377932, 4.282470163
4.292377926, 4.292452045
4.302377989, 4.302463827
4.312377937, 4.312449739
4.322377929, 4.322437955
4.332377937, 4.332509343
4.342377955, 4.342525254
4.352377942, 4.352506613
4.362377943, 4.362487020
4.372377944, 4.372491810
4.382377942, 4.382449781
4.392377954, 4.392466174
4.402377944, 4.402539903
4.412377950, 4.412533646
4.422377949, 4.422540005
4.432377935, 4.432492413
4.442377944, 4.442485535
4.452377940, 4.452553681
4.462377936, 4.462511691
4.472377940, 4.472461183
4.482377947, 4.482446645
4.492377943, 4.492532900
4.502377935, 4.502541734
4.512377931, 4.512478291
4.522377950, 4.522504869
4.532377949, 4.532517582
4.542377931, 4.542525141
4.552377927, 4.552506753
4.562377934, 4.562527334
4.572377934, 4.572458687
4.582377947, 4.582568590
4.592377929, 4.592537208
4.602377935, 4.602528574
4.612377931, 4.612541470
4.622377933, 4.622451162
4.632377932, 4.632487087
4.642377947, 4.642491153
4.652377931, 4.652526658
4.662377931, 4.662479834
4.672377929, 4.672525379
4.682377931, 4.682464927
4.692377946, 4.692537726
4.702377936, 4.702530602
4.712377946, 4.712469613
4.722377931, 4.722493103
4.732377929, 4.732490929
4.742377933, 4.742486733
4.752377929, 4.752454277
4.762377944, 4.762480209
4.772377934, 4.772495009
4.782377927, 4.782460674
4.792377935, 4.792540355
4.802377928, 4.802556383
4.812377934, 4.812515506
4.822377933, 4.822547494
4.832377943, 4.832562406
4.842377944, 4.842601182
4.852377944, 4.852558126
4.862377932, 4.862544289
4.872377937, 4.872568420
4.882377958, 4.882533540
4.892377951, 4.892530166
4.902377952, 4.902517793
4.912377935, 4.912498484
4.922377944, 4.922567843
4.932377937, 4.932573716
4.942377947, 4.942549851
4.952377938, 4.952503274
4.962377943, 4.962496230
4.972377938, 4.972466004
4.982377929, 4.982530559
4.992377935, 4.992487958
5.002377936, 5.002462651
5.012377931, 5.012523788
5.022377933, 5.022773360
5.032377958, 5.032603956
5.042377952, 5.042489306
5.052383427, 5.052628418
5.062378909, 5.062709027
5.072382811, 5.072636213
5.082377949, 5.082598515
5.092377954, 5.092505068
5.102377955, 5.102484914
5.112377951, 5.112472852
5.122377965, 5.122462110
5.132377942, 5.132439282
5.142377958, 5.142525115
5.152377953, 5.152491927
5.162377955, 5.162550314
5.172377957, 5.172562818
5.182377944, 5.182440825
5.192377953, 5.192568854
5.202377958, 5.202553338
5.212377953, 5.212533372
5.222377963, 5.222512280
5.232377961, 5.232442875
5.242377953, 5.242539336
5.252377956, 5.252528997
5.262378937, 5.262530164
5.272377961, 5.272446251
5.282377953, 5.282446604
5.292377956, 5.292526633
5.302377958, 5.302566867
5.312377956, 5.312467167
5.322377960, 5.322519172
5.332395760, 5.332583751
5.342377963, 5.342453681
5.352377934, 5.352433961
5.362377958, 5.362524483
5.372388440, 5.372535524
5.382377960, 5.382500265
5.392383921, 5.392484648
5.402380682, 5.402520004
5.412377957, 5.412452586
5.422377957, 5.422476794
5.432377940, 5.432489463
5.442377957, 5.442484174
5.452377961, 5.452464729
5.462382938, 5.462521700
5.472383196, 5.472536563
5.482380477, 5.482535001
5.492377939, 5.492549757
5.502377942, 5.502592783
5.512377951, 5.512518716
5.522377950, 5.522538195
5.532377947, 5.532543869
5.542377939, 5.542566967
5.552377956, 5.552484540
5.562377937, 5.562513623
5.572377954, 5.572571527
5.582377942, 5.582645535
5.592377942, 5.592553649
5.602377939, 5.602565090
5.612377956, 5.612603864
5.622377941, 5.622525216
5.632377948, 5.632524534
5.642377936, 5.642568675
5.652377938, 5.652511209
5.662377942, 5.662600036
5.672377956, 5.672602470
5.682377944, 5.682667464
5.692377957, 5.692547600
5.702377948, 5.702529616
5.712377944, 5.712548718
5.722377959, 5.722545544
5.732377952, 5.732547119
5.742377944, 5.742579763
5.752377951, 5.752552482
5.762377953, 5.762488639
5.772377929, 5.772478750
5.782377928, 5.782561224
5.792377940, 5.792567815
5.802377956, 5.802510890
5.812377935, 5.812525861
5.822377938, 5.822550931
5.832377937, 5.832543563
5.842377955, 5.842516520
5.852377934, 5.852487393
5.862377931, 5.862515823
5.872377939, 5.872527751
5.882377935, 5.882501569
5.892377937, 5.892513469
5.902377933, 5.902536970
5.912377937, 5.912553101
5.922377936, 5.922572352
5.932377937, 5.932540780
5.942377933, 5.942597435
5.952377927, 5.952539544
5.962377951, 5.962514477
5.972377931, 5.972556229
5.982377933, 5.982524966
5.992377926, 5.992531964
6.002377932, 6.002526865
6.012377933, 6.012511932
6.022377933, 6.022495879
6.032377928, 6.032504107
6.042377937, 6.042496678
6.052377933, 6.052507820
6.062377937, 6.062508005
6.072377930, 6.072505469
6.082377927, 6.082535519
6.092377938, 6.092509466
6.102377935, 6.102575150
6.112377931, 6.112543192
6.122377957, 6.122514096
6.132377935, 6.132546400
6.142377955, 6.142510199
6.152377932, 6.152517473
6.162377933, 6.162484646
6.172377935, 6.172472388
6.182377931, 6.182461042
6.192377935, 6.192515126
6.202377939, 6.202493728
6.212377945, 6.212450925
6.222377950, 6.222498122
6.232377952, 6.232434373
6.242377935, 6.242539314
6.252377934, 6.252472273
6.262377935, 6.262516431
6.272377929, 6.272458064
6.282377933, 6.282504068
6.292377930, 6.292502408
6.302377928, 6.302459403
6.312377943, 6.312440201
6.322377938, 6.322498447
6.332377924, 6.332451067
6.342377931, 6.342513995
6.352377936, 6.352538917
6.362377930, 6.362453572
6.372377932, 6.372499350
6.382377942, 6.382525000
6.392377936, 6.392552338
6.402377986, 6.402497543
6.412377930, 6.412532348
6.422377933, 6.422552933
6.432377929, 6.432485781
6.442377947, 6.442495997
6.452377981, 6.452504073
6.462377931, 6.462507160
6.472377929, 6.472482432
6.482377931, 6.482480501
6.492377950, 6.492458780
6.502377931, 6.502496872
6.512377929, 6.512491280
6.522377928, 6.522465922
6.532377948, 6.532465924
6.542377931, 6.542496025
6.552377938, 6.552494899
6.562377931, 6.562502312
6.572377946, 6.572450811
6.582377930, 6.582491596
6.592377938, 6.592491877
6.602377946, 6.602506778
6.612377931, 6.612456869
6.622377947, 6.622511383
6.632377927, 6.632528526
6.642377936, 6.642474109
6.652377931, 6.652488368
6.662377928, 6.662484714
6.672377931, 6.672528903
6.682377942, 6.682472699
6.692377929, 6.692477057
6.702377942, 6.702461906
6.712377946, 6.712487763
6.722377931, 6.722495891
6.732377943, 6.732473563
6.742377933, 6.742519203
6.752377937, 6.752505586
6.762377935, 6.762516516
6.772377931, 6.772451332
6.782377931, 6.782465901
6.792377935, 6.792557179
6.802377942, 6.802514885
6.812377927, 6.812481101
6.822377938, 6.822495128
6.832377935, 6.832502441
6.842377933, 6.842492408
6.852377938, 6.852488413
6.862377931, 6.862470539
6.872377937, 6.872539218
6.882377930, 6.882455187
6.892377934, 6.892472835
6.902377935, 6.902509310
6.912377929, 6.912453947
6.922377944, 6.922469028
6.932377932, 6.932496479
6.942377927, 6.942471345
6.952377934, 6.952504598
6.962377935, 6.962497224
6.972377929, 6.972531441
6.982377949, 6.982464397
6.992377931, 6.992447246
7.002377935, 7.002463010
7.012377938, 7.012444386
7.022377942, 7.022489838
7.032377929, 7.032468053
7.042377941, 7.042459202
7.052377940, 7.052507238
7.062377942, 7.062459856
7.072377953, 7.072486829
7.082377931, 7.082528849
7.092377945, 7.092499986
7.102377930, 7.102503089
7.112377934, 7.112449265
7.122377952, 7.122475716
7.132377929, 7.132446466
7.142377935, 7.142480178
7.152377935, 7.152450980
7.162377928, 7.162518581
7.172377950, 7.172437632
7.182377950, 7.182481795
7.192377950, 7.192450972
7.202377935, 7.202465155
7.212377929, 7.212468421
7.222377944, 7.222473213
7.232377945, 7.232437152
7.242377936, 7.242463658
7.252377946, 7.252509762
7.262377931, 7.262564148
7.272377937, 7.272506794
7.282377950, 7.282495618
7.292377927, 7.292508529
7.302377933, 7.302490406
7.312377934, 7.312484993
7.322377933, 7.322525607
7.332377946, 7.332627340
7.342377935, 7.342500255
7.352377929, 7.352570795
7.362377936, 7.362582924
7.372377929, 7.372546326
7.382377938, 7.382702122
7.392377935, 7.392553944
7.402377948, 7.402462678
7.412377929, 7.412499327
7.422377931, 7.422609523
7.432377934, 7.432470309
7.442377933, 7.442464924
7.452377929, 7.452480161
7.462377938, 7.462519276
7.472377933, 7.472493397
7.482377947, 7.482560082
7.492377933, 7.492517292
7.502377937, 7.502561687
7.512377929, 7.512577299
7.522377929, 7.522480065
7.532377951, 7.532531540
7.542377931, 7.542587842
7.552377927, 7.552512336
7.562377930, 7.562511027
7.572377931, 7.572540436
7.582377930, 7.582511677
7.592377932, 7.592470312
7.602377947, 7.602467471
7.612377937, 7.612509110
7.622377944, 7.622549165
7.632377942, 7.632485842
7.642377935, 7.642509005
7.652377927, 7.652576927
7.662377939, 7.662513614
7.672377957, 7.672517083
7.682377935, 7.682499563
7.692377929, 7.692515852
7.702377942, 7.702498808
7.712377925, 7.712496497
7.722377949, 7.722529632
7.732377929, 7.732549825
7.742377930, 7.742570499
7.752377932, 7.752568180
7.762377933, 7.762482567
7.772377946, 7.772503246
7.782377958, 7.782466372
7.792377933, 7.792487239
7.802377937, 7.802488478
7.812377940, 7.812506023
7.822377952, 7.822513502
7.832377946, 7.832463304
7.842377950, 7.842499179
7.852377930, 7.852485461
7.862377939, 7.862477269
7.872377935, 7.872507507
7.882377939, 7.882570560
7.892377935, 7.892518103
7.902377936, 7.902535095
7.912377936, 7.912598865
7.922377938, 7.922562845
7.932377942, 7.932489357
7.942377951, 7.942492480
7.952377940, 7.952526111
7.962377946, 7.962528321
7.972377935, 7.972537713
7.982377936, 7.982600248
7.992377933, 7.992548777
8.002377942, 8.002563543
8.012377949, 8.012583729
8.022377927, 8.022572950
8.032377929, 8.032536823
8.042377941, 8.042523697
8.052377937, 8.052515961
8.062377946, 8.062567096
8.072377943, 8.072544661
8.082377939, 8.082573781
8.092377937, 8.092628157
8.102378027, 8.102525872
8.112377938, 8.112655461
8.122377952, 8.122526092
8.132377952, 8.132526019
8.142377941, 8.142654879
8.152377929, 8.152592305
8.162377946, 8.162472629
8.172377931, 8.172610284
8.182377953, 8.182555207
8.192377935, 8.192529567
8.202377936, 8.202525321
8.212377935, 8.212609054
8.222377947, 8.222522128
8.232377943, 8.232550411
8.242377955, 8.242624603
8.252377942, 8.252522937
8.262377935, 8.262538713
8.272377932, 8.272530969
8.282377935, 8.282588639
8.292377927, 8.292586902
8.302377938, 8.302532299
8.312377939, 8.312573484
8.322377938, 8.322626509
8.332377931, 8.332553748
8.342377940, 8.342539539
8.352377949, 8.352530907
8.362377934, 8.362584197
8.372377952, 8.372597999
8.382377950, 8.382646760
8.392377951, 8.392609325
8.402377941, 8.402650496
8.412377938, 8.412610008
8.422377952, 8.422567828
8.432377951, 8.432579514
8.442377957, 8.442589246
8.452377957, 8.452580727
8.462377955, 8.462587596
8.472377957, 8.472525997
8.482377930, 8.482560397
8.492377932, 8.492589872
8.502377944, 8.502591559
8.512377957, 8.512591842
8.522377931, 8.522541794
8.532377930, 8.532582973
8.542377957, 8.542678266
8.552377954, 8.552575075
8.562377952, 8.562634035
8.572377950, 8.572635171
8.582377942, 8.582577881
8.592377938, 8.592589517
8.602377955, 8.602596579
8.612377934, 8.612577560
8.622377957, 8.622679684
8.632377950, 8.632587058
8.642377939, 8.642638470
8.652377937, 8.652705707
8.662377952, 8.662586699
8.672377935, 8.672634936
8.682377952, 8.682590182
8.692377959, 8.692594245
8.702377950, 8.702652375
8.712377950, 8.712547041
8.722377952, 8.722569078
8.732377945, 8.732591072
8.742377950, 8.742589212
8.752377959, 8.752564187
8.762377955, 8.762568855
8.772377941, 8.772555211
8.782377953, 8.782525152
8.792377946, 8.792549320
8.802377940, 8.802586793
8.812377935, 8.812567843
8.822377931, 8.822515477
8.832377942, 8.832505969
8.842377932, 8.842509308
8.852377929, 8.852537198
8.862377931, 8.862510231
8.872377931, 8.872494847
8.882377928, 8.882558886
8.892377932, 8.892528370
8.902377939, 8.902542855
8.912377938, 8.912494245
8.922377930, 8.922523362
8.932377934, 8.932498424
8.942377944, 8.942495100
8.952377931, 8.952564183
8.962377933, 8.962526463
8.972377931, 8.972557593
8.982377948, 8.982552142
8.992377935, 8.992540983
9.002377970, 9.002555117
9.012377930, 9.012609552
9.022377933, 9.022544208
9.032377924, 9.032573364
9.042377929, 9.042617385
9.052377933, 9.052601513
9.062377930, 9.062565189
9.072377940, 9.072611355
9.082377939, 9.082504815
9.092377938, 9.092580203
9.102377953, 9.102568423
9.112377956, 9.112534401
9.122377935, 9.122557735
9.132377943, 9.132581014
9.142377938, 9.142588102
9.152377956, 9.152597141
9.162377938, 9.162507795
9.172377950, 9.172554521
9.182377942, 9.182555551
9.192377942, 9.192529256
9.202377936, 9.202492325
9.212377994, 9.212521162
9.222377938, 9.222596435
9.232377950, 9.232560787
9.242377935, 9.242584931
9.252377937, 9.252663747
9.262377940, 9.262592451
9.272377951, 9.272579990
9.282377941, 9.282593383
9.292377962, 9.292568115
9.302377942, 9.302548665
9.312377940, 9.312562698
9.322377952, 9.322590176
9.332377956, 9.332582221
9.342377952, 9.342566879
9.352377959, 9.352560643
9.362377938, 9.362647619
9.372377942, 9.372556841
9.382377931, 9.382625893
9.392377929, 9.392609680
9.402377960, 9.402562697
9.412377931, 9.412588923
9.422377936, 9.422561515
9.432377937, 9.432590325
9.442377953, 9.442607821
9.452377948, 9.452570617
9.462377956, 9.462558851
9.472377938, 9.472589203
9.482377941, 9.482617439
9.492377933, 9.492534156
9.502377947, 9.502544895
9.512377929, 9.512499185
9.522377939, 9.522540361
9.532377957, 9.532572091
9.542377938, 9.542576933
9.552377943, 9.552531928
9.562377953, 9.562556521
9.572377953, 9.572497377
9.582377939, 9.582439276
9.592377942, 9.592527127
9.602377938, 9.602498503
9.612377943, 9.612474638
9.622377938, 9.622531598
9.632377951, 9.632532253
9.642377936, 9.642571081
9.652377951, 9.652481516
9.662377944, 9.662528247
9.672377935, 9.672464906
9.682377938, 9.682570729
9.692377951, 9.692477176
9.702377944, 9.702586662
9.712377953, 9.712518069
9.722377944, 9.722535184
9.732377942, 9.732508272
9.742377938, 9.742541635
9.752377954, 9.752485089
9.762377938, 9.762564114
9.772377959, 9.772488797
9.782377942, 9.782535720
9.792377938, 9.792506849
9.802377940, 9.802491422
9.812377933, 9.812527872
9.822377940, 9.822514267
9.832377940, 9.832514376
9.842377936, 9.842491958
9.852377932, 9.852472113
9.862377936, 9.862554504
9.872377943, 9.872509903
9.882377939, 9.882465386
9.892377943, 9.892507651
9.902377938, 9.902488960
9.912377934, 9.912523798
9.922378004, 9.922508455
9.932377944, 9.932510019
9.942377929, 9.942543676
9.952377934, 9.952528215
9.962377935, 9.962518859
9.972377943, 9.972489598
9.982377936, 9.982494296
9.992377937, 9.992493080
10.002377936, 10.002487607
10.012377935, 10.012488225
10.022377936, 10.022495051
10.032377927, 10.032485818
10.042377934, 10.042490243
10.052377925, 10.052488444
10.062377942, 10.062496560
10.072377929, 10.072488368
10.082377937, 10.082491699
10.092377937, 10.092487795
10.102377942, 10.102486926
10.112377925, 10.112486443
10.122377940, 10.122488765
10.132377941, 10.132485480
10.142377942, 10.142483866
10.152377941, 10.152491058
10.162377928, 10.162486326
10.172377940, 10.172488865
10.182377937, 10.182484035
10.192377935, 10.192482289
10.202377942, 10.202491348
10.212377925, 10.212489562
10.222377926, 10.222475395
10.232377944, 10.232487187
10.242377934, 10.242488582
10.252377933, 10.252484309
10.262377940, 10.262489141
10.272377943, 10.272506408
10.282377931, 10.282507406
10.292377927, 10.292507196
10.302377923, 10.302502776
10.312377930, 10.312506813
10.322377930, 10.322509088
10.332377938, 10.332508849
10.342377938, 10.342505579
10.352377926, 10.352508387
10.362377931, 10.362508957
10.372377936, 10.372503183
10.382377942, 10.382509138
10.392377937, 10.392506536
10.402377937, 10.402508641
10.412377940, 10.412508495
10.422377942, 10.422508780
10.432377941, 10.432506265
10.442377938, 10.442504191
10.452377942, 10.452504028
10.462377938, 10.462504676
10.472377932, 10.472506518
10.482377933, 10.482507505
10.492377941, 10.492507752
10.502377944, 10.502503941
10.512377944, 10.512505807
10.522377931, 10.522505944
10.532377948, 10.532504371
10.542377940, 10.542503649
10.552377936, 10.552505584
10.562377944, 10.562508690
10.572377937, 10.572511261
10.582377943, 10.582509267
10.592377944, 10.592504278
10.602377940, 10.602505728
10.612377932, 10.612504966
10.622377933, 10.622505153
10.632377938, 10.632506424
10.642377934, 10.642506982
10.652377941, 10.652508673
10.662377944, 10.662506921
10.672377932, 10.672505527
10.682377934, 10.682505323
10.692377930, 10.692507486
10.702377940, 10.702502896
10.712377938, 10.712503432
10.722377943, 10.722509979
10.732377939, 10.732507086
10.742377938, 10.742509119
10.752377937, 10.752505315
10.762377937, 10.762509048
10.772377941, 10.772505255
10.782377941, 10.782506742
10.792377937, 10.792503351
10.802377935, 10.802507028
10.812377942, 10.812507721
10.822377942, 10.822504960
10.832377937, 10.832505168
10.842377928, 10.842507082
10.852377935, 10.852509054
10.862377942, 10.862505906
10.872377935, 10.872507329
10.882377942, 10.882507565
10.892377937, 10.892509088
10.902377936, 10.902507731
10.912377935, 10.912505915
10.922377936, 10.922506141
10.932377932, 10.932505915
10.942377944, 10.942510441
10.952377934, 10.952504403
10.962377944, 10.962508040
10.972377944, 10.972508148
10.982377943, 10.982507346
10.992377934, 10.992509485
11.002377934, 11.002506446
11.012377935, 11.012507959
11.022377941, 11.022503743
11.032377939, 11.032505964
11.042377942, 11.042506738
11.052377935, 11.052508370
11.062377941, 11.062506778
11.072377937, 11.072506922
11.082377937, 11.082502696
11.092377939, 11.092502965
11.102377938, 11.102511509
11.112377937, 11.112506909
11.122377938, 11.122508977
11.132377935, 11.132508851
11.142377946, 11.142506746
11.152377942, 11.152507132
11.162377942, 11.162506210
11.172377946, 11.172502994
11.182377938, 11.182505748
11.192377940, 11.192507572
11.202377939, 11.202510507
11.212377938, 11.212507139
11.222377938, 11.222505513
11.232377932, 11.232506463
11.242377941, 11.242507008
11.252377948, 11.252503501
11.262377949, 11.262503977
11.272377943, 11.272505168
11.282377938, 11.282510838
11.292377930, 11.292507486
11.302377944, 11.302507420
11.312377937, 11.312507573
11.322377933, 11.322505333
11.332377935, 11.332503044
11.342377938, 11.342505232
11.352377934, 11.352501303
11.362377942, 11.362506382
11.372377936, 11.372509210
11.382377935, 11.382502261
11.392377936, 11.392502439
11.402377937, 11.402501065
11.412377942, 11.412502921
11.422377938, 11.422505704
11.432377935, 11.432506183
11.442377935, 11.442506744
11.452377935, 11.452507437
11.462377938, 11.462501208
11.472377940, 11.472501579
11.482377938, 11.482503614
11.492377931, 11.492504639
11.502377928, 11.502503017
11.512377927, 11.512503504
11.522377927, 11.522507562
11.532377929, 11.532507809
11.542377928, 11.542504030
11.552377933, 11.552503519
11.562377947, 11.562501522
11.572377945, 11.572503823
11.582377940, 11.582505923
11.592377935, 11.592506205
11.602377941, 11.602503938
11.612377940, 11.612503789
11.622377935, 11.622505934
11.632377938, 11.632499857
11.642377933, 11.642507636
11.652377943, 11.652504929
11.662377941, 11.662503272
11.672377934, 11.672504674
11.682377946, 11.682504123
11.692377927, 11.692502855
11.702377940, 11.702501364
11.712377942, 11.712500143
11.722377937, 11.722501295
11.732377932, 11.732505438
11.742377935, 11.742502947
11.752377931, 11.752507001
11.762377938, 11.762504496
11.772377936, 11.772504783
11.782377943, 11.782503426
11.792377936, 11.792501196
11.802377938, 11.802503972
11.812377938, 11.812504061
11.822377944, 11.822505988
11.832377934, 11.832501710
11.842377939, 11.842507304
11.852377933, 11.852507820
11.862377935, 11.862506386
11.872377938, 11.872502450
11.882377934, 11.882501531
11.892377938, 11.892504768
11.902377939, 11.902501412
11.912377940, 11.912505599
11.922377939, 11.922504900
11.932377932, 11.932504089
11.942377939, 11.942503607
11.952377935, 11.952504686
11.962377939, 11.962504924
11.972377935, 11.972504446
11.982377938, 11.982505331
11.992377940, 11.992500535
12.002377943, 12.002508222
12.012377941, 12.012509486
12.022377936, 12.022503781
12.032377931, 12.032502537
12.042377939, 12.042503244
12.052377934, 12.052502400
------------------------------
