------------------------------
test was performed using the following parameters: --mps=100 --burst=1 --reply-every=1 --msg-size=12 --time=10
------------------------------
sockperf: [Total Run] RunTime=10.100 sec; SentMessages=1011; ReceivedMessages=1010
sockperf: ========= Printing statistics for Server No: 0
sockperf: [Valid Duration] RunTime=9.980 sec; SentMessages=999; ReceivedMessages=999
sockperf: [2;35m====> avg-lat= 78.852 (std-dev=33.601)[0m
sockperf: # dropped messages = 0; # duplicated messages = 0; # out-of-order messages = 0
sockperf: [2;35mTotal 999 observations[0m; each percentile contains 9.99 observations
sockperf: ---> <MAX> observation =  170.678
sockperf: ---> percentile  99.99 =  170.678
sockperf: ---> percentile  99.90 =  166.429
sockperf: ---> percentile  99.50 =  154.588
sockperf: ---> percentile  99.00 =  153.213
sockperf: ---> percentile  95.00 =  150.512
sockperf: ---> percentile  90.00 =  143.616
sockperf: ---> percentile  75.00 =   93.719
sockperf: ---> percentile  50.00 =   71.187
sockperf: ---> percentile  25.00 =   49.598
sockperf: ---> <MIN> observation =   27.736
------------------------------
txTime, rxTime
2.064177940, 2.064363474
2.074177962, 2.074442428
2.084177957, 2.084492173
2.094177941, 2.094389719
2.104177934, 2.104419617
2.114177944, 2.114386310
2.124177944, 2.124404073
2.134177943, 2.134374529
2.144177955, 2.144400757
2.154177949, 2.154396051
2.164177961, 2.164373571
2.174177941, 2.174396417
2.184177947, 2.184390579
2.194177956, 2.194436097
2.204177959, 2.204374098
2.214177965, 2.214463462
2.224177958, 2.224318533
2.234177943, 2.234311429
2.244177946, 2.244298109
2.254177940, 2.254328392
2.264177977, 2.264336149
2.274177940, 2.274363513
2.284177932, 2.284393781
2.294177940, 2.294371829
2.304177944, 2.304442718
2.314177962, 2.314394522
2.324177957, 2.324321543
2.334177955, 2.334316332
2.344177958, 2.344389816
2.354177944, 2.354362832
2.364177945, 2.364341162
2.374177963, 2.374332854
2.384177959, 2.384342085
2.394177968, 2.394493036
2.404177960, 2.404346007
2.414177939, 2.414400951
2.424177952, 2.424431441
2.434177955, 2.434365976
2.444177962, 2.444405145
2.454177957, 2.454351087
2.464177965, 2.464358146
2.474177936, 2.474348998
2.484177935, 2.484316343
2.494177936, 2.494383480
2.504177930, 2.504331140
2.514177959, 2.514342847
2.524177938, 2.524347040
2.534177942, 2.534334914
2.544177934, 2.544367194
2.554177941, 2.554337512
2.564177940, 2.564361305
2.574177947, 2.574303059
2.584177953, 2.584365052
2.594177941, 2.594313081
2.604177935, 2.604373979
2.614177957, 2.614335622
2.624177973, 2.624407389
2.634177960, 2.634289598
2.644177936, 2.644273836
2.654177936, 2.654290379
2.664177942, 2.664304994
2.674177939, 2.674300535
2.684177936, 2.684331333
2.694177934, 2.694318997
2.704177934, 2.704256285
2.714177940, 2.714264104
2.724177942, 2.724263031
2.734177943, 2.734287661
2.744177944, 2.744290903
2.754177935, 2.754294528
2.764177941, 2.764343387
2.774177947, 2.774321771
2.784177939, 2.784318790
2.794177945, 2.794313150
2.804177934, 2.804310644
2.814177940, 2.814303670
2.824177937, 2.824325142
2.834177940, 2.834265351
2.844177936, 2.844274606
2.854177937, 2.854294445
2.864177944, 2.864286247
2.874177929, 2.874275993
2.884177942, 2.884344396
2.894177945, 2.894317672
2.904177947, 2.904302254
2.914177942, 2.914326509
2.924177937, 2.924284935
2.934177938, 2.934326925
2.944177938, 2.944335371
2.954177932, 2.954300849
2.964177933, 2.964316915
2.974177941, 2.974314640
2.984177954, 2.984331896
2.994177936, 2.994281330
3.004177936, 3.004291555
3.014177947, 3.014272136
3.024177941, 3.024306640
3.034177941, 3.034298619
3.044177949, 3.044258693
3.054177938, 3.054402237
3.064177939, 3.064305647
3.074177936, 3.074373344
3.084177951, 3.084332218
3.094177947, 3.094269630
3.104177947, 3.104313250
3.114177937, 3.114296637
3.124177945, 3.124320320
3.134177934, 3.134271463
3.144177936, 3.144267891
3.154177937, 3.154330066
3.164177940, 3.164302022
3.174177940, 3.174271916
3.184177931, 3.184284781
3.194177941, 3.194283916
3.204177941, 3.204265731
3.214177936, 3.214267521
3.224177941, 3.224271250
3.234177933, 3.234278335
3.244177940, 3.244267707
3.254177936, 3.254279044
3.264177940, 3.264314119
3.274177940, 3.274367068
3.284177932, 3.284264428
3.294177943, 3.294273499
3.304177935, 3.304267478
3.314177936, 3.314268050
3.324177935, 3.324268582
3.334177941, 3.334303897
3.344177933, 3.344269833
3.354177935, 3.354272668
3.364177936, 3.364272866
3.374177933, 3.374284583
3.384177936, 3.384269266
3.394177933, 3.394266646
3.404177933, 3.404268970
3.414177938, 3.414317708
3.424177940, 3.424268042
3.434177981, 3.434271448
3.444177951, 3.444279355
3.454177940, 3.454268607
3.464177936, 3.464350597
3.474177929, 3.474412796
3.484177938, 3.484274163
3.494177936, 3.494271122
3.504177933, 3.504284598
3.514177954, 3.514276489
3.524177941, 3.524273616
3.534177947, 3.534298024
3.544177941, 3.544369933
3.554177941, 3.554273611
3.564177938, 3.564273410
3.574177940, 3.574273688
3.584177959, 3.584278513
3.594177947, 3.594385868
3.604177946, 3.604284456
3.614177938, 3.614269844
3.624177940, 3.624270639
3.634177935, 3.634268983
3.644177940, 3.644274901
3.654177947, 3.654276770
3.664177940, 3.664263372
3.674177943, 3.674271004
3.684177946, 3.684307407
3.694177935, 3.694300157
3.704177943, 3.704274122
3.714177933, 3.714264647
3.724177947, 3.724272750
3.734177946, 3.734326210
3.744177944, 3.744300728
3.754177941, 3.754280738
3.764177943, 3.764273117
3.774177936, 3.774281742
3.784177941, 3.784273641
3.794177935, 3.794283258
3.804177941, 3.804267107
3.814177935, 3.814296767
3.824177936, 3.824285912
3.834177940, 3.834285516
3.844177941, 3.844270399
3.854177940, 3.854291928
3.864177941, 3.864274613
3.874177944, 3.874265764
3.884177944, 3.884266910
3.894177933, 3.894269899
3.904177933, 3.904267815
3.914177959, 3.914372137
3.924177944, 3.924268789
3.934177941, 3.934340835
3.944177938, 3.944274714
3.954177935, 3.954269291
3.964177933, 3.964269242
3.974177933, 3.974309561
3.984177959, 3.984272510
3.994177941, 3.994266774
4.004177954, 4.004357126
4.014177949, 4.014367492
4.024177940, 4.024306229
4.034177947, 4.034412345
4.044177943, 4.044272695
4.054177941, 4.054271955
4.064177940, 4.064274118
4.074177949, 4.074279775
4.084177947, 4.084278537
4.094177951, 4.094270235
4.104177940, 4.104267095
4.114177940, 4.114265094
4.124177932, 4.124276211
4.134177941, 4.134272896
4.144177932, 4.144274730
4.154177940, 4.154372279
4.164177935, 4.164336675
4.174177943, 4.174346439
4.184177941, 4.184275490
4.194177940, 4.194270775
4.204177936, 4.204264434
4.214177940, 4.214280351
4.224177938, 4.224269499
4.234177935, 4.234266095
4.244177935, 4.244269087
4.254177940, 4.254299091
4.264177944, 4.264287051
4.274177940, 4.274285208
4.284177941, 4.284286097
4.294177941, 4.294277514
4.304177943, 4.304293442
4.314177940, 4.314341579
4.324177935, 4.324270905
4.334177943, 4.334325026
4.344177938, 4.344347931
4.354177940, 4.354270428
4.364177941, 4.364345821
4.374177955, 4.374417953
4.384177943, 4.384273284
4.394178000, 4.394273590
4.404177936, 4.404270916
4.414177940, 4.414264649
4.424177943, 4.424286138
4.434177929, 4.434360047
4.444177943, 4.444309752
4.454177940, 4.454274727
4.464177947, 4.464271156
4.474177940, 4.474317985
4.484177947, 4.484278581
4.494177935, 4.494267545
4.504177935, 4.504267843
4.514177935, 4.514297684
4.524177947, 4.524274838
4.534177940, 4.534272341
4.544177932, 4.544357001
4.554177938, 4.554295750
4.564177936, 4.564365171
4.574177949, 4.574343562
4.584177951, 4.584285460
4.594177943, 4.594271075
4.604177940, 4.604273229
4.614177936, 4.614280823
4.624177943, 4.624272487
4.634177943, 4.634364211
4.644177941, 4.644269092
4.654177938, 4.654267420
4.664177940, 4.664269989
4.674177936, 4.674292319
4.684177940, 4.684316891
4.694177944, 4.694267955
4.704177940, 4.704273363
4.714177940, 4.714276866
4.724177938, 4.724272741
4.734177941, 4.734303280
4.744177943, 4.744300468
4.754177932, 4.754270791
4.764177935, 4.764268945
4.774177944, 4.774294133
4.784177935, 4.784300281
4.794177943, 4.794367599
4.804177943, 4.804346867
4.814177940, 4.814317283
4.824177951, 4.824363694
4.834177946, 4.834344992
4.844177947, 4.844321418
4.854177935, 4.854325716
4.864177935, 4.864312746
4.874177959, 4.874280484
4.884177933, 4.884310449
4.894178014, 4.894275136
4.904177949, 4.904317175
4.914177955, 4.914297734
4.924177941, 4.924277067
4.934177936, 4.934296719
4.944177938, 4.944300335
4.954177941, 4.954281199
4.964177938, 4.964282374
4.974177940, 4.974265517
4.984177938, 4.984269012
4.994177947, 4.994372865
5.004177938, 5.004269190
5.014177946, 5.014272667
5.024177943, 5.024265420
5.034177940, 5.034265961
5.044177935, 5.044268849
5.054177970, 5.054270924
5.064177943, 5.064269539
5.074177952, 5.074302928
5.084177963, 5.084334261
5.094177947, 5.094299396
5.104177944, 5.104298890
5.114177940, 5.114334196
5.124177946, 5.124307922
5.134177949, 5.134342665
5.144177940, 5.144360429
5.154177935, 5.154360177
5.164177936, 5.164281824
5.174177940, 5.174269626
5.184177946, 5.184269896
5.194177935, 5.194263662
5.204177938, 5.204472210
5.214177947, 5.214351567
5.224177954, 5.224392699
5.234177938, 5.234519296
5.244177943, 5.244334499
5.254177940, 5.254313219
5.264177962, 5.264360442
5.274177962, 5.274377767
5.284177943, 5.284339452
5.294177944, 5.294432757
5.304177941, 5.304405656
5.314177961, 5.314357903
5.324177941, 5.324414578
5.334177940, 5.334376099
5.344177936, 5.344393901
5.354177940, 5.354285580
5.364177941, 5.364358452
5.374177963, 5.374300755
5.384177936, 5.384359918
5.394177940, 5.394297913
5.404177941, 5.404346081
5.414177947, 5.414309442
5.424177944, 5.424352299
5.434177957, 5.434306856
5.444177943, 5.444307505
5.454177936, 5.454282690
5.464177936, 5.464394720
5.474177935, 5.474286610
5.484177936, 5.484277345
5.494177936, 5.494294801
5.504177938, 5.504331494
5.514177944, 5.514290260
5.524177943, 5.524287000
5.534177940, 5.534322425
5.544177940, 5.544364765
5.554177943, 5.554319684
5.564177938, 5.564297596
5.574177940, 5.574315546
5.584177952, 5.584310554
5.594177955, 5.594291315
5.604177932, 5.604316001
5.614177944, 5.614344746
5.624177944, 5.624293552
5.634177941, 5.634329908
5.644177935, 5.644329871
5.654177936, 5.654297885
5.664177934, 5.664310103
5.674177944, 5.674316430
5.684177950, 5.684321061
5.694177944, 5.694334630
5.704177936, 5.704290669
5.714177957, 5.714307860
5.724177947, 5.724294948
5.734177938, 5.734331883
5.744177941, 5.744327987
5.754177938, 5.754282226
5.764177935, 5.764319746
5.774177943, 5.774303558
5.784177943, 5.784291646
5.794177947, 5.794335244
5.804177943, 5.804282974
5.814177938, 5.814376384
5.824177943, 5.824308703
5.834177941, 5.834308822
5.844177936, 5.844262188
5.854177941, 5.854335333
5.864177935, 5.864337840
5.874177932, 5.874294585
5.884177946, 5.884371366
5.894177941, 5.894347983
5.904177949, 5.904359147
5.914177941, 5.914333753
5.924177936, 5.924302869
5.934177938, 5.934300933
5.944177933, 5.944313633
5.954177940, 5.954303313
5.964177949, 5.964377396
5.974177938, 5.974293787
5.984177933, 5.984314327
5.994177938, 5.994276341
6.004177938, 6.004345837
6.014177940, 6.014341839
6.024177940, 6.024402966
6.034177941, 6.034365351
6.044177932, 6.044463579
6.054177946, 6.054416491
6.064177938, 6.064389212
6.074177951, 6.074369930
6.084177949, 6.084399061
6.094177960, 6.094306206
6.104177946, 6.104363225
6.114177944, 6.114308413
6.124177941, 6.124319524
6.134177955, 6.134334963
6.144177938, 6.144292024
6.154177936, 6.154337613
6.164177944, 6.164288411
6.174177943, 6.174290756
6.184177941, 6.184297439
6.194177952, 6.194341063
6.204177943, 6.204412121
6.214177964, 6.214354269
6.224177940, 6.224352706
6.234177957, 6.234311269
6.244177936, 6.244283398
6.254177943, 6.254335439
6.264177936, 6.264252979
6.274177957, 6.274364010
6.284177938, 6.284466630
6.294177943, 6.294271844
6.304177938, 6.304293164
6.314177941, 6.314410804
6.324177936, 6.324372798
6.334177941, 6.334241454
6.344177936, 6.344304477
6.354177959, 6.354299787
6.364177938, 6.364268738
6.374177940, 6.374244310
6.384177941, 6.384281091
6.394177955, 6.394266435
6.404177938, 6.404246258
6.414177974, 6.414366322
6.424177935, 6.424337482
6.434177941, 6.434272378
6.444177938, 6.444257430
6.454177933, 6.454255403
6.464177936, 6.464251615
6.474177940, 6.474247338
6.484177938, 6.484247951
6.494177947, 6.494306018
6.504177940, 6.504250335
6.514177938, 6.514272340
6.524177933, 6.524280610
6.534177944, 6.534246640
6.544177940, 6.544262971
6.554177933, 6.554343693
6.564177940, 6.564404472
6.574177951, 6.574256014
6.584177943, 6.584252514
6.594177941, 6.594378583
6.604177943, 6.604308818
6.614177941, 6.614256077
6.624177941, 6.624307674
6.634177959, 6.634342611
6.644177936, 6.644246497
6.654177941, 6.654371647
6.664177933, 6.664296903
6.674177952, 6.674265533
6.684177938, 6.684270848
6.694177944, 6.694254985
6.704177938, 6.704258888
6.714177933, 6.714271032
6.724177938, 6.724306501
6.734177940, 6.734384902
6.744177936, 6.744279478
6.754177941, 6.754266271
6.764177938, 6.764262919
6.774177943, 6.774348843
6.784177941, 6.784306561
6.794177933, 6.794267868
6.804177936, 6.804270491
6.814177935, 6.814253445
6.824177932, 6.824296233
6.834177944, 6.834272878
6.844177938, 6.844274593
6.854177943, 6.854285718
6.864177936, 6.864256409
6.874177936, 6.874254198
6.884177935, 6.884336550
6.894177943, 6.894355587
6.904177938, 6.904284469
6.914177932, 6.914249902
6.924177940, 6.924281902
6.934177947, 6.934265118
6.944177941, 6.944271242
6.954177951, 6.954267567
6.964177943, 6.964285429
6.974177946, 6.974304800
6.984177940, 6.984269712
6.994177952, 6.994247786
7.004177940, 7.004255499
7.014177932, 7.014251750
7.024177938, 7.024247932
7.034177938, 7.034320899
7.044177946, 7.044396682
7.054177943, 7.054264057
7.064177935, 7.064273382
7.074177943, 7.074247706
7.084177966, 7.084254082
7.094177941, 7.094275867
7.104177941, 7.104251060
7.114177951, 7.114360889
7.124177941, 7.124354156
7.134177940, 7.134298161
7.144177938, 7.144282724
7.154177936, 7.154372955
7.164177947, 7.164290014
7.174177943, 7.174300815
7.184177947, 7.184280427
7.194177936, 7.194275324
7.204177933, 7.204276866
7.214177933, 7.214261337
7.224177941, 7.224264848
7.234177936, 7.234267306
7.244177943, 7.244269133
7.254177955, 7.254366775
7.264177951, 7.264311594
7.274177944, 7.274248270
7.284177949, 7.284252286
7.294177938, 7.294280095
7.304177947, 7.304412354
7.314177930, 7.314355299
7.324177934, 7.324408372
7.334177939, 7.334283103
7.344177936, 7.344307728
7.354177968, 7.354261644
7.364177940, 7.364306215
7.374177949, 7.374254697
7.384177938, 7.384274870
7.394177933, 7.394264278
7.404177942, 7.404293880
7.414177980, 7.414372079
7.424177939, 7.424314701
7.434177945, 7.434261265
7.444177936, 7.444275038
7.454177938, 7.454248727
7.464177942, 7.464255796
7.474177963, 7.474271015
7.484177933, 7.484266164
7.494177941, 7.494252131
7.504177939, 7.504245754
7.514177949, 7.514328254
7.524177938, 7.524268004
7.534177936, 7.534261019
7.544177936, 7.544272493
7.554177936, 7.554277240
7.564177936, 7.564263839
7.574177938, 7.574259078
7.584177963, 7.584392799
7.594177944, 7.594255346
7.604177939, 7.604255422
7.614177933, 7.614339469
7.624177942, 7.624286374
7.634177944, 7.634273817
7.644177947, 7.644249531
7.654177953, 7.654270292
7.664177941, 7.664260744
7.674177942, 7.674261425
7.684177942, 7.684281988
7.694177934, 7.694258829
7.704177938, 7.704284246
7.714177939, 7.714254755
7.724177941, 7.724344970
7.734177934, 7.734347987
7.744177930, 7.744391690
7.754177946, 7.754408273
7.764177935, 7.764311899
7.774177936, 7.774316037
7.784177934, 7.784310563
7.794177938, 7.794304645
7.804177934, 7.804269755
7.814177942, 7.814269788
7.824177945, 7.824393734
7.834177935, 7.834358782
7.844177941, 7.844335402
7.854177946, 7.854343586
7.864177940, 7.864350124
7.874177941, 7.874364209
7.884177940, 7.884322683
7.894177938, 7.894340846
7.904177936, 7.904342117
7.914177938, 7.914315985
7.924177935, 7.924354872
7.934177947, 7.934313012
7.944177936, 7.944350706
7.954177944, 7.954323038
7.964177932, 7.964364565
7.974177957, 7.974357869
7.984177934, 7.984292900
7.994177934, 7.994269717
8.004177938, 8.004301129
8.014177947, 8.014310702
8.024177938, 8.024359061
8.034177942, 8.034267317
8.044177938, 8.044336591
8.054177941, 8.054290997
8.064177936, 8.064324001
8.074177966, 8.074316855
8.084177971, 8.084305196
8.094177943, 8.094315835
8.104177940, 8.104324542
8.114177941, 8.114323652
8.124177933, 8.124310728
8.134177963, 8.134282442
8.144177935, 8.144309455
8.154177932, 8.154331292
8.164177936, 8.164328250
8.174177959, 8.174291907
8.184177941, 8.184323718
8.194177938, 8.194339291
8.204177938, 8.204314712
8.214177941, 8.214327069
8.224177941, 8.224312833
8.234177935, 8.234284073
8.244177943, 8.244254435
8.254177951, 8.254250603
8.264177932, 8.264247543
8.274177941, 8.274280496
8.284177935, 8.284360256
8.294177938, 8.294318645
8.304177944, 8.304364811
8.314177943, 8.314335211
8.324177936, 8.324320306
8.334177935, 8.334377427
8.344177947, 8.344317472
8.354177946, 8.354318380
8.364177943, 8.364358362
8.374177940, 8.374369715
8.384177941, 8.384372340
8.394177941, 8.394308819
8.404177933, 8.404412720
8.414177936, 8.414350731
8.424177942, 8.424387508
8.434177941, 8.434362513
8.444177936, 8.444330509
8.454177933, 8.454346915
8.464177933, 8.464331234
8.474177933, 8.474319128
8.484177941, 8.484347896
8.494177951, 8.494428239
8.504177938, 8.504358624
8.514177947, 8.514309572
8.524177935, 8.524321585
8.534177944, 8.534411665
8.544177941, 8.544362295
8.554177957, 8.554371338
8.564177941, 8.564344609
8.574177936, 8.574359566
8.584177943, 8.584369052
8.594177947, 8.594313220
8.604177940, 8.604384043
8.614177965, 8.614336391
8.624177932, 8.624364729
8.634177944, 8.634477087
8.644177940, 8.644352243
8.654177940, 8.654350427
8.664177935, 8.664395222
8.674177960, 8.674333064
8.684177933, 8.684397007
8.694177943, 8.694334886
8.704177951, 8.704399290
8.714177944, 8.714327860
8.724177938, 8.724387922
8.734177963, 8.734345720
8.744177963, 8.744380829
8.754177959, 8.754320925
8.764177940, 8.764395464
8.774177941, 8.774355099
8.784177933, 8.784316516
8.794177943, 8.794412976
8.804177932, 8.804389442
8.814177960, 8.814353548
8.824177943, 8.824386589
8.834177943, 8.834390254
8.844177936, 8.844405364
8.854177946, 8.854398117
8.864177947, 8.864447510
8.874177941, 8.874358393
8.884177936, 8.884354817
8.894177943, 8.894327066
8.904177936, 8.904419537
8.914177962, 8.914388628
8.924177930, 8.924344551
8.934177963, 8.934457329
8.944177937, 8.944371564
8.954177932, 8.954322054
8.964177932, 8.964356043
8.974177965, 8.974345764
8.984177941, 8.984367366
8.994177962, 8.994360853
9.004177939, 9.004398947
9.014177946, 9.014333757
9.024177938, 9.024446142
9.034177960, 9.034350372
9.044177943, 9.044384795
9.054177961, 9.054331134
9.064177936, 9.064387219
9.074177947, 9.074333722
9.084177960, 9.084370083
9.094177947, 9.094380735
9.104177946, 9.104358644
9.114177941, 9.114323030
9.124177943, 9.124325137
9.134177940, 9.134344552
9.144177945, 9.144325001
9.154177968, 9.154320897
9.164177953, 9.164336487
9.174177958, 9.174387297
9.184177935, 9.184277133
9.194177944, 9.194309145
9.204177936, 9.204358726
9.214177959, 9.214295207
9.224177941, 9.224317668
9.234177957, 9.234276929
9.244177936, 9.244369270
9.254177931, 9.254316030
9.264177934, 9.264300375
9.274177945, 9.274357304
9.284177948, 9.284288365
9.294177935, 9.294368943
9.304177936, 9.304284906
9.314177941, 9.314381585
9.324177940, 9.324310888
9.334177936, 9.334307629
9.344177931, 9.344317383
9.354177957, 9.354295671
9.364177936, 9.364271509
9.374177938, 9.374267799
9.384177934, 9.384273301
9.394177942, 9.394310631
9.404177934, 9.404294948
9.414177938, 9.414266169
9.424177934, 9.424287171
9.434177940, 9.434330157
9.444177947, 9.444276323
9.454177938, 9.454281254
9.464177935, 9.464297318
9.474177935, 9.474274397
9.484177938, 9.484275993
9.494177936, 9.494272283
9.504177949, 9.504333310
9.514177936, 9.514317962
9.524177935, 9.524271915
9.534177929, 9.534267054
9.544177940, 9.544271759
9.554177935, 9.554282566
9.564177933, 9.564263907
9.574177936, 9.574312682
9.584177951, 9.584273784
9.594177959, 9.594345837
9.604177943, 9.604348925
9.614177935, 9.614359910
9.624177946, 9.624327560
9.634177935, 9.634269780
9.644177940, 9.644304897
9.654177938, 9.654284166
9.664177941, 9.664335128
9.674177949, 9.674296107
9.684177936, 9.684288636
9.694177936, 9.694290555
9.704177943, 9.704267314
9.714177935, 9.714268096
9.724177933, 9.724262696
9.734177943, 9.734336402
9.744177944, 9.744345922
9.754177947, 9.754374447
9.764177941, 9.764267264
9.774177940, 9.774291500
9.784177936, 9.784272577
9.794177941, 9.794361490
9.804177940, 9.804265274
9.814177949, 9.814268903
9.824177940, 9.824273622
9.834177932, 9.834269550
9.844177943, 9.844268102
9.854177940, 9.854264013
9.864177946, 9.864304737
9.874177949, 9.874264239
9.884177940, 9.884287456
9.894177940, 9.894282661
9.904177940, 9.904266248
9.914177941, 9.914273720
9.924177933, 9.924279690
9.934177941, 9.934266468
9.944177941, 9.944271920
9.954177957, 9.954269891
9.964177938, 9.964271584
9.974177940, 9.974277136
9.984177935, 9.984271565
9.994177935, 9.994268573
10.004177941, 10.004270663
10.014177941, 10.014280043
10.024177935, 10.024261998
10.034177936, 10.034246492
10.044177940, 10.044233412
10.054177938, 10.054317262
10.064177938, 10.064338375
10.074177940, 10.074314517
10.084177962, 10.084272910
10.094177944, 10.094311073
10.104177943, 10.104327204
10.114177942, 10.114341327
10.124177942, 10.124353829
10.134177946, 10.134341025
10.144177941, 10.144349572
10.154177947, 10.154335363
10.164177947, 10.164339496
10.174177944, 10.174352777
10.184177949, 10.184345414
10.194177929, 10.194346584
10.204177935, 10.204344819
10.214177935, 10.214343458
10.224177941, 10.224342244
10.234177936, 10.234298903
10.244177944, 10.244321980
10.254177940, 10.254348811
10.264177941, 10.264344130
10.274177959, 10.274364547
10.284177941, 10.284352012
10.294177946, 10.294343893
10.304177936, 10.304353310
10.314177935, 10.314346036
10.324177935, 10.324348771
10.334177949, 10.334339808
10.344177938, 10.344319222
10.354177947, 10.354341678
10.364177949, 10.364341548
10.374177940, 10.374349530
10.384177932, 10.384367485
10.394177935, 10.394349129
10.404177940, 10.404341754
10.414177938, 10.414352511
10.424177935, 10.424346027
10.434177935, 10.434350310
10.444177933, 10.444314496
10.454177939, 10.454346704
10.464177933, 10.464343615
10.474177952, 10.474347888
10.484177971, 10.484352325
10.494177935, 10.494355767
10.504177936, 10.504346426
10.514177936, 10.514341341
10.524177938, 10.524340433
10.534177938, 10.534337962
10.544177947, 10.544348703
10.554177930, 10.554341600
10.564177935, 10.564340049
10.574177935, 10.574352593
10.584177936, 10.584346267
10.594177955, 10.594353968
10.604177943, 10.604347178
10.614177943, 10.614344366
10.624177935, 10.624344724
10.634177940, 10.634342804
10.644177951, 10.644367272
10.654177943, 10.654349794
10.664177940, 10.664347155
10.674177943, 10.674365382
10.684177932, 10.684341637
10.694177943, 10.694343756
10.704177933, 10.704336666
10.714177935, 10.714339690
10.724177940, 10.724362566
10.734177940, 10.734295463
10.744177936, 10.744364419
10.754177938, 10.754345749
10.764177941, 10.764419846
10.774177946, 10.774405338
10.784177935, 10.784411845
10.794177936, 10.794418643
10.804177932, 10.804418023
10.814177941, 10.814417814
10.824177938, 10.824419836
10.834177936, 10.834479693
10.844177955, 10.844360579
10.854177959, 10.854477496
10.864177965, 10.864427307
10.874177940, 10.874418235
10.884177940, 10.884397125
10.894177933, 10.894418318
10.904177936, 10.904419067
10.914177941, 10.914412259
10.924177936, 10.924478548
10.934177963, 10.934476400
10.944177946, 10.944475732
10.954177962, 10.954461417
10.964177965, 10.964475025
10.974177963, 10.974465982
10.984177957, 10.984484231
10.994177946, 10.994465703
11.004177946, 11.004470978
11.014177960, 11.014458149
11.024177960, 11.024483855
11.034177962, 11.034452633
11.044177960, 11.044469034
11.054177941, 11.054481623
11.064177947, 11.064487124
11.074177960, 11.074483539
11.084177960, 11.084478763
11.094177959, 11.094480240
11.104177959, 11.104482377
11.114177943, 11.114472739
11.124177946, 11.124471673
11.134177959, 11.134478337
11.144177955, 11.144460084
11.154177965, 11.154482850
11.164177963, 11.164480940
11.174177940, 11.174481384
11.184177944, 11.184480998
11.194177962, 11.194481812
11.204177957, 11.204482011
11.214177957, 11.214481218
11.224177959, 11.224484385
11.234177944, 11.234493384
11.244177944, 11.244441452
11.254177963, 11.254470140
11.264177936, 11.264458865
11.274177938, 11.274481996
11.284177955, 11.284482902
11.294177943, 11.294482782
11.304177943, 11.304478424
11.314177957, 11.314482050
11.324177963, 11.324478989
11.334177963, 11.334474406
11.344177957, 11.344435140
11.354177943, 11.354474202
11.364177944, 11.364474246
11.374177959, 11.374483938
11.384177963, 11.384425519
11.394177957, 11.394466537
11.404177955, 11.404482991
11.414177941, 11.414459623
11.424177981, 11.424483479
11.434177962, 11.434474878
11.444177963, 11.444437851
11.454177963, 11.454477677
11.464177962, 11.464484286
11.474177946, 11.474475955
11.484177940, 11.484475119
11.494177957, 11.494483788
11.504177960, 11.504481157
11.514177957, 11.514465815
11.524177957, 11.524474254
11.534177941, 11.534468391
11.544177949, 11.544423639
11.554177965, 11.554477781
11.564177963, 11.564475126
11.574177965, 11.574471702
11.584177965, 11.584460935
11.594177962, 11.594469116
11.604177946, 11.604476077
11.614177959, 11.614465542
11.624177960, 11.624477976
11.634177965, 11.634474918
11.644177962, 11.644421934
11.654177949, 11.654479548
11.664177941, 11.664481280
11.674177959, 11.674483337
11.684177962, 11.684483308
11.694177962, 11.694482645
11.704177962, 11.704481602
11.714177944, 11.714475111
11.724177943, 11.724478218
11.734177957, 11.734510816
11.744177960, 11.744469686
11.754177959, 11.754447917
11.764177959, 11.764480675
11.774177943, 11.774484546
11.784177944, 11.784465179
11.794177955, 11.794475198
11.804177957, 11.804438915
11.814177992, 11.814471923
11.824177960, 11.824478850
11.834177946, 11.834475769
11.844177944, 11.844445075
11.854177959, 11.854483597
11.864177959, 11.864487129
11.874177965, 11.874475346
11.884177962, 11.884481365
11.894177959, 11.894481682
11.904177941, 11.904465211
11.914177960, 11.914484560
11.924177962, 11.924481862
11.934177963, 11.934458125
11.944177962, 11.944445371
11.954177943, 11.954477617
11.964177941, 11.964484024
11.974177966, 11.974478266
11.984177965, 11.984483885
11.994177959, 11.994461555
12.004177957, 12.004481931
12.014177963, 12.014485195
12.024177940, 12.024481922
12.034177963, 12.034474283
12.044177962, 12.044443199
------------------------------
