------------------------------
test was performed using the following parameters: --mps=100 --burst=1 --reply-every=1 --msg-size=12 --time=10
------------------------------
sockperf: [Total Run] RunTime=10.100 sec; SentMessages=1011; ReceivedMessages=1010
sockperf: ========= Printing statistics for Server No: 0
sockperf: [Valid Duration] RunTime=9.980 sec; SentMessages=999; ReceivedMessages=999
sockperf: [2;35m====> avg-lat= 65.877 (std-dev=16.228)[0m
sockperf: # dropped messages = 0; # duplicated messages = 0; # out-of-order messages = 0
sockperf: [2;35mTotal 999 observations[0m; each percentile contains 9.99 observations
sockperf: ---> <MAX> observation =  128.051
sockperf: ---> percentile  99.99 =  128.051
sockperf: ---> percentile  99.90 =  123.364
sockperf: ---> percentile  99.50 =  114.293
sockperf: ---> percentile  99.00 =  108.725
sockperf: ---> percentile  95.00 =   97.236
sockperf: ---> percentile  90.00 =   87.953
sockperf: ---> percentile  75.00 =   74.957
sockperf: ---> percentile  50.00 =   63.327
sockperf: ---> percentile  25.00 =   58.556
sockperf: ---> <MIN> observation =   26.383
------------------------------
txTime, rxTime
2.062780202, 2.062981270
2.072780186, 2.072953182
2.082780185, 2.082944473
2.092780205, 2.092921388
2.102780190, 2.102907649
2.112780183, 2.112977383
2.122780190, 2.122969043
2.132780183, 2.133008769
2.142780204, 2.142986547
2.152780200, 2.152991944
2.162780204, 2.162929499
2.172780183, 2.173026913
2.182780205, 2.183010405
2.192780202, 2.192972491
2.202780181, 2.202958102
2.212780180, 2.212946771
2.222780187, 2.222963107
2.232780191, 2.232950918
2.242780185, 2.242928371
2.252780189, 2.252944214
2.262780188, 2.262897227
2.272780180, 2.273004363
2.282780192, 2.282912016
2.292780183, 2.292939662
2.302780202, 2.303002270
2.312780207, 2.312932162
2.322780187, 2.322965456
2.332780207, 2.332931161
2.342780188, 2.342930746
2.352780194, 2.352858506
2.362780177, 2.362910816
2.372780205, 2.372951846
2.382780207, 2.382931317
2.392780197, 2.392937043
2.402780188, 2.402884274
2.412780189, 2.412909700
2.422780193, 2.422946770
2.432780199, 2.432893208
2.442780190, 2.442934053
2.452780189, 2.452927267
2.462780192, 2.462916180
2.472780189, 2.472911466
2.482780185, 2.482917335
2.492780188, 2.492926972
2.502780195, 2.502983248
2.512780195, 2.512897550
2.522780211, 2.522907612
2.532780188, 2.532915784
2.542780188, 2.542927673
2.552780173, 2.552939479
2.562780190, 2.562922181
2.572780185, 2.572947285
2.582780192, 2.582904801
2.592780192, 2.592912643
2.602780190, 2.602939651
2.612780191, 2.612920894
2.622780191, 2.622870086
2.632780185, 2.632900310
2.642780185, 2.642927203
2.652780197, 2.652998694
2.662780193, 2.662984428
2.672780186, 2.672923448
2.682780189, 2.682993237
2.692780199, 2.692951619
2.702780185, 2.702919970
2.712780178, 2.712945258
2.722780185, 2.722903025
2.732780197, 2.732915535
2.742780177, 2.742957656
2.752780184, 2.752929241
2.762780186, 2.762908236
2.772780186, 2.772902338
2.782780196, 2.782942082
2.792780189, 2.792934642
2.802780193, 2.802918614
2.812780186, 2.812908138
2.822780190, 2.822919054
2.832780183, 2.832912052
2.842780190, 2.842934720
2.852780181, 2.852854710
2.862780187, 2.862891751
2.872780190, 2.872893436
2.882780207, 2.882878168
2.892780185, 2.892870429
2.902780187, 2.902870978
2.912780183, 2.912892992
2.922780185, 2.922888864
2.932780181, 2.932929474
2.942780176, 2.942902002
2.952780183, 2.952930388
2.962780225, 2.962917402
2.972780197, 2.972907781
2.982780196, 2.982946021
2.992780186, 2.992927623
3.002780190, 3.002935491
3.012780192, 3.012946608
3.022780187, 3.022921354
3.032780185, 3.032900093
3.042780189, 3.042937340
3.052780183, 3.052979691
3.062780184, 3.062964714
3.072780187, 3.072946810
3.082780186, 3.082973015
3.092780179, 3.092946359
3.102780182, 3.102936791
3.112780178, 3.112949028
3.122780188, 3.122938053
3.132780183, 3.132962714
3.142780179, 3.142947851
3.152780186, 3.152984863
3.162780181, 3.162964994
3.172780193, 3.172985110
3.182780203, 3.182957273
3.192780191, 3.192936141
3.202780187, 3.202992448
3.212780190, 3.212957022
3.222780188, 3.222972282
3.232780182, 3.232975106
3.242780188, 3.242917850
3.252780188, 3.252901228
3.262780184, 3.262948582
3.272780186, 3.272937636
3.282780203, 3.282938762
3.292780180, 3.292884558
3.302780176, 3.302919834
3.312780185, 3.312908126
3.322780180, 3.322848403
3.332780183, 3.332932508
3.342780278, 3.342905548
3.352780178, 3.352980988
3.362780190, 3.362922499
3.372780184, 3.372962595
3.382780203, 3.382894066
3.392780186, 3.392966675
3.402780192, 3.402933666
3.412780180, 3.412898894
3.422780185, 3.422892718
3.432780177, 3.432915094
3.442780188, 3.442913535
3.452780189, 3.452921697
3.462780193, 3.462921570
3.472780176, 3.472917228
3.482780185, 3.482897789
3.492780191, 3.492944081
3.502780187, 3.502897154
3.512780188, 3.512915606
3.522780179, 3.522917141
3.532780195, 3.532919473
3.542780185, 3.542898585
3.552780186, 3.552900148
3.562780206, 3.562908805
3.572780185, 3.572937089
3.582780184, 3.582904508
3.592780186, 3.592851216
3.602780185, 3.602964106
3.612780183, 3.612869507
3.622780185, 3.622856312
3.632780181, 3.632868849
3.642780192, 3.642942223
3.652780194, 3.652907856
3.662780193, 3.662923931
3.672780185, 3.672932851
3.682780188, 3.682935766
3.692780181, 3.692933568
3.702780187, 3.702924124
3.712780196, 3.712931792
3.722780186, 3.722929569
3.732780187, 3.732918127
3.742780192, 3.742915947
3.752780188, 3.752921381
3.762780190, 3.762932861
3.772780181, 3.772904168
3.782780182, 3.782913298
3.792780186, 3.792910574
3.802780184, 3.802910708
3.812780186, 3.812915460
3.822780187, 3.822902324
3.832780202, 3.832921267
3.842780188, 3.842931908
3.852780189, 3.852924714
3.862780186, 3.862931616
3.872780192, 3.872911107
3.882780180, 3.882897582
3.892780180, 3.892945532
3.902780181, 3.902995180
3.912780180, 3.912977927
3.922780183, 3.922950987
3.932780186, 3.932968546
3.942780190, 3.942855069
3.952780186, 3.952863519
3.962780190, 3.962846054
3.972780186, 3.972872923
3.982780211, 3.982905846
3.992780192, 3.992937242
4.002780188, 4.002914208
4.012780192, 4.012949589
4.022780184, 4.022902005
4.032780188, 4.032987222
4.042780181, 4.042891898
4.052780179, 4.052968552
4.062780185, 4.062922846
4.072780181, 4.072929201
4.082780187, 4.082947074
4.092780193, 4.092947110
4.102780187, 4.102949756
4.112780188, 4.112933773
4.122780185, 4.122925005
4.132780194, 4.132934382
4.142780192, 4.142914915
4.152780188, 4.152933411
4.162780191, 4.162966757
4.172780189, 4.172933043
4.182780187, 4.182925681
4.192780191, 4.192914129
4.202780185, 4.202956042
4.212780187, 4.212893888
4.222780193, 4.222960083
4.232780188, 4.232925919
4.242780192, 4.242911337
4.252780192, 4.252937108
4.262780185, 4.262880895
4.272780192, 4.272908591
4.282780187, 4.282886311
4.292780188, 4.292898625
4.302780196, 4.302976519
4.312780192, 4.312849375
4.322780190, 4.322919685
4.332780186, 4.332864404
4.342780190, 4.342896112
4.352780181, 4.352861630
4.362780179, 4.362892555
4.372780178, 4.372890305
4.382780182, 4.382860995
4.392780183, 4.392854042
4.402780187, 4.402927480
4.412780185, 4.412880064
4.422780184, 4.422891273
4.432780183, 4.432936462
4.442780184, 4.442863502
4.452780183, 4.452851811
4.462780192, 4.462851892
4.472780178, 4.472900441
4.482780192, 4.482900974
4.492780178, 4.492887167
4.502780181, 4.502852846
4.512780185, 4.512944680
4.522780198, 4.522856686
4.532780189, 4.532852929
4.542780184, 4.542866114
4.552780180, 4.552845976
4.562780177, 4.562924218
4.572780196, 4.572880935
4.582780184, 4.582882847
4.592780188, 4.592857599
4.602780188, 4.602869322
4.612780178, 4.612993697
4.622780185, 4.622875667
4.632780188, 4.632908403
4.642780193, 4.642920317
4.652780199, 4.652902097
4.662780190, 4.662916943
4.672780194, 4.672914351
4.682780185, 4.682927222
4.692780189, 4.692907421
4.702780177, 4.702907880
4.712780179, 4.712933144
4.722780179, 4.722914599
4.732780202, 4.732902740
4.742780191, 4.742901536
4.752780222, 4.752984106
4.762780189, 4.762917455
4.772780199, 4.772926354
4.782780200, 4.782900323
4.792780178, 4.792924272
4.802780187, 4.802903012
4.812780181, 4.812904045
4.822780186, 4.822902994
4.832780196, 4.832922683
4.842780192, 4.842938014
4.852780193, 4.852916826
4.862780192, 4.862894960
4.872780186, 4.872908980
4.882780184, 4.882921578
4.892780201, 4.892938329
4.902780180, 4.902990717
4.912780186, 4.912967199
4.922780184, 4.922959597
4.932780191, 4.932867123
4.942780185, 4.942872892
4.952780191, 4.952903833
4.962780184, 4.962926385
4.972780191, 4.972905718
4.982780185, 4.982940984
4.992780187, 4.992897747
5.002780191, 5.002895855
5.012780184, 5.012891859
5.022780188, 5.022927261
5.032780190, 5.032857253
5.042780191, 5.042926931
5.052780187, 5.052861924
5.062780188, 5.063022333
5.072780185, 5.072911967
5.082780185, 5.082932531
5.092780182, 5.092877498
5.102780187, 5.102874600
5.112780192, 5.112923605
5.122780203, 5.122936465
5.132780178, 5.132921237
5.142780190, 5.142938317
5.152780185, 5.152919339
5.162780192, 5.162932430
5.172780181, 5.172933306
5.182780190, 5.182923541
5.192780178, 5.192927066
5.202780180, 5.202921686
5.212780178, 5.212978954
5.222780190, 5.222949986
5.232780178, 5.232901445
5.242780188, 5.242895046
5.252780189, 5.252888188
5.262780180, 5.262885624
5.272780187, 5.272876244
5.282780186, 5.282847244
5.292780192, 5.292858639
5.302780186, 5.302890194
5.312780183, 5.312858224
5.322780182, 5.322848741
5.332780178, 5.332904325
5.342780191, 5.342859823
5.352780184, 5.352940725
5.362780190, 5.362873046
5.372780189, 5.372894712
5.382780186, 5.382861880
5.392780189, 5.392856672
5.402780193, 5.402880983
5.412780190, 5.412866913
5.422780183, 5.422860071
5.432780183, 5.432888608
5.442780183, 5.442923994
5.452780176, 5.452886862
5.462780188, 5.462929229
5.472780184, 5.472943453
5.482780188, 5.482978671
5.492780183, 5.492983232
5.502780187, 5.502931445
5.512780180, 5.512919128
5.522780182, 5.522862627
5.532780180, 5.532860855
5.542780184, 5.542869718
5.552780188, 5.552939576
5.562780181, 5.562912975
5.572780185, 5.572872280
5.582780185, 5.582884064
5.592780189, 5.592896160
5.602780182, 5.602895916
5.612780190, 5.612909458
5.622780180, 5.622920768
5.632780181, 5.632956789
5.642780193, 5.642958311
5.652780184, 5.652962820
5.662780193, 5.662920232
5.672780186, 5.672920846
5.682780185, 5.682890948
5.692780189, 5.692905556
5.702780188, 5.702933005
5.712780192, 5.712908037
5.722780187, 5.722913806
5.732780186, 5.732934875
5.742780188, 5.742927374
5.752780178, 5.752930101
5.762780192, 5.762900226
5.772780185, 5.772901857
5.782780186, 5.782940165
5.792780177, 5.792891250
5.802780181, 5.802938415
5.812780217, 5.812941827
5.822780206, 5.822954917
5.832780197, 5.832975717
5.842780188, 5.842938012
5.852780200, 5.852860610
5.862780201, 5.862918324
5.872780190, 5.872913158
5.882780188, 5.882876174
5.892780187, 5.892887946
5.902780206, 5.902906983
5.912780191, 5.912865410
5.922780185, 5.922847779
5.932780181, 5.932901649
5.942780182, 5.942926710
5.952780188, 5.952897174
5.962780187, 5.962915165
5.972780197, 5.972959993
5.982780182, 5.982929143
5.992780181, 5.992975204
6.002780191, 6.002872198
6.012780185, 6.012912048
6.022780188, 6.022913872
6.032780183, 6.032902241
6.042780193, 6.042920902
6.052780186, 6.052932748
6.062780185, 6.062988501
6.072780213, 6.072921900
6.082780185, 6.082933712
6.092780191, 6.092913893
6.102780192, 6.102914313
6.112780189, 6.112934609
6.122780204, 6.122885095
6.132780186, 6.132968657
6.142780193, 6.142923094
6.152780202, 6.152914602
6.162780184, 6.162926643
6.172780188, 6.172890619
6.182780193, 6.182920228
6.192780191, 6.192901303
6.202780200, 6.202911627
6.212780192, 6.213008922
6.222780196, 6.222910335
6.232780180, 6.232905113
6.242780188, 6.242943610
6.252780190, 6.252910454
6.262780188, 6.262915986
6.272780185, 6.272864231
6.282780194, 6.282935947
6.292780179, 6.292932842
6.302780185, 6.302917634
6.312780185, 6.312916015
6.322780183, 6.322930098
6.332780177, 6.332903504
6.342780187, 6.342888153
6.352780181, 6.352889557
6.362780203, 6.362904824
6.372780185, 6.372891698
6.382780186, 6.382927515
6.392780194, 6.392905018
6.402780184, 6.402880151
6.412780173, 6.412942004
6.422780182, 6.422885294
6.432780186, 6.432933432
6.442780188, 6.442904016
6.452780186, 6.452943993
6.462780182, 6.462944742
6.472780178, 6.472943492
6.482780192, 6.482940259
6.492780183, 6.492902513
6.502780191, 6.502949941
6.512780183, 6.512928532
6.522780190, 6.522910753
6.532780190, 6.532932188
6.542780182, 6.542940408
6.552780188, 6.552925608
6.562780189, 6.562899641
6.572780187, 6.572939717
6.582780185, 6.582917358
6.592780185, 6.592912287
6.602780183, 6.602909184
6.612780189, 6.612873845
6.622780185, 6.622851479
6.632780192, 6.632887389
6.642780180, 6.642916498
6.652780187, 6.652876629
6.662780188, 6.662884709
6.672780188, 6.672872983
6.682780188, 6.682888965
6.692780188, 6.692888085
6.702780181, 6.702865466
6.712780191, 6.712879773
6.722780193, 6.722875944
6.732780186, 6.732854622
6.742780190, 6.742865346
6.752780186, 6.752863874
6.762780185, 6.762879604
6.772780186, 6.772891765
6.782780184, 6.782882275
6.792780181, 6.792873499
6.802780182, 6.802863399
6.812780178, 6.812841215
6.822780179, 6.822860070
6.832780181, 6.833007399
6.842780182, 6.842954328
6.852780188, 6.852875273
6.862780220, 6.862928571
6.872780188, 6.872863939
6.882780179, 6.882941256
6.892780180, 6.892901368
6.902780184, 6.902874952
6.912780185, 6.912887092
6.922780200, 6.922907556
6.932780186, 6.932927047
6.942780185, 6.942923789
6.952780185, 6.952876424
6.962780188, 6.962906264
6.972780186, 6.972942002
6.982780186, 6.982914494
6.992780178, 6.992898807
7.002780183, 7.002947731
7.012780182, 7.012927555
7.022780183, 7.022907018
7.032780185, 7.032903064
7.042780192, 7.042902576
7.052780189, 7.052908726
7.062780193, 7.062916864
7.072780185, 7.072915122
7.082780192, 7.082860566
7.092780187, 7.092880505
7.102780188, 7.102870835
7.112780187, 7.112853876
7.122780189, 7.122901545
7.132780184, 7.132850099
7.142780183, 7.142889318
7.152780193, 7.152856716
7.162780188, 7.162881761
7.172780218, 7.172882130
7.182780185, 7.182872597
7.192780184, 7.192873495
7.202780191, 7.202866545
7.212780185, 7.212873214
7.222780185, 7.222865064
7.232780187, 7.232857779
7.242780181, 7.242859065
7.252780185, 7.252987532
7.262780188, 7.263036291
7.272780190, 7.272916496
7.282780188, 7.282923098
7.292780184, 7.292981904
7.302780190, 7.302931916
7.312780186, 7.312872730
7.322780190, 7.322919955
7.332780190, 7.332933194
7.342780190, 7.342917762
7.352780188, 7.352912897
7.362780190, 7.362914430
7.372780178, 7.372924231
7.382780185, 7.382915049
7.392780192, 7.392942547
7.402780184, 7.402906029
7.412780177, 7.412922818
7.422780192, 7.422873667
7.432780192, 7.432948013
7.442780177, 7.442913842
7.452780188, 7.452934304
7.462780193, 7.462899550
7.472780197, 7.472897904
7.482780187, 7.482918610
7.492780186, 7.492933170
7.502780187, 7.502986036
7.512780191, 7.512881432
7.522780188, 7.522858956
7.532780189, 7.532884034
7.542780190, 7.542865296
7.552780179, 7.552852669
7.562780189, 7.562881841
7.572780224, 7.572895458
7.582780179, 7.582872958
7.592780175, 7.592847773
7.602780186, 7.602903903
7.612780194, 7.612864086
7.622780178, 7.622875739
7.632780190, 7.632890526
7.642780187, 7.642863719
7.652780207, 7.652847937
7.662780179, 7.662846539
7.672780180, 7.672842981
7.682780178, 7.682956604
7.692780188, 7.692845275
7.702780190, 7.702854980
7.712780190, 7.712893179
7.722780227, 7.722933785
7.732780191, 7.732874633
7.742780187, 7.742876323
7.752780191, 7.752877352
7.762780187, 7.762855246
7.772780179, 7.772867604
7.782780186, 7.782869562
7.792780183, 7.792832950
7.802780187, 7.802912694
7.812780185, 7.812914448
7.822780194, 7.822928741
7.832780191, 7.832890160
7.842780183, 7.842887740
7.852780201, 7.852963987
7.862780209, 7.862969795
7.872780215, 7.872865821
7.882787674, 7.882904383
7.892780210, 7.892913201
7.902780208, 7.902956226
7.912780210, 7.912954399
7.922780187, 7.922969416
7.932780189, 7.932997639
7.942780203, 7.942989417
7.952780207, 7.952867686
7.962780187, 7.962890630
7.972780208, 7.972892870
7.982780185, 7.982917745
7.992780186, 7.992887465
8.002780199, 8.002892691
8.012780200, 8.012857829
8.022780174, 8.022867869
8.032780184, 8.032894952
8.042780177, 8.042870248
8.052780179, 8.052857162
8.062780182, 8.062866749
8.072780207, 8.072904436
8.082780186, 8.082852791
8.092780204, 8.092938226
8.102780208, 8.102896882
8.112781421, 8.112887261
8.122780216, 8.122900865
8.132780201, 8.132891407
8.142780216, 8.142879937
8.152780212, 8.152934460
8.162780205, 8.162910457
8.172780209, 8.172932199
8.182780192, 8.182905618
8.192780209, 8.192904228
8.202780211, 8.202909406
8.212780202, 8.212893472
8.222780203, 8.222857471
8.232780207, 8.232963477
8.242780201, 8.242900595
8.252780210, 8.252934187
8.262780209, 8.262917974
8.272780220, 8.272902243
8.282780205, 8.282939495
8.292780209, 8.292969547
8.302780206, 8.302868313
8.312780210, 8.312919968
8.322780201, 8.322939261
8.332780209, 8.332930227
8.342780205, 8.342933653
8.352780218, 8.352890457
8.362784187, 8.362949991
8.372780207, 8.372925787
8.382780201, 8.382889314
8.392780202, 8.392890577
8.402780206, 8.402898794
8.412780207, 8.412913272
8.422780214, 8.422909155
8.432786163, 8.432956199
8.442780206, 8.442924753
8.452780207, 8.452910906
8.462780205, 8.462911466
8.472780288, 8.472910180
8.482780203, 8.482900422
8.492780209, 8.492870343
8.502780214, 8.502939496
8.512780201, 8.512936192
8.522780217, 8.522968167
8.532780191, 8.532895076
8.542780206, 8.542939365
8.552780207, 8.552896881
8.562780208, 8.562909466
8.572780202, 8.572901929
8.582780211, 8.582912494
8.592794176, 8.592948921
8.602780203, 8.602920949
8.612780205, 8.612962723
8.622780194, 8.622969028
8.632780205, 8.632907374
8.642780201, 8.642975504
8.652780192, 8.652967380
8.662780214, 8.662979262
8.672780202, 8.672958806
8.682780188, 8.682916121
8.692780211, 8.692905126
8.702780196, 8.702878131
8.712780198, 8.712842745
8.722780203, 8.722891501
8.732784294, 8.732891692
8.742780852, 8.742912822
8.752780213, 8.752930451
8.762780209, 8.762982636
8.772780184, 8.772954559
8.782780204, 8.782954934
8.792787413, 8.792980542
8.802780209, 8.802937726
8.812780205, 8.812955259
8.822780201, 8.822876703
8.832780205, 8.832977973
8.842780203, 8.842877466
8.852780207, 8.852887404
8.862780211, 8.862888142
8.872780203, 8.872879439
8.882780206, 8.882886720
8.892780205, 8.892855602
8.902780211, 8.902853283
8.912780199, 8.912882877
8.922780203, 8.922940532
8.932780207, 8.932961399
8.942785465, 8.942917358
8.952781279, 8.952915600
8.962780217, 8.962915934
8.972780211, 8.972955336
8.982780190, 8.982974663
8.992780206, 8.992989977
9.002780204, 9.002897545
9.012780213, 9.012983941
9.022780190, 9.022934598
9.032780213, 9.032891511
9.042783575, 9.042967901
9.052780205, 9.052984687
9.062780209, 9.062935318
9.072785636, 9.072922263
9.082780210, 9.082920812
9.092780208, 9.092865863
9.102780210, 9.102880576
9.112780217, 9.112891791
9.122782054, 9.122853602
9.132780203, 9.132865809
9.142782945, 9.142893829
9.152781316, 9.152957222
9.162781022, 9.162967603
9.172780213, 9.172978732
9.182780204, 9.182982737
9.192780198, 9.192965682
9.202780212, 9.202937348
9.212780211, 9.212914644
9.222783802, 9.222929059
9.232782235, 9.232939425
9.242780201, 9.242907799
9.252780201, 9.252952113
9.262780207, 9.262951522
9.272780205, 9.272921677
9.282780185, 9.282906669
9.292780443, 9.292923510
9.302780210, 9.302897862
9.312780205, 9.312921244
9.322787727, 9.322966978
9.332780206, 9.332938359
9.342780210, 9.342955715
9.352780203, 9.352902580
9.362780207, 9.362911017
9.372780203, 9.372914924
9.382780213, 9.382908334
9.392780206, 9.392914348
9.402780212, 9.402942386
9.412780200, 9.412956319
9.422780202, 9.422941006
9.432780198, 9.432917606
9.442780204, 9.442869228
9.452780217, 9.452859730
9.462780207, 9.462884839
9.472780214, 9.472872409
9.482780218, 9.482862101
9.492780203, 9.492848765
9.502780212, 9.502880003
9.512780197, 9.512844294
9.522780202, 9.522858320
9.532780211, 9.532852869
9.542780204, 9.542872364
9.552780192, 9.552878314
9.562780216, 9.562907728
9.572780203, 9.572873789
9.582783257, 9.582905720
9.592782177, 9.592927939
9.602780215, 9.602852077
9.612780217, 9.612904944
9.622780201, 9.622856760
9.632782876, 9.632904225
9.642780220, 9.642900699
9.652780208, 9.652897469
9.662780185, 9.662897297
9.672780211, 9.672904124
9.682780207, 9.682897252
9.692780189, 9.692897327
9.702780215, 9.702952474
9.712780203, 9.712856414
9.722780230, 9.722865782
9.732780215, 9.732904457
9.742780190, 9.742906967
9.752780178, 9.752966346
9.762780204, 9.762966596
9.772780220, 9.772973928
9.782780207, 9.782871674
9.792780205, 9.792862456
9.802780207, 9.802914065
9.812780177, 9.812909745
9.822780207, 9.822919766
9.832780207, 9.832914291
9.842780204, 9.842899938
9.852780196, 9.852953795
9.862780212, 9.862940595
9.872780175, 9.872940388
9.882785323, 9.882911135
9.892780198, 9.892919935
9.902780181, 9.902916121
9.912780218, 9.912912119
9.922780185, 9.922919150
9.932780191, 9.932909341
9.942780188, 9.942916978
9.952780191, 9.952905492
9.962780193, 9.962910280
9.972780192, 9.972907053
9.982780177, 9.982904268
9.992780191, 9.992910546
10.002780201, 10.002907130
10.012780188, 10.012907581
10.022780188, 10.022909906
10.032780191, 10.032906774
10.042780185, 10.042907048
10.052780183, 10.052910181
10.062780179, 10.062903325
10.072780191, 10.072906180
10.082780188, 10.082905944
10.092780186, 10.092906676
10.102780193, 10.102907245
10.112780183, 10.112911266
10.122780188, 10.122909045
10.132780175, 10.132877607
10.142780192, 10.142905417
10.152780178, 10.152907341
10.162780187, 10.162903938
10.172780183, 10.172904996
10.182780187, 10.182906761
10.192780191, 10.192904963
10.202780188, 10.202910732
10.212780180, 10.212911721
10.222780185, 10.222904487
10.232780181, 10.232908670
10.242780188, 10.242906181
10.252780186, 10.252903518
10.262780190, 10.262903238
10.272780189, 10.272903296
10.282780192, 10.282904967
10.292780192, 10.292905991
10.302780173, 10.302909787
10.312780186, 10.312908585
10.322780185, 10.322908414
10.332780185, 10.332905075
10.342780185, 10.342903364
10.352780175, 10.352901739
10.362780217, 10.362902938
10.372780177, 10.372907666
10.382780176, 10.382904929
10.392780186, 10.392906600
10.402780182, 10.402908183
10.412780191, 10.412908212
10.422780181, 10.422876201
10.432780192, 10.432905910
10.442780193, 10.442906702
10.452780189, 10.452910560
10.462780177, 10.462905666
10.472780192, 10.472908519
10.482780179, 10.482906833
10.492780178, 10.492903825
10.502780187, 10.502906614
10.512780191, 10.512904306
10.522780203, 10.522907916
10.532780175, 10.532909346
10.542780184, 10.542906511
10.552780194, 10.552909251
10.562780188, 10.562907648
10.572780186, 10.572906416
10.582780185, 10.582907214
10.592780189, 10.592904737
10.602780181, 10.602901711
10.612780191, 10.612902700
10.622780176, 10.622902475
10.632780191, 10.632904617
10.642780179, 10.642902505
10.652780188, 10.652905272
10.662780193, 10.662904937
10.672780185, 10.672900818
10.682780185, 10.682904916
10.692780175, 10.692909220
10.702780184, 10.702902202
10.712780185, 10.712905985
10.722780177, 10.722901962
10.732780177, 10.732900749
10.742780192, 10.742903379
10.752780192, 10.752903553
10.762780185, 10.762869006
10.772780189, 10.772908100
10.782780187, 10.782904241
10.792780189, 10.792903760
10.802780184, 10.802902187
10.812780194, 10.812903957
10.822780188, 10.822901774
10.832780188, 10.832905950
10.842780184, 10.842900246
10.852780197, 10.852907775
10.862780181, 10.862904061
10.872780185, 10.872904641
10.882780193, 10.882902567
10.892780188, 10.892903717
10.902780174, 10.902902444
10.912780181, 10.912901684
10.922780193, 10.922903338
10.932780185, 10.932905835
10.942780190, 10.942903148
10.952780180, 10.952908931
10.962780181, 10.962904547
10.972780192, 10.972902800
10.982780188, 10.982902098
10.992780192, 10.992901369
11.002780177, 11.002902873
11.012780189, 11.012906783
11.022780188, 11.022904522
11.032780183, 11.032906068
11.042780193, 11.042906382
11.052780185, 11.052904930
11.062780179, 11.062901751
11.072780185, 11.072903967
11.082780179, 11.082902205
11.092780186, 11.092904147
11.102780185, 11.102901370
11.112780194, 11.112903604
11.122780177, 11.122901397
11.132780188, 11.132906158
11.142780185, 11.142904046
11.152780192, 11.152904448
11.162780184, 11.162899990
11.172780185, 11.172901932
11.182780190, 11.182904653
11.192780178, 11.192904502
11.202780184, 11.202904926
11.212780180, 11.212902498
11.222780192, 11.222904116
11.232780183, 11.232900987
11.242780185, 11.242900461
11.252780181, 11.252903084
11.262780177, 11.262902979
11.272780196, 11.272904750
11.282780187, 11.282902561
11.292780192, 11.292904014
11.302780182, 11.302901348
11.312780188, 11.312902674
11.322780185, 11.322901351
11.332780183, 11.332901728
11.342780181, 11.342844521
11.352780188, 11.352906870
11.362780184, 11.362903611
11.372780172, 11.372901982
11.382780179, 11.382905313
11.392780189, 11.392904265
11.402780185, 11.402904114
11.412780185, 11.412904939
11.422780182, 11.422901511
11.432780192, 11.432904188
11.442780192, 11.442905141
11.452780183, 11.452902080
11.462780190, 11.462901795
11.472780188, 11.472903684
11.482780179, 11.482901688
11.492780189, 11.492904151
11.502780182, 11.502902442
11.512780178, 11.512903034
11.522780192, 11.522901910
11.532780188, 11.532900651
11.542780182, 11.542904337
11.552780189, 11.552904998
11.562780188, 11.562903694
11.572780181, 11.572903567
11.582780192, 11.582903213
11.592780189, 11.592906485
11.602780181, 11.602901830
11.612780189, 11.612902727
11.622780181, 11.622901225
11.632780178, 11.632901725
11.642780182, 11.642899068
11.652780188, 11.652907044
11.662780182, 11.662902578
11.672780186, 11.672908023
11.682780190, 11.682904012
11.692780177, 11.692905276
11.702780187, 11.702901763
11.712780185, 11.712902730
11.722780177, 11.722902649
11.732780185, 11.732904560
11.742780188, 11.742902272
11.752780185, 11.752905244
11.762780193, 11.762904784
11.772780180, 11.772901414
11.782780184, 11.782901468
11.792780192, 11.792901033
11.802780176, 11.802901192
11.812780197, 11.812904431
11.822780185, 11.822902062
11.832780185, 11.832907240
11.842780179, 11.842905344
11.852780196, 11.852904592
11.862780184, 11.862902169
11.872780196, 11.872900406
11.882780184, 11.882901077
11.892780192, 11.892905819
11.902780176, 11.902902823
11.912780175, 11.912903979
11.922780177, 11.922904849
11.932780178, 11.932901276
11.942780188, 11.942902393
11.952780183, 11.952903791
11.962780188, 11.962901560
11.972780194, 11.972907036
11.982780182, 11.982901868
11.992780194, 11.992903632
12.002780181, 12.002901999
12.012780178, 12.012903127
12.022780181, 12.022902851
12.032780185, 12.032902620
12.042780174, 12.042897971
------------------------------
