------------------------------
test was performed using the following parameters: --mps=100 --burst=1 --reply-every=1 --msg-size=12 --time=10
------------------------------
sockperf: [Total Run] RunTime=10.100 sec; SentMessages=1011; ReceivedMessages=1010
sockperf: ========= Printing statistics for Server No: 0
sockperf: [Valid Duration] RunTime=9.990 sec; SentMessages=1000; ReceivedMessages=1000
sockperf: [2;35m====> avg-lat= 73.489 (std-dev=22.128)[0m
sockperf: # dropped messages = 0; # duplicated messages = 0; # out-of-order messages = 0
sockperf: [2;35mTotal 1000 observations[0m; each percentile contains 10.00 observations
sockperf: ---> <MAX> observation =  170.931
sockperf: ---> percentile  99.99 =  170.931
sockperf: ---> percentile  99.90 =  158.048
sockperf: ---> percentile  99.50 =  149.773
sockperf: ---> percentile  99.00 =  147.826
sockperf: ---> percentile  95.00 =  107.460
sockperf: ---> percentile  90.00 =   96.476
sockperf: ---> percentile  75.00 =   86.554
sockperf: ---> percentile  50.00 =   74.269
sockperf: ---> percentile  25.00 =   54.708
sockperf: ---> <MIN> observation =   26.588
------------------------------
txTime, rxTime
2.062885930, 2.063140243
2.072885937, 2.073120827
2.082885932, 2.083107770
2.092885923, 2.093111053
2.102885926, 2.103100848
2.112885948, 2.113065991
2.122885932, 2.123116837
2.132885934, 2.133078728
2.142885946, 2.143094706
2.152885949, 2.153088224
2.162885932, 2.163055734
2.172885948, 2.173080971
2.182885948, 2.183103958
2.192885930, 2.193080560
2.202885946, 2.203092088
2.212885951, 2.213100840
2.222885930, 2.223100011
2.232885946, 2.233108672
2.242885946, 2.243103006
2.252885929, 2.253099326
2.262885951, 2.263102084
2.272885951, 2.273097044
2.282885932, 2.283097590
2.292885953, 2.293091767
2.302885951, 2.303100460
2.312885950, 2.313107084
2.322885949, 2.323092636
2.332885951, 2.333091090
2.342885926, 2.343106326
2.352885948, 2.353101468
2.362885927, 2.363091299
2.372885932, 2.373093572
2.382885951, 2.383090136
2.392885948, 2.393092021
2.402885932, 2.403146816
2.412885945, 2.413100214
2.422885935, 2.423088013
2.432885929, 2.433061929
2.442885946, 2.443082471
2.452885946, 2.453049034
2.462885932, 2.463097292
2.472885949, 2.473089770
2.482885930, 2.483075793
2.492885929, 2.493051271
2.502885949, 2.503055655
2.512885948, 2.513038211
2.522885927, 2.523069504
2.532885948, 2.533074708
2.542885932, 2.543057669
2.552885932, 2.553059147
2.562885946, 2.563059625
2.572885953, 2.573091889
2.582885932, 2.583022278
2.592885954, 2.593071627
2.602885927, 2.603144371
2.612885935, 2.613059225
2.622885945, 2.623090135
2.632885946, 2.633036059
2.642885927, 2.643091358
2.652885954, 2.653052555
2.662885932, 2.663037673
2.672885927, 2.673083231
2.682885951, 2.683087933
2.692885948, 2.693092955
2.702885927, 2.703088963
2.712885943, 2.713095900
2.722885929, 2.723056131
2.732885932, 2.733083369
2.742885942, 2.743065920
2.752885946, 2.753088170
2.762885924, 2.763066333
2.772885948, 2.773072271
2.782885935, 2.783065570
2.792885932, 2.793031371
2.802885951, 2.803045669
2.812885943, 2.813085371
2.822885927, 2.823092914
2.832885949, 2.833075997
2.842885929, 2.843024211
2.852885935, 2.853071085
2.862885946, 2.863057916
2.872885949, 2.873049137
2.882885926, 2.883049637
2.892885943, 2.893084756
2.902885934, 2.903050349
2.912885935, 2.913065671
2.922885945, 2.923068807
2.932885951, 2.933056248
2.942885929, 2.943098821
2.952885943, 2.953062071
2.962885946, 2.963057532
2.972885946, 2.973072692
2.982885953, 2.983129391
2.992885946, 2.993054378
3.002885927, 3.003071150
3.012885946, 3.013075712
3.022885935, 3.023056680
3.032885937, 3.033056561
3.042885948, 3.043065395
3.052885951, 3.053048678
3.062885926, 3.063073034
3.072885945, 3.073066886
3.082885935, 3.083059378
3.092885927, 3.093056162
3.102885948, 3.103037473
3.112885946, 3.113129168
3.122885926, 3.123058174
3.132885949, 3.133068556
3.142885935, 3.143035845
3.152885935, 3.153068515
3.162885946, 3.163068308
3.172885949, 3.173057268
3.182885935, 3.183050704
3.192885943, 3.193057762
3.202885930, 3.203018301
3.212885949, 3.213055440
3.222885932, 3.223048658
3.232885945, 3.233023356
3.242885933, 3.242998667
3.252885927, 3.252997884
3.262885930, 3.262998307
3.272885932, 3.273003262
3.282885924, 3.282988319
3.292885929, 3.293016755
3.302885930, 3.303000169
3.312885943, 3.313018078
3.322885922, 3.323020494
3.332885933, 3.333028035
3.342885930, 3.343010994
3.352885936, 3.353022690
3.362885916, 3.363037403
3.372885922, 3.373062651
3.382885922, 3.383053525
3.392885932, 3.393043815
3.402885924, 3.403039001
3.412885925, 3.413052799
3.422885924, 3.423027331
3.432885927, 3.433049604
3.442885933, 3.443031692
3.452885921, 3.453029183
3.462885925, 3.463048314
3.472885932, 3.473035096
3.482885927, 3.483064591
3.492885922, 3.493059904
3.502885925, 3.503074744
3.512885935, 3.513053503
3.522885930, 3.523036453
3.532885929, 3.533038028
3.542885929, 3.543055137
3.552885937, 3.553037896
3.562885926, 3.563052240
3.572885930, 3.573050563
3.582885926, 3.583036634
3.592885929, 3.593052079
3.602885935, 3.603022312
3.612885926, 3.613011037
3.622885926, 3.623049726
3.632885924, 3.633034068
3.642885924, 3.643031012
3.652885924, 3.653032463
3.662885927, 3.663019601
3.672885942, 3.673037026
3.682885929, 3.683033033
3.692885929, 3.693049087
3.702885921, 3.703037285
3.712885924, 3.713026318
3.722885927, 3.723024592
3.732885921, 3.733048975
3.742885929, 3.743053770
3.752885932, 3.753041976
3.762885932, 3.763064640
3.772885934, 3.773026845
3.782885924, 3.783030110
3.792885927, 3.793064382
3.802885937, 3.803039752
3.812885935, 3.813037621
3.822885930, 3.823036598
3.832885919, 3.833047322
3.842885927, 3.843055658
3.852885924, 3.853050660
3.862885929, 3.863004169
3.872885923, 3.873031321
3.882885929, 3.883058256
3.892885937, 3.893023362
3.902885923, 3.903071879
3.912885919, 3.913048598
3.922885932, 3.923068975
3.932885930, 3.933035373
3.942885927, 3.943027238
3.952885927, 3.953029565
3.962885929, 3.963058123
3.972885927, 3.973016471
3.982885923, 3.983008155
3.992885924, 3.993035202
4.002885935, 4.003027784
4.012885935, 4.013028399
4.022885927, 4.023024210
4.032885924, 4.033017973
4.042885929, 4.043009996
4.052885924, 4.053043427
4.062885945, 4.063049464
4.072885935, 4.073041706
4.082885927, 4.083075624
4.092885923, 4.093056756
4.102885934, 4.103043536
4.112885932, 4.113051187
4.122885929, 4.123059756
4.132885927, 4.133006488
4.142885927, 4.143033884
4.152885935, 4.153060935
4.162885930, 4.163078883
4.172885935, 4.173026899
4.182885930, 4.183061470
4.192885923, 4.193040483
4.202885983, 4.203015909
4.212885924, 4.213027524
4.222885929, 4.223033172
4.232885927, 4.233008408
4.242885926, 4.243066224
4.252885935, 4.253030025
4.262885919, 4.263044578
4.272885923, 4.273024966
4.282885927, 4.283031422
4.292885930, 4.293008534
4.302885930, 4.303041552
4.312885932, 4.313061952
4.322885924, 4.323040823
4.332885926, 4.333060588
4.342885930, 4.343060199
4.352885932, 4.353048470
4.362885924, 4.363029049
4.372885934, 4.373022924
4.382885927, 4.383058050
4.392885930, 4.393037705
4.402885937, 4.403046520
4.412885929, 4.413048496
4.422885927, 4.423030491
4.432885930, 4.433054981
4.442885934, 4.443043078
4.452885921, 4.453051185
4.462885924, 4.463023472
4.472885935, 4.473045141
4.482885930, 4.483054313
4.492885921, 4.493017681
4.502885926, 4.503048286
4.512885927, 4.513011160
4.522885929, 4.523045007
4.532885923, 4.533010014
4.542885927, 4.543037299
4.552885929, 4.553056406
4.562885934, 4.563035690
4.572885929, 4.573049302
4.582885930, 4.583067380
4.592885930, 4.593050746
4.602885927, 4.603062667
4.612885923, 4.613068136
4.622885919, 4.623021197
4.632885921, 4.633070611
4.642885935, 4.643057885
4.652885927, 4.653044818
4.662885930, 4.663019377
4.672885929, 4.673037400
4.682885924, 4.683064431
4.692885923, 4.693061488
4.702885934, 4.703047425
4.712885926, 4.713072090
4.722885929, 4.723008565
4.732885921, 4.733065532
4.742885931, 4.743015003
4.752885928, 4.753034467
4.762885932, 4.763036458
4.772885921, 4.773093363
4.782885931, 4.783045320
4.792885921, 4.793020545
4.802885931, 4.803039800
4.812885923, 4.813052785
4.822885928, 4.823044486
4.832885932, 4.833024515
4.842885928, 4.843094656
4.852885928, 4.853040465
4.862885934, 4.863012379
4.872885925, 4.873020732
4.882885937, 4.883073710
4.892885926, 4.893029305
4.902885928, 4.903013920
4.912885926, 4.913050287
4.922885926, 4.923026223
4.932885925, 4.933038427
4.942885929, 4.943050344
4.952885923, 4.953020414
4.962885929, 4.963008730
4.972885921, 4.973042265
4.982885928, 4.983023639
4.992885931, 4.993039764
5.002885937, 5.003028148
5.012885940, 5.013018483
5.022885926, 5.023068907
5.032885925, 5.033050628
5.042885926, 5.043061392
5.052885928, 5.053011844
5.062885932, 5.063077156
5.072885936, 5.073038420
5.082885929, 5.083036979
5.092885936, 5.093032717
5.102885934, 5.103043904
5.112885926, 5.113026561
5.122885934, 5.123016295
5.132885934, 5.132978362
5.142885934, 5.142976671
5.152885931, 5.152979178
5.162885928, 5.162981414
5.172885929, 5.173001194
5.182885934, 5.182979399
5.192885931, 5.192997471
5.202885926, 5.202994839
5.212885932, 5.212977662
5.222885923, 5.222977375
5.232885929, 5.232996267
5.242885932, 5.242976004
5.252885923, 5.252976254
5.262885929, 5.262979352
5.272885923, 5.273049277
5.282885929, 5.282975817
5.292885925, 5.292982240
5.302885928, 5.303009859
5.312885926, 5.313042551
5.322885926, 5.323001450
5.332885923, 5.333032381
5.342885923, 5.342981179
5.352885936, 5.353065084
5.362885926, 5.363046324
5.372885921, 5.373090868
5.382885929, 5.383085103
5.392885926, 5.393057990
5.402885926, 5.403032677
5.412885923, 5.413005391
5.422885924, 5.422966250
5.432885930, 5.432978653
5.442885930, 5.442999310
5.452885930, 5.453028785
5.462885935, 5.463044413
5.472885929, 5.473016655
5.482885929, 5.483018903
5.492885927, 5.492991902
5.502885927, 5.502979759
5.512885929, 5.512975952
5.522885924, 5.522978061
5.532885930, 5.533002658
5.542885927, 5.542986234
5.552885927, 5.552992992
5.562885927, 5.562969213
5.572885921, 5.572984003
5.582885919, 5.582971474
5.592885942, 5.592985921
5.602885923, 5.602971008
5.612885924, 5.612960329
5.622885929, 5.622975556
5.632885924, 5.632975046
5.642885921, 5.642990607
5.652885930, 5.652960164
5.662885923, 5.662976002
5.672885930, 5.672979951
5.682885924, 5.682977150
5.692885926, 5.692955472
5.702885930, 5.702961920
5.712885924, 5.712984729
5.722885934, 5.722964161
5.732885930, 5.732972434
5.742885923, 5.742964849
5.752885930, 5.752976070
5.762885927, 5.762957105
5.772885923, 5.772970882
5.782885930, 5.782974313
5.792885929, 5.792945787
5.802885923, 5.802957545
5.812885930, 5.812964645
5.822885927, 5.822964841
5.832885921, 5.833015783
5.842885924, 5.842980277
5.852885927, 5.852974217
5.862885921, 5.862965763
5.872885929, 5.872975762
5.882885926, 5.882992636
5.892885929, 5.892957105
5.902885929, 5.902968408
5.912885924, 5.912969153
5.922885924, 5.922977547
5.932885926, 5.932976291
5.942885926, 5.942967505
5.952885927, 5.952981701
5.962885924, 5.963004529
5.972885926, 5.972959618
5.982885924, 5.982981072
5.992885924, 5.992989021
6.002885921, 6.003032338
6.012885929, 6.012978729
6.022885927, 6.022979481
6.032885927, 6.032995139
6.042885923, 6.042981369
6.052885926, 6.052989374
6.062885923, 6.062990337
6.072885930, 6.072982034
6.082885923, 6.082982086
6.092885921, 6.092987382
6.102885934, 6.102986461
6.112885921, 6.112986032
6.122885932, 6.122989174
6.132885923, 6.132982088
6.142885923, 6.142997133
6.152885923, 6.152999735
6.162885938, 6.162985315
6.172885923, 6.172992205
6.182885919, 6.182990893
6.192885923, 6.192985174
6.202885927, 6.202980452
6.212885926, 6.212977049
6.222885929, 6.222985037
6.232885926, 6.232994814
6.242885927, 6.242991954
6.252885930, 6.252987915
6.262885923, 6.262983120
6.272885924, 6.272983348
6.282885930, 6.282987003
6.292885923, 6.292985640
6.302885930, 6.302984254
6.312885930, 6.312992854
6.322885929, 6.322977766
6.332885934, 6.332980990
6.342885927, 6.342976107
6.352885937, 6.352978800
6.362885934, 6.362982160
6.372885927, 6.372998639
6.382885934, 6.382987734
6.392885924, 6.392987655
6.402885927, 6.402988070
6.412885930, 6.412981135
6.422885924, 6.422987795
6.432885923, 6.432985002
6.442885927, 6.442981922
6.452885935, 6.452979669
6.462885929, 6.462984014
6.472885930, 6.472986938
6.482885923, 6.482989628
6.492885923, 6.492980960
6.502885926, 6.503005648
6.512885927, 6.512977783
6.522885923, 6.523000992
6.532885924, 6.532990464
6.542885927, 6.542982413
6.552885937, 6.552980837
6.562885935, 6.562978235
6.572885926, 6.572980725
6.582885930, 6.583022051
6.592885927, 6.592977174
6.602885924, 6.602991826
6.612885923, 6.612974611
6.622885932, 6.622978027
6.632885926, 6.632980633
6.642885926, 6.642983546
6.652885924, 6.652980955
6.662885921, 6.662980134
6.672885927, 6.672995387
6.682885923, 6.682993345
6.692885923, 6.692994949
6.702885927, 6.702977078
6.712885926, 6.712978570
6.722885921, 6.722979768
6.732885923, 6.732981115
6.742885932, 6.742993950
6.752885926, 6.752987933
6.762885929, 6.762979920
6.772885926, 6.773019405
6.782885924, 6.782979710
6.792885924, 6.792988640
6.802885929, 6.802981759
6.812885930, 6.812988893
6.822885927, 6.822985984
6.832885926, 6.833045407
6.842885924, 6.842995177
6.852885929, 6.853027942
6.862885927, 6.862979852
6.872885921, 6.873038079
6.882885929, 6.883038661
6.892885930, 6.893021434
6.902885926, 6.903039634
6.912885930, 6.913001396
6.922885921, 6.922991206
6.932885926, 6.933011389
6.942885927, 6.943003071
6.952885930, 6.952985252
6.962885924, 6.962984491
6.972885923, 6.972994188
6.982885923, 6.982979918
6.992885921, 6.992974810
7.002885924, 7.002961614
7.012885935, 7.012960423
7.022885930, 7.022945684
7.032885929, 7.032999200
7.042885924, 7.042993843
7.052885929, 7.052964612
7.062885923, 7.062964527
7.072885923, 7.072963922
7.082885937, 7.082976920
7.092885927, 7.092998641
7.102885923, 7.102962503
7.112885926, 7.112963875
7.122885923, 7.122993404
7.132885924, 7.132988482
7.142885923, 7.142985331
7.152885924, 7.153032371
7.162885924, 7.163044440
7.172885924, 7.172976880
7.182885929, 7.182939107
7.192885924, 7.193000239
7.202885923, 7.203068175
7.212885925, 7.213046275
7.222885920, 7.223038821
7.232885932, 7.232989548
7.242885925, 7.243072503
7.252885923, 7.253019267
7.262885925, 7.263060574
7.272885945, 7.273077210
7.282885930, 7.283050559
7.292885929, 7.293068076
7.302885942, 7.303053249
7.312885945, 7.313085096
7.322885929, 7.323055340
7.332885949, 7.333055393
7.342885927, 7.343102176
7.352885951, 7.353096946
7.362885948, 7.363061558
7.372885953, 7.373055436
7.382885929, 7.382999577
7.392885921, 7.392995197
7.402885927, 7.403004399
7.412885929, 7.413038309
7.422885927, 7.423008087
7.432885926, 7.433073928
7.442885923, 7.443020401
7.452885923, 7.453027402
7.462885932, 7.462981657
7.472885929, 7.473001578
7.482885929, 7.483014346
7.492885923, 7.493037169
7.502885929, 7.502978980
7.512885929, 7.513000870
7.522885927, 7.522981664
7.532885929, 7.533058073
7.542885921, 7.543051111
7.552885934, 7.553020946
7.562885923, 7.562984093
7.572885924, 7.572987858
7.582885934, 7.583007341
7.592885923, 7.593038827
7.602885930, 7.603023423
7.612885929, 7.613031751
7.622885924, 7.623023464
7.632885924, 7.633037164
7.642885935, 7.642990609
7.652885932, 7.652978208
7.662885924, 7.663021191
7.672885937, 7.672998783
7.682885927, 7.683024368
7.692885927, 7.693012737
7.702885921, 7.703079080
7.712885934, 7.713019672
7.722885930, 7.722981300
7.732885927, 7.733003588
7.742885923, 7.742992123
7.752885927, 7.753013882
7.762885932, 7.763049281
7.772885935, 7.772988174
7.782885926, 7.783050693
7.792885934, 7.792978215
7.802885929, 7.803019318
7.812885930, 7.813038249
7.822885923, 7.823018218
7.832885923, 7.833022452
7.842885929, 7.842980423
7.852886025, 7.852975123
7.862885926, 7.863019975
7.872885923, 7.873022934
7.882885932, 7.883019023
7.892885930, 7.892979833
7.902885923, 7.903014106
7.912885919, 7.913021106
7.922885926, 7.923029643
7.932885934, 7.932999088
7.942885921, 7.943045755
7.952885930, 7.953023561
7.962885926, 7.962980234
7.972885919, 7.972989128
7.982885930, 7.983017645
7.992886028, 7.993035557
8.002885937, 8.003008451
8.012885935, 8.012999520
8.022885932, 8.022991438
8.032885923, 8.033021813
8.042885926, 8.043038876
8.052885923, 8.053035432
8.062885930, 8.063003365
8.072885926, 8.072978325
8.082885924, 8.083036727
8.092885927, 8.093015646
8.102886032, 8.103047271
8.112885923, 8.113027612
8.122885927, 8.123006873
8.132885927, 8.133015636
8.142885926, 8.143013768
8.152885935, 8.152993195
8.162885937, 8.163008018
8.172885930, 8.173053203
8.182885924, 8.183033382
8.192885924, 8.193013691
8.202885927, 8.203019405
8.212885927, 8.213041298
8.222885924, 8.223009054
8.232885923, 8.233007803
8.242885923, 8.242981478
8.252885927, 8.253003321
8.262885924, 8.263028143
8.272885927, 8.273003547
8.282885932, 8.283000176
8.292885929, 8.292979119
8.302885923, 8.303002659
8.312885924, 8.313003864
8.322885926, 8.323013514
8.332885926, 8.333000253
8.342885927, 8.343022678
8.352885929, 8.353015598
8.362885924, 8.363064693
8.372885929, 8.373008692
8.382885929, 8.383016824
8.392885924, 8.393015575
8.402885924, 8.403023842
8.412885940, 8.412994117
8.422885921, 8.422998170
8.432885930, 8.433007071
8.442885924, 8.443024153
8.452885926, 8.453006153
8.462885924, 8.463030723
8.472885930, 8.472985460
8.482885929, 8.483040916
8.492885923, 8.493010246
8.502885923, 8.503036072
8.512885921, 8.513007028
8.522885921, 8.523033993
8.532886120, 8.532998955
8.542885929, 8.543001044
8.552885929, 8.553029404
8.562885924, 8.563003640
8.572885930, 8.572984890
8.582885927, 8.583044357
8.592885927, 8.592978341
8.602885924, 8.602974343
8.612885921, 8.612979959
8.622885926, 8.622979891
8.632885926, 8.632982504
8.642885930, 8.642980537
8.652885927, 8.652980858
8.662885923, 8.662972783
8.672885929, 8.672983299
8.682886011, 8.682985989
8.692885927, 8.693001394
8.702885919, 8.703007015
8.712885930, 8.712979361
8.722885923, 8.722977258
8.732885926, 8.732985708
8.742885924, 8.742979396
8.752885923, 8.752974785
8.762885921, 8.762987006
8.772885924, 8.772974343
8.782885921, 8.782975240
8.792885927, 8.792983862
8.802885926, 8.802980679
8.812885923, 8.812985291
8.822885921, 8.823003869
8.832885921, 8.833014517
8.842885924, 8.842977168
8.852885929, 8.852980284
8.862885919, 8.863019193
8.872885924, 8.873017728
8.882885924, 8.883027188
8.892885927, 8.893028297
8.902885923, 8.903017804
8.912885923, 8.913047344
8.922885934, 8.923006205
8.932885923, 8.933034136
8.942885921, 8.943014616
8.952885921, 8.953006382
8.962885932, 8.963018889
8.972885926, 8.973001518
8.982885923, 8.983001186
8.992885926, 8.993022198
9.002885918, 9.003019751
9.012885923, 9.013045255
9.022885938, 9.023008375
9.032885921, 9.033033688
9.042885927, 9.043010911
9.052885929, 9.052984955
9.062885926, 9.062978186
9.072885927, 9.072977820
9.082885930, 9.082980010
9.092885926, 9.092998016
9.102885921, 9.103027071
9.112885921, 9.113009349
9.122885919, 9.123006711
9.132885926, 9.132981368
9.142885927, 9.143019122
9.152885921, 9.153017362
9.162885926, 9.163038306
9.172885921, 9.173032750
9.182885921, 9.182981022
9.192885926, 9.192974158
9.202885927, 9.202977992
9.212885924, 9.212982359
9.222885926, 9.222978246
9.232885919, 9.233020922
9.242885923, 9.243029938
9.252885926, 9.253020837
9.262885926, 9.263026264
9.272885929, 9.273010558
9.282885926, 9.283048675
9.292885923, 9.293018739
9.302885924, 9.302975600
9.312885923, 9.313008018
9.322885927, 9.323001210
9.332885924, 9.333022752
9.342885924, 9.343003801
9.352885930, 9.353009845
9.362885921, 9.363014168
9.372885926, 9.372995343
9.382885926, 9.383046684
9.392885930, 9.393057256
9.402885923, 9.403095764
9.412885927, 9.413061336
9.422885921, 9.423016255
9.432885945, 9.433023251
9.442885927, 9.443012071
9.452885926, 9.453021562
9.462885924, 9.463028528
9.472885927, 9.472974651
9.482885923, 9.482980648
9.492885930, 9.492976779
9.502885937, 9.502978758
9.512885929, 9.513035922
9.522885929, 9.522989695
9.532885921, 9.532977807
9.542885918, 9.542994821
9.552885929, 9.552971004
9.562885926, 9.562986300
9.572885923, 9.572973269
9.582885924, 9.582979585
9.592885924, 9.592959806
9.602885919, 9.602953201
9.612885923, 9.613013037
9.622885923, 9.622967915
9.632885923, 9.632995488
9.642885923, 9.642983856
9.652885923, 9.652965462
9.662885924, 9.662971648
9.672885923, 9.672959427
9.682885923, 9.682950959
9.692885937, 9.693003862
9.702885937, 9.702962067
9.712885927, 9.712976239
9.722885924, 9.722985976
9.732885921, 9.732960774
9.742885926, 9.742994911
9.752885929, 9.753002872
9.762885927, 9.763006306
9.772885929, 9.773074822
9.782885919, 9.782998882
9.792885930, 9.793019808
9.802885919, 9.802995761
9.812885923, 9.812980678
9.822885923, 9.823041079
9.832885923, 9.833016331
9.842885924, 9.842990541
9.852885926, 9.852978802
9.862885927, 9.863048220
9.872886028, 9.873099104
9.882885926, 9.883072299
9.892886003, 9.893087161
9.902885930, 9.903065310
9.912885942, 9.913025965
9.922885930, 9.923005898
9.932885929, 9.933119747
9.942885921, 9.943108948
9.952885916, 9.953116733
9.962885916, 9.963115280
9.972885929, 9.973118240
9.982885926, 9.983115971
9.992885923, 9.993090289
10.002885932, 10.003023776
10.012885937, 10.013124751
10.022885919, 10.023202017
10.032885949, 10.033184947
10.042885945, 10.043185492
10.052885948, 10.053227811
10.062885930, 10.063189020
10.072885946, 10.073189993
10.082885929, 10.083179173
10.092885943, 10.093186531
10.102885932, 10.103179118
10.112885930, 10.113183428
10.122885951, 10.123180866
10.132885946, 10.133182194
10.142885924, 10.143178716
10.152885943, 10.153181476
10.162885934, 10.163181251
10.172885935, 10.173184234
10.182885949, 10.183181602
10.192885945, 10.193178589
10.202885930, 10.203178574
10.212885942, 10.213178000
10.222885934, 10.223132963
10.232885927, 10.233151433
10.242885948, 10.243146823
10.252885951, 10.253096482
10.262885929, 10.263101537
10.272885953, 10.273128277
10.282885934, 10.283129044
10.292885927, 10.293066774
10.302885926, 10.303059329
10.312885921, 10.313064379
10.322885924, 10.323057139
10.332885923, 10.333061084
10.342885938, 10.343061125
10.352885921, 10.353061995
10.362885927, 10.363058475
10.372885924, 10.373058305
10.382885935, 10.383058647
10.392885921, 10.393062510
10.402885923, 10.403060059
10.412885921, 10.413059473
10.422885927, 10.423058843
10.432885924, 10.433056961
10.442885924, 10.443056766
10.452885921, 10.453058805
10.462885923, 10.463059729
10.472885921, 10.473059541
10.482885927, 10.483057704
10.492885921, 10.493053517
10.502885918, 10.503056747
10.512885924, 10.513060382
10.522885929, 10.523061660
10.532885923, 10.533054507
10.542885932, 10.543061875
10.552885921, 10.553057152
10.562885924, 10.563057948
10.572885926, 10.573056595
10.582885923, 10.583058273
10.592885929, 10.593057329
10.602885923, 10.603057400
10.612885924, 10.613057607
10.622885918, 10.623058425
10.632885924, 10.633061275
10.642885926, 10.643054076
10.652885923, 10.653057694
10.662885926, 10.663057606
10.672885923, 10.673057501
10.682885921, 10.683058396
10.692885921, 10.693057829
10.702885921, 10.703062289
10.712885921, 10.713064042
10.722885919, 10.723060424
10.732885929, 10.733059378
10.742885921, 10.743058930
10.752885926, 10.753060405
10.762885926, 10.763059574
10.772885921, 10.773058343
10.782885923, 10.783058963
10.792885934, 10.793063921
10.802885932, 10.803057299
10.812885921, 10.813059702
10.822885929, 10.823055706
10.832885926, 10.833059241
10.842885921, 10.843053416
10.852885924, 10.853057711
10.862885923, 10.863059700
10.872885923, 10.873059184
10.882885926, 10.883059624
10.892885929, 10.893062896
10.902885921, 10.903058799
10.912885927, 10.913056228
10.922885924, 10.923059123
10.932885932, 10.933060594
10.942885923, 10.943059814
10.952885921, 10.953059497
10.962885927, 10.963060408
10.972885921, 10.973060062
10.982885919, 10.983057408
10.992885924, 10.993060568
11.002885923, 11.003024477
11.012885928, 11.013058826
11.022885934, 11.023060326
11.032885937, 11.033058865
11.042885923, 11.043059173
11.052885927, 11.053061061
11.062885932, 11.063059396
11.072885927, 11.073057853
11.082885927, 11.083061789
11.092885921, 11.093059642
11.102885927, 11.103060010
11.112885927, 11.113061952
11.122885930, 11.123059857
11.132885930, 11.133057932
11.142885924, 11.143059805
11.152885929, 11.153058350
11.162885916, 11.163055608
11.172885926, 11.173060698
11.182885921, 11.183056707
11.192885930, 11.193059524
11.202885927, 11.203056636
11.212885927, 11.213061551
11.222885919, 11.223056820
11.232885927, 11.233039227
11.242885926, 11.243056892
11.252885926, 11.253055202
11.262885921, 11.263058477
11.272885923, 11.273060938
11.282885918, 11.283056236
11.292885926, 11.293055957
11.302885923, 11.303060858
11.312885934, 11.313057460
11.322885921, 11.323061530
11.332885927, 11.333057877
11.342885924, 11.343057970
11.352885945, 11.353062936
11.362885924, 11.363057843
11.372885923, 11.373060611
11.382885923, 11.383058793
11.392885929, 11.393057868
11.402885919, 11.403057146
11.412885924, 11.413059012
11.422885927, 11.423056890
11.432885929, 11.433060994
11.442885935, 11.443059189
11.452885927, 11.453060604
11.462885926, 11.463059410
11.472885923, 11.473057098
11.482885926, 11.483058024
11.492885934, 11.493055207
11.502885926, 11.503059034
11.512885932, 11.513062040
11.522885919, 11.523059544
11.532885924, 11.533057133
11.542885926, 11.543057808
11.552885924, 11.553059400
11.562885923, 11.563060984
11.572885929, 11.573059473
11.582885926, 11.583058500
11.592885929, 11.593015964
11.602885929, 11.603015266
11.612885924, 11.613015330
11.622885927, 11.623016899
11.632885921, 11.633053191
11.642885923, 11.643056014
11.652885929, 11.653056767
11.662885927, 11.663059154
11.672885935, 11.673058197
11.682885929, 11.683058339
11.692885929, 11.693060487
11.702885965, 11.703058756
11.712885927, 11.713059257
11.722885921, 11.723058013
11.732885919, 11.733060963
11.742885929, 11.743057505
11.752885927, 11.753063840
11.762885918, 11.763058382
11.772885927, 11.773063198
11.782885924, 11.783058663
11.792885923, 11.793055189
11.802885926, 11.803057289
11.812885921, 11.813058385
11.822885924, 11.823060528
11.832885924, 11.833060021
11.842885923, 11.843058671
11.852885921, 11.853059377
11.862885926, 11.863059282
11.872885924, 11.873057616
11.882885916, 11.883052921
11.892885938, 11.893058074
11.902885924, 11.903057237
11.912885926, 11.913061976
11.922885926, 11.923057880
11.932885927, 11.933060056
11.942885919, 11.943057206
11.952885943, 11.953057675
11.962885929, 11.963058463
11.972885924, 11.973056876
11.982885929, 11.983060113
11.992885923, 11.993059760
12.002885921, 12.003060299
12.012885921, 12.013060305
12.022885926, 12.023059653
12.032885923, 12.033056782
12.042885932, 12.043056584
12.052885929, 12.053057611
------------------------------
