------------------------------
test was performed using the following parameters: --mps=100 --burst=1 --reply-every=1 --msg-size=12 --time=10
------------------------------
sockperf: [Total Run] RunTime=10.100 sec; SentMessages=1011; ReceivedMessages=1010
sockperf: ========= Printing statistics for Server No: 0
sockperf: [Valid Duration] RunTime=9.980 sec; SentMessages=999; ReceivedMessages=999
sockperf: [2;35m====> avg-lat= 70.689 (std-dev=12.381)[0m
sockperf: # dropped messages = 0; # duplicated messages = 0; # out-of-order messages = 0
sockperf: [2;35mTotal 999 observations[0m; each percentile contains 9.99 observations
sockperf: ---> <MAX> observation =  111.295
sockperf: ---> percentile  99.99 =  111.295
sockperf: ---> percentile  99.90 =  106.265
sockperf: ---> percentile  99.50 =   97.113
sockperf: ---> percentile  99.00 =   90.533
sockperf: ---> percentile  95.00 =   85.842
sockperf: ---> percentile  90.00 =   85.266
sockperf: ---> percentile  75.00 =   81.413
sockperf: ---> percentile  50.00 =   73.014
sockperf: ---> percentile  25.00 =   60.480
sockperf: ---> <MIN> observation =   41.922
------------------------------
txTime, rxTime
2.062869798, 2.062995471
2.072874274, 2.072985374
2.082869803, 2.082991361
2.092869919, 2.092989005
2.102869979, 2.103000881
2.112870124, 2.112978132
2.122869971, 2.122999120
2.132869817, 2.132991766
2.142869917, 2.142976797
2.152869974, 2.152983289
2.162869816, 2.162992636
2.172869843, 2.172994247
2.182870005, 2.182979091
2.192869874, 2.192985181
2.202869809, 2.202992595
2.212869994, 2.212981061
2.222869797, 2.222966510
2.232869959, 2.232995421
2.242869891, 2.242979058
2.252869921, 2.252979214
2.262870043, 2.262991004
2.272869876, 2.272990323
2.282870016, 2.282992566
2.292870078, 2.292999962
2.302869869, 2.302990539
2.312869954, 2.312990015
2.322869799, 2.323002433
2.332869815, 2.332965913
2.342869900, 2.343001553
2.352869810, 2.352975032
2.362869906, 2.363002575
2.372869910, 2.372991417
2.382869804, 2.382995888
2.392869816, 2.392994183
2.402869837, 2.402991134
2.412869831, 2.413023495
2.422869801, 2.422989408
2.432869880, 2.433022567
2.442869796, 2.442990386
2.452869908, 2.453011252
2.462869826, 2.462994252
2.472869995, 2.472991503
2.482869902, 2.483004457
2.492869812, 2.492987207
2.502869886, 2.503007570
2.512870079, 2.512980600
2.522869872, 2.522992324
2.532869985, 2.532983898
2.542869929, 2.542988720
2.552869861, 2.552994975
2.562869805, 2.562966356
2.572869872, 2.572968657
2.582869802, 2.582962782
2.592869831, 2.593008619
2.602869824, 2.602990210
2.612870068, 2.612974797
2.622869816, 2.622986336
2.632869903, 2.633001143
2.642869858, 2.643023089
2.652869918, 2.653019019
2.662869802, 2.663031734
2.672869840, 2.673030788
2.682869802, 2.683019887
2.692869828, 2.693023961
2.702869888, 2.703027120
2.712869818, 2.713025328
2.722869802, 2.723021514
2.732869804, 2.733032951
2.742869799, 2.743019898
2.752869902, 2.753021149
2.762869906, 2.763048697
2.772870004, 2.773038856
2.782869813, 2.783014367
2.792869941, 2.793023058
2.802869902, 2.803026130
2.812869864, 2.813042898
2.822869851, 2.823041914
2.832870096, 2.833044876
2.842870031, 2.843069131
2.852869891, 2.853036941
2.862869911, 2.863022999
2.872869859, 2.873026435
2.882869834, 2.883020686
2.892869813, 2.893023252
2.902869796, 2.903032429
2.912869890, 2.913032439
2.922869898, 2.923012867
2.932869989, 2.933042799
2.942869983, 2.943026107
2.952869899, 2.953017856
2.962869798, 2.963032101
2.972869885, 2.973029871
2.982869934, 2.983031954
2.992870011, 2.993022940
3.002870100, 3.002965847
3.012869846, 3.012972052
3.022869876, 3.022976235
3.032869801, 3.033030465
3.042869898, 3.043030726
3.052869893, 3.053020406
3.062869817, 3.063028455
3.072869811, 3.073031348
3.082869820, 3.083013182
3.092869925, 3.093029721
3.102869888, 3.103004368
3.112869887, 3.113009382
3.122869921, 3.122997460
3.132869816, 3.132999553
3.142869880, 3.142981426
3.152870010, 3.152991749
3.162869869, 3.162989935
3.172869933, 3.172996770
3.182870005, 3.182999468
3.192869893, 3.192978860
3.202870007, 3.202998925
3.212869813, 3.212992159
3.222869876, 3.222979783
3.232869827, 3.232975747
3.242869926, 3.242993138
3.252869910, 3.253003172
3.262869972, 3.262987739
3.272870023, 3.273018876
3.282869806, 3.282993031
3.292870015, 3.293014446
3.302869877, 3.303027307
3.312869969, 3.313026602
3.322869805, 3.323018282
3.332869879, 3.333082411
3.342869923, 3.343030920
3.352869816, 3.353007729
3.362869895, 3.363024574
3.372869983, 3.372969542
3.382869814, 3.382987053
3.392869809, 3.392965209
3.402869813, 3.402969946
3.412869835, 3.413022520
3.422869879, 3.423064107
3.432870054, 3.433027661
3.442870027, 3.443038351
3.452869880, 3.453028637
3.462870084, 3.463034605
3.472870049, 3.473035121
3.482869877, 3.483025531
3.492869816, 3.493021230
3.502870165, 3.503036706
3.512870070, 3.513033806
3.522870070, 3.523024989
3.532869877, 3.533022111
3.542869795, 3.543028787
3.552870048, 3.553027380
3.562869811, 3.563017581
3.572869873, 3.573025048
3.582870054, 3.583031870
3.592869910, 3.593034834
3.602869874, 3.603011013
3.612869871, 3.613039302
3.622870007, 3.623033939
3.632869873, 3.633030503
3.642870021, 3.643019803
3.652869993, 3.653042400
3.662869873, 3.663025946
3.672869929, 3.673029695
3.682870049, 3.683022427
3.692870119, 3.693019841
3.702869891, 3.703029292
3.712870068, 3.713062716
3.722870068, 3.723039073
3.732869899, 3.733025151
3.742870040, 3.743022842
3.752869939, 3.753050534
3.762869871, 3.763035218
3.772870037, 3.773064821
3.782869982, 3.783045364
3.792870031, 3.793033398
3.802869875, 3.803023405
3.812869954, 3.813038692
3.822869902, 3.823019241
3.832869981, 3.833033710
3.842869815, 3.843032642
3.852870098, 3.853039365
3.862870072, 3.863034841
3.872869936, 3.873018555
3.882869886, 3.883018602
3.892869818, 3.893016518
3.902870109, 3.903020393
3.912869813, 3.912967774
3.922869864, 3.922965654
3.932869903, 3.932972489
3.942869794, 3.942967953
3.952869897, 3.952968791
3.962869878, 3.962971772
3.972869930, 3.972969914
3.982869921, 3.982969126
3.992869906, 3.992973158
4.002869951, 4.002972288
4.012869884, 4.012971639
4.022869796, 4.022969119
4.032869906, 4.032971036
4.042869895, 4.042971467
4.052869925, 4.052975910
4.062869816, 4.062970842
4.072869821, 4.072967618
4.082869944, 4.083012650
4.092869802, 4.093020773
4.102869884, 4.103036407
4.112869906, 4.113018632
4.122869906, 4.123045184
4.132869818, 4.133038798
4.142869946, 4.143015446
4.152869954, 4.153027760
4.162869990, 4.163015927
4.172869815, 4.173030640
4.182870006, 4.183028450
4.192869801, 4.193036270
4.202869929, 4.203032782
4.212869902, 4.213030411
4.222869875, 4.223027205
4.232869818, 4.233021231
4.242869903, 4.243034601
4.252869884, 4.253029397
4.262869815, 4.263004672
4.272870000, 4.272996181
4.282869891, 4.282994330
4.292869813, 4.292994743
4.302869820, 4.302982261
4.312869869, 4.313035724
4.322869876, 4.322968479
4.332870092, 4.333016620
4.342869795, 4.343000774
4.352869874, 4.352984625
4.362869887, 4.363009475
4.372869891, 4.372988124
4.382869901, 4.382995062
4.392869893, 4.393003913
4.402870023, 4.402989475
4.412869917, 4.412968609
4.422869910, 4.423033598
4.432869920, 4.433019872
4.442869861, 4.443031690
4.452869997, 4.453025487
4.462869874, 4.463029384
4.472869854, 4.473026133
4.482869803, 4.483015216
4.492869981, 4.493030768
4.502870010, 4.503010277
4.512869816, 4.513013939
4.522869850, 4.522991845
4.532869871, 4.532997981
4.542869898, 4.542987898
4.552870011, 4.552985673
4.562869854, 4.562972057
4.572869947, 4.572985850
4.582869871, 4.583021396
4.592869868, 4.593018636
4.602870027, 4.603022075
4.612869898, 4.613014177
4.622871884, 4.623044327
4.632869886, 4.633025940
4.642870078, 4.643025106
4.652870002, 4.653028379
4.662869896, 4.663026715
4.672870029, 4.673028544
4.682869956, 4.683031256
4.692869891, 4.693036699
4.702870029, 4.703041903
4.712869858, 4.713034848
4.722870068, 4.723026728
4.732870004, 4.733014643
4.742870051, 4.743025376
4.752869830, 4.753017453
4.762870030, 4.763024391
4.772870070, 4.773020016
4.782869838, 4.783036897
4.792869817, 4.793020567
4.802869827, 4.803013309
4.812869871, 4.813017611
4.822869993, 4.823024933
4.832870024, 4.833031013
4.842869884, 4.843017141
4.852870008, 4.853026032
4.862869822, 4.863033727
4.872869983, 4.873014681
4.882869999, 4.883030983
4.892869811, 4.893021472
4.902869975, 4.903037543
4.912869819, 4.913042201
4.922869809, 4.923030539
4.932869914, 4.933022436
4.942869986, 4.943039828
4.952870019, 4.953033566
4.962869874, 4.963032507
4.972869811, 4.973027588
4.982869803, 4.983026587
4.992870057, 4.993020463
5.002869879, 5.003025675
5.012869891, 5.013034526
5.022869816, 5.023023193
5.032869917, 5.033027209
5.042869880, 5.043020876
5.052869874, 5.052969037
5.062870032, 5.062974249
5.072869803, 5.072981021
5.082869885, 5.082971271
5.092869873, 5.093017864
5.102869820, 5.103036323
5.112869869, 5.113026155
5.122870007, 5.123027146
5.132870019, 5.133033102
5.142869827, 5.143032033
5.152869811, 5.153039738
5.162869809, 5.163026099
5.172869819, 5.173038062
5.182869921, 5.183032699
5.192869908, 5.193033607
5.202870070, 5.203030349
5.212869902, 5.213029227
5.222869994, 5.223001593
5.232870016, 5.232984220
5.242869899, 5.242990887
5.252869874, 5.252986483
5.262869921, 5.262994246
5.272870055, 5.272994180
5.282869920, 5.282989628
5.292870085, 5.292983521
5.302869822, 5.302991979
5.312869878, 5.312970108
5.322869869, 5.323001437
5.332869899, 5.332985515
5.342869871, 5.342986748
5.352869825, 5.352986587
5.362869800, 5.363002981
5.372870106, 5.372987268
5.382870044, 5.382980128
5.392870065, 5.392983987
5.402869845, 5.402976010
5.412869901, 5.413020895
5.422869815, 5.422989494
5.432869820, 5.432998757
5.442869804, 5.442969431
5.452869931, 5.452993645
5.462869798, 5.462981874
5.472870092, 5.472987124
5.482869893, 5.482987200
5.492869897, 5.492980995
5.502870000, 5.502994043
5.512869807, 5.512995663
5.522869817, 5.522982792
5.532869890, 5.532991234
5.542869983, 5.542997428
5.552869817, 5.552994957
5.562869801, 5.562985997
5.572869927, 5.572974422
5.582869978, 5.582995696
5.592869915, 5.593016479
5.602869902, 5.602984558
5.612869920, 5.613005565
5.622869784, 5.622996177
5.632869924, 5.632992784
5.642870032, 5.642996258
5.652869897, 5.652991204
5.662870043, 5.662988714
5.672869814, 5.672985517
5.682869867, 5.682994968
5.692869871, 5.692991739
5.702870041, 5.702992680
5.712869837, 5.713014496
5.722869897, 5.722993133
5.732869956, 5.732982402
5.742869858, 5.743016473
5.752869855, 5.752994718
5.762869818, 5.762998010
5.772870082, 5.773014559
5.782869937, 5.783042775
5.792869872, 5.792986783
5.802869915, 5.802992911
5.812869872, 5.812995462
5.822870139, 5.822992331
5.832869978, 5.833001775
5.842869878, 5.842975650
5.852869872, 5.852988419
5.862869877, 5.862988736
5.872870000, 5.872990912
5.882869904, 5.882996258
5.892870088, 5.893000450
5.902869800, 5.902991065
5.912870062, 5.912993492
5.922870010, 5.922983035
5.932869877, 5.932995547
5.942869774, 5.943030476
5.952869771, 5.953023396
5.962869763, 5.963018493
5.972869770, 5.973021811
5.982869773, 5.983029732
5.992869770, 5.993013667
6.002869773, 6.003012505
6.012869765, 6.013015794
6.022869770, 6.023092360
6.032869770, 6.033009510
6.042869766, 6.043024323
6.052869777, 6.053015558
6.062869766, 6.063012773
6.072869765, 6.073021421
6.082869774, 6.083002060
6.092869774, 6.093028706
6.102869777, 6.103013422
6.112869765, 6.113026847
6.122869766, 6.123010664
6.132869766, 6.133021209
6.142869777, 6.142998250
6.152869770, 6.153020598
6.162869777, 6.162993070
6.172869776, 6.173023094
6.182869787, 6.183000562
6.192869768, 6.193025289
6.202869774, 6.202989832
6.212869782, 6.213012977
6.222869771, 6.222985640
6.232869770, 6.232986129
6.242869768, 6.242996116
6.252869785, 6.253016555
6.262869774, 6.263004489
6.272869795, 6.273030962
6.282869770, 6.282987996
6.292869771, 6.293020027
6.302869768, 6.302994360
6.312869776, 6.313015994
6.322869765, 6.322986693
6.332869766, 6.332987970
6.342869768, 6.342986676
6.352869763, 6.352983159
6.362869760, 6.362982861
6.372869777, 6.372966478
6.382869770, 6.382988799
6.392869768, 6.392980357
6.402869768, 6.402985461
6.412869770, 6.412962331
6.422869771, 6.422978126
6.432869784, 6.432972724
6.442869771, 6.442992047
6.452869765, 6.452997587
6.462869768, 6.463017273
6.472869770, 6.473015086
6.482869771, 6.483024782
6.492869766, 6.493022153
6.502869763, 6.503025355
6.512869765, 6.513025526
6.522869765, 6.523016281
6.532869766, 6.533008428
6.542869763, 6.543027392
6.552869777, 6.553022059
6.562869768, 6.563011259
6.572869765, 6.573018795
6.582869766, 6.583023511
6.592869771, 6.593013160
6.602869782, 6.603021730
6.612869777, 6.613024216
6.622869773, 6.623030284
6.632869772, 6.633020417
6.642869766, 6.643015095
6.652869770, 6.653023117
6.662869769, 6.663014258
6.672869764, 6.673012283
6.682869767, 6.683017277
6.692869770, 6.693027584
6.702869766, 6.703029654
6.712869763, 6.713022698
6.722869769, 6.723032051
6.732869785, 6.733074427
6.742869766, 6.743048282
6.752869769, 6.753000857
6.762869763, 6.763034003
6.772869777, 6.773039274
6.782869777, 6.783037222
6.792869781, 6.793028047
6.802869775, 6.803017879
6.812869772, 6.813021309
6.822869769, 6.823029258
6.832869807, 6.833019704
6.842869767, 6.843027848
6.852869769, 6.853015696
6.862869770, 6.863018625
6.872869775, 6.873027136
6.882869778, 6.883026436
6.892869770, 6.893019288
6.902869767, 6.903030450
6.912869777, 6.912992386
6.922869769, 6.923019145
6.932869772, 6.933015433
6.942869769, 6.943046433
6.952869805, 6.953016254
6.962869767, 6.963017342
6.972869775, 6.973026842
6.982869772, 6.983016721
6.992869766, 6.993016956
7.002869764, 7.003019687
7.012869771, 7.013015705
7.022869771, 7.023019436
7.032869785, 7.033016965
7.042869771, 7.043028658
7.052869769, 7.053016360
7.062869768, 7.063006988
7.072869771, 7.073006325
7.082869775, 7.083008038
7.092869766, 7.093010074
7.102869777, 7.103021183
7.112869773, 7.113018698
7.122869764, 7.123022516
7.132869772, 7.133016050
7.142869766, 7.142965616
7.152869778, 7.153014075
7.162869775, 7.162988528
7.172869772, 7.173017354
7.182869772, 7.183004554
7.192869770, 7.192956178
7.202869766, 7.202982792
7.212869785, 7.212981678
7.222869769, 7.222986915
7.232869773, 7.232990576
7.242869770, 7.242997272
7.252869770, 7.252992964
7.262869770, 7.262980051
7.272869791, 7.272999467
7.282869772, 7.282966484
7.292869772, 7.292998595
7.302869775, 7.303005576
7.312869764, 7.312993925
7.322869759, 7.322993380
7.332869780, 7.332985157
7.342869767, 7.342991561
7.352869769, 7.352958992
7.362869764, 7.362986029
7.372869770, 7.372988322
7.382869766, 7.382988020
7.392869786, 7.392992641
7.402869769, 7.402991481
7.412869772, 7.412989351
7.422869764, 7.422993180
7.432869766, 7.432983594
7.442869769, 7.442991756
7.452869769, 7.453008977
7.462869770, 7.462979742
7.472869764, 7.473005576
7.482869769, 7.482992185
7.492869770, 7.492969861
7.502869766, 7.502987088
7.512869764, 7.512982799
7.522869773, 7.523002704
7.532869770, 7.532975575
7.542869769, 7.542987504
7.552869766, 7.552985674
7.562869761, 7.562997558
7.572869761, 7.572982038
7.582869772, 7.582979183
7.592869767, 7.592999364
7.602869772, 7.602994020
7.612869767, 7.612986470
7.622869767, 7.622965300
7.632869778, 7.632976230
7.642869775, 7.642984876
7.652869767, 7.652980407
7.662869772, 7.662967474
7.672869767, 7.672972171
7.682869777, 7.682984488
7.692869783, 7.692973399
7.702869775, 7.702970352
7.712869769, 7.712991388
7.722869775, 7.722994388
7.732869772, 7.732987805
7.742869767, 7.742980437
7.752869785, 7.753016453
7.762869770, 7.763013012
7.772869797, 7.773062032
7.782869777, 7.783024155
7.792869764, 7.793011167
7.802869769, 7.803017305
7.812869783, 7.813012428
7.822869772, 7.823014421
7.832869770, 7.833030475
7.842869766, 7.843007439
7.852869775, 7.853018573
7.862869770, 7.863037889
7.872869786, 7.873033574
7.882869770, 7.883023966
7.892869776, 7.893033511
7.902869773, 7.903028342
7.912869777, 7.913026280
7.922869767, 7.923016191
7.932869766, 7.933008454
7.942869775, 7.942959054
7.952869777, 7.952957525
7.962869767, 7.962957623
7.972869770, 7.973008441
7.982869762, 7.983005526
7.992869785, 7.993010071
8.002869777, 8.002986841
8.012869764, 8.012990747
8.022869804, 8.022989402
8.032869777, 8.032992294
8.042869772, 8.042997159
8.052869779, 8.052980784
8.062869777, 8.062990261
8.072869771, 8.072985354
8.082869766, 8.083009980
8.092869771, 8.093009970
8.102869763, 8.102981860
8.112869769, 8.112984144
8.122869768, 8.122975531
8.132869764, 8.132997489
8.142869772, 8.142984528
8.152869774, 8.152987484
8.162869768, 8.162976195
8.172869794, 8.172989760
8.182869769, 8.182964770
8.192869779, 8.192984948
8.202869768, 8.202985606
8.212869772, 8.213029080
8.222869769, 8.222983307
8.232869780, 8.232983560
8.242869772, 8.242980560
8.252869766, 8.252985933
8.262869771, 8.262992173
8.272869801, 8.273056974
8.282869772, 8.283000462
8.292869766, 8.292987160
8.302869771, 8.302987108
8.312869771, 8.312990000
8.322869769, 8.322986680
8.332869769, 8.332981684
8.342869768, 8.343009402
8.352869791, 8.353028838
8.362869779, 8.362991096
8.372869766, 8.373017352
8.382869775, 8.382979037
8.392869768, 8.392988137
8.402869761, 8.402988426
8.412869775, 8.412959212
8.422869771, 8.423006934
8.432869764, 8.433018473
8.442869768, 8.442991387
8.452869772, 8.453008289
8.462869768, 8.462992696
8.472869793, 8.473030518
8.482869771, 8.482997881
8.492869766, 8.493009738
8.502869769, 8.502991181
8.512869780, 8.512992324
8.522869774, 8.522968913
8.532869772, 8.532996049
8.542869766, 8.542986135
8.552869775, 8.552995946
8.562869766, 8.562992508
8.572869766, 8.572978020
8.582869763, 8.582985632
8.592869772, 8.592989948
8.602869763, 8.602968180
8.612869763, 8.612999107
8.622869766, 8.622997195
8.632869772, 8.633008454
8.642869768, 8.642985805
8.652869783, 8.653025213
8.662869812, 8.662990262
8.672869766, 8.673019467
8.682869769, 8.683040154
8.692869764, 8.693018400
8.702869771, 8.703019316
8.712869771, 8.713021926
8.722869774, 8.723014210
8.732869764, 8.733017839
8.742869774, 8.743018158
8.752869766, 8.753028457
8.762869763, 8.763029444
8.772869796, 8.773029454
8.782869775, 8.783020206
8.792869766, 8.793030810
8.802869764, 8.803014020
8.812869769, 8.813019271
8.822869769, 8.823021165
8.832869782, 8.833054961
8.842869774, 8.843009370
8.852869769, 8.853024294
8.862869772, 8.863012286
8.872869774, 8.873015073
8.882869766, 8.883020407
8.892869766, 8.893012886
8.902869775, 8.903004656
8.912869772, 8.913028936
8.922869769, 8.923005979
8.932869769, 8.933009956
8.942869769, 8.943009279
8.952869763, 8.953020672
8.962869771, 8.963011292
8.972869777, 8.973015083
8.982869769, 8.983010477
8.992869774, 8.993016309
9.002869768, 9.003000329
9.012869764, 9.013010554
9.022869775, 9.023008162
9.032869768, 9.033045069
9.042869777, 9.043034310
9.052869769, 9.053029403
9.062869771, 9.063007692
9.072869779, 9.073040143
9.082869769, 9.083004779
9.092869772, 9.093019039
9.102869771, 9.103004201
9.112869779, 9.113015653
9.122869766, 9.123017835
9.132869779, 9.133021757
9.142869771, 9.143011099
9.152869777, 9.153022434
9.162869779, 9.163014191
9.172869788, 9.173003997
9.182869801, 9.183006898
9.192869785, 9.193016531
9.202869779, 9.203019226
9.212869772, 9.213012556
9.222869768, 9.223016619
9.232869766, 9.233012290
9.242869764, 9.242979794
9.252869779, 9.252997281
9.262869772, 9.262979640
9.272869771, 9.273012075
9.282869766, 9.282964100
9.292869779, 9.292979475
9.302869771, 9.302988481
9.312869780, 9.312998515
9.322869763, 9.322972007
9.332869764, 9.332990139
9.342869766, 9.342988650
9.352869763, 9.352991488
9.362869758, 9.362977604
9.372869777, 9.372992648
9.382869780, 9.382984908
9.392869766, 9.392991816
9.402869768, 9.402961628
9.412869777, 9.412970097
9.422869774, 9.422993322
9.432869772, 9.432980031
9.442869771, 9.442960791
9.452869772, 9.453030166
9.462869777, 9.462998957
9.472869769, 9.473009847
9.482869772, 9.483021523
9.492869779, 9.492994382
9.502869777, 9.502997915
9.512869764, 9.512977688
9.522869771, 9.522991556
9.532869769, 9.532976698
9.542869768, 9.542995539
9.552869764, 9.552976613
9.562869768, 9.562994189
9.572869766, 9.572984684
9.582869771, 9.582990155
9.592869777, 9.592987504
9.602869769, 9.602993886
9.612869774, 9.613002390
9.622869775, 9.622985107
9.632869763, 9.632982785
9.642869774, 9.642985507
9.652869769, 9.652980271
9.662869766, 9.662963139
9.672869779, 9.672978618
9.682869764, 9.682983459
9.692869771, 9.692983735
9.702869768, 9.702969874
9.712869764, 9.712993302
9.722869761, 9.722958914
9.732869782, 9.733016415
9.742869766, 9.742980942
9.752869771, 9.752972873
9.762869769, 9.762979846
9.772869779, 9.773036513
9.782869777, 9.783039003
9.792869772, 9.793034642
9.802869763, 9.803010589
9.812869774, 9.813020516
9.822869771, 9.823032700
9.832869766, 9.833035450
9.842869761, 9.843015456
9.852869781, 9.853028121
9.862869770, 9.863018633
9.872869772, 9.873025392
9.882869767, 9.883018760
9.892869761, 9.893020550
9.902869758, 9.902956444
9.912869777, 9.912966045
9.922869770, 9.923004161
9.932869764, 9.933005337
9.942869766, 9.943012551
9.952869769, 9.953004706
9.962869769, 9.962994192
9.972869775, 9.972998016
9.982869770, 9.983005385
9.992869796, 9.993028912
10.002869766, 10.003013878
10.012869767, 10.012981076
10.022869761, 10.023042495
10.032869762, 10.033040465
10.042869770, 10.043040310
10.052869775, 10.053041439
10.062869778, 10.063041554
10.072869762, 10.073017790
10.082869764, 10.083039912
10.092869777, 10.093040198
10.102869766, 10.103039718
10.112869762, 10.113039748
10.122869775, 10.123040431
10.132869766, 10.133042468
10.142869759, 10.143040236
10.152869777, 10.153039854
10.162869766, 10.163040299
10.172869762, 10.173040539
10.182869767, 10.183040722
10.192869766, 10.193041074
10.202869772, 10.203015605
10.212869780, 10.213027633
10.222869764, 10.223039659
10.232869769, 10.233041197
10.242869769, 10.243038170
10.252869762, 10.253038643
10.262869764, 10.263037678
10.272869762, 10.273038336
10.282869780, 10.283046648
10.292869761, 10.293042549
10.302869773, 10.303040444
10.312869764, 10.313040354
10.322869769, 10.323041414
10.332869781, 10.333016761
10.342869769, 10.343039535
10.352869764, 10.353038969
10.362869764, 10.363040237
10.372869762, 10.373040032
10.382869769, 10.383041687
10.392869788, 10.393039353
10.402869766, 10.403039615
10.412869761, 10.412977844
10.422869773, 10.423040076
10.432869767, 10.433040994
10.442869770, 10.443038633
10.452869780, 10.453038835
10.462869764, 10.463037894
10.472869762, 10.473020709
10.482869767, 10.483038841
10.492869769, 10.493041739
10.502869766, 10.503039713
10.512869764, 10.513038055
10.522869772, 10.523040059
10.532869769, 10.533040100
10.542869766, 10.542964373
10.552869764, 10.553040776
10.562869772, 10.563039873
10.572869781, 10.573033347
10.582869766, 10.583039669
10.592869762, 10.593040638
10.602869778, 10.603041074
10.612869762, 10.613038736
10.622869772, 10.622959028
10.632869770, 10.632953614
10.642869764, 10.643039100
10.652869767, 10.653042642
10.662869766, 10.663041036
10.672869766, 10.673040902
10.682869766, 10.683040755
10.692869777, 10.693039824
10.702869767, 10.702957195
10.712869803, 10.713041480
10.722869770, 10.723038153
10.732869767, 10.733037992
10.742869766, 10.743038006
10.752869781, 10.753039978
10.762869770, 10.763040926
10.772869772, 10.773047467
10.782869773, 10.783049565
10.792869759, 10.793039680
10.802869766, 10.803040877
10.812869780, 10.813016619
10.822869770, 10.823037534
10.832869769, 10.833039350
10.842869764, 10.843038118
10.852869761, 10.853028563
10.862869764, 10.863041098
10.872869777, 10.873040332
10.882869767, 10.883040340
10.892869764, 10.893013358
10.902869766, 10.903038230
10.912869766, 10.913039241
10.922869759, 10.923038639
10.932869783, 10.933014515
10.942869761, 10.943036648
10.952869769, 10.953014954
10.962869762, 10.963040466
10.972869764, 10.973038489
10.982869762, 10.983038139
10.992869764, 10.993040034
11.002869764, 11.003038267
11.012869766, 11.012956621
11.022869769, 11.023040667
11.032869762, 11.033040136
11.042869766, 11.043040251
11.052869778, 11.053039495
11.062869777, 11.062958428
11.072869767, 11.072960435
11.082869775, 11.083039241
11.092869770, 11.093040662
11.102869769, 11.103038104
11.112869780, 11.113037612
11.122869773, 11.123044508
11.132869759, 11.133043629
11.142869764, 11.143041366
11.152869764, 11.153033645
11.162869761, 11.163040341
11.172869783, 11.173039555
11.182869766, 11.183040141
11.192869764, 11.193039123
11.202869773, 11.202958057
11.212869764, 11.212958496
11.222869762, 11.223041354
11.232869769, 11.233041963
11.242869764, 11.243038450
11.252869761, 11.253040327
11.262869772, 11.263040267
11.272869775, 11.273040313
11.282869769, 11.283050835
11.292869769, 11.293041961
11.302869770, 11.303041079
11.312869770, 11.313012363
11.322869766, 11.323040509
11.332869773, 11.333040596
11.342869767, 11.343043106
11.352869780, 11.353038175
11.362869773, 11.363040398
11.372869770, 11.373039773
11.382869764, 11.383040728
11.392869767, 11.392958908
11.402869759, 11.403040357
11.412869785, 11.413039967
11.422869766, 11.423037847
11.432869769, 11.433039683
11.442869770, 11.443037975
11.452869777, 11.453025530
11.462869772, 11.463038242
11.472869775, 11.473039465
11.482869769, 11.483040809
11.492869770, 11.493041600
11.502869762, 11.503038229
11.512869772, 11.513039462
11.522869759, 11.523040741
11.532869775, 11.533039970
11.542869770, 11.543037670
11.552869767, 11.552957786
11.562869766, 11.562959674
11.572869808, 11.573038238
11.582869764, 11.583038213
11.592869780, 11.593038595
11.602869766, 11.603040114
11.612869775, 11.613040373
11.622869778, 11.623041262
11.632869769, 11.633040406
11.642869762, 11.642955016
11.652869777, 11.653041462
11.662869778, 11.663040438
11.672869770, 11.673040335
11.682869772, 11.683037948
11.692869769, 11.692956616
11.702869766, 11.702954175
11.712869775, 11.713035919
11.722869770, 11.723038523
11.732869769, 11.733040709
11.742869777, 11.743039591
11.752869764, 11.753038925
11.762869766, 11.763041732
11.772869785, 11.773047806
11.782869794, 11.783049813
11.792869762, 11.793042361
11.802869772, 11.803040880
11.812869773, 11.813038267
11.822869764, 11.823040256
11.832869780, 11.833039967
11.842869770, 11.842964734
11.852869764, 11.853038336
11.862869764, 11.863041767
11.872869766, 11.873020866
11.882869767, 11.883038044
11.892869775, 11.893040005
11.902869764, 11.903038265
11.912869770, 11.913042100
11.922869773, 11.923038287
11.932869762, 11.933039835
11.942869772, 11.943036991
11.952869777, 11.953039416
11.962869770, 11.963037746
11.972869769, 11.973040272
11.982869764, 11.983041841
11.992869769, 11.993040654
12.002869773, 12.002959117
12.012869781, 12.013039723
12.022869764, 12.023038761
12.032869770, 12.033041331
12.042869769, 12.043038316
------------------------------
