------------------------------
test was performed using the following parameters: --mps=100 --burst=1 --reply-every=1 --msg-size=12 --time=10
------------------------------
sockperf: [Total Run] RunTime=10.100 sec; SentMessages=1011; ReceivedMessages=1010
sockperf: ========= Printing statistics for Server No: 0
sockperf: [Valid Duration] RunTime=9.990 sec; SentMessages=1000; ReceivedMessages=1000
sockperf: [2;35m====> avg-lat= 89.477 (std-dev=13.220)[0m
sockperf: # dropped messages = 0; # duplicated messages = 0; # out-of-order messages = 0
sockperf: [2;35mTotal 1000 observations[0m; each percentile contains 10.00 observations
sockperf: ---> <MAX> observation =  139.418
sockperf: ---> percentile  99.99 =  139.418
sockperf: ---> percentile  99.90 =  137.392
sockperf: ---> percentile  99.50 =  130.591
sockperf: ---> percentile  99.00 =  127.480
sockperf: ---> percentile  95.00 =  112.081
sockperf: ---> percentile  90.00 =  106.347
sockperf: ---> percentile  75.00 =   95.588
sockperf: ---> percentile  50.00 =   88.617
sockperf: ---> percentile  25.00 =   82.441
sockperf: ---> <MIN> observation =   30.490
------------------------------
txTime, rxTime
2.063365864, 2.063576532
2.073365746, 2.073533098
2.083365765, 2.083521616
2.093365858, 2.093564154
2.103365842, 2.103568080
2.113365856, 2.113558047
2.123365772, 2.123522106
2.133365860, 2.133566419
2.143365840, 2.143559102
2.153365845, 2.153513179
2.163365772, 2.163565423
2.173365789, 2.173533705
2.183365836, 2.183529328
2.193365762, 2.193563955
2.203365758, 2.203551363
2.213365775, 2.213572657
2.223365752, 2.223521373
2.233365830, 2.233539276
2.243365750, 2.243511560
2.253366043, 2.253549385
2.263365832, 2.263554994
2.273365926, 2.273575669
2.283366001, 2.283541739
2.293365776, 2.293533058
2.303365752, 2.303548541
2.313366195, 2.313540225
2.323365765, 2.323564646
2.333365769, 2.333543281
2.343365751, 2.343539979
2.353365969, 2.353524113
2.363365802, 2.363530909
2.373365817, 2.373518925
2.383365761, 2.383590861
2.393365764, 2.393577408
2.403366087, 2.403551303
2.413365761, 2.413544283
2.423365800, 2.423533206
2.433365766, 2.433534610
2.443365845, 2.443573999
2.453365825, 2.453543501
2.463365769, 2.463551788
2.473365768, 2.473534127
2.483365753, 2.483537329
2.493365766, 2.493553311
2.503365767, 2.503550266
2.513365861, 2.513541383
2.523365843, 2.523575505
2.533365746, 2.533564456
2.543365825, 2.543538569
2.553365791, 2.553506463
2.563365886, 2.563543710
2.573365762, 2.573551065
2.583365818, 2.583505788
2.593365753, 2.593541077
2.603365758, 2.603561068
2.613365748, 2.613540282
2.623365751, 2.623491215
2.633365861, 2.633538701
2.643365767, 2.643523180
2.653365821, 2.653540300
2.663365859, 2.663524297
2.673365845, 2.673532434
2.683365765, 2.683537563
2.693365764, 2.693552085
2.703365746, 2.703533114
2.713365765, 2.713513156
2.723365788, 2.723542839
2.733365840, 2.733554006
2.743365769, 2.743532627
2.753365849, 2.753537340
2.763365747, 2.763557790
2.773365825, 2.773531429
2.783365730, 2.783562516
2.793365748, 2.793551890
2.803365776, 2.803532631
2.813365746, 2.813565337
2.823365742, 2.823517854
2.833365756, 2.833522280
2.843365750, 2.843516937
2.853365743, 2.853518438
2.863365736, 2.863528049
2.873365737, 2.873551868
2.883365744, 2.883451716
2.893365748, 2.893450665
2.903365747, 2.903456367
2.913365752, 2.913439942
2.923365740, 2.923458826
2.933365732, 2.933544809
2.943365749, 2.943527045
2.953365745, 2.953534811
2.963365744, 2.963504755
2.973365737, 2.973552148
2.983365746, 2.983557664
2.993365738, 2.993506610
3.003365758, 3.003465798
3.013365753, 3.013472827
3.023365735, 3.023510096
3.033365756, 3.033470144
3.043365738, 3.043511252
3.053365735, 3.053442491
3.063365738, 3.063557008
3.073365750, 3.073524942
3.083365746, 3.083529178
3.093365745, 3.093616075
3.103365746, 3.103582873
3.113365743, 3.113576833
3.123365760, 3.123543643
3.133365754, 3.133578190
3.143365758, 3.143597849
3.153365753, 3.153606869
3.163365739, 3.163604083
3.173365738, 3.173634719
3.183365736, 3.183565621
3.193365735, 3.193594601
3.203365753, 3.203606776
3.213365751, 3.213572168
3.223365741, 3.223600603
3.233365738, 3.233625342
3.243365739, 3.243567139
3.253365740, 3.253580676
3.263365758, 3.263559200
3.273365756, 3.273587452
3.283365744, 3.283570363
3.293365738, 3.293591655
3.303365752, 3.303585275
3.313365754, 3.313573124
3.323365736, 3.323581340
3.333365759, 3.333569675
3.343365752, 3.343608798
3.353365737, 3.353592277
3.363365755, 3.363585375
3.373365757, 3.373597237
3.383365763, 3.383614301
3.393365750, 3.393559562
3.403365746, 3.403616273
3.413365735, 3.413587151
3.423365750, 3.423586106
3.433365756, 3.433608227
3.443365757, 3.443561416
3.453365734, 3.453596306
3.463365742, 3.463579023
3.473365742, 3.473565529
3.483365735, 3.483524699
3.493365761, 3.493554193
3.503365736, 3.503554463
3.513365738, 3.513598543
3.523365736, 3.523539748
3.533365734, 3.533513713
3.543365752, 3.543553359
3.553365743, 3.553597140
3.563365746, 3.563558041
3.573365754, 3.573514907
3.583365739, 3.583586894
3.593365735, 3.593531837
3.603365750, 3.603536586
3.613365737, 3.613512925
3.623365735, 3.623562756
3.633365735, 3.633543007
3.643365736, 3.643540836
3.653365735, 3.653587794
3.663365752, 3.663526227
3.673365747, 3.673580653
3.683365749, 3.683533346
3.693365751, 3.693561173
3.703365752, 3.703569377
3.713365732, 3.713540812
3.723365741, 3.723518051
3.733365748, 3.733533682
3.743365733, 3.743540983
3.753365737, 3.753527495
3.763365739, 3.763549661
3.773365738, 3.773544570
3.783365746, 3.783613976
3.793365745, 3.793590781
3.803365746, 3.803516973
3.813365756, 3.813540673
3.823365732, 3.823576735
3.833365734, 3.833636465
3.843365738, 3.843524004
3.853365727, 3.853540081
3.863365731, 3.863551642
3.873365750, 3.873542204
3.883365755, 3.883526209
3.893365740, 3.893515943
3.903365741, 3.903547804
3.913365735, 3.913553522
3.923365750, 3.923542985
3.933365753, 3.933542324
3.943365736, 3.943550548
3.953365731, 3.953553633
3.963365744, 3.963525183
3.973365738, 3.973536210
3.983365753, 3.983554140
3.993365750, 3.993522406
4.003365752, 4.003532179
4.013365746, 4.013519288
4.023365758, 4.023559666
4.033372090, 4.033543190
4.043365758, 4.043535831
4.053365757, 4.053536284
4.063379452, 4.063548971
4.073365762, 4.073549403
4.083365749, 4.083529615
4.093365751, 4.093540304
4.103365739, 4.103556398
4.113370944, 4.113561426
4.123370568, 4.123551374
4.133365756, 4.133500157
4.143365758, 4.143510599
4.153370872, 4.153576741
4.163365747, 4.163567198
4.173365814, 4.173553404
4.183365758, 4.183547784
4.193365757, 4.193512029
4.203365761, 4.203534121
4.213365750, 4.213570563
4.223365763, 4.223534387
4.233365761, 4.233531233
4.243365757, 4.243520154
4.253365761, 4.253506168
4.263365810, 4.263533397
4.273365795, 4.273549752
4.283365758, 4.283512983
4.293365759, 4.293546318
4.303365758, 4.303565363
4.313365751, 4.313505546
4.323365757, 4.323503726
4.333365761, 4.333508448
4.343365746, 4.343527244
4.353365762, 4.353514631
4.363366330, 4.363558397
4.373365759, 4.373541751
4.383365758, 4.383524151
4.393365754, 4.393527555
4.403365750, 4.403553997
4.413365746, 4.413543795
4.423365753, 4.423545579
4.433370202, 4.433531233
4.443377488, 4.443547649
4.453365750, 4.453528831
4.463365753, 4.463544278
4.473365753, 4.473526840
4.483365742, 4.483559374
4.493365754, 4.493554842
4.503373402, 4.503548505
4.513365759, 4.513516838
4.523365739, 4.523578481
4.533365753, 4.533527966
4.543366279, 4.543588164
4.553365753, 4.553546974
4.563377106, 4.563595119
4.573374656, 4.573569393
4.583366118, 4.583542733
4.593365738, 4.593511719
4.603365788, 4.603575271
4.613365762, 4.613542069
4.623365757, 4.623544135
4.633365759, 4.633518821
4.643365771, 4.643528905
4.653365764, 4.653523204
4.663365763, 4.663525812
4.673365762, 4.673505484
4.683365989, 4.683566915
4.693365751, 4.693580506
4.703379488, 4.703553652
4.713365756, 4.713498905
4.723368575, 4.723551653
4.733365754, 4.733541905
4.743369579, 4.743545561
4.753369732, 4.753565692
4.763372050, 4.763571704
4.773365753, 4.773544944
4.783365766, 4.783542074
4.793367714, 4.793569082
4.803365760, 4.803521522
4.813365751, 4.813533547
4.823365757, 4.823530144
4.833365761, 4.833551716
4.843365766, 4.843552110
4.853365746, 4.853562762
4.863365763, 4.863540596
4.873365756, 4.873465056
4.883365739, 4.883533813
4.893367965, 4.893463583
4.903365763, 4.903438111
4.913365761, 4.913485700
4.923365763, 4.923450662
4.933365761, 4.933569955
4.943365760, 4.943523058
4.953365754, 4.953526562
4.963365761, 4.963512656
4.973365827, 4.973522078
4.983365765, 4.983455653
4.993365748, 4.993536209
5.003365760, 5.003575021
5.013365761, 5.013565321
5.023365753, 5.023532233
5.033365757, 5.033519659
5.043376114, 5.043579182
5.053365762, 5.053568945
5.063365746, 5.063531576
5.073365746, 5.073541579
5.083365760, 5.083533499
5.093365765, 5.093524245
5.103365752, 5.103556335
5.113365773, 5.113553150
5.123365755, 5.123520145
5.133365745, 5.133529261
5.143372803, 5.143567823
5.153365765, 5.153592860
5.163368272, 5.163565654
5.173365770, 5.173563757
5.183365749, 5.183552913
5.193366466, 5.193543002
5.203365766, 5.203580366
5.213365765, 5.213534195
5.223365765, 5.223511123
5.233365767, 5.233553644
5.243365763, 5.243498885
5.253365745, 5.253539197
5.263375798, 5.263584462
5.273374007, 5.273582680
5.283365771, 5.283546882
5.293365754, 5.293513603
5.303365761, 5.303511811
5.313370401, 5.313554381
5.323365761, 5.323567586
5.333365743, 5.333515324
5.343365765, 5.343551949
5.353365757, 5.353539972
5.363366848, 5.363547299
5.373365757, 5.373551965
5.383365761, 5.383543150
5.393365759, 5.393582264
5.403365757, 5.403535146
5.413365754, 5.413541328
5.423365746, 5.423565062
5.433365757, 5.433567955
5.443372996, 5.443531117
5.453368629, 5.453572984
5.463367486, 5.463527416
5.473367174, 5.473531849
5.483365749, 5.483596720
5.493365743, 5.493581618
5.503365739, 5.503535355
5.513365756, 5.513539877
5.523365753, 5.523517843
5.533365762, 5.533574623
5.543365769, 5.543527241
5.553367685, 5.553542574
5.563372882, 5.563589408
5.573366762, 5.573581919
5.583365760, 5.583550987
5.593365764, 5.593584129
5.603365741, 5.603526503
5.613365761, 5.613524608
5.623365746, 5.623545955
5.633365765, 5.633529365
5.643365760, 5.643528840
5.653365768, 5.653531613
5.663365761, 5.663544542
5.673365756, 5.673607473
5.683365740, 5.683531288
5.693365773, 5.693579119
5.703365750, 5.703552858
5.713365753, 5.713534228
5.723367216, 5.723567171
5.733365761, 5.733524949
5.743372903, 5.743557832
5.753365748, 5.753528337
5.763365741, 5.763557363
5.773365759, 5.773556034
5.783365752, 5.783515193
5.793365764, 5.793528174
5.803365761, 5.803538497
5.813365754, 5.813564657
5.823365747, 5.823455189
5.833365757, 5.833426738
5.843365750, 5.843490179
5.853365761, 5.853582906
5.863365739, 5.863591159
5.873365757, 5.873522640
5.883365742, 5.883553927
5.893365756, 5.893530532
5.903365761, 5.903538856
5.913365757, 5.913525790
5.923365755, 5.923539382
5.933365761, 5.933552147
5.943372322, 5.943559782
5.953366181, 5.953565468
5.963365746, 5.963525895
5.973365762, 5.973544664
5.983365755, 5.983553280
5.993365756, 5.993484445
6.003365766, 6.003534031
6.013365762, 6.013529654
6.023365757, 6.023537611
6.033365750, 6.033573391
6.043365765, 6.043555179
6.053365761, 6.053535456
6.063365758, 6.063574165
6.073365761, 6.073566390
6.083365750, 6.083534350
6.093365757, 6.093522285
6.103365790, 6.103542084
6.113379150, 6.113564944
6.123365755, 6.123561694
6.133365754, 6.133571602
6.143365747, 6.143598866
6.153365745, 6.153576159
6.163365744, 6.163546208
6.173365757, 6.173537837
6.183365763, 6.183569242
6.193365756, 6.193529393
6.203365742, 6.203544389
6.213365743, 6.213562975
6.223373299, 6.223581428
6.233368367, 6.233559653
6.243365757, 6.243573763
6.253365746, 6.253522484
6.263365755, 6.263544068
6.273365756, 6.273543615
6.283365753, 6.283542109
6.293365759, 6.293557064
6.303365752, 6.303567139
6.313365756, 6.313529504
6.323365741, 6.323552702
6.333365754, 6.333578300
6.343365757, 6.343512375
6.353365756, 6.353507881
6.363365758, 6.363544803
6.373365798, 6.373515911
6.383375367, 6.383602145
6.393365761, 6.393594990
6.403365758, 6.403557557
6.413365757, 6.413540528
6.423365736, 6.423517950
6.433365754, 6.433529632
6.443365760, 6.443552445
6.453365754, 6.453513874
6.463365758, 6.463543022
6.473365757, 6.473547933
6.483365758, 6.483524841
6.493365762, 6.493551555
6.503366500, 6.503578466
6.513365737, 6.513536479
6.523365768, 6.523578764
6.533372378, 6.533555071
6.543365744, 6.543537211
6.553365756, 6.553555332
6.563365757, 6.563566993
6.573365757, 6.573514463
6.583365804, 6.583507042
6.593365761, 6.593458535
6.603365769, 6.603561706
6.613365743, 6.613593885
6.623365737, 6.623558182
6.633367714, 6.633576980
6.643365761, 6.643569554
6.653365756, 6.653544063
6.663365757, 6.663541062
6.673365761, 6.673577749
6.683365752, 6.683512072
6.693365762, 6.693543572
6.703365757, 6.703595819
6.713365764, 6.713522615
6.723372195, 6.723563827
6.733373835, 6.733564683
6.743365738, 6.743558762
6.753365756, 6.753522576
6.763365758, 6.763514339
6.773365761, 6.773546401
6.783365765, 6.783568822
6.793365762, 6.793501535
6.803365744, 6.803539108
6.813365757, 6.813514612
6.823377158, 6.823554012
6.833365762, 6.833506258
6.843365741, 6.843519335
6.853365759, 6.853522481
6.863367370, 6.863530248
6.873365750, 6.873521699
6.883365761, 6.883543686
6.893365764, 6.893537334
6.903365747, 6.903512471
6.913365759, 6.913550993
6.923365763, 6.923529181
6.933365759, 6.933547135
6.943365755, 6.943532119
6.953369212, 6.953542222
6.963365757, 6.963520873
6.973365762, 6.973576487
6.983365752, 6.983579677
6.993365757, 6.993513349
7.003365802, 7.003530656
7.013365745, 7.013552495
7.023365763, 7.023582161
7.033365752, 7.033527958
7.043365753, 7.043518327
7.053365768, 7.053544806
7.063365766, 7.063584674
7.073365759, 7.073536555
7.083365742, 7.083532894
7.093365759, 7.093582398
7.103365761, 7.103543189
7.113368443, 7.113540725
7.123365763, 7.123526841
7.133365754, 7.133570452
7.143374148, 7.143540230
7.153365763, 7.153545081
7.163365818, 7.163559838
7.173365757, 7.173553645
7.183371797, 7.183581951
7.193367835, 7.193563635
7.203365763, 7.203574985
7.213365748, 7.213551081
7.223372831, 7.223562778
7.233373142, 7.233580644
7.243365756, 7.243545349
7.253365759, 7.253540458
7.263365745, 7.263549266
7.273365763, 7.273533850
7.283365756, 7.283535441
7.293365754, 7.293543523
7.303365758, 7.303557849
7.313369087, 7.313572683
7.323365758, 7.323512749
7.333365744, 7.333556921
7.343365758, 7.343557850
7.353365767, 7.353527628
7.363365744, 7.363588708
7.373365765, 7.373548771
7.383365758, 7.383552826
7.393365759, 7.393561511
7.403365740, 7.403509463
7.413365763, 7.413528989
7.423365756, 7.423543002
7.433365757, 7.433561017
7.443365758, 7.443539968
7.453374103, 7.453578653
7.463365739, 7.463533450
7.473365759, 7.473543554
7.483365740, 7.483536508
7.493365763, 7.493520292
7.503365755, 7.503582735
7.513365760, 7.513543601
7.523365742, 7.523555292
7.533365752, 7.533544610
7.543365756, 7.543561655
7.553365760, 7.553515647
7.563365734, 7.563589897
7.573365738, 7.573544399
7.583365745, 7.583529635
7.593365749, 7.593550462
7.603365762, 7.603552894
7.613365737, 7.613518677
7.623365741, 7.623551078
7.633365740, 7.633563840
7.643365746, 7.643568512
7.653365744, 7.653537752
7.663365731, 7.663584366
7.673365740, 7.673539819
7.683365733, 7.683533222
7.693365731, 7.693519833
7.703365738, 7.703520322
7.713365745, 7.713551048
7.723365776, 7.723542711
7.733365742, 7.733578620
7.743365748, 7.743577613
7.753365735, 7.753516107
7.763365728, 7.763551946
7.773365735, 7.773558467
7.783365739, 7.783550979
7.793365735, 7.793579723
7.803365738, 7.803539000
7.813365731, 7.813562675
7.823365732, 7.823544454
7.833365736, 7.833530358
7.843365738, 7.843528046
7.853365770, 7.853535857
7.863365732, 7.863557158
7.873365733, 7.873541068
7.883365732, 7.883563435
7.893365731, 7.893531793
7.903365731, 7.903554988
7.913365727, 7.913516890
7.923365782, 7.923540012
7.933365731, 7.933558417
7.943365744, 7.943540708
7.953365737, 7.953520930
7.963365745, 7.963526425
7.973365739, 7.973546193
7.983365740, 7.983510981
7.993365731, 7.993572688
8.003365729, 8.003627641
8.013365735, 8.013539748
8.023365740, 8.023564452
8.033365772, 8.033552835
8.043365779, 8.043550089
8.053365729, 8.053571757
8.063365746, 8.063555425
8.073365737, 8.073524686
8.083365740, 8.083572359
8.093365743, 8.093551005
8.103365749, 8.103535973
8.113365737, 8.113540349
8.123365733, 8.123530359
8.133365731, 8.133526899
8.143365736, 8.143516564
8.153365735, 8.153585126
8.163365740, 8.163569794
8.173365729, 8.173556369
8.183365773, 8.183582436
8.193365734, 8.193591509
8.203365729, 8.203584947
8.213365743, 8.213561812
8.223365744, 8.223535475
8.233365739, 8.233535594
8.243365739, 8.243534312
8.253365740, 8.253505602
8.263365740, 8.263536532
8.273365738, 8.273549114
8.283365735, 8.283561852
8.293365732, 8.293549968
8.303365726, 8.303542254
8.313365740, 8.313534473
8.323365733, 8.323644570
8.333365778, 8.333561959
8.343365733, 8.343593872
8.353365740, 8.353530721
8.363365738, 8.363522935
8.373365736, 8.373520186
8.383365737, 8.383574632
8.393365740, 8.393555898
8.403365731, 8.403545764
8.413365729, 8.413550919
8.423365735, 8.423564424
8.433365731, 8.433524666
8.443365731, 8.443557591
8.453365740, 8.453523618
8.463365774, 8.463542870
8.473365745, 8.473553332
8.483365741, 8.483556984
8.493365729, 8.493524835
8.503365738, 8.503542684
8.513365740, 8.513548116
8.523365753, 8.523527491
8.533365751, 8.533541065
8.543365741, 8.543542846
8.553365743, 8.553503174
8.563365739, 8.563565845
8.573365748, 8.573539946
8.583365738, 8.583575972
8.593365737, 8.593547685
8.603365736, 8.603551527
8.613365740, 8.613576059
8.623365742, 8.623589808
8.633365806, 8.633620769
8.643365742, 8.643586063
8.653365754, 8.653640540
8.663365742, 8.663588543
8.673365750, 8.673620741
8.683365746, 8.683588727
8.693365756, 8.693622689
8.703365759, 8.703581476
8.713365739, 8.713617051
8.723365740, 8.723608263
8.733365758, 8.733602968
8.743365757, 8.743585976
8.753365744, 8.753595083
8.763365760, 8.763548281
8.773365759, 8.773626942
8.783365757, 8.783611818
8.793365753, 8.793594146
8.803365740, 8.803518161
8.813365774, 8.813553247
8.823365731, 8.823536236
8.833365740, 8.833551145
8.843365732, 8.843573207
8.853365731, 8.853531985
8.863365731, 8.863582861
8.873365732, 8.873524434
8.883365737, 8.883535134
8.893365734, 8.893540177
8.903365734, 8.903564522
8.913365737, 8.913530578
8.923365729, 8.923512378
8.933365740, 8.933540934
8.943365736, 8.943533555
8.953365732, 8.953523757
8.963365731, 8.963570070
8.973365732, 8.973544203
8.983365739, 8.983571161
8.993365732, 8.993582793
9.003365735, 9.003586055
9.013365731, 9.013576245
9.023365738, 9.023534363
9.033365732, 9.033539207
9.043365729, 9.043557962
9.053365733, 9.053525377
9.063365733, 9.063507023
9.073365733, 9.073508546
9.083365737, 9.083554430
9.093365729, 9.093563403
9.103365737, 9.103513193
9.113365736, 9.113581051
9.123365732, 9.123527564
9.133365735, 9.133553693
9.143365733, 9.143552233
9.153365735, 9.153590019
9.163365737, 9.163545930
9.173365774, 9.173548953
9.183365730, 9.183532141
9.193365737, 9.193537086
9.203365736, 9.203547086
9.213365735, 9.213534776
9.223365733, 9.223529777
9.233365772, 9.233542722
9.243365737, 9.243578753
9.253365734, 9.253548289
9.263365740, 9.263541804
9.273365734, 9.273535449
9.283365734, 9.283518210
9.293365752, 9.293560342
9.303365733, 9.303506462
9.313365733, 9.313546661
9.323365729, 9.323533089
9.333365733, 9.333544242
9.343365732, 9.343527071
9.353365776, 9.353507651
9.363365729, 9.363532756
9.373365736, 9.373522365
9.383365739, 9.383549876
9.393365733, 9.393531359
9.403365729, 9.403522676
9.413365735, 9.413536976
9.423365775, 9.423528055
9.433365738, 9.433519804
9.443365739, 9.443558288
9.453365728, 9.453528909
9.463365740, 9.463560548
9.473365746, 9.473530681
9.483365742, 9.483491521
9.493365748, 9.493570004
9.503365736, 9.503575533
9.513365731, 9.513523844
9.523365738, 9.523554004
9.533365738, 9.533540355
9.543365737, 9.543526888
9.553365730, 9.553577085
9.563365732, 9.563542004
9.573365730, 9.573545985
9.583365737, 9.583554618
9.593365744, 9.593544746
9.603365737, 9.603621655
9.613365738, 9.613529185
9.623365740, 9.623540762
9.633365734, 9.633527406
9.643365730, 9.643540661
9.653365743, 9.653573733
9.663365737, 9.663517443
9.673365741, 9.673544929
9.683365742, 9.683526404
9.693365738, 9.693538642
9.703365737, 9.703544274
9.713365730, 9.713519309
9.723365733, 9.723524424
9.733365734, 9.733550725
9.743365735, 9.743609580
9.753365735, 9.753538125
9.763365738, 9.763547040
9.773365734, 9.773540135
9.783365730, 9.783578425
9.793365737, 9.793539748
9.803365744, 9.803574921
9.813365739, 9.813526122
9.823365738, 9.823534857
9.833365741, 9.833531941
9.843365736, 9.843532901
9.853365742, 9.853554975
9.863365741, 9.863541490
9.873365737, 9.873563189
9.883365731, 9.883551359
9.893365737, 9.893538442
9.903365747, 9.903541141
9.913365743, 9.913527764
9.923365735, 9.923519090
9.933365737, 9.933526949
9.943365730, 9.943526258
9.953365734, 9.953542178
9.963365739, 9.963515223
9.973365734, 9.973551111
9.983365735, 9.983585041
9.993365734, 9.993538739
10.003365845, 10.003528335
10.013365732, 10.013515846
10.023365737, 10.023528652
10.033365732, 10.033523109
10.043365731, 10.043530843
10.053365734, 10.053536815
10.063365774, 10.063527173
10.073365735, 10.073523060
10.083365733, 10.083513870
10.093365732, 10.093503346
10.103365731, 10.103517327
10.113365729, 10.113524823
10.123365736, 10.123517501
10.133365728, 10.133527080
10.143365733, 10.143531339
10.153365745, 10.153522384
10.163365736, 10.163522416
10.173365735, 10.173515576
10.183365738, 10.183523735
10.193365734, 10.193524245
10.203365738, 10.203524284
10.213365734, 10.213530617
10.223365730, 10.223523364
10.233365734, 10.233511609
10.243365734, 10.243526533
10.253365775, 10.253522010
10.263365730, 10.263525975
10.273365735, 10.273512196
10.283365735, 10.283514197
10.293365729, 10.293516722
10.303365733, 10.303545060
10.313365776, 10.313541495
10.323365733, 10.323543917
10.333365734, 10.333540714
10.343365736, 10.343527809
10.353365731, 10.353513396
10.363365735, 10.363514588
10.373365734, 10.373514639
10.383365737, 10.383523322
10.393365729, 10.393545733
10.403365733, 10.403542971
10.413365737, 10.413539814
10.423365736, 10.423544972
10.433365729, 10.433540439
10.443365733, 10.443541734
10.453365732, 10.453544543
10.463365731, 10.463543960
10.473365737, 10.473540941
10.483365731, 10.483543424
10.493365738, 10.493475000
10.503365738, 10.503543258
10.513365735, 10.513543540
10.523365733, 10.523536884
10.533365731, 10.533541016
10.543365731, 10.543546249
10.553365776, 10.553540351
10.563365733, 10.563540751
10.573365729, 10.573543583
10.583365731, 10.583543877
10.593365735, 10.593539413
10.603365730, 10.603544335
10.613365735, 10.613546297
10.623365736, 10.623543132
10.633365734, 10.633541057
10.643365774, 10.643541417
10.653365735, 10.653540190
10.663365733, 10.663543356
10.673365729, 10.673540463
10.683365736, 10.683541370
10.693365729, 10.693543105
10.703365725, 10.703544801
10.713365734, 10.713539877
10.723365735, 10.723541280
10.733365775, 10.733542902
10.743365739, 10.743541999
10.753365734, 10.753543515
10.763365731, 10.763544829
10.773365735, 10.773540660
10.783365736, 10.783546329
10.793365737, 10.793538906
10.803365733, 10.803538195
10.813365732, 10.813543130
10.823365733, 10.823540338
10.833365731, 10.833539178
10.843365730, 10.843543568
10.853365727, 10.853540788
10.863365730, 10.863544555
10.873365731, 10.873546281
10.883365733, 10.883546902
10.893365735, 10.893535736
10.903365735, 10.903545085
10.913365735, 10.913546562
10.923365774, 10.923545148
10.933365731, 10.933540327
10.943365725, 10.943551897
10.953365732, 10.953509582
10.963365735, 10.963548019
10.973365731, 10.973545430
10.983365730, 10.983545278
10.993365773, 10.993545098
11.003365725, 11.003545137
11.013365732, 11.013547044
11.023365742, 11.023472664
11.033365737, 11.033547192
11.043365735, 11.043538618
11.053365729, 11.053547170
11.063365735, 11.063545875
11.073365732, 11.073537413
11.083365733, 11.083545887
11.093365731, 11.093549931
11.103365736, 11.103547786
11.113365738, 11.113546286
11.123365733, 11.123546290
11.133365729, 11.133544118
11.143365738, 11.143547804
11.153365745, 11.153545786
11.163365733, 11.163542846
11.173365729, 11.173546622
11.183365731, 11.183550172
11.193365731, 11.193542912
11.203365736, 11.203546310
11.213365734, 11.213544091
11.223365730, 11.223543326
11.233365732, 11.233543253
11.243365736, 11.243543977
11.253365735, 11.253538196
11.263365731, 11.263547885
11.273365734, 11.273544740
11.283365736, 11.283535566
11.293365727, 11.293545397
11.303365765, 11.303543973
11.313365737, 11.313543180
11.323365730, 11.323538146
11.333365727, 11.333546262
11.343365736, 11.343544634
11.353365735, 11.353544199
11.363365741, 11.363535463
11.373365732, 11.373543447
11.383365742, 11.383537788
11.393365735, 11.393537653
11.403365731, 11.403534247
11.413365731, 11.413540526
11.423365733, 11.423545058
11.433365735, 11.433536037
11.443365730, 11.443544735
11.453365735, 11.453537978
11.463365731, 11.463542933
11.473365729, 11.473538281
11.483365738, 11.483544223
11.493365732, 11.493535966
11.503365731, 11.503550662
11.513365737, 11.513538068
11.523365733, 11.523543563
11.533365729, 11.533542722
11.543365725, 11.543536979
11.553365737, 11.553533056
11.563365728, 11.563545278
11.573365773, 11.573546289
11.583365730, 11.583546569
11.593365731, 11.593544504
11.603365733, 11.603535680
11.613365732, 11.613541254
11.623365730, 11.623533771
11.633365727, 11.633543013
11.643365738, 11.643536261
11.653365731, 11.653548229
11.663365731, 11.663545873
11.673365729, 11.673532977
11.683365735, 11.683544640
11.693365737, 11.693542298
11.703365735, 11.703543997
11.713365732, 11.713542914
11.723365736, 11.723543641
11.733365729, 11.733544728
11.743365735, 11.743548466
11.753365770, 11.753544123
11.763365746, 11.763533714
11.773365750, 11.773545960
11.783365731, 11.783542960
11.793365731, 11.793533598
11.803365728, 11.803541773
11.813365727, 11.813545853
11.823365733, 11.823545860
11.833365726, 11.833543650
11.843365728, 11.843544344
11.853365732, 11.853536623
11.863365731, 11.863538408
11.873365737, 11.873536909
11.883365735, 11.883540540
11.893365734, 11.893546370
11.903365739, 11.903550237
11.913365731, 11.913539847
11.923365779, 11.923541881
11.933365775, 11.933541481
11.943365730, 11.943537262
11.953365729, 11.953539651
11.963365728, 11.963539887
11.973365735, 11.973541586
11.983365731, 11.983544220
11.993365731, 11.993537313
12.003365738, 12.003538465
12.013365735, 12.013534076
12.023365731, 12.023541687
12.033365737, 12.033538006
12.043365739, 12.043538508
12.053365731, 12.053537643
------------------------------
