------------------------------
test was performed using the following parameters: --mps=100 --burst=1 --reply-every=1 --msg-size=12 --time=10
------------------------------
sockperf: [Total Run] RunTime=10.100 sec; SentMessages=1011; ReceivedMessages=1010
sockperf: ========= Printing statistics for Server No: 0
sockperf: [Valid Duration] RunTime=9.990 sec; SentMessages=1000; ReceivedMessages=1000
sockperf: [2;35m====> avg-lat= 77.073 (std-dev=13.709)[0m
sockperf: # dropped messages = 0; # duplicated messages = 0; # out-of-order messages = 0
sockperf: [2;35mTotal 1000 observations[0m; each percentile contains 10.00 observations
sockperf: ---> <MAX> observation =  146.981
sockperf: ---> percentile  99.99 =  146.981
sockperf: ---> percentile  99.90 =  129.807
sockperf: ---> percentile  99.50 =  122.483
sockperf: ---> percentile  99.00 =  116.409
sockperf: ---> percentile  95.00 =   97.840
sockperf: ---> percentile  90.00 =   92.627
sockperf: ---> percentile  75.00 =   83.752
sockperf: ---> percentile  50.00 =   79.209
sockperf: ---> percentile  25.00 =   67.625
sockperf: ---> <MIN> observation =   37.549
------------------------------
txTime, rxTime
2.062794561, 2.063039529
2.072794577, 2.073034423
2.082794563, 2.083053634
2.092794561, 2.092985051
2.102794577, 2.103023853
2.112794561, 2.113025791
2.122794563, 2.123027383
2.132794574, 2.133003568
2.142794572, 2.143054187
2.152794560, 2.152994103
2.162794577, 2.162962339
2.172794579, 2.172999744
2.182794563, 2.182978844
2.192794577, 2.192929076
2.202794560, 2.202929301
2.212794632, 2.212881812
2.222794577, 2.222983962
2.232794575, 2.232977750
2.242794564, 2.242995010
2.252794582, 2.252988854
2.262794568, 2.262959531
2.272794568, 2.272988861
2.282794572, 2.282966170
2.292794577, 2.293039163
2.302794558, 2.302911531
2.312794556, 2.312920778
2.322794561, 2.323001929
2.332794566, 2.332961911
2.342794579, 2.342945501
2.352794558, 2.352953932
2.362794552, 2.362982122
2.372794558, 2.373024220
2.382794568, 2.382996616
2.392794579, 2.392891784
2.402794558, 2.402953598
2.412794579, 2.412942986
2.422794566, 2.423088530
2.432794580, 2.432969881
2.442794568, 2.443019117
2.452794563, 2.452988690
2.462794575, 2.462970062
2.472794579, 2.472989574
2.482794561, 2.482946995
2.492794571, 2.492928142
2.502794566, 2.502916521
2.512794567, 2.512920244
2.522794564, 2.522950428
2.532794588, 2.532932465
2.542794553, 2.542924265
2.552794564, 2.552915636
2.562794563, 2.562955851
2.572794560, 2.572950372
2.582794561, 2.582926057
2.592794558, 2.592912879
2.602794555, 2.602962643
2.612794563, 2.612943202
2.622794556, 2.622928815
2.632794564, 2.632925995
2.642794556, 2.642957359
2.652794563, 2.652927037
2.662794556, 2.662927625
2.672794558, 2.672944464
2.682794561, 2.682930062
2.692794561, 2.692936294
2.702794566, 2.703025149
2.712794628, 2.712908604
2.722794553, 2.722929769
2.732794572, 2.732933055
2.742794568, 2.742927974
2.752794558, 2.752948483
2.762794561, 2.762938574
2.772794560, 2.772972770
2.782794560, 2.782917106
2.792794561, 2.792936127
2.802794558, 2.802917198
2.812794555, 2.812919646
2.822794560, 2.822927380
2.832794556, 2.832920907
2.842794549, 2.842927151
2.852794555, 2.852928347
2.862794555, 2.862951441
2.872794560, 2.872917168
2.882794563, 2.882886381
2.892794557, 2.892911271
2.902794562, 2.902946340
2.912794563, 2.912904903
2.922794562, 2.922920349
2.932794562, 2.932911039
2.942794560, 2.942959696
2.952794570, 2.952942588
2.962794558, 2.962943409
2.972794560, 2.972913255
2.982794564, 2.982921576
2.992794560, 2.992962783
3.002794564, 3.002932943
3.012794563, 3.012939675
3.022794560, 3.022924204
3.032794568, 3.032911726
3.042794555, 3.042942200
3.052794568, 3.052937366
3.062794558, 3.062948753
3.072794562, 3.072941239
3.082794551, 3.082948067
3.092794564, 3.092916895
3.102794568, 3.102957779
3.112794555, 3.112906804
3.122794556, 3.122916588
3.132794566, 3.132898844
3.142794564, 3.142963185
3.152794556, 3.152921847
3.162794566, 3.162939921
3.172794553, 3.172971748
3.182794560, 3.182924527
3.192794553, 3.192926223
3.202794554, 3.202965665
3.212794563, 3.212966510
3.222794560, 3.222939716
3.232794563, 3.232989569
3.242794560, 3.243022272
3.252794552, 3.252940136
3.262794553, 3.262942146
3.272794555, 3.272982263
3.282794556, 3.282964847
3.292794569, 3.292921962
3.302794559, 3.302926573
3.312794561, 3.312907262
3.322794561, 3.322962182
3.332794563, 3.332920641
3.342794563, 3.342935470
3.352794560, 3.352968337
3.362794568, 3.362914411
3.372794564, 3.372939607
3.382794569, 3.382927914
3.392794582, 3.392903308
3.402794564, 3.402955511
3.412794579, 3.412936391
3.422794628, 3.422953349
3.432794562, 3.432928360
3.442794562, 3.442900701
3.452794566, 3.452931017
3.462794564, 3.462941575
3.472794566, 3.472940012
3.482794569, 3.482933261
3.492794561, 3.492921422
3.502794561, 3.502948126
3.512794573, 3.512925758
3.522794570, 3.522945103
3.532794567, 3.532944373
3.542794562, 3.542935066
3.552794573, 3.552930533
3.562794562, 3.562899892
3.572794569, 3.572956924
3.582794569, 3.582952988
3.592794572, 3.592921358
3.602794564, 3.602918978
3.612794555, 3.612896686
3.622794569, 3.622911859
3.632794566, 3.632906426
3.642794566, 3.642921148
3.652794569, 3.652922736
3.662794569, 3.662921542
3.672794564, 3.672915651
3.682794567, 3.682963318
3.692794566, 3.692907781
3.702794570, 3.702950856
3.712794567, 3.712942981
3.722794569, 3.722939501
3.732794567, 3.732940424
3.742794562, 3.742928924
3.752795420, 3.752938520
3.762794569, 3.762904767
3.772794570, 3.772918459
3.782794564, 3.782934282
3.792794575, 3.792941196
3.802794561, 3.802913173
3.812794559, 3.812962668
3.822794570, 3.822950071
3.832794569, 3.832937312
3.842794569, 3.842916896
3.852794562, 3.852931377
3.862794562, 3.862931826
3.872794569, 3.872926828
3.882794564, 3.882924978
3.892794569, 3.892919508
3.902794561, 3.902921361
3.912794568, 3.912959068
3.922794563, 3.922967361
3.932794560, 3.932892854
3.942794563, 3.942901835
3.952794572, 3.952898543
3.962794569, 3.962933244
3.972794568, 3.972972909
3.982794561, 3.982938448
3.992794568, 3.992962812
4.002794568, 4.002977381
4.012794572, 4.012975390
4.022794579, 4.022972366
4.032795974, 4.032961781
4.042794564, 4.042974867
4.052794569, 4.052953602
4.062794566, 4.062984220
4.072794569, 4.072980101
4.082794569, 4.082965937
4.092794561, 4.092974303
4.102794561, 4.102952821
4.112794564, 4.112952077
4.122794569, 4.122954212
4.132794566, 4.132947268
4.142794566, 4.142969786
4.152794566, 4.152892565
4.162794558, 4.162973277
4.172794563, 4.172952668
4.182794564, 4.182941871
4.192794563, 4.192932492
4.202794560, 4.202961197
4.212794568, 4.212991498
4.222794575, 4.222958955
4.232794566, 4.232988990
4.242794579, 4.242963084
4.252794556, 4.252954952
4.262794574, 4.262950675
4.272794566, 4.272952526
4.282794568, 4.282988600
4.292794561, 4.292960646
4.302794564, 4.302941233
4.312794561, 4.312966807
4.322794566, 4.322951373
4.332794564, 4.332969107
4.342794564, 4.342988041
4.352794563, 4.352995909
4.362794566, 4.362944356
4.372794561, 4.372937469
4.382794571, 4.382970446
4.392794568, 4.392959875
4.402794558, 4.402949579
4.412794558, 4.412947277
4.422794566, 4.422947012
4.432794563, 4.432982507
4.442794569, 4.442975990
4.452794563, 4.452962113
4.462794560, 4.462951670
4.472794564, 4.472955159
4.482794561, 4.482981745
4.492794568, 4.492959787
4.502794566, 4.502991384
4.512794566, 4.512922048
4.522794561, 4.522917180
4.532795974, 4.532924680
4.542794561, 4.542935758
4.552794574, 4.552943886
4.562794563, 4.562943365
4.572794563, 4.572919585
4.582794556, 4.582869782
4.592794579, 4.592902676
4.602794566, 4.602986112
4.612794566, 4.613028651
4.622794563, 4.622896381
4.632794569, 4.632894056
4.642794563, 4.642877929
4.652794569, 4.652927901
4.662794571, 4.662919279
4.672795840, 4.672982120
4.682794566, 4.682920944
4.692794564, 4.692980422
4.702794566, 4.702993556
4.712794566, 4.712934927
4.722794560, 4.722953380
4.732794556, 4.732930782
4.742794566, 4.742912467
4.752794560, 4.752936746
4.762794560, 4.762935837
4.772794563, 4.772904367
4.782794568, 4.783011617
4.792794564, 4.792922342
4.802794566, 4.802907865
4.812794564, 4.812920134
4.822794650, 4.822940788
4.832794568, 4.832938225
4.842794577, 4.842913047
4.852794566, 4.852926103
4.862794564, 4.862925040
4.872794566, 4.872941980
4.882794556, 4.882953114
4.892795082, 4.892927232
4.902794569, 4.902911465
4.912794563, 4.912935358
4.922794560, 4.922943477
4.932794773, 4.932960295
4.942794571, 4.942962670
4.952794568, 4.952927745
4.962794561, 4.962920161
4.972794564, 4.972948378
4.982794626, 4.982926804
4.992794558, 4.992942241
5.002794564, 5.002917297
5.012794624, 5.012922626
5.022794564, 5.022928071
5.032794566, 5.032956542
5.042794572, 5.042930351
5.052794566, 5.052900048
5.062794566, 5.062935555
5.072794569, 5.072950846
5.082794563, 5.082961287
5.092794568, 5.092918271
5.102794566, 5.102924404
5.112794564, 5.112922031
5.122794564, 5.122943860
5.132794566, 5.132931790
5.142794564, 5.142927516
5.152794558, 5.152928498
5.162794563, 5.162922798
5.172794558, 5.172924449
5.182794563, 5.182954240
5.192794566, 5.192935931
5.202794695, 5.202970094
5.212794566, 5.212985029
5.222794566, 5.222961596
5.232794563, 5.232981304
5.242794563, 5.242895131
5.252794558, 5.252897673
5.262794569, 5.262878535
5.272794571, 5.272869670
5.282794563, 5.282983365
5.292794561, 5.293020788
5.302794566, 5.302958915
5.312794566, 5.312950463
5.322794566, 5.322962231
5.332794659, 5.332954368
5.342794571, 5.342949605
5.352794599, 5.352942070
5.362794566, 5.362973989
5.372794563, 5.372977769
5.382794569, 5.382984184
5.392794571, 5.392962076
5.402794563, 5.402957081
5.412794568, 5.412949743
5.422794566, 5.422968294
5.432794568, 5.432992761
5.442794564, 5.442945365
5.452794564, 5.452954035
5.462795139, 5.462942026
5.472794553, 5.472948964
5.482794560, 5.482981680
5.492794563, 5.493021703
5.502794560, 5.502960005
5.512794572, 5.513042087
5.522794569, 5.522998453
5.532794566, 5.533006394
5.542794569, 5.542974883
5.552794575, 5.552963063
5.562794569, 5.562983701
5.572794558, 5.572970454
5.582794568, 5.582951401
5.592794579, 5.592972331
5.602794563, 5.603023619
5.612794563, 5.612979817
5.622794561, 5.622978309
5.632794563, 5.633002049
5.642794563, 5.642961219
5.652794561, 5.652982446
5.662794563, 5.662991742
5.672794564, 5.672981350
5.682794564, 5.682970484
5.692794568, 5.693003035
5.702794569, 5.702977030
5.712794572, 5.713031662
5.722794560, 5.722981618
5.732794620, 5.732981893
5.742794564, 5.742942886
5.752794566, 5.752979792
5.762794564, 5.762950165
5.772794560, 5.772943276
5.782794563, 5.782960649
5.792794564, 5.792989077
5.802794568, 5.802968266
5.812794560, 5.812982515
5.822794568, 5.822983758
5.832794609, 5.832974423
5.842794566, 5.842969183
5.852794571, 5.853007923
5.862794564, 5.862953953
5.872794564, 5.872970519
5.882794566, 5.882972289
5.892794560, 5.893042243
5.902794568, 5.902977985
5.912794563, 5.912951984
5.922794569, 5.922948452
5.932794564, 5.932972128
5.942794564, 5.942962501
5.952794552, 5.952995287
5.962794571, 5.962939831
5.972794564, 5.972935072
5.982794568, 5.982964317
5.992794564, 5.992971310
6.002795175, 6.003018072
6.012794568, 6.012978734
6.022794563, 6.022934220
6.032794563, 6.032988981
6.042794569, 6.042980832
6.052794574, 6.052948706
6.062794569, 6.062984421
6.072794561, 6.072998445
6.082794561, 6.082957916
6.092794564, 6.092965346
6.102794572, 6.102964003
6.112794571, 6.112963324
6.122794563, 6.122971570
6.132794568, 6.132980088
6.142794563, 6.142970852
6.152794569, 6.152949619
6.162794653, 6.163014992
6.172794564, 6.172941355
6.182794563, 6.182946860
6.192794571, 6.193020396
6.202794566, 6.202959673
6.212794563, 6.212924044
6.222794566, 6.222982345
6.232794564, 6.232999060
6.242794571, 6.242954325
6.252794558, 6.252982593
6.262794571, 6.262957655
6.272794566, 6.272966159
6.282794563, 6.283007520
6.292794564, 6.292980971
6.302795971, 6.302957660
6.312794980, 6.312970108
6.322794564, 6.322935903
6.332794571, 6.332934198
6.342794561, 6.343007612
6.352794568, 6.352954619
6.362794560, 6.362944262
6.372794571, 6.373006064
6.382794653, 6.382949368
6.392794561, 6.392958249
6.402794558, 6.402976356
6.412794561, 6.412945184
6.422794563, 6.422960134
6.432794566, 6.433003041
6.442794555, 6.442985766
6.452794564, 6.452955870
6.462794566, 6.462951809
6.472794571, 6.472971618
6.482794566, 6.482943291
6.492794560, 6.492959042
6.502794560, 6.502961730
6.512794555, 6.512973444
6.522794571, 6.522977477
6.532794564, 6.532957025
6.542794561, 6.543001779
6.552794568, 6.552953129
6.562794568, 6.562945450
6.572794568, 6.572970498
6.582796262, 6.582954308
6.592794814, 6.592974160
6.602794566, 6.602952581
6.612794560, 6.612954318
6.622794563, 6.622977142
6.632794561, 6.632964666
6.642794563, 6.642961554
6.652794564, 6.652966312
6.662794569, 6.662972827
6.672794564, 6.672958026
6.682794564, 6.682979725
6.692794563, 6.692970707
6.702794563, 6.702986466
6.712794564, 6.712971649
6.722794556, 6.722965318
6.732794564, 6.732971264
6.742794558, 6.742966560
6.752794574, 6.752947209
6.762794569, 6.762956727
6.772794571, 6.772939195
6.782794569, 6.782962362
6.792794564, 6.792959602
6.802794564, 6.802974186
6.812794564, 6.812959938
6.822794571, 6.822982233
6.832794571, 6.832917022
6.842794563, 6.842892355
6.852794566, 6.852951577
6.862794569, 6.862941018
6.872794582, 6.872945160
6.882794571, 6.882935532
6.892794571, 6.892985753
6.902794563, 6.902947520
6.912794572, 6.912935478
6.922794556, 6.922913501
6.932794593, 6.932891360
6.942794564, 6.942896328
6.952794561, 6.952893339
6.962794564, 6.962943516
6.972794566, 6.972927119
6.982794561, 6.982919024
6.992794564, 6.992942632
7.002794563, 7.002924135
7.012794571, 7.012919130
7.022794563, 7.022960998
7.032794612, 7.032942111
7.042794561, 7.042937160
7.052794558, 7.052930263
7.062794571, 7.062937104
7.072794563, 7.072908259
7.082794563, 7.082933618
7.092794572, 7.092951215
7.102794566, 7.102957940
7.112794564, 7.112890298
7.122794572, 7.122928856
7.132794568, 7.132911414
7.142794561, 7.142944937
7.152794563, 7.152950366
7.162794555, 7.162921909
7.172794569, 7.172944885
7.182794566, 7.182926805
7.192794569, 7.192938263
7.202794558, 7.202921907
7.212794569, 7.212916324
7.222794566, 7.222927756
7.232794560, 7.232916391
7.242794564, 7.242943390
7.252794568, 7.252920030
7.262794566, 7.262948921
7.272794566, 7.272916860
7.282794564, 7.282938442
7.292794558, 7.292905230
7.302794566, 7.302911567
7.312794568, 7.312926699
7.322794571, 7.322929243
7.332795929, 7.332927708
7.342794560, 7.342933645
7.352794571, 7.352921216
7.362794566, 7.362906897
7.372794569, 7.372923011
7.382794566, 7.382935173
7.392794560, 7.392932683
7.402794561, 7.402911520
7.412794556, 7.412930154
7.422794563, 7.422967064
7.432794564, 7.432894512
7.442794568, 7.442923988
7.452794566, 7.452935911
7.462794558, 7.462939010
7.472794575, 7.472912093
7.482794569, 7.482918926
7.492794571, 7.492903123
7.502794569, 7.502938721
7.512794571, 7.512949755
7.522794561, 7.522946308
7.532794561, 7.532914130
7.542794560, 7.542934250
7.552794566, 7.552936929
7.562794563, 7.562917313
7.572794560, 7.572956140
7.582794856, 7.582938401
7.592794566, 7.592924963
7.602794564, 7.602990245
7.612794568, 7.612944509
7.622794569, 7.622936001
7.632794571, 7.632926224
7.642794564, 7.642933242
7.652794569, 7.652950361
7.662794566, 7.662963152
7.672794568, 7.672968330
7.682794561, 7.682896980
7.692794564, 7.692913672
7.702794556, 7.702903941
7.712794560, 7.712920360
7.722794560, 7.722958727
7.732794569, 7.732940513
7.742794569, 7.742955263
7.752794563, 7.752894321
7.762794564, 7.762942937
7.772794568, 7.772909857
7.782794569, 7.782925733
7.792794569, 7.792896707
7.802794564, 7.802923580
7.812794564, 7.812922506
7.822794558, 7.822941887
7.832794558, 7.832902365
7.842794560, 7.842927478
7.852794561, 7.852910307
7.862794564, 7.862900038
7.872794569, 7.872956657
7.882794564, 7.882963309
7.892794564, 7.892981740
7.902794561, 7.902943499
7.912794561, 7.912918724
7.922794571, 7.922908094
7.932794563, 7.932934206
7.942794563, 7.942950457
7.952794558, 7.952939545
7.962794561, 7.962933463
7.972794571, 7.972932459
7.982794569, 7.982960951
7.992794568, 7.992938314
8.002794561, 8.002922555
8.012794566, 8.012906783
8.022794579, 8.022979593
8.032794571, 8.032961126
8.042795494, 8.042916353
8.052794568, 8.052932041
8.062794560, 8.062905578
8.072794568, 8.072927517
8.082794561, 8.082929223
8.092794569, 8.092941480
8.102794569, 8.102932917
8.112794566, 8.112934731
8.122794556, 8.122927187
8.132794556, 8.132890018
8.142794561, 8.142914603
8.152794560, 8.152897027
8.162794564, 8.162904601
8.172794569, 8.172930841
8.182794561, 8.182952518
8.192794569, 8.192929219
8.202794569, 8.202943731
8.212794571, 8.212906943
8.222794560, 8.222895369
8.232794564, 8.232896486
8.242794563, 8.242960414
8.252794561, 8.252943295
8.262794563, 8.262937253
8.272794560, 8.272929811
8.282794571, 8.282979782
8.292794560, 8.292935328
8.302794568, 8.302935895
8.312794563, 8.312942515
8.322794566, 8.322953042
8.332794569, 8.332915325
8.342794569, 8.342953784
8.352794556, 8.352904097
8.362794561, 8.362884183
8.372794561, 8.372899230
8.382794569, 8.382937458
8.392794571, 8.392956653
8.402794568, 8.402928291
8.412794569, 8.412939441
8.422795554, 8.422967039
8.432794568, 8.432929778
8.442794564, 8.442945517
8.452794560, 8.452958157
8.462794568, 8.462933643
8.472794563, 8.472892041
8.482794566, 8.482924868
8.492794564, 8.492932742
8.502794566, 8.502941304
8.512794568, 8.512924592
8.522794579, 8.522938470
8.532794566, 8.532964088
8.542794561, 8.542962978
8.552794563, 8.552957494
8.562794563, 8.562924097
8.572794561, 8.572970958
8.582794571, 8.582915172
8.592794560, 8.592985270
8.602794564, 8.602970476
8.612794561, 8.612914307
8.622794568, 8.622913385
8.632794569, 8.632947260
8.642794563, 8.642952882
8.652794564, 8.652893130
8.662794564, 8.662894888
8.672794556, 8.672967572
8.682794560, 8.683000821
8.692794564, 8.692926788
8.702794561, 8.702954018
8.712794563, 8.712948097
8.722794566, 8.722931420
8.732794574, 8.732951905
8.742794563, 8.742933140
8.752794568, 8.752921756
8.762794563, 8.762917387
8.772794568, 8.772932177
8.782794564, 8.782950890
8.792794568, 8.792951153
8.802794566, 8.802915687
8.812794577, 8.812938459
8.822794558, 8.822934487
8.832794568, 8.832943355
8.842794561, 8.842920557
8.852794569, 8.852925501
8.862794566, 8.862938909
8.872794568, 8.872914431
8.882794566, 8.882930012
8.892794564, 8.892938663
8.902794564, 8.902925790
8.912794566, 8.912919571
8.922794563, 8.922923245
8.932794568, 8.932928815
8.942796075, 8.942936872
8.952794568, 8.952925616
8.962794569, 8.962932117
8.972794566, 8.972925754
8.982794569, 8.982929191
8.992794560, 8.992925439
9.002794566, 9.002943455
9.012794564, 9.012930656
9.022794560, 9.022953443
9.032794561, 9.032939749
9.042794563, 9.042947070
9.052794563, 9.052976103
9.062796284, 9.062943117
9.072794568, 9.072914826
9.082794563, 9.082924680
9.092794574, 9.092981026
9.102794563, 9.102916544
9.112794571, 9.112933426
9.122794563, 9.122913745
9.132794564, 9.132917535
9.142794558, 9.142963613
9.152794566, 9.152940119
9.162794571, 9.162942286
9.172794563, 9.172944967
9.182794563, 9.182965820
9.192794563, 9.192936907
9.202794558, 9.202934656
9.212794575, 9.212962263
9.222794568, 9.222957180
9.232794569, 9.232960343
9.242794563, 9.242902754
9.252794569, 9.252930416
9.262795933, 9.262934103
9.272794561, 9.272942288
9.282794561, 9.282939162
9.292794568, 9.292941925
9.302794566, 9.302934270
9.312794561, 9.312948542
9.322794560, 9.322960669
9.332794561, 9.332952657
9.342794566, 9.342917055
9.352794568, 9.352917452
9.362794569, 9.362943262
9.372794560, 9.372921645
9.382794564, 9.382952219
9.392794563, 9.392959321
9.402794566, 9.402938731
9.412794560, 9.412937510
9.422794568, 9.422945570
9.432794564, 9.432954457
9.442794564, 9.442942162
9.452794564, 9.452944836
9.462794571, 9.462955266
9.472794564, 9.472933631
9.482796178, 9.482961547
9.492794566, 9.492948733
9.502794568, 9.502954828
9.512794568, 9.512968346
9.522794568, 9.522943166
9.532795913, 9.532958666
9.542794558, 9.542952270
9.552794569, 9.552937586
9.562794561, 9.562942667
9.572794561, 9.572941007
9.582794579, 9.582968283
9.592794564, 9.592980890
9.602794580, 9.602970778
9.612794563, 9.612957193
9.622794560, 9.622955014
9.632794561, 9.632945495
9.642794572, 9.642904292
9.652794575, 9.652901467
9.662794563, 9.662909895
9.672794571, 9.672924078
9.682794558, 9.682888730
9.692794564, 9.692910134
9.702794577, 9.702881226
9.712794563, 9.712902500
9.722794566, 9.722911503
9.732794572, 9.732888503
9.742795670, 9.742892541
9.752794571, 9.752910217
9.762794561, 9.762906575
9.772794571, 9.772899481
9.782794564, 9.782922826
9.792794563, 9.792917569
9.802794556, 9.802929391
9.812794561, 9.812916037
9.822794566, 9.822930820
9.832794569, 9.832942997
9.842794568, 9.842923257
9.852794564, 9.852936833
9.862794568, 9.862944558
9.872794577, 9.872931283
9.882794566, 9.882947582
9.892794563, 9.892980988
9.902794577, 9.902941200
9.912796645, 9.912960865
9.922794651, 9.922939297
9.932794626, 9.932984888
9.942794583, 9.942967007
9.952794566, 9.952960423
9.962794555, 9.962952903
9.972794556, 9.972955289
9.982794558, 9.982960968
9.992794566, 9.992957725
10.002794555, 10.002957853
10.012794558, 10.012960669
10.022794560, 10.022958019
10.032794555, 10.032958751
10.042794549, 10.042957291
10.052794555, 10.052962027
10.062794563, 10.062957859
10.072794555, 10.072955554
10.082794560, 10.082956356
10.092794555, 10.092961244
10.102794549, 10.102961988
10.112794563, 10.112958827
10.122794555, 10.122958964
10.132794556, 10.132960455
10.142794560, 10.142957044
10.152794560, 10.152956624
10.162794563, 10.162955124
10.172794561, 10.172960993
10.182794556, 10.182961127
10.192794560, 10.192959676
10.202794566, 10.202958988
10.212794564, 10.212959839
10.222794561, 10.222962083
10.232794558, 10.232955481
10.242794558, 10.242957684
10.252794560, 10.252958574
10.262794561, 10.262956354
10.272794588, 10.272957992
10.282794555, 10.282956776
10.292794558, 10.292957076
10.302794556, 10.302959548
10.312794558, 10.312957548
10.322794552, 10.322957005
10.332794558, 10.332958900
10.342794550, 10.342956995
10.352794568, 10.352954363
10.362794553, 10.362956904
10.372794560, 10.372958554
10.382794555, 10.382961202
10.392794566, 10.392959585
10.402794556, 10.402956642
10.412794556, 10.412957899
10.422794561, 10.422957330
10.432794556, 10.432956144
10.442794553, 10.442955955
10.452794552, 10.452955603
10.462794556, 10.462959405
10.472794561, 10.472958232
10.482794560, 10.482958950
10.492794555, 10.492963024
10.502794558, 10.502958358
10.512794552, 10.512957453
10.522794561, 10.522956403
10.532794561, 10.532956950
10.542794558, 10.542961198
10.552794555, 10.552957887
10.562794561, 10.562956586
10.572794555, 10.572960557
10.582794556, 10.582959057
10.592794561, 10.592955892
10.602794552, 10.602958052
10.612794561, 10.612956937
10.622794556, 10.622958768
10.632794556, 10.632959697
10.642794556, 10.642961730
10.652794558, 10.652956165
10.662794558, 10.662959831
10.672794560, 10.672956920
10.682794561, 10.682958374
10.692794553, 10.692957599
10.702794556, 10.702957286
10.712794564, 10.712955908
10.722794560, 10.722959605
10.732794564, 10.732961618
10.742794568, 10.742956623
10.752794555, 10.752959949
10.762794555, 10.762958672
10.772794556, 10.772954207
10.782794556, 10.782957884
10.792794556, 10.792955686
10.802794560, 10.802957821
10.812794555, 10.812958701
10.822794553, 10.822958701
10.832794568, 10.832955996
10.842794566, 10.842963262
10.852794553, 10.852955333
10.862794558, 10.862960360
10.872794558, 10.872956860
10.882794550, 10.882957797
10.892794555, 10.892954913
10.902794553, 10.902955420
10.912794560, 10.912959313
10.922794561, 10.922957382
10.932794558, 10.932956867
10.942794550, 10.942958806
10.952794556, 10.952955813
10.962794558, 10.962957509
10.972794555, 10.972956910
10.982794556, 10.982957423
10.992794563, 10.992956875
11.002794556, 11.002957065
11.012794556, 11.012955974
11.022794568, 11.022962452
11.032794560, 11.032955393
11.042794555, 11.042958085
11.052794555, 11.052955273
11.062794550, 11.062954685
11.072794556, 11.072954007
11.082794552, 11.082954684
11.092794553, 11.092957174
11.102794563, 11.102960208
11.112794556, 11.112959991
11.122794556, 11.122959833
11.132794556, 11.132936048
11.142794586, 11.142956345
11.152794556, 11.152957316
11.162794556, 11.162957360
11.172794555, 11.172955620
11.182794555, 11.182961269
11.192794560, 11.192958124
11.202794556, 11.202960022
11.212794560, 11.212956413
11.222794558, 11.222956669
11.232794561, 11.232958682
11.242794556, 11.242958208
11.252794560, 11.252955554
11.262794553, 11.262958495
11.272794552, 11.272957436
11.282794558, 11.282958931
11.292794561, 11.292959755
11.302794560, 11.302958563
11.312794563, 11.312955893
11.322794555, 11.322956171
11.332794556, 11.332955890
11.342794558, 11.342958361
11.352794568, 11.352959043
11.362794553, 11.362964129
11.372794560, 11.372958025
11.382794561, 11.382956571
11.392794560, 11.392960523
11.402794556, 11.402956048
11.412794560, 11.412955649
11.422794549, 11.422961138
11.432794556, 11.432958366
11.442794561, 11.442960810
11.452794568, 11.452959806
11.462794555, 11.462955181
11.472794556, 11.472957889
11.482794560, 11.482955746
11.492794553, 11.492955889
11.502794553, 11.502961331
11.512794553, 11.512957112
11.522794566, 11.522958926
11.532794556, 11.532955311
11.542794556, 11.542956773
11.552794556, 11.552954425
11.562794558, 11.562960535
11.572794560, 11.572959793
11.582794558, 11.582961314
11.592794553, 11.592961820
11.602794549, 11.602959128
11.612794566, 11.612955344
11.622794561, 11.622957662
11.632794566, 11.632958810
11.642794561, 11.642957741
11.652794561, 11.652959583
11.662794556, 11.662957049
11.672794561, 11.672963788
11.682794556, 11.682967825
11.692794561, 11.692967141
11.702794558, 11.702964705
11.712794553, 11.712965673
11.722794553, 11.722968479
11.732794558, 11.732962072
11.742794561, 11.742970542
11.752794564, 11.752966646
11.762794560, 11.762967032
11.772794558, 11.772964513
11.782794555, 11.782964396
11.792794560, 11.792965989
11.802794553, 11.802962728
11.812794561, 11.812968230
11.822794558, 11.822971010
11.832794561, 11.832968794
11.842794555, 11.842969080
11.852794568, 11.852964364
11.862794558, 11.862967416
11.872794561, 11.872963742
11.882794583, 11.882963930
11.892794558, 11.892965621
11.902794553, 11.902969571
11.912794566, 11.912964328
11.922794555, 11.922972319
11.932794564, 11.932976261
11.942794560, 11.942973969
11.952794553, 11.952972495
11.962794558, 11.962972655
11.972794558, 11.972974177
11.982794552, 11.982976547
11.992794563, 11.992978083
12.002794558, 12.002975666
12.012794553, 12.012973983
12.022794556, 12.022973522
12.032794560, 12.032971818
12.042794561, 12.042975021
12.052794553, 12.052974592
------------------------------
