------------------------------
test was performed using the following parameters: --mps=100 --burst=1 --reply-every=1 --msg-size=12 --time=10
------------------------------
sockperf: [Total Run] RunTime=10.100 sec; SentMessages=1011; ReceivedMessages=1010
sockperf: ========= Printing statistics for Server No: 0
sockperf: [Valid Duration] RunTime=9.990 sec; SentMessages=1000; ReceivedMessages=1000
sockperf: [2;35m====> avg-lat= 81.453 (std-dev=21.218)[0m
sockperf: # dropped messages = 0; # duplicated messages = 0; # out-of-order messages = 0
sockperf: [2;35mTotal 1000 observations[0m; each percentile contains 10.00 observations
sockperf: ---> <MAX> observation =  179.108
sockperf: ---> percentile  99.99 =  179.108
sockperf: ---> percentile  99.90 =  169.430
sockperf: ---> percentile  99.50 =  151.507
sockperf: ---> percentile  99.00 =  138.487
sockperf: ---> percentile  95.00 =  117.635
sockperf: ---> percentile  90.00 =  107.677
sockperf: ---> percentile  75.00 =   90.888
sockperf: ---> percentile  50.00 =   85.267
sockperf: ---> percentile  25.00 =   64.857
sockperf: ---> <MIN> observation =   42.966
------------------------------
txTime, rxTime
2.062788277, 2.063098375
2.072788290, 2.072990073
2.082788272, 2.083127134
2.092788279, 2.093091069
2.102788279, 2.102983567
2.112788295, 2.113005297
2.122788277, 2.122972103
2.132788295, 2.133034570
2.142788294, 2.143008314
2.152788279, 2.153000325
2.162788274, 2.162980551
2.172788286, 2.173010429
2.182788292, 2.182977977
2.192788275, 2.192915285
2.202788279, 2.203056496
2.212788295, 2.212937776
2.222788264, 2.222972861
2.232788298, 2.232915242
2.242788263, 2.242901030
2.252788281, 2.252996892
2.262788275, 2.262994336
2.272788279, 2.273035928
2.282788293, 2.283039319
2.292788290, 2.292987064
2.302788280, 2.302984507
2.312788292, 2.312933288
2.322788275, 2.323019334
2.332788281, 2.333031280
2.342788301, 2.343048305
2.352788295, 2.353040389
2.362788285, 2.363014534
2.372788289, 2.373034405
2.382788296, 2.383008564
2.392788295, 2.393051161
2.402788282, 2.402974454
2.412788267, 2.412967694
2.422788269, 2.422976115
2.432788279, 2.432959165
2.442788269, 2.442955116
2.452788272, 2.452971694
2.462788272, 2.463030278
2.472788265, 2.473002593
2.482788275, 2.483010773
2.492788290, 2.493080711
2.502788280, 2.502982286
2.512788270, 2.512967780
2.522788269, 2.522967768
2.532788275, 2.532961294
2.542788266, 2.542930119
2.552788332, 2.552882749
2.562788268, 2.562981589
2.572788273, 2.572932391
2.582788293, 2.582930647
2.592788294, 2.592932675
2.602788271, 2.602908632
2.612788270, 2.612988289
2.622788275, 2.623001066
2.632788266, 2.633015448
2.642788291, 2.642976047
2.652788271, 2.653003363
2.662788275, 2.662918284
2.672788271, 2.672990330
2.682788274, 2.682950540
2.692788270, 2.693007168
2.702788294, 2.702896119
2.712788268, 2.712969902
2.722788275, 2.722913024
2.732788270, 2.733016967
2.742788281, 2.742885021
2.752788274, 2.752956313
2.762788280, 2.762937424
2.772788271, 2.772948654
2.782788275, 2.782908607
2.792788336, 2.792921709
2.802788272, 2.803012076
2.812788273, 2.812899719
2.822788273, 2.822971766
2.832788277, 2.832928420
2.842788275, 2.842902370
2.852788265, 2.852945009
2.862788274, 2.862921424
2.872788273, 2.872935062
2.882788269, 2.882910408
2.892788270, 2.892944418
2.902788279, 2.902992673
2.912788271, 2.913011695
2.922788272, 2.922966787
2.932788276, 2.932881377
2.942788271, 2.942893895
2.952788281, 2.952916611
2.962788275, 2.962996474
2.972788274, 2.972909113
2.982788274, 2.982909372
2.992788266, 2.992878929
3.002788275, 3.002914848
3.012788269, 3.012901331
3.022788272, 3.022933134
3.032788274, 3.032891656
3.042788272, 3.042881465
3.052788269, 3.052881722
3.062788275, 3.062942187
3.072788272, 3.072949707
3.082788276, 3.082881487
3.092788274, 3.092877009
3.102788264, 3.102881931
3.112788269, 3.112911351
3.122788270, 3.122921621
3.132788268, 3.132888651
3.142788268, 3.142921474
3.152788269, 3.152947328
3.162788267, 3.162888363
3.172788275, 3.172929764
3.182788270, 3.182920350
3.192788269, 3.192895805
3.202788277, 3.202879262
3.212788275, 3.212882761
3.222788271, 3.222885091
3.232788275, 3.232943724
3.242788266, 3.242885331
3.252788265, 3.252945473
3.262788269, 3.262886942
3.272788281, 3.272944273
3.282788264, 3.282951417
3.292788267, 3.292930126
3.302788269, 3.302955037
3.312788272, 3.312950946
3.322788269, 3.323106434
3.332788273, 3.332986090
3.342788266, 3.342986349
3.352788274, 3.353013344
3.362788269, 3.363031372
3.372788270, 3.372969135
3.382788268, 3.382988771
3.392788270, 3.392992100
3.402788267, 3.402977336
3.412788270, 3.413011609
3.422788268, 3.423026779
3.432788268, 3.433029168
3.442788269, 3.442968791
3.452788270, 3.452950139
3.462788266, 3.463009197
3.472788264, 3.472933421
3.482788276, 3.482941370
3.492788267, 3.492878718
3.502788266, 3.502923456
3.512788272, 3.512911516
3.522788271, 3.522901006
3.532788274, 3.532884341
3.542788273, 3.542904607
3.552788272, 3.552914640
3.562788267, 3.562891605
3.572788271, 3.572885519
3.582788267, 3.582894404
3.592788274, 3.592901568
3.602788273, 3.602953375
3.612788279, 3.612944059
3.622788264, 3.622962411
3.632788271, 3.632959393
3.642788272, 3.642989344
3.652788268, 3.652975886
3.662788269, 3.662967196
3.672788265, 3.672954442
3.682788364, 3.682965880
3.692788270, 3.692995823
3.702788341, 3.703091357
3.712788265, 3.712968058
3.722788266, 3.722997176
3.732788279, 3.732954142
3.742788265, 3.742964901
3.752788268, 3.752951392
3.762788268, 3.762974684
3.772788271, 3.772947772
3.782788274, 3.782972124
3.792788267, 3.792976574
3.802788264, 3.802964859
3.812788272, 3.812959010
3.822788266, 3.823059425
3.832788274, 3.832934299
3.842788274, 3.842967581
3.852788274, 3.853030153
3.862788263, 3.863020834
3.872788273, 3.873013469
3.882788272, 3.883031439
3.892788273, 3.892998383
3.902788272, 3.902974608
3.912788271, 3.912937305
3.922788264, 3.922904574
3.932788266, 3.932895485
3.942788272, 3.942930842
3.952788266, 3.952931088
3.962788274, 3.962931815
3.972788270, 3.972934329
3.982788266, 3.982969287
3.992788270, 3.992945863
4.002788264, 4.003014489
4.012788271, 4.012882823
4.022788264, 4.022929677
4.032788270, 4.032923896
4.042788269, 4.042894013
4.052788270, 4.052944728
4.062788267, 4.062992443
4.072788279, 4.073004117
4.082788280, 4.082952116
4.092788275, 4.092984730
4.102788269, 4.102991743
4.112788270, 4.112986835
4.122788269, 4.123005745
4.132788265, 4.132999779
4.142788274, 4.142958527
4.152788273, 4.152963908
4.162788271, 4.163001402
4.172788274, 4.172954883
4.182788274, 4.182992135
4.192788268, 4.192976970
4.202788274, 4.202952132
4.212788272, 4.212966862
4.222788277, 4.222953864
4.232788282, 4.232990649
4.242788271, 4.242986008
4.252788274, 4.252971710
4.262788268, 4.262965396
4.272788271, 4.272961022
4.282788266, 4.282951908
4.292788273, 4.292936183
4.302788272, 4.302972593
4.312788273, 4.313018778
4.322788266, 4.322946911
4.332788266, 4.332981569
4.342788292, 4.342974678
4.352788289, 4.352969823
4.362788273, 4.362996713
4.372788267, 4.373004546
4.382788273, 4.382992709
4.392788270, 4.392962192
4.402788275, 4.402977957
4.412788266, 4.412970043
4.422788270, 4.422953478
4.432788274, 4.432954940
4.442788275, 4.443025802
4.452788266, 4.452945270
4.462788264, 4.462961120
4.472788287, 4.472975769
4.482788279, 4.482967152
4.492788273, 4.493022381
4.502788271, 4.502999636
4.512788286, 4.512897683
4.522788262, 4.522895072
4.532788269, 4.532889374
4.542788278, 4.542930852
4.552788267, 4.552978987
4.562788268, 4.562944093
4.572788275, 4.572944710
4.582788268, 4.582914658
4.592788266, 4.592915130
4.602788266, 4.602881751
4.612788270, 4.612883022
4.622788274, 4.622918996
4.632788269, 4.632880648
4.642788271, 4.642888642
4.652788277, 4.652889960
4.662788273, 4.662922037
4.672788269, 4.672917226
4.682788271, 4.682887048
4.692788357, 4.692897970
4.702788262, 4.702889279
4.712788278, 4.712910195
4.722788274, 4.722897412
4.732788267, 4.732884704
4.742788271, 4.742889208
4.752788277, 4.752949138
4.762788262, 4.762918335
4.772788272, 4.772908581
4.782788271, 4.782882857
4.792788272, 4.792891394
4.802788268, 4.802890848
4.812788269, 4.812890091
4.822788262, 4.822949434
4.832788283, 4.832901677
4.842788263, 4.842880611
4.852788278, 4.852886370
4.862788266, 4.862915378
4.872788272, 4.872910787
4.882788263, 4.882890130
4.892788272, 4.892906164
4.902788268, 4.902909837
4.912788274, 4.912923980
4.922788266, 4.922942448
4.932788274, 4.932894633
4.942788265, 4.942886535
4.952788337, 4.952875825
4.962788268, 4.962889814
4.972788268, 4.972972056
4.982788272, 4.982955047
4.992788268, 4.992895548
5.002788271, 5.002986940
5.012788272, 5.012902355
5.022788280, 5.022907959
5.032788279, 5.032881240
5.042788267, 5.042889694
5.052788269, 5.052889220
5.062788267, 5.062887116
5.072788339, 5.072896892
5.082788270, 5.082932984
5.092788274, 5.092913232
5.102788330, 5.102975104
5.112788272, 5.112935945
5.122788268, 5.122968910
5.132788264, 5.132978917
5.142788275, 5.143014453
5.152788333, 5.153030712
5.162788277, 5.162978460
5.172788262, 5.172960422
5.182788269, 5.183001074
5.192788274, 5.192940138
5.202788332, 5.202899828
5.212788276, 5.212877306
5.222788269, 5.222952780
5.232788274, 5.232979712
5.242788275, 5.242909585
5.252788276, 5.252965659
5.262788279, 5.262917289
5.272788268, 5.272912623
5.282788274, 5.282894762
5.292788395, 5.292889920
5.302788263, 5.302899707
5.312788275, 5.312960645
5.322788272, 5.322958111
5.332788262, 5.332897780
5.342788268, 5.342909580
5.352788275, 5.352946984
5.362788263, 5.362940780
5.372788267, 5.372898304
5.382788271, 5.382953374
5.392788273, 5.392896223
5.402788271, 5.402912254
5.412788341, 5.412883286
5.422788266, 5.422920805
5.432788341, 5.432903716
5.442788342, 5.442899663
5.452788267, 5.452903516
5.462788279, 5.462935410
5.472788267, 5.472988570
5.482788329, 5.482907090
5.492788377, 5.492893111
5.502788268, 5.502895627
5.512788267, 5.512881239
5.522788282, 5.522879540
5.532788273, 5.532887298
5.542788264, 5.542939444
5.552788270, 5.552875235
5.562788268, 5.562914458
5.572788272, 5.572875698
5.582788342, 5.582881434
5.592788272, 5.592924769
5.602788269, 5.602959120
5.612788278, 5.612876782
5.622788271, 5.622903569
5.632788267, 5.632952280
5.642788288, 5.642968024
5.652788268, 5.652969300
5.662788272, 5.662955995
5.672788268, 5.673008413
5.682788274, 5.682976135
5.692788270, 5.693008521
5.702788297, 5.702894900
5.712788279, 5.712962233
5.722788269, 5.723000814
5.732788273, 5.732968123
5.742788271, 5.742900711
5.752788275, 5.752965685
5.762788266, 5.762976453
5.772788273, 5.772980947
5.782788263, 5.782964151
5.792788275, 5.792991976
5.802788266, 5.802975823
5.812788266, 5.812988676
5.822788269, 5.822950509
5.832788270, 5.832960805
5.842788270, 5.842896703
5.852788276, 5.853015456
5.862788291, 5.862983805
5.872788273, 5.873016287
5.882788290, 5.882950878
5.892788267, 5.892894675
5.902788269, 5.902884096
5.912788289, 5.912981409
5.922788282, 5.922903384
5.932788268, 5.932916655
5.942788299, 5.942923855
5.952788282, 5.952957006
5.962788270, 5.962925803
5.972788274, 5.972918577
5.982788273, 5.982890329
5.992788340, 5.992909108
6.002788272, 6.002951210
6.012788266, 6.012919544
6.022788267, 6.022923420
6.032788263, 6.032918283
6.042788269, 6.042920641
6.052788266, 6.052911530
6.062788275, 6.062969760
6.072788265, 6.072886749
6.082788262, 6.082896810
6.092788270, 6.092896855
6.102788268, 6.102923715
6.112788272, 6.113040385
6.122788282, 6.122998447
6.132788267, 6.132962837
6.142788262, 6.142987286
6.152788273, 6.152926450
6.162788267, 6.162964981
6.172788271, 6.172978289
6.182788269, 6.183017861
6.192788267, 6.192911417
6.202788269, 6.202886116
6.212788270, 6.212921705
6.222788272, 6.222948069
6.232788275, 6.233014280
6.242788270, 6.242916500
6.252788273, 6.252983606
6.262788263, 6.262979399
6.272788273, 6.272939447
6.282788279, 6.282920046
6.292788268, 6.292952018
6.302788274, 6.302944681
6.312788276, 6.312944954
6.322788263, 6.322969558
6.332788273, 6.332997384
6.342788272, 6.342995997
6.352788264, 6.353002172
6.362788275, 6.362964456
6.372788268, 6.372962015
6.382788266, 6.382959370
6.392788268, 6.392961892
6.402788274, 6.402979072
6.412788266, 6.412976073
6.422788263, 6.423023403
6.432788272, 6.432996632
6.442788269, 6.442971614
6.452788271, 6.452924163
6.462788274, 6.462914805
6.472788268, 6.472915638
6.482788272, 6.482939016
6.492788273, 6.492910287
6.502788266, 6.502891541
6.512788272, 6.512912007
6.522788272, 6.522906013
6.532788273, 6.532891182
6.542788268, 6.542921225
6.552788268, 6.552906956
6.562788263, 6.562916066
6.572788273, 6.572928309
6.582788264, 6.582890019
6.592788270, 6.592888445
6.602788269, 6.602879409
6.612788273, 6.612883657
6.622788263, 6.622886774
6.632788276, 6.632955831
6.642788266, 6.642917229
6.652788268, 6.652916611
6.662788266, 6.662927677
6.672788272, 6.672923097
6.682788263, 6.682910355
6.692788290, 6.692894149
6.702788269, 6.702960851
6.712788273, 6.712962661
6.722788269, 6.722931831
6.732788267, 6.732924220
6.742788264, 6.742967250
6.752788273, 6.752939718
6.762788267, 6.762914853
6.772788273, 6.772923330
6.782788278, 6.782964365
6.792788271, 6.792929802
6.802788264, 6.802928321
6.812788268, 6.812931427
6.822788271, 6.822905569
6.832788270, 6.832924692
6.842788271, 6.842920597
6.852788265, 6.852890056
6.862788266, 6.862898032
6.872788279, 6.872969327
6.882788279, 6.882920712
6.892788275, 6.892876364
6.902788268, 6.902902955
6.912788267, 6.912888826
6.922788261, 6.922909791
6.932788275, 6.932951880
6.942788271, 6.942937155
6.952788273, 6.952919788
6.962788269, 6.962962922
6.972788270, 6.972989169
6.982788271, 6.983040500
6.992788272, 6.993013782
7.002788280, 7.002967224
7.012788276, 7.012931303
7.022788268, 7.022977639
7.032788273, 7.032958418
7.042788364, 7.042946822
7.052788268, 7.052955987
7.062788334, 7.062960836
7.072788265, 7.072959457
7.082788279, 7.082949489
7.092788267, 7.092991373
7.102788264, 7.102979174
7.112788268, 7.112971355
7.122788270, 7.122962579
7.132788271, 7.132956347
7.142788271, 7.142925443
7.152788267, 7.152913813
7.162788264, 7.162898340
7.172788275, 7.172954106
7.182788272, 7.182959352
7.192788268, 7.192991819
7.202788278, 7.202953226
7.212788336, 7.212893594
7.222788270, 7.222884405
7.232788273, 7.232899685
7.242788277, 7.242890653
7.252788282, 7.252951155
7.262788269, 7.262963897
7.272788272, 7.272894701
7.282788270, 7.282897749
7.292788341, 7.292899697
7.302788271, 7.302938049
7.312788277, 7.312937328
7.322788282, 7.322981508
7.332788277, 7.332968768
7.342788273, 7.342898195
7.352788272, 7.352903320
7.362788275, 7.362972058
7.372788270, 7.373005575
7.382788282, 7.382928092
7.392788278, 7.392974875
7.402788277, 7.402905273
7.412788281, 7.412945742
7.422788270, 7.422902939
7.432788274, 7.432991573
7.442788275, 7.442911336
7.452788263, 7.452879464
7.462788270, 7.462874203
7.472788341, 7.472902196
7.482788269, 7.482930270
7.492788270, 7.492967481
7.502788270, 7.502929773
7.512788266, 7.512917476
7.522788270, 7.522925357
7.532788274, 7.532968555
7.542788272, 7.542982763
7.552788274, 7.553001789
7.562788272, 7.562953857
7.572788265, 7.573063736
7.582788269, 7.583023539
7.592788272, 7.592945820
7.602788264, 7.603056021
7.612788273, 7.613020911
7.622788272, 7.623040115
7.632788336, 7.632996061
7.642788272, 7.643037346
7.652788270, 7.653034407
7.662788273, 7.663099336
7.672788283, 7.672954101
7.682788277, 7.683041361
7.692788270, 7.693040169
7.702788275, 7.703071724
7.712788290, 7.712956262
7.722788272, 7.722947021
7.732788273, 7.732910095
7.742788267, 7.742912484
7.752788653, 7.752938325
7.762788265, 7.762910234
7.772788264, 7.772892745
7.782788266, 7.782885350
7.792788268, 7.792893641
7.802788269, 7.802883925
7.812788271, 7.812917001
7.822788269, 7.822923014
7.832788273, 7.832916102
7.842788270, 7.842963575
7.852788273, 7.852908405
7.862788267, 7.862921099
7.872788270, 7.872878143
7.882788272, 7.882992333
7.892788271, 7.892955370
7.902788271, 7.902967900
7.912788267, 7.912892549
7.922788266, 7.922914819
7.932788274, 7.932936443
7.942788269, 7.942923671
7.952788268, 7.952901249
7.962788269, 7.962951261
7.972788272, 7.973004497
7.982788269, 7.982979003
7.992788272, 7.992962053
8.002788269, 8.002950029
8.012788267, 8.012991414
8.022788269, 8.022968289
8.032788268, 8.032983031
8.042788272, 8.043000442
8.052788271, 8.053009430
8.062788267, 8.062929940
8.072788268, 8.072949950
8.082788267, 8.082966854
8.092788273, 8.092961205
8.102788275, 8.102915663
8.112788265, 8.112903707
8.122788267, 8.122944269
8.132788275, 8.132897665
8.142788266, 8.142880719
8.152788267, 8.152927701
8.162788268, 8.162918265
8.172788268, 8.172929754
8.182788264, 8.182925387
8.192788267, 8.192877220
8.202788328, 8.202918042
8.212788343, 8.212896820
8.222788280, 8.222884194
8.232788270, 8.232939770
8.242788263, 8.242904284
8.252788275, 8.252920423
8.262788264, 8.262880141
8.272788268, 8.272919662
8.282788274, 8.282938918
8.292788270, 8.292905104
8.302788260, 8.302928362
8.312788273, 8.312935119
8.322788271, 8.322914975
8.332788267, 8.332958971
8.342788274, 8.342900569
8.352788268, 8.352882341
8.362788275, 8.362898194
8.372788271, 8.372941333
8.382788274, 8.382954472
8.392788273, 8.392899041
8.402788268, 8.402909207
8.412788275, 8.412928238
8.422788271, 8.422887422
8.432788276, 8.432914765
8.442788266, 8.442929485
8.452788275, 8.452926047
8.462788264, 8.462981353
8.472788281, 8.472947532
8.482788267, 8.483028333
8.492788272, 8.492962130
8.502788275, 8.502944583
8.512788274, 8.512975822
8.522788267, 8.523009612
8.532788264, 8.532969302
8.542788272, 8.543032161
8.552788274, 8.552978001
8.562788274, 8.562981170
8.572788281, 8.573003653
8.582788272, 8.582969246
8.592788265, 8.593008477
8.602788263, 8.602900774
8.612788272, 8.612954001
8.622788269, 8.622945449
8.632788273, 8.632905251
8.642788274, 8.642927762
8.652788270, 8.652955729
8.662788272, 8.662924256
8.672788265, 8.672942649
8.682788274, 8.682952195
8.692788268, 8.692950780
8.702788274, 8.702948511
8.712788269, 8.712974485
8.722788262, 8.722948863
8.732788270, 8.732944855
8.742788275, 8.742944209
8.752788279, 8.752955781
8.762788277, 8.762981243
8.772788268, 8.772954758
8.782788267, 8.782956194
8.792788277, 8.793002461
8.802788271, 8.802986750
8.812788268, 8.813000254
8.822788267, 8.822978469
8.832788269, 8.832956720
8.842788267, 8.842998802
8.852788269, 8.852963092
8.862788272, 8.862997292
8.872788270, 8.873014630
8.882788269, 8.882984090
8.892788268, 8.892998943
8.902788278, 8.903025988
8.912788273, 8.912907616
8.922788269, 8.922922368
8.932788268, 8.932972455
8.942788290, 8.942887077
8.952788273, 8.952947152
8.962788275, 8.962882792
8.972788274, 8.972930319
8.982788267, 8.982882691
8.992788265, 8.992901875
9.002788266, 9.002917987
9.012788266, 9.012927838
9.022788266, 9.022879187
9.032788287, 9.032911340
9.042788272, 9.042889894
9.052788276, 9.052892132
9.062788270, 9.062902015
9.072788270, 9.072887675
9.082788272, 9.082921861
9.092788266, 9.092956934
9.102788274, 9.102982478
9.112788270, 9.112965052
9.122788275, 9.122957593
9.132788274, 9.133013104
9.142788268, 9.142965739
9.152788274, 9.152997221
9.162788277, 9.162998192
9.172788265, 9.173053867
9.182788266, 9.183009495
9.192788273, 9.192977804
9.202788263, 9.202939510
9.212788275, 9.212964947
9.222788274, 9.222972233
9.232788268, 9.232988911
9.242788277, 9.243010268
9.252788272, 9.252964745
9.262788271, 9.262992602
9.272788272, 9.273000298
9.282788269, 9.283017724
9.292788271, 9.292966856
9.302788266, 9.302985042
9.312788272, 9.312978108
9.322788277, 9.323019571
9.332788265, 9.332953745
9.342788266, 9.343050735
9.352788275, 9.352987018
9.362788272, 9.363036045
9.372788275, 9.372986508
9.382788270, 9.383011433
9.392788275, 9.393037358
9.402788269, 9.403065243
9.412788281, 9.413034791
9.422788291, 9.423076663
9.432788290, 9.433056927
9.442788274, 9.443034709
9.452788286, 9.452983235
9.462788277, 9.463053763
9.472788273, 9.473003602
9.482788294, 9.483146512
9.492788292, 9.492978429
9.502788269, 9.503037121
9.512788274, 9.512970323
9.522788274, 9.523011502
9.532788335, 9.532935780
9.542788277, 9.542984438
9.552788289, 9.552988971
9.562788270, 9.562939546
9.572788268, 9.572950530
9.582788275, 9.582926360
9.592788266, 9.592963347
9.602788269, 9.602936700
9.612788264, 9.612946000
9.622788263, 9.622979311
9.632788279, 9.632942570
9.642788269, 9.642921080
9.652788268, 9.652910225
9.662788268, 9.662941734
9.672788270, 9.672904049
9.682788269, 9.682929809
9.692788287, 9.692898854
9.702788274, 9.702904999
9.712788270, 9.712907990
9.722788269, 9.722916898
9.732788333, 9.732885652
9.742788266, 9.742925564
9.752788270, 9.752899911
9.762788326, 9.762894116
9.772788338, 9.772965108
9.782788269, 9.782900916
9.792788275, 9.792897254
9.802788269, 9.802918711
9.812788328, 9.812881915
9.822788335, 9.822916332
9.832788270, 9.832902666
9.842788267, 9.842923008
9.852788270, 9.852880390
9.862788327, 9.862900630
9.872788334, 9.872879537
9.882788267, 9.882905514
9.892788271, 9.892881460
9.902788274, 9.902904385
9.912788270, 9.912902421
9.922788272, 9.922922220
9.932788268, 9.932902848
9.942788275, 9.942930529
9.952788276, 9.952996319
9.962788269, 9.962932028
9.972788262, 9.972955655
9.982788269, 9.983013832
9.992788265, 9.992989874
10.002788263, 10.002986403
10.012788270, 10.012980651
10.022788272, 10.023007991
10.032788279, 10.033003635
10.042788266, 10.043000824
10.052788270, 10.052983733
10.062788274, 10.062970105
10.072788273, 10.072967204
10.082788269, 10.082970651
10.092788268, 10.092966048
10.102788268, 10.102969418
10.112788272, 10.112968672
10.122788271, 10.122971625
10.132788264, 10.132966869
10.142788263, 10.142963590
10.152788267, 10.152966935
10.162788263, 10.162964792
10.172788265, 10.172966216
10.182788266, 10.182966429
10.192788273, 10.192967877
10.202788275, 10.202939898
10.212788267, 10.212923788
10.222788269, 10.222924338
10.232788269, 10.232963529
10.242788268, 10.242964987
10.252788267, 10.252963815
10.262788268, 10.262967141
10.272788272, 10.272960791
10.282788264, 10.282958869
10.292788272, 10.292959931
10.302788269, 10.302960385
10.312788268, 10.312957778
10.322788264, 10.322960759
10.332788278, 10.332961470
10.342788279, 10.342964788
10.352788286, 10.352965810
10.362788280, 10.362961654
10.372788270, 10.372962037
10.382788264, 10.382961149
10.392788272, 10.392955897
10.402788266, 10.402962706
10.412788272, 10.412956688
10.422788272, 10.422965273
10.432788267, 10.432962276
10.442788271, 10.442959651
10.452788272, 10.452950545
10.462788271, 10.462961613
10.472788267, 10.472958049
10.482788266, 10.482958990
10.492788270, 10.492961614
10.502788269, 10.502962591
10.512788268, 10.512962950
10.522788268, 10.522958773
10.532788279, 10.532958999
10.542788272, 10.542960593
10.552788267, 10.552958257
10.562788264, 10.562958800
10.572788272, 10.572957792
10.582788261, 10.582963170
10.592788268, 10.592962401
10.602788272, 10.602963094
10.612788270, 10.612959533
10.622788282, 10.622964924
10.632788278, 10.632958398
10.642788266, 10.642961252
10.652788272, 10.652959310
10.662788264, 10.662962243
10.672788273, 10.672965578
10.682788264, 10.682961020
10.692788273, 10.692946496
10.702788264, 10.702962300
10.712788265, 10.712958235
10.722788275, 10.722957462
10.732788268, 10.732963392
10.742788271, 10.742964280
10.752788272, 10.752965058
10.762788260, 10.762960655
10.772788270, 10.772957476
10.782788269, 10.782960434
10.792788270, 10.792961142
10.802788264, 10.802960475
10.812788273, 10.812959825
10.822788266, 10.822959493
10.832788278, 10.832960171
10.842788271, 10.842961566
10.852788264, 10.852960302
10.862788263, 10.862960028
10.872788268, 10.872961489
10.882788258, 10.882958366
10.892788265, 10.892962254
10.902788264, 10.902959930
10.912788272, 10.912961148
10.922788264, 10.922958866
10.932788265, 10.932963063
10.942788263, 10.942960953
10.952788268, 10.952959892
10.962788266, 10.962961571
10.972788265, 10.972960267
10.982788272, 10.982963635
10.992788267, 10.992966062
11.002788264, 11.002962943
11.012788273, 11.012957726
11.022788268, 11.022962109
11.032788267, 11.032959781
11.042788266, 11.042959359
11.052788272, 11.052961698
11.062788260, 11.062963024
11.072788279, 11.072960531
11.082788271, 11.082961102
11.092788273, 11.092943991
11.102788279, 11.102963466
11.112788267, 11.112960548
11.122788266, 11.122958144
11.132788270, 11.132964042
11.142788271, 11.142955571
11.152788270, 11.152965162
11.162788269, 11.162963178
11.172788273, 11.172962657
11.182788266, 11.182960729
11.192788286, 11.192959650
11.202788275, 11.202964267
11.212788268, 11.212957713
11.222788275, 11.222964143
11.232788272, 11.232960649
11.242788261, 11.242961823
11.252788272, 11.252958949
11.262788263, 11.262959264
11.272788272, 11.272959590
11.282788269, 11.282963096
11.292788267, 11.292960526
11.302788260, 11.302964874
11.312788270, 11.312960507
11.322788272, 11.322960248
11.332788272, 11.332962326
11.342788272, 11.342960134
11.352788275, 11.352960184
11.362788264, 11.362961646
11.372788264, 11.372961856
11.382788272, 11.382964274
11.392788264, 11.392960611
11.402788272, 11.402963704
11.412788273, 11.412961251
11.422788263, 11.422960374
11.432788278, 11.432962293
11.442788268, 11.442962341
11.452788267, 11.452961794
11.462788266, 11.462962707
11.472788279, 11.472967005
11.482788275, 11.482960094
11.492788273, 11.492961188
11.502788266, 11.502967499
11.512788268, 11.512961035
11.522788266, 11.522963729
11.532788278, 11.532959413
11.542788268, 11.542965193
11.552788264, 11.552963092
11.562788272, 11.562963246
11.572788272, 11.572959344
11.582788279, 11.582961611
11.592788267, 11.592959044
11.602788266, 11.602959697
11.612788279, 11.612960254
11.622788264, 11.622963167
11.632788272, 11.632958534
11.642788271, 11.642960652
11.652788265, 11.652958800
11.662788264, 11.662961240
11.672788268, 11.672960270
11.682788266, 11.682961013
11.692788265, 11.692959146
11.702788269, 11.702964800
11.712788268, 11.712962467
11.722788268, 11.722962765
11.732788270, 11.732959759
11.742788277, 11.742963521
11.752788272, 11.752963106
11.762788264, 11.762960832
11.772788268, 11.772960233
11.782788268, 11.782965754
11.792788270, 11.792964513
11.802788272, 11.802963434
11.812788273, 11.812961712
11.822788268, 11.822930981
11.832788263, 11.832962737
11.842788266, 11.842958444
11.852788272, 11.852961377
11.862788272, 11.862964439
11.872788268, 11.872963144
11.882788271, 11.882964751
11.892788268, 11.892959740
11.902788264, 11.902959464
11.912788273, 11.912958447
11.922788272, 11.922966130
11.932788270, 11.932959449
11.942788269, 11.942960733
11.952788268, 11.952963765
11.962788269, 11.962962006
11.972788270, 11.972961155
11.982788269, 11.982959668
11.992788281, 11.992958860
12.002788279, 12.002961228
12.012788272, 12.012958403
12.022788263, 12.022964616
12.032788264, 12.032959473
12.042788268, 12.042963609
12.052788273, 12.052960751
------------------------------
