------------------------------
test was performed using the following parameters: --mps=100 --burst=1 --reply-every=1 --msg-size=12 --time=10
------------------------------
sockperf: [Total Run] RunTime=10.100 sec; SentMessages=1011; ReceivedMessages=1010
sockperf: ========= Printing statistics for Server No: 0
sockperf: [Valid Duration] RunTime=9.990 sec; SentMessages=1000; ReceivedMessages=1000
sockperf: [2;35m====> avg-lat= 79.735 (std-dev=15.708)[0m
sockperf: # dropped messages = 0; # duplicated messages = 0; # out-of-order messages = 0
sockperf: [2;35mTotal 1000 observations[0m; each percentile contains 10.00 observations
sockperf: ---> <MAX> observation =  153.881
sockperf: ---> percentile  99.99 =  153.881
sockperf: ---> percentile  99.90 =  149.307
sockperf: ---> percentile  99.50 =  130.815
sockperf: ---> percentile  99.00 =  125.577
sockperf: ---> percentile  95.00 =  104.602
sockperf: ---> percentile  90.00 =   99.208
sockperf: ---> percentile  75.00 =   86.887
sockperf: ---> percentile  50.00 =   78.014
sockperf: ---> percentile  25.00 =   73.006
sockperf: ---> <MIN> observation =   22.870
------------------------------
txTime, rxTime
2.062508620, 2.062736798
2.072508643, 2.072759799
2.082508638, 2.082744003
2.092508632, 2.092706265
2.102508628, 2.102699858
2.112508628, 2.112711896
2.122508647, 2.122622719
2.132508631, 2.132649746
2.142508633, 2.142626060
2.152508635, 2.152659776
2.162508636, 2.162688602
2.172508647, 2.172723637
2.182508627, 2.182723872
2.192508650, 2.192723051
2.202508632, 2.202700708
2.212508640, 2.212727566
2.222508639, 2.222710319
2.232508643, 2.232728371
2.242508627, 2.242662053
2.252508637, 2.252715407
2.262508630, 2.262697476
2.272508634, 2.272705048
2.282508643, 2.282649327
2.292508645, 2.292654801
2.302508630, 2.302666487
2.312508639, 2.312643178
2.322508625, 2.322670764
2.332508624, 2.332746640
2.342508641, 2.342709796
2.352508650, 2.352709043
2.362508647, 2.362717853
2.372508642, 2.372688124
2.382508627, 2.382696902
2.392508629, 2.392708437
2.402508646, 2.402685740
2.412508642, 2.412676880
2.422508627, 2.422669465
2.432508634, 2.432701408
2.442508628, 2.442681768
2.452508642, 2.452726345
2.462508625, 2.462707445
2.472508639, 2.472706871
2.482508625, 2.482716402
2.492508647, 2.492698426
2.502508638, 2.502704824
2.512508645, 2.512721122
2.522508639, 2.522715760
2.532508643, 2.532723468
2.542508628, 2.542716626
2.552508631, 2.552717266
2.562508628, 2.562718852
2.572508628, 2.572710852
2.582508649, 2.582706285
2.592508639, 2.592670702
2.602508619, 2.602622434
2.612508626, 2.612576793
2.622508628, 2.622573640
2.632508624, 2.632593956
2.642508643, 2.642660868
2.652508656, 2.652670255
2.662508619, 2.662658428
2.672508624, 2.672667255
2.682508628, 2.682662661
2.692508629, 2.692662998
2.702508633, 2.702652779
2.712508629, 2.712667280
2.722508628, 2.722647272
2.732508648, 2.732661153
2.742508625, 2.742656702
2.752508654, 2.752676632
2.762508635, 2.762668590
2.772508626, 2.772671649
2.782508633, 2.782663348
2.792508621, 2.792674332
2.802508628, 2.802651061
2.812508628, 2.812655866
2.822508628, 2.822669256
2.832508705, 2.832668589
2.842508619, 2.842670388
2.852508628, 2.852666287
2.862508620, 2.862664711
2.872508628, 2.872668114
2.882508652, 2.882654817
2.892508634, 2.892652255
2.902508632, 2.902671069
2.912508626, 2.912668469
2.922508627, 2.922654936
2.932508620, 2.932668262
2.942508627, 2.942660280
2.952508643, 2.952654771
2.962508632, 2.962662435
2.972508626, 2.972661146
2.982508725, 2.982660959
2.992508629, 2.992606854
3.002508625, 3.002580382
3.012508629, 3.012641333
3.022508619, 3.022674797
3.032508624, 3.032681435
3.042508627, 3.042660577
3.052508629, 3.052666706
3.062508628, 3.062665216
3.072508629, 3.072657851
3.082508639, 3.082666514
3.092508624, 3.092678468
3.102508628, 3.102652523
3.112508626, 3.112651475
3.122508622, 3.122661714
3.132508624, 3.132636301
3.142508633, 3.142647957
3.152508624, 3.152662150
3.162508630, 3.162649289
3.172508634, 3.172700328
3.182508654, 3.182659085
3.192508624, 3.192667397
3.202508616, 3.202664679
3.212508714, 3.212658419
3.222508652, 3.222651978
3.232508629, 3.232663129
3.242508624, 3.242667992
3.252508672, 3.252661162
3.262508641, 3.262676399
3.272508628, 3.272664201
3.282508620, 3.282671156
3.292508621, 3.292658648
3.302508635, 3.302655221
3.312508629, 3.312663453
3.322508625, 3.322655829
3.332508632, 3.332661746
3.342508624, 3.342649411
3.352508620, 3.352665218
3.362508633, 3.362657244
3.372508624, 3.372674889
3.382508620, 3.382653620
3.392508628, 3.392660960
3.402508624, 3.402643765
3.412508621, 3.412578279
3.422508625, 3.422595176
3.432508635, 3.432640291
3.442508627, 3.442670957
3.452508628, 3.452651362
3.462508630, 3.462657612
3.472508618, 3.472654359
3.482508628, 3.482660691
3.492508632, 3.492657930
3.502508632, 3.502658469
3.512508628, 3.512652195
3.522508627, 3.522637287
3.532508626, 3.532648834
3.542508635, 3.542654614
3.552508624, 3.552654390
3.562508632, 3.562675237
3.572508624, 3.572658423
3.582508622, 3.582656516
3.592508628, 3.592656550
3.602508628, 3.602675082
3.612508634, 3.612652079
3.622508625, 3.622651134
3.632508642, 3.632653215
3.642508628, 3.642656748
3.652508629, 3.652649551
3.662508649, 3.662656240
3.672508629, 3.672644446
3.682508616, 3.682644529
3.692508628, 3.692659672
3.702508624, 3.702671320
3.712508640, 3.712674684
3.722508624, 3.722645541
3.732508628, 3.732652009
3.742508627, 3.742657241
3.752508651, 3.752661364
3.762508627, 3.762583080
3.772508634, 3.772580431
3.782508627, 3.782566164
3.792508634, 3.792674987
3.802508628, 3.802646916
3.812508639, 3.812663843
3.822508632, 3.822656406
3.832508640, 3.832649694
3.842508635, 3.842648415
3.852508643, 3.852667489
3.862508649, 3.862676827
3.872508629, 3.872656777
3.882508635, 3.882660105
3.892508621, 3.892652585
3.902508632, 3.902665063
3.912508620, 3.912681525
3.922508624, 3.922666542
3.932508623, 3.932658708
3.942508630, 3.942659331
3.952508621, 3.952704801
3.962508633, 3.962669353
3.972508623, 3.972638514
3.982508624, 3.982670584
3.992508634, 3.992586982
4.002508627, 4.002663198
4.012508632, 4.012659845
4.022508633, 4.022658272
4.032508626, 4.032652448
4.042508635, 4.042654029
4.052508623, 4.052647844
4.062508644, 4.062671536
4.072508621, 4.072671374
4.082508619, 4.082654503
4.092508634, 4.092653523
4.102508622, 4.102652611
4.112508632, 4.112649584
4.122508632, 4.122658032
4.132508629, 4.132660856
4.142508633, 4.142661976
4.152508623, 4.152667571
4.162508632, 4.162676852
4.172508624, 4.172656638
4.182508632, 4.182660509
4.192508620, 4.192648210
4.202508627, 4.202659447
4.212508624, 4.212649868
4.222508646, 4.222672038
4.232508623, 4.232661238
4.242508654, 4.242663152
4.252508623, 4.252662240
4.262508620, 4.262712569
4.272508642, 4.272735701
4.282508627, 4.282732156
4.292508643, 4.292732715
4.302508625, 4.302716588
4.312508631, 4.312751402
4.322508627, 4.322745051
4.332508631, 4.332741725
4.342508624, 4.342732016
4.352508642, 4.352710374
4.362508625, 4.362760645
4.372508632, 4.372737740
4.382508644, 4.382739205
4.392508643, 4.392695056
4.402508628, 4.402704125
4.412508647, 4.412595613
4.422508641, 4.422648442
4.432508640, 4.432688869
4.442508641, 4.442703948
4.452508650, 4.452735536
4.462508625, 4.462675139
4.472508645, 4.472708686
4.482508625, 4.482740881
4.492508634, 4.492728300
4.502508641, 4.502696771
4.512508645, 4.512663443
4.522508624, 4.522660834
4.532508639, 4.532661713
4.542508627, 4.542660951
4.552508628, 4.552667561
4.562508628, 4.562680376
4.572508623, 4.572662596
4.582508622, 4.582652305
4.592508642, 4.592652393
4.602508627, 4.602659039
4.612508632, 4.612663344
4.622508625, 4.622655212
4.632508634, 4.632656697
4.642508625, 4.642681270
4.652508620, 4.652660821
4.662508635, 4.662713817
4.672508626, 4.672710627
4.682508647, 4.682701399
4.692508647, 4.692711380
4.702508624, 4.702704574
4.712508648, 4.712722850
4.722508639, 4.722707135
4.732508639, 4.732716353
4.742508641, 4.742679330
4.752508647, 4.752710872
4.762508625, 4.762716277
4.772508692, 4.772711802
4.782508630, 4.782693764
4.792508628, 4.792695399
4.802508628, 4.802662683
4.812508631, 4.812669832
4.822508622, 4.822701223
4.832508648, 4.832711084
4.842508627, 4.842692868
4.852508631, 4.852657947
4.862508625, 4.862676932
4.872508648, 4.872706750
4.882508620, 4.882676196
4.892508645, 4.892707483
4.902508627, 4.902656614
4.912508621, 4.912650135
4.922508630, 4.922679552
4.932508624, 4.932705258
4.942508632, 4.942698237
4.952508640, 4.952705381
4.962508643, 4.962716011
4.972508629, 4.972685905
4.982508638, 4.982766287
4.992508628, 4.992707045
5.002508630, 5.002710153
5.012508642, 5.012659176
5.022508632, 5.022595546
5.032508629, 5.032586326
5.042508649, 5.042593447
5.052508643, 5.052578049
5.062508630, 5.062705226
5.072508642, 5.072710289
5.082508627, 5.082728439
5.092508634, 5.092678562
5.102508643, 5.102662746
5.112508643, 5.112715315
5.122508624, 5.122727328
5.132508647, 5.132702435
5.142508630, 5.142709299
5.152508623, 5.152705671
5.162508638, 5.162699958
5.172508639, 5.172665280
5.182508632, 5.182651437
5.192508624, 5.192654681
5.202508632, 5.202663091
5.212508621, 5.212647503
5.222508641, 5.222675146
5.232508634, 5.232644865
5.242508627, 5.242710642
5.252508640, 5.252661195
5.262508619, 5.262714600
5.272508626, 5.272658655
5.282508622, 5.282707558
5.292508642, 5.292652660
5.302508632, 5.302709809
5.312508648, 5.312656170
5.322508627, 5.322691735
5.332508634, 5.332679572
5.342508628, 5.342708193
5.352508643, 5.352669543
5.362508622, 5.362711421
5.372508648, 5.372661604
5.382508627, 5.382711329
5.392508624, 5.392655734
5.402508622, 5.402708871
5.412508639, 5.412663770
5.422508624, 5.422723538
5.432508651, 5.432639586
5.442508625, 5.442712429
5.452508626, 5.452661350
5.462508633, 5.462704522
5.472508648, 5.472671115
5.482508619, 5.482733735
5.492508650, 5.492669636
5.502508628, 5.502691293
5.512508629, 5.512667643
5.522508620, 5.522698797
5.532508643, 5.532706298
5.542508628, 5.542705502
5.552508648, 5.552667171
5.562508633, 5.562727752
5.572508634, 5.572717696
5.582508627, 5.582738992
5.592508643, 5.592711748
5.602508627, 5.602693603
5.612508640, 5.612716119
5.622508627, 5.622653229
5.632508624, 5.632693008
5.642508628, 5.642671520
5.652508648, 5.652660717
5.662508617, 5.662666943
5.672508626, 5.672677597
5.682508633, 5.682713598
5.692508634, 5.692594772
5.702508624, 5.702596087
5.712508642, 5.712640548
5.722508625, 5.722697550
5.732508624, 5.732680226
5.742508628, 5.742655575
5.752508620, 5.752664489
5.762508628, 5.762657680
5.772508632, 5.772637832
5.782508633, 5.782637542
5.792508654, 5.792765777
5.802508625, 5.802649446
5.812508623, 5.812656798
5.822508624, 5.822661810
5.832508621, 5.832659438
5.842508628, 5.842684939
5.852508629, 5.852670069
5.862508628, 5.862656413
5.872508624, 5.872654821
5.882508632, 5.882717542
5.892508631, 5.892697049
5.902508625, 5.902593415
5.912508637, 5.912663987
5.922508632, 5.922621875
5.932508629, 5.932665013
5.942508624, 5.942652013
5.952508629, 5.952661129
5.962508622, 5.962676145
5.972508631, 5.972659840
5.982508632, 5.982668981
5.992508632, 5.992647173
6.002508633, 6.002664561
6.012508626, 6.012672798
6.022508632, 6.022657367
6.032508629, 6.032663082
6.042508627, 6.042657672
6.052508632, 6.052652982
6.062508624, 6.062649256
6.072508624, 6.072664560
6.082508625, 6.082651753
6.092508639, 6.092652821
6.102508630, 6.102661433
6.112508629, 6.112665431
6.122508625, 6.122654471
6.132508632, 6.132656274
6.142508624, 6.142661221
6.152508637, 6.152649041
6.162508633, 6.162663463
6.172508629, 6.172647119
6.182508622, 6.182653357
6.192508629, 6.192661198
6.202508627, 6.202667562
6.212508640, 6.212648982
6.222508639, 6.222658153
6.232508621, 6.232657987
6.242508622, 6.242674756
6.252508631, 6.252688979
6.262508619, 6.262665353
6.272508631, 6.272647954
6.282508635, 6.282666695
6.292508620, 6.292762152
6.302508633, 6.302671302
6.312508629, 6.312672858
6.322508619, 6.322659197
6.332508628, 6.332656218
6.342508627, 6.342645885
6.352508634, 6.352649147
6.362508622, 6.362656720
6.372508628, 6.372665921
6.382508639, 6.382655581
6.392508665, 6.392649298
6.402508627, 6.402653954
6.412508623, 6.412654117
6.422508632, 6.422589550
6.432508651, 6.432583809
6.442508622, 6.442587122
6.452508629, 6.452682834
6.462508633, 6.462651162
6.472508621, 6.472705543
6.482508628, 6.482645819
6.492508626, 6.492659619
6.502508622, 6.502651560
6.512508632, 6.512653626
6.522508630, 6.522653344
6.532508620, 6.532679847
6.542508620, 6.542666346
6.552508628, 6.552678070
6.562508622, 6.562664453
6.572508624, 6.572670640
6.582508633, 6.582662154
6.592508631, 6.592656585
6.602508619, 6.602672981
6.612508624, 6.612663347
6.622508627, 6.622658082
6.632508640, 6.632665144
6.642508630, 6.642665955
6.652508626, 6.652675468
6.662508622, 6.662667178
6.672508673, 6.672666009
6.682508624, 6.682643337
6.692508629, 6.692656308
6.702508627, 6.702652611
6.712508626, 6.712667078
6.722508628, 6.722670927
6.732508626, 6.732665984
6.742508625, 6.742665211
6.752508639, 6.752666039
6.762508641, 6.762666351
6.772508642, 6.772656825
6.782508647, 6.782659991
6.792508639, 6.792693829
6.802508641, 6.802660748
6.812508640, 6.812646830
6.822509498, 6.822645426
6.832508642, 6.832645400
6.842508643, 6.842667807
6.852508626, 6.852662278
6.862508622, 6.862657683
6.872508637, 6.872655184
6.882508633, 6.882663373
6.892508631, 6.892655067
6.902508646, 6.902655411
6.912508632, 6.912650397
6.922508633, 6.922659273
6.932508642, 6.932656301
6.942508628, 6.942589935
6.952508634, 6.952658745
6.962508627, 6.962584251
6.972508629, 6.972647501
6.982508625, 6.982569479
6.992508626, 6.992629042
7.002508633, 7.002625565
7.012508631, 7.012650279
7.022508632, 7.022650916
7.032508629, 7.032657951
7.042508627, 7.042650272
7.052508629, 7.052662073
7.062508625, 7.062649171
7.072508628, 7.072666418
7.082508628, 7.082647062
7.092508631, 7.092666031
7.102508633, 7.102667107
7.112508639, 7.112628018
7.122508630, 7.122654261
7.132508629, 7.132657559
7.142508625, 7.142651244
7.152508621, 7.152647786
7.162508619, 7.162657173
7.172508635, 7.172577878
7.182508627, 7.182632037
7.192508631, 7.192646000
7.202508632, 7.202637170
7.212508629, 7.212642525
7.222508628, 7.222645266
7.232508621, 7.232643103
7.242508625, 7.242633448
7.252508628, 7.252634935
7.262508620, 7.262632918
7.272508626, 7.272640943
7.282508625, 7.282579810
7.292508639, 7.292578516
7.302508627, 7.302617205
7.312508628, 7.312620136
7.322508643, 7.322663732
7.332508624, 7.332661366
7.342508622, 7.342647377
7.352508626, 7.352676518
7.362508625, 7.362710887
7.372508631, 7.372644628
7.382508625, 7.382652733
7.392508629, 7.392655702
7.402508628, 7.402660335
7.412508640, 7.412660314
7.422508630, 7.422653930
7.432508626, 7.432664972
7.442508630, 7.442653849
7.452508631, 7.452669803
7.462508625, 7.462652138
7.472508635, 7.472660096
7.482508625, 7.482668497
7.492508631, 7.492598039
7.502508630, 7.502651404
7.512508624, 7.512669598
7.522508624, 7.522643422
7.532508645, 7.532650116
7.542508632, 7.542643759
7.552508624, 7.552664092
7.562508624, 7.562665142
7.572508631, 7.572648659
7.582508616, 7.582658204
7.592508647, 7.592658759
7.602508620, 7.602652659
7.612508634, 7.612645052
7.622508627, 7.622659568
7.632508634, 7.632638555
7.642508625, 7.642651858
7.652508632, 7.652664535
7.662508627, 7.662657853
7.672508624, 7.672661328
7.682508627, 7.682646068
7.692508628, 7.692671646
7.702508620, 7.702649556
7.712508643, 7.712650885
7.722508630, 7.722650845
7.732508623, 7.732596230
7.742508625, 7.742651298
7.752508621, 7.752581033
7.762508617, 7.762564880
7.772508632, 7.772573722
7.782508628, 7.782647051
7.792508621, 7.792632830
7.802508624, 7.802651844
7.812508629, 7.812658492
7.822508624, 7.822653778
7.832508822, 7.832669704
7.842508624, 7.842663255
7.852508634, 7.852664077
7.862508622, 7.862664311
7.872508626, 7.872657998
7.882508627, 7.882667249
7.892508621, 7.892657485
7.902508625, 7.902667641
7.912508632, 7.912653886
7.922508624, 7.922659273
7.932508629, 7.932660747
7.942508646, 7.942654847
7.952508624, 7.952661055
7.962508625, 7.962670281
7.972508629, 7.972672067
7.982508627, 7.982651020
7.992508632, 7.992662607
8.002508630, 8.002660307
8.012508637, 8.012680009
8.022508625, 8.022681425
8.032508621, 8.032567926
8.042508633, 8.042580473
8.052508626, 8.052574172
8.062508632, 8.062583377
8.072508642, 8.072717393
8.082508625, 8.082655529
8.092508629, 8.092640723
8.102508627, 8.102664152
8.112508626, 8.112664343
8.122508630, 8.122660020
8.132508651, 8.132646737
8.142508625, 8.142664654
8.152508623, 8.152678432
8.162508628, 8.162661112
8.172508629, 8.172644277
8.182508625, 8.182654295
8.192508635, 8.192649745
8.202508639, 8.202653238
8.212508626, 8.212652257
8.222508638, 8.222676410
8.232508632, 8.232667443
8.242508619, 8.242671285
8.252508624, 8.252643483
8.262508632, 8.262664782
8.272508626, 8.272665722
8.282508627, 8.282658272
8.292508626, 8.292662146
8.302508619, 8.302678594
8.312508628, 8.312658969
8.322508627, 8.322679694
8.332508629, 8.332653680
8.342508625, 8.342678273
8.352508626, 8.352657861
8.362508630, 8.362664843
8.372508623, 8.372680526
8.382508627, 8.382658599
8.392508645, 8.392655791
8.402508633, 8.402664327
8.412508617, 8.412673045
8.422508625, 8.422657795
8.432508628, 8.432657393
8.442508624, 8.442664992
8.452508623, 8.452664457
8.462508646, 8.462674528
8.472508618, 8.472656717
8.482508619, 8.482664137
8.492508645, 8.492668689
8.502508632, 8.502663523
8.512508632, 8.512662965
8.522508622, 8.522672165
8.532508624, 8.532670473
8.542508614, 8.542661065
8.552508632, 8.552671223
8.562508624, 8.562648359
8.572508626, 8.572692088
8.582508625, 8.582674143
8.592508632, 8.592646756
8.602508616, 8.602654999
8.612508624, 8.612665286
8.622508620, 8.622662729
8.632508621, 8.632693848
8.642508622, 8.642675206
8.652508624, 8.652671292
8.662508628, 8.662667186
8.672508640, 8.672651351
8.682508627, 8.682657763
8.692508623, 8.692656509
8.702508624, 8.702659379
8.712508621, 8.712655486
8.722508639, 8.722669468
8.732508640, 8.732657786
8.742508625, 8.742673690
8.752508626, 8.752686416
8.762508625, 8.762661024
8.772508623, 8.772664339
8.782508619, 8.782649368
8.792508623, 8.792669945
8.802508625, 8.802662615
8.812508618, 8.812668161
8.822508628, 8.822664245
8.832508640, 8.832661543
8.842508630, 8.842671950
8.852508635, 8.852658222
8.862508632, 8.862667099
8.872508628, 8.872660984
8.882508624, 8.882675428
8.892508623, 8.892665755
8.902508625, 8.902662877
8.912508623, 8.912663372
8.922508625, 8.922651028
8.932508623, 8.932643674
8.942508628, 8.942661924
8.952508631, 8.952665120
8.962508633, 8.962649918
8.972508631, 8.972658854
8.982508643, 8.982651640
8.992508640, 8.992668692
9.002508621, 9.002647701
9.012508628, 9.012693655
9.022508629, 9.022645287
9.032508645, 9.032646314
9.042508632, 9.042666312
9.052508618, 9.052654804
9.062508619, 9.062656158
9.072508620, 9.072711097
9.082508616, 9.082650480
9.092508642, 9.092669232
9.102508622, 9.102647400
9.112508620, 9.112647075
9.122508630, 9.122663274
9.132508629, 9.132672639
9.142508627, 9.142649902
9.152508645, 9.152641363
9.162508633, 9.162657193
9.172508632, 9.172668297
9.182508625, 9.182654639
9.192508623, 9.192660414
9.202508625, 9.202652016
9.212508624, 9.212666499
9.222508632, 9.222670608
9.232508620, 9.232668775
9.242508619, 9.242661788
9.252508628, 9.252637131
9.262508622, 9.262656732
9.272508626, 9.272662022
9.282508627, 9.282706326
9.292508620, 9.292658871
9.302508627, 9.302655959
9.312508621, 9.312588600
9.322508625, 9.322599109
9.332508629, 9.332579094
9.342508628, 9.342562215
9.352508621, 9.352554362
9.362508632, 9.362675521
9.372508629, 9.372719611
9.382508624, 9.382705951
9.392508631, 9.392668595
9.402508632, 9.402654314
9.412508626, 9.412678732
9.422508633, 9.422667442
9.432508637, 9.432653476
9.442508630, 9.442662917
9.452508632, 9.452660703
9.462508632, 9.462650668
9.472508628, 9.472665886
9.482508627, 9.482671078
9.492508626, 9.492659002
9.502508632, 9.502667062
9.512508631, 9.512658707
9.522508627, 9.522660043
9.532508623, 9.532648130
9.542508627, 9.542657654
9.552508632, 9.552668837
9.562508620, 9.562660190
9.572508624, 9.572649658
9.582508625, 9.582664777
9.592508634, 9.592655266
9.602508630, 9.602595758
9.612508624, 9.612578390
9.622508622, 9.622624365
9.632508629, 9.632657791
9.642508630, 9.642668399
9.652508623, 9.652653059
9.662508625, 9.662649004
9.672508626, 9.672642754
9.682508628, 9.682671127
9.692508621, 9.692655238
9.702508622, 9.702661460
9.712508620, 9.712661047
9.722508636, 9.722661336
9.732508620, 9.732669415
9.742508622, 9.742667608
9.752508626, 9.752636340
9.762508628, 9.762666937
9.772508628, 9.772583344
9.782508625, 9.782570461
9.792508634, 9.792569611
9.802508625, 9.802587978
9.812508629, 9.812581698
9.822508632, 9.822651756
9.832508632, 9.832652885
9.842508627, 9.842666206
9.852508629, 9.852654572
9.862508627, 9.862658768
9.872508634, 9.872666461
9.882508633, 9.882663151
9.892508624, 9.892654982
9.902508628, 9.902652143
9.912508631, 9.912661904
9.922508622, 9.922661055
9.932508634, 9.932653473
9.942508627, 9.942714562
9.952508633, 9.952749908
9.962508633, 9.962756417
9.972508632, 9.972730837
9.982508624, 9.982737436
9.992508648, 9.992770279
10.002508625, 10.002794107
10.012508637, 10.012794355
10.022508635, 10.022770695
10.032508628, 10.032735274
10.042508617, 10.042807232
10.052508642, 10.052816405
10.062508632, 10.062752931
10.072508632, 10.072666385
10.082508628, 10.082690908
10.092508642, 10.092667730
10.102508622, 10.102692623
10.112508647, 10.112653491
10.122508621, 10.122700798
10.132508640, 10.132664370
10.142508630, 10.142659947
10.152508632, 10.152656020
10.162508635, 10.162662397
10.172508620, 10.172651553
10.182508633, 10.182655717
10.192508629, 10.192662641
10.202508617, 10.202646541
10.212508634, 10.212652711
10.222508632, 10.222657633
10.232508625, 10.232663626
10.242508625, 10.242647598
10.252508632, 10.252648993
10.262508630, 10.262656318
10.272508626, 10.272645196
10.282508622, 10.282660185
10.292508631, 10.292722434
10.302508638, 10.302657295
10.312508648, 10.312654624
10.322508617, 10.322661750
10.332508624, 10.332658796
10.342508622, 10.342659853
10.352508628, 10.352646965
10.362508632, 10.362647268
10.372508619, 10.372645121
10.382508618, 10.382655403
10.392508620, 10.392662742
10.402508620, 10.402653541
10.412508632, 10.412653902
10.422508628, 10.422659191
10.432508632, 10.432656635
10.442508633, 10.442654664
10.452508632, 10.452677987
10.462508620, 10.462682952
10.472508626, 10.472683592
10.482508627, 10.482683055
10.492508632, 10.492682937
10.502508620, 10.502680923
10.512508628, 10.512676291
10.522508628, 10.522682166
10.532508653, 10.532684056
10.542508636, 10.542683711
10.552508631, 10.552683625
10.562508624, 10.562684026
10.572508632, 10.572676594
10.582508624, 10.582684411
10.592508626, 10.592682480
10.602508627, 10.602680969
10.612508628, 10.612676608
10.622508630, 10.622682661
10.632508632, 10.632677676
10.642508627, 10.642682412
10.652508629, 10.652682234
10.662508627, 10.662681464
10.672508624, 10.672683835
10.682508628, 10.682685434
10.692508621, 10.692683138
10.702508622, 10.702681824
10.712508628, 10.712676114
10.722508627, 10.722693162
10.732508628, 10.732686116
10.742508625, 10.742685083
10.752508624, 10.752682596
10.762508628, 10.762683812
10.772508637, 10.772682161
10.782508625, 10.782683410
10.792508618, 10.792683724
10.802508620, 10.802683081
10.812508623, 10.812677614
10.822508628, 10.822683739
10.832508648, 10.832681086
10.842508638, 10.842687068
10.852508624, 10.852684920
10.862508625, 10.862681656
10.872508631, 10.872682735
10.882508622, 10.882684273
10.892508626, 10.892684139
10.902508628, 10.902682887
10.912508626, 10.912676155
10.922508633, 10.922682408
10.932508628, 10.932682562
10.942508627, 10.942680323
10.952508648, 10.952682883
10.962508625, 10.962683324
10.972508618, 10.972684162
10.982508632, 10.982683201
10.992508631, 10.992682908
11.002508614, 11.002679923
11.012508635, 11.012673718
11.022508625, 11.022681447
11.032508626, 11.032683286
11.042508625, 11.042683617
11.052508629, 11.052686030
11.062508624, 11.062675155
11.072508623, 11.072680556
11.082508630, 11.082685184
11.092508639, 11.092682753
11.102508622, 11.102680351
11.112508629, 11.112674901
11.122508625, 11.122682208
11.132508635, 11.132680869
11.142508633, 11.142681032
11.152508629, 11.152681724
11.162508638, 11.162681608
11.172508632, 11.172683644
11.182508628, 11.182628841
11.192508624, 11.192683509
11.202508625, 11.202682639
11.212508623, 11.212677373
11.222508638, 11.222690183
11.232508624, 11.232685474
11.242508625, 11.242683416
11.252508648, 11.252681250
11.262508624, 11.262683899
11.272508631, 11.272683227
11.282508627, 11.282682418
11.292508621, 11.292681080
11.302508620, 11.302682410
11.312508637, 11.312677764
11.322508619, 11.322682513
11.332508631, 11.332683780
11.342508620, 11.342683861
11.352508631, 11.352683709
11.362508620, 11.362675344
11.372508642, 11.372679825
11.382508633, 11.382682931
11.392508628, 11.392682415
11.402508636, 11.402679121
11.412508631, 11.412681542
11.422508624, 11.422681769
11.432508637, 11.432681298
11.442508630, 11.442680160
11.452508624, 11.452682838
11.462508620, 11.462683424
11.472508626, 11.472685281
11.482508628, 11.482684639
11.492508631, 11.492680686
11.502508619, 11.502683514
11.512508623, 11.512673083
11.522508617, 11.522683352
11.532508624, 11.532683213
11.542508624, 11.542683180
11.552508637, 11.552680689
11.562508625, 11.562684010
11.572508624, 11.572683954
11.582508625, 11.582684055
11.592508629, 11.592610116
11.602508622, 11.602681411
11.612508624, 11.612670995
11.622508635, 11.622683403
11.632508623, 11.632682375
11.642508622, 11.642681778
11.652508621, 11.652680592
11.662508614, 11.662682991
11.672508634, 11.672681879
11.682508630, 11.682685566
11.692508631, 11.692683120
11.702508627, 11.702682612
11.712508624, 11.712671465
11.722508635, 11.722689823
11.732508642, 11.732687391
11.742508627, 11.742683133
11.752508620, 11.752681440
11.762508624, 11.762674906
11.772508626, 11.772683295
11.782508628, 11.782681997
11.792508632, 11.792680729
11.802508622, 11.802682510
11.812508620, 11.812681849
11.822508625, 11.822681542
11.832508628, 11.832683047
11.842508616, 11.842684775
11.852508620, 11.852681058
11.862508632, 11.862683648
11.872508621, 11.872682333
11.882508620, 11.882683975
11.892508624, 11.892685314
11.902508628, 11.902681701
11.912508626, 11.912680316
11.922508625, 11.922682003
11.932508624, 11.932682369
11.942508622, 11.942679609
11.952508623, 11.952683278
11.962508622, 11.962682468
11.972508632, 11.972681632
11.982508624, 11.982683375
11.992508626, 11.992683267
12.002508619, 12.002681351
12.012508628, 12.012674617
12.022508619, 12.022681188
12.032508624, 12.032681025
12.042508625, 12.042683596
12.052508621, 12.052685730
------------------------------
