------------------------------
test was performed using the following parameters: --mps=100 --burst=1 --reply-every=1 --msg-size=12 --time=10
------------------------------
sockperf: [Total Run] RunTime=10.100 sec; SentMessages=1011; ReceivedMessages=1010
sockperf: ========= Printing statistics for Server No: 0
sockperf: [Valid Duration] RunTime=9.990 sec; SentMessages=1000; ReceivedMessages=1000
sockperf: [2;35m====> avg-lat= 57.046 (std-dev=13.855)[0m
sockperf: # dropped messages = 0; # duplicated messages = 0; # out-of-order messages = 0
sockperf: [2;35mTotal 1000 observations[0m; each percentile contains 10.00 observations
sockperf: ---> <MAX> observation =  130.965
sockperf: ---> percentile  99.99 =  130.965
sockperf: ---> percentile  99.90 =  127.689
sockperf: ---> percentile  99.50 =  101.096
sockperf: ---> percentile  99.00 =   98.652
sockperf: ---> percentile  95.00 =   83.789
sockperf: ---> percentile  90.00 =   72.864
sockperf: ---> percentile  75.00 =   65.655
sockperf: ---> percentile  50.00 =   55.710
sockperf: ---> percentile  25.00 =   46.519
sockperf: ---> <MIN> observation =   27.971
------------------------------
txTime, rxTime
2.063888881, 2.063979292
2.073888847, 2.073995930
2.083888848, 2.084004935
2.093888857, 2.094000787
2.103888832, 2.103966524
2.113888854, 2.113997215
2.123888832, 2.123981116
2.133888839, 2.133982175
2.143888853, 2.143996119
2.153888843, 2.154017422
2.163888832, 2.163983435
2.173888833, 2.173968083
2.183888848, 2.183995836
2.193888846, 2.193976211
2.203888842, 2.204028270
2.213888862, 2.213979784
2.223888842, 2.223980672
2.233888844, 2.233983215
2.243888837, 2.243982455
2.253888855, 2.253978917
2.263888854, 2.263980167
2.273888852, 2.273974959
2.283888832, 2.283960884
2.293888847, 2.294003049
2.303888847, 2.303988251
2.313888833, 2.313974199
2.323888843, 2.324008538
2.333888847, 2.333987143
2.343888848, 2.343985778
2.353888832, 2.353984495
2.363888840, 2.363999516
2.373888838, 2.374001754
2.383888837, 2.383983271
2.393888839, 2.394003749
2.403888858, 2.403966412
2.413888833, 2.414024868
2.423888851, 2.423964016
2.433888852, 2.434017990
2.443888839, 2.443964500
2.453888846, 2.453997176
2.463888842, 2.463998252
2.473888841, 2.473988545
2.483888832, 2.484021245
2.493888841, 2.494033162
2.503888839, 2.503997116
2.513888843, 2.513980218
2.523888847, 2.524018585
2.533888830, 2.534020992
2.543888840, 2.543981296
2.553888838, 2.553993437
2.563888840, 2.564005074
2.573888838, 2.573978455
2.583888835, 2.584007136
2.593888830, 2.593974916
2.603888840, 2.604006568
2.613888832, 2.613977444
2.623888850, 2.623992760
2.633888828, 2.633979329
2.643888832, 2.644030155
2.653888835, 2.654007896
2.663888847, 2.663983762
2.673888833, 2.673986611
2.683888835, 2.683974450
2.693888830, 2.694002231
2.703888828, 2.703998831
2.713888830, 2.713963098
2.723888835, 2.723982441
2.733888825, 2.733999465
2.743888837, 2.743997120
2.753888843, 2.754001027
2.763888832, 2.763985641
2.773888828, 2.774009834
2.783888850, 2.783997824
2.793888841, 2.793957672
2.803888832, 2.803966334
2.813888838, 2.813973413
2.823888850, 2.823987387
2.833888835, 2.833975058
2.843888842, 2.844009959
2.853888843, 2.854019647
2.863888832, 2.863972442
2.873888833, 2.873980190
2.883888824, 2.884028794
2.893888844, 2.893992358
2.903888832, 2.904026487
2.913888828, 2.914025831
2.923888834, 2.924006385
2.933888841, 2.933974708
2.943888843, 2.943995779
2.953888846, 2.954062141
2.963888843, 2.964063331
2.973888839, 2.974037003
2.983888834, 2.984020565
2.993888836, 2.994008523
3.003888835, 3.004015043
3.013888843, 3.014015922
3.023888848, 3.024042946
3.033888843, 3.033969488
3.043888837, 3.043991950
3.053888832, 3.054006633
3.063888837, 3.064017977
3.073888827, 3.074009829
3.083888837, 3.084036092
3.093888833, 3.094013644
3.103888834, 3.104004090
3.113888828, 3.114047806
3.123888840, 3.123973747
3.133888830, 3.134015102
3.143888848, 3.143997469
3.153888838, 3.154033866
3.163888832, 3.164030556
3.173888833, 3.173989722
3.183888835, 3.183997846
3.193888835, 3.194010830
3.203888835, 3.203987968
3.213888835, 3.213991694
3.223888835, 3.223963399
3.233888828, 3.233952802
3.243888831, 3.243974578
3.253888825, 3.253983256
3.263888837, 3.263981144
3.273888849, 3.273993476
3.283888850, 3.284019128
3.293888846, 3.293963340
3.303888850, 3.304010084
3.313888832, 3.313969205
3.323888842, 3.323947305
3.333888835, 3.333990677
3.343888834, 3.344004615
3.353888830, 3.353990445
3.363888843, 3.364004272
3.373888852, 3.373991634
3.383888837, 3.383986609
3.393888827, 3.393994760
3.403888832, 3.404046994
3.413888843, 3.413998270
3.423888837, 3.424005103
3.433888843, 3.433991916
3.443888835, 3.443990133
3.453888835, 3.454021750
3.463888840, 3.463989347
3.473888835, 3.473983848
3.483888828, 3.483986104
3.493888825, 3.494021049
3.503888834, 3.504039016
3.513888841, 3.514029966
3.523888843, 3.523963729
3.533888833, 3.534048771
3.543888853, 3.543990687
3.553888846, 3.554000267
3.563888828, 3.564009800
3.573888835, 3.573991414
3.583888834, 3.583995162
3.593888844, 3.593963779
3.603888845, 3.603975707
3.613888835, 3.613995019
3.623888839, 3.623995773
3.633888852, 3.633986938
3.643888843, 3.643993179
3.653888846, 3.654001336
3.663888845, 3.663983405
3.673888843, 3.673995955
3.683888845, 3.684002726
3.693888836, 3.693989185
3.703888845, 3.704012146
3.713888843, 3.714002828
3.723888840, 3.724022816
3.733888843, 3.733991357
3.743888843, 3.743990150
3.753888825, 3.753962637
3.763888835, 3.763951322
3.773888827, 3.773986040
3.783888839, 3.784015327
3.793888836, 3.793973225
3.803888832, 3.803986153
3.813888827, 3.814004854
3.823888831, 3.823996041
3.833888838, 3.833993370
3.843888845, 3.843993954
3.853888836, 3.853965530
3.863888847, 3.863955419
3.873888828, 3.873997244
3.883888834, 3.883981689
3.893888828, 3.893997207
3.903888828, 3.904056459
3.913888847, 3.913993560
3.923888835, 3.924025762
3.933888828, 3.934003518
3.943888829, 3.943997677
3.953888835, 3.953979408
3.963888829, 3.963970716
3.973888827, 3.973998311
3.983888851, 3.983967755
3.993888833, 3.994022072
4.003888835, 4.003977917
4.013888839, 4.014005542
4.023888832, 4.023987736
4.033888832, 4.034060148
4.043888850, 4.044010314
4.053888838, 4.053995472
4.063888837, 4.063970868
4.073888832, 4.073970630
4.083888850, 4.083982663
4.093888833, 4.094003302
4.103888854, 4.103981893
4.113888839, 4.113988796
4.123888835, 4.124041648
4.133888833, 4.133997731
4.143888837, 4.144000797
4.153888844, 4.153979749
4.163888847, 4.164000941
4.173888832, 4.173982340
4.183888839, 4.184016771
4.193888849, 4.193960225
4.203888847, 4.203987711
4.213888824, 4.213985058
4.223888843, 4.224013108
4.233888827, 4.233993738
4.243888834, 4.243972691
4.253888847, 4.253983824
4.263888843, 4.263961777
4.273888838, 4.273996432
4.283888843, 4.283996494
4.293888838, 4.293982075
4.303888839, 4.303971398
4.313888855, 4.314004680
4.323888840, 4.323976911
4.333888888, 4.333972148
4.343888854, 4.344014393
4.353888827, 4.354018863
4.363888837, 4.363974342
4.373888844, 4.374006052
4.383888840, 4.383987954
4.393888833, 4.393990033
4.403888828, 4.403961116
4.413888835, 4.414013230
4.423888847, 4.424038465
4.433888835, 4.434018492
4.443888839, 4.443956903
4.453888841, 4.453969807
4.463888832, 4.464012072
4.473888832, 4.473982130
4.483888850, 4.484007817
4.493888847, 4.493977904
4.503888828, 4.504019305
4.513888850, 4.514037534
4.523888835, 4.524024634
4.533888833, 4.533976691
4.543888840, 4.544005614
4.553888839, 4.553991754
4.563888840, 4.563977268
4.573888832, 4.573959585
4.583888826, 4.583987859
4.593888835, 4.593987566
4.603888829, 4.603990397
4.613888827, 4.613992412
4.623888831, 4.623993562
4.633888841, 4.633964170
4.643888829, 4.643964796
4.653888838, 4.654005877
4.663888834, 4.663990640
4.673888843, 4.673993086
4.683888835, 4.683987897
4.693888841, 4.693973127
4.703888829, 4.703994371
4.713888846, 4.714036487
4.723888834, 4.723972629
4.733888846, 4.733996113
4.743888840, 4.743989165
4.753888833, 4.753989257
4.763888843, 4.763992174
4.773888836, 4.773952409
4.783888828, 4.783992759
4.793888846, 4.793969963
4.803888850, 4.803972435
4.813888833, 4.813992575
4.823888847, 4.823973398
4.833888835, 4.833981308
4.843888834, 4.843963502
4.853888838, 4.853958226
4.863888837, 4.863958907
4.873888841, 4.873991877
4.883888837, 4.883968101
4.893888836, 4.893978294
4.903888842, 4.903970313
4.913888838, 4.913992510
4.923888832, 4.924006509
4.933888838, 4.933984369
4.943888831, 4.943958474
4.953888849, 4.953963401
4.963888845, 4.963989874
4.973888835, 4.974002471
4.983888840, 4.983977236
4.993888838, 4.993981344
5.003888843, 5.004091036
5.013888836, 5.013995682
5.023888832, 5.024039944
5.033888843, 5.033984964
5.043888850, 5.043981072
5.053888841, 5.054056421
5.063888843, 5.064003974
5.073888835, 5.073999639
5.083888837, 5.083986786
5.093888846, 5.093981895
5.103888826, 5.103990476
5.113888833, 5.113985743
5.123888828, 5.124015959
5.133888836, 5.134005896
5.143888832, 5.144009072
5.153888843, 5.153966335
5.163888845, 5.164013259
5.173888860, 5.173968493
5.183888829, 5.183994565
5.193888832, 5.193963921
5.203888826, 5.203983568
5.213888828, 5.214039102
5.223888832, 5.223973627
5.233888825, 5.233969749
5.243888826, 5.243997702
5.253888830, 5.253975456
5.263888826, 5.263961359
5.273888830, 5.273969027
5.283888831, 5.283975435
5.293888833, 5.293972317
5.303888831, 5.303996095
5.313888824, 5.313994765
5.323888854, 5.323987468
5.333888841, 5.333999951
5.343888843, 5.343980999
5.353888825, 5.353998153
5.363888851, 5.364022115
5.373888836, 5.373985077
5.383888839, 5.384009522
5.393888830, 5.393974370
5.403888834, 5.404010218
5.413888828, 5.414002793
5.423888828, 5.423979856
5.433888828, 5.433989166
5.443888837, 5.443970405
5.453888836, 5.453963640
5.463888842, 5.463996742
5.473888833, 5.473970355
5.483888845, 5.483992039
5.493888835, 5.493985855
5.503888832, 5.503969704
5.513888844, 5.514007767
5.523888853, 5.523980176
5.533888833, 5.534009707
5.543888843, 5.544013875
5.553888835, 5.553990423
5.563888834, 5.563984640
5.573888835, 5.573984382
5.583888831, 5.584009561
5.593888827, 5.593983596
5.603888835, 5.603963612
5.613888833, 5.613981860
5.623888832, 5.623974529
5.633888838, 5.633971953
5.643888842, 5.644041000
5.653888846, 5.654034746
5.663888831, 5.663980942
5.673888825, 5.674013363
5.683888831, 5.683972441
5.693888835, 5.693973576
5.703888834, 5.703974432
5.713888825, 5.714008395
5.723888840, 5.724020625
5.733888827, 5.733969786
5.743888834, 5.744034563
5.753888838, 5.754019317
5.763888835, 5.764001379
5.773888849, 5.773984417
5.783888851, 5.784040906
5.793888833, 5.794000242
5.803888831, 5.803975476
5.813888832, 5.813961480
5.823888837, 5.823991642
5.833888847, 5.833990830
5.843888834, 5.843954451
5.853888847, 5.853992900
5.863888835, 5.863986809
5.873888833, 5.873983229
5.883888840, 5.883969688
5.893888836, 5.894029199
5.903888843, 5.903976625
5.913888828, 5.913972401
5.923888840, 5.923998721
5.933888830, 5.934002238
5.943888828, 5.943987616
5.953888833, 5.954071447
5.963888834, 5.963971447
5.973888835, 5.973996541
5.983888835, 5.983980828
5.993888830, 5.993970538
6.003888828, 6.004039314
6.013888832, 6.014043900
6.023888829, 6.023988636
6.033888828, 6.033992448
6.043888824, 6.043978972
6.053888828, 6.053972889
6.063888837, 6.063969833
6.073888832, 6.073989055
6.083888832, 6.083992490
6.093888838, 6.093971433
6.103888839, 6.103974778
6.113888830, 6.113964142
6.123888832, 6.123973736
6.133888839, 6.133969403
6.143888843, 6.143998283
6.153888835, 6.153996852
6.163888837, 6.163976401
6.173888827, 6.173956808
6.183888826, 6.184041433
6.193888844, 6.194015698
6.203888828, 6.203969675
6.213888841, 6.214000010
6.223888834, 6.223971598
6.233888839, 6.234007843
6.243888834, 6.243990573
6.253888833, 6.253991972
6.263888839, 6.263994611
6.273888846, 6.273979315
6.283888829, 6.283999963
6.293888826, 6.294004265
6.303888827, 6.303989782
6.313888842, 6.313991370
6.323888845, 6.323983940
6.333888836, 6.333988193
6.343888843, 6.343973211
6.353888828, 6.353998074
6.363888841, 6.363990112
6.373888845, 6.374030144
6.383888840, 6.383973415
6.393888836, 6.393979553
6.403888841, 6.403985530
6.413888830, 6.413964693
6.423888827, 6.423990186
6.433888842, 6.434000409
6.443888833, 6.443944777
6.453888839, 6.454000971
6.463888835, 6.463961742
6.473888837, 6.473977704
6.483888843, 6.483984062
6.493888828, 6.494020990
6.503888835, 6.503988410
6.513888836, 6.514025316
6.523888832, 6.523994937
6.533888828, 6.534001127
6.543888827, 6.543984407
6.553888847, 6.553975593
6.563888848, 6.563982985
6.573888837, 6.573976027
6.583888829, 6.583977175
6.593888836, 6.593984879
6.603888840, 6.603972839
6.613888848, 6.614001437
6.623888849, 6.624013082
6.633888828, 6.634023797
6.643888830, 6.643988738
6.653888833, 6.653963583
6.663888832, 6.664007062
6.673888845, 6.673977234
6.683888846, 6.683993012
6.693888848, 6.693991835
6.703888835, 6.703977970
6.713888830, 6.713997515
6.723888830, 6.723971765
6.733888847, 6.733976866
6.743888845, 6.743990794
6.753888842, 6.753979528
6.763888835, 6.764003697
6.773888842, 6.774000057
6.783888838, 6.783991303
6.793888833, 6.794013912
6.803888856, 6.804016101
6.813888834, 6.814020259
6.823888837, 6.823998745
6.833888842, 6.833997447
6.843888833, 6.843984720
6.853888842, 6.853946759
6.863888837, 6.863958575
6.873888833, 6.874041511
6.883888830, 6.883985222
6.893888839, 6.893965989
6.903888841, 6.903984444
6.913888834, 6.913975919
6.923888841, 6.923972570
6.933888837, 6.933994873
6.943888841, 6.944004886
6.953888852, 6.954010945
6.963888830, 6.964004182
6.973888845, 6.973958121
6.983888846, 6.984025472
6.993888828, 6.994017052
7.003888862, 7.004000113
7.013888834, 7.013975849
7.023888832, 7.023969296
7.033888848, 7.034010790
7.043888849, 7.044018111
7.053888841, 7.053976051
7.063888838, 7.064016200
7.073888831, 7.073976811
7.083888827, 7.083998485
7.093888845, 7.093959507
7.103888829, 7.103969283
7.113888830, 7.114000977
7.123888833, 7.123999702
7.133888833, 7.133993820
7.143888829, 7.143980403
7.153888844, 7.153974419
7.163888848, 7.163961284
7.173888833, 7.174003513
7.183888840, 7.183993202
7.193888834, 7.194020991
7.203888835, 7.203998798
7.213888834, 7.214004118
7.223888843, 7.224010485
7.233888842, 7.233996739
7.243888835, 7.243960225
7.253888842, 7.254003960
7.263888827, 7.263999205
7.273888844, 7.274001729
7.283888843, 7.283971432
7.293888830, 7.293990509
7.303888833, 7.303991416
7.313888850, 7.313997106
7.323888833, 7.323996538
7.333888839, 7.333997287
7.343888829, 7.343978807
7.353888828, 7.353992319
7.363888832, 7.364004981
7.373888856, 7.374028049
7.383888837, 7.383981171
7.393888847, 7.393981143
7.403888848, 7.404011765
7.413888831, 7.413996089
7.423888840, 7.423972531
7.433888852, 7.433973871
7.443888849, 7.443992138
7.453888841, 7.454017193
7.463888848, 7.464012392
7.473888842, 7.473996520
7.483888840, 7.484028711
7.493888841, 7.494028436
7.503888838, 7.503979633
7.513888844, 7.513980557
7.523888833, 7.524003313
7.533888830, 7.533980417
7.543888832, 7.544001603
7.553888850, 7.553973703
7.563888829, 7.563987579
7.573888844, 7.573970291
7.583888833, 7.583988862
7.593888830, 7.593992787
7.603888827, 7.604009116
7.613888828, 7.614026101
7.623888845, 7.623998123
7.633888841, 7.633956430
7.643888845, 7.643988375
7.653888836, 7.653998666
7.663888835, 7.663967867
7.673888844, 7.673958934
7.683888829, 7.684000605
7.693888847, 7.693980857
7.703888845, 7.703986218
7.713888836, 7.714008273
7.723888830, 7.724020869
7.733888836, 7.733971888
7.743888838, 7.743984134
7.753888828, 7.753988572
7.763888830, 7.763986301
7.773888833, 7.774000380
7.783888827, 7.784015003
7.793888835, 7.793994837
7.803888839, 7.804016558
7.813888830, 7.814008398
7.823888834, 7.823990583
7.833888841, 7.833971259
7.843888838, 7.844002384
7.853888835, 7.854014567
7.863888832, 7.863983413
7.873888847, 7.873995175
7.883888835, 7.883989459
7.893888833, 7.893980329
7.903888831, 7.904014189
7.913888849, 7.913976378
7.923888850, 7.923992234
7.933888847, 7.933974488
7.943888847, 7.944032381
7.953888835, 7.953987202
7.963888826, 7.963987724
7.973888839, 7.973992632
7.983888829, 7.983994502
7.993888838, 7.993976849
8.003888842, 8.003990330
8.013888832, 8.013998863
8.023888839, 8.023978616
8.033888843, 8.034003807
8.043888843, 8.043975942
8.053888833, 8.053975047
8.063888837, 8.063977475
8.073888832, 8.073964740
8.083888828, 8.083986205
8.093888838, 8.093984977
8.103888831, 8.103987193
8.113888835, 8.113968694
8.123888829, 8.123979701
8.133888839, 8.133995185
8.143888834, 8.143980757
8.153888839, 8.154017322
8.163888834, 8.163961203
8.173888847, 8.173969201
8.183888843, 8.184000334
8.193888833, 8.193985495
8.203888840, 8.203991879
8.213888836, 8.213969978
8.223888832, 8.223967792
8.233888832, 8.233960226
8.243888832, 8.244007365
8.253888832, 8.253952627
8.263888828, 8.263963121
8.273888830, 8.274023499
8.283888832, 8.283979546
8.293888841, 8.293965991
8.303888837, 8.303953714
8.313888836, 8.313993179
8.323888835, 8.323982220
8.333888828, 8.333970866
8.343888832, 8.343955926
8.353888832, 8.354010399
8.363888834, 8.363955978
8.373888847, 8.373979874
8.383888840, 8.384001960
8.393888833, 8.394002672
8.403888829, 8.403980743
8.413888844, 8.413969237
8.423888835, 8.423996655
8.433888838, 8.434008160
8.443888832, 8.444004613
8.453888839, 8.453975605
8.463888839, 8.463987979
8.473888843, 8.473980327
8.483888840, 8.484007776
8.493888833, 8.493973773
8.503888826, 8.504014885
8.513888833, 8.514046189
8.523888831, 8.524004866
8.533888833, 8.534021249
8.543888845, 8.544057213
8.553888827, 8.554010999
8.563888828, 8.564023579
8.573888838, 8.574070617
8.583888850, 8.584064753
8.593888849, 8.594049342
8.603888835, 8.604011767
8.613888836, 8.614057805
8.623888834, 8.624014028
8.633888847, 8.634017098
8.643888847, 8.644012247
8.653888850, 8.654026107
8.663888847, 8.664016709
8.673888879, 8.674013058
8.683888835, 8.684027618
8.693888847, 8.694033658
8.703888834, 8.704028124
8.713888832, 8.713983741
8.723888828, 8.724086582
8.733888836, 8.734009118
8.743888837, 8.744035661
8.753888832, 8.754004543
8.763888834, 8.764056098
8.773888835, 8.774036797
8.783888831, 8.784041214
8.793888833, 8.794013628
8.803888839, 8.804053386
8.813888838, 8.814024571
8.823888854, 8.824048893
8.833888839, 8.834015624
8.843888828, 8.843989473
8.853888832, 8.853977651
8.863888832, 8.863980513
8.873888828, 8.873982478
8.883888831, 8.883980929
8.893888849, 8.893959797
8.903888848, 8.903966884
8.913888835, 8.913994867
8.923888842, 8.924000074
8.933888839, 8.933964189
8.943888829, 8.944001962
8.953888838, 8.953971512
8.963888845, 8.963987191
8.973888836, 8.973993986
8.983888831, 8.983987804
8.993888827, 8.993972755
9.003888834, 9.003994103
9.013888831, 9.013976720
9.023888832, 9.024007349
9.033888832, 9.033981990
9.043888835, 9.043981405
9.053888846, 9.053979694
9.063888829, 9.063974622
9.073888836, 9.073969622
9.083888834, 9.083987670
9.093888825, 9.093967731
9.103888831, 9.103980795
9.113888832, 9.113986891
9.123888850, 9.123964829
9.133888849, 9.134007876
9.143888845, 9.143983356
9.153888825, 9.153984177
9.163888832, 9.163979903
9.173888846, 9.173949641
9.183888829, 9.183985851
9.193888846, 9.193982924
9.203888839, 9.203970940
9.213888833, 9.213984987
9.223888840, 9.224006842
9.233888836, 9.233974182
9.243888848, 9.243984021
9.253888820, 9.253959734
9.263888834, 9.264011080
9.273888838, 9.273962004
9.283888837, 9.283983557
9.293888828, 9.293970964
9.303888847, 9.303967362
9.313888833, 9.313991425
9.323888845, 9.323976959
9.333888846, 9.333969936
9.343888832, 9.343976532
9.353888849, 9.353969992
9.363888829, 9.364002243
9.373888833, 9.374046668
9.383888835, 9.384065848
9.393888839, 9.394069554
9.403888834, 9.404061326
9.413888836, 9.414067899
9.423888848, 9.424039283
9.433888822, 9.434067948
9.443888829, 9.444035177
9.453888832, 9.454071392
9.463888835, 9.464067111
9.473888833, 9.474058658
9.483888854, 9.484065845
9.493888833, 9.494087081
9.503888840, 9.504048574
9.513888833, 9.514047063
9.523888834, 9.524048644
9.533888835, 9.534074889
9.543888829, 9.544082415
9.553888830, 9.554069157
9.563888831, 9.564084839
9.573888847, 9.574096339
9.583888835, 9.584048334
9.593888844, 9.594060887
9.603888842, 9.604070150
9.613888836, 9.614076097
9.623888834, 9.624071265
9.633888833, 9.634150765
9.643888828, 9.644058566
9.653888833, 9.654083655
9.663888840, 9.664064954
9.673888835, 9.674144213
9.683888834, 9.684064475
9.693888847, 9.694056488
9.703888837, 9.704090566
9.713888841, 9.714080935
9.723888840, 9.724062509
9.733888835, 9.734062958
9.743888850, 9.744077612
9.753888839, 9.754091641
9.763888842, 9.764042415
9.773888841, 9.774097490
9.783888842, 9.784029994
9.793888837, 9.794042403
9.803888845, 9.804024339
9.813888830, 9.814032842
9.823888832, 9.824068532
9.833888836, 9.834086638
9.843888835, 9.844086140
9.853888839, 9.853973898
9.863888828, 9.864028795
9.873888825, 9.874007073
9.883888834, 9.884044494
9.893888833, 9.894062163
9.903888831, 9.904010572
9.913888832, 9.914050687
9.923888847, 9.924014747
9.933888844, 9.934049750
9.943888837, 9.944020995
9.953888843, 9.954049548
9.963888843, 9.964044605
9.973888839, 9.974024585
9.983888835, 9.984067735
9.993888830, 9.994017155
10.003888826, 10.004040874
10.013888825, 10.014037761
10.023888837, 10.024041698
10.033888828, 10.034046913
10.043888839, 10.044040385
10.053888825, 10.054038806
10.063888839, 10.064026574
10.073888846, 10.074037412
10.083888848, 10.084029178
10.093888833, 10.094031622
10.103888845, 10.104024364
10.113888825, 10.114021147
10.123888847, 10.124022731
10.133888825, 10.134022842
10.143888848, 10.144013291
10.153888830, 10.154019422
10.163888831, 10.164016148
10.173888841, 10.174023095
10.183888840, 10.184025964
10.193888824, 10.194028200
10.203888831, 10.204021909
10.213888838, 10.214024208
10.223888840, 10.224021114
10.233888844, 10.234019583
10.243888845, 10.244021247
10.253888835, 10.254023503
10.263888837, 10.264025942
10.273888835, 10.274026100
10.283888832, 10.284024869
10.293888832, 10.294023821
10.303888840, 10.304022342
10.313888833, 10.314023238
10.323888847, 10.324021510
10.333888836, 10.334024531
10.343888837, 10.344030297
10.353888838, 10.354026578
10.363888840, 10.364022898
10.373888833, 10.374024304
10.383888828, 10.384022690
10.393888820, 10.394022206
10.403888829, 10.404019740
10.413888833, 10.414023672
10.423888839, 10.424029943
10.433888833, 10.434027184
10.443888834, 10.444024893
10.453888841, 10.454022052
10.463888834, 10.464027090
10.473888843, 10.474023157
10.483888837, 10.484022483
10.493888832, 10.494021787
10.503888840, 10.504022021
10.513888824, 10.514023765
10.523888837, 10.524021643
10.533888827, 10.534022780
10.543888839, 10.544024626
10.553888828, 10.554021807
10.563888842, 10.564020346
10.573888832, 10.574022708
10.583888842, 10.584024701
10.593888825, 10.594026878
10.603888839, 10.604027311
10.613888841, 10.614023373
10.623888842, 10.624025666
10.633888835, 10.634027443
10.643888832, 10.644025824
10.653888824, 10.654020383
10.663888840, 10.664025932
10.673888839, 10.674025880
10.683888840, 10.684023704
10.693888849, 10.694022558
10.703888826, 10.704026849
10.713888832, 10.714021516
10.723888835, 10.724025987
10.733888839, 10.734021406
10.743888826, 10.744027220
10.753888827, 10.754029108
10.763888834, 10.764018298
10.773888827, 10.774019776
10.783888832, 10.784017860
10.793888838, 10.794018152
10.803888824, 10.804020585
10.813888822, 10.814021114
10.823888832, 10.824020425
10.833888839, 10.834012985
10.843888834, 10.844012471
10.853888827, 10.854020125
10.863888821, 10.864017641
10.873888836, 10.874021892
10.883888832, 10.884021633
10.893888828, 10.894017245
10.903888834, 10.904022991
10.913888825, 10.914058899
10.923888839, 10.924018234
10.933888832, 10.934019945
10.943888831, 10.944017259
10.953888833, 10.954017685
10.963888829, 10.964020354
10.973888827, 10.974001021
10.983888829, 10.984019874
10.993888819, 10.994021653
11.003888826, 11.004010245
11.013888832, 11.014008675
11.023888832, 11.024012961
11.033888844, 11.034010551
11.043888831, 11.044009549
11.053888843, 11.054010819
11.063888834, 11.064021032
11.073888839, 11.074020358
11.083888832, 11.084022314
11.093888827, 11.094018076
11.103888831, 11.104017883
11.113888832, 11.114019399
11.123888834, 11.124015369
11.133888846, 11.134010735
11.143888843, 11.144017312
11.153888828, 11.154024426
11.163888837, 11.164018420
11.173888838, 11.174019497
11.183888832, 11.184017773
11.193888830, 11.194017512
11.203888832, 11.204022465
11.213888850, 11.214016797
11.223888835, 11.224019890
11.233888844, 11.234015440
11.243888842, 11.244013892
11.253888833, 11.254018942
11.263888834, 11.264019023
11.273888832, 11.274018502
11.283888831, 11.284020761
11.293888827, 11.294022177
11.303888829, 11.304019926
11.313888825, 11.314024102
11.323888837, 11.324020491
11.333888828, 11.334014817
11.343888842, 11.344018046
11.353888843, 11.354019360
11.363888831, 11.364018139
11.373888838, 11.374012841
11.383888831, 11.384022794
11.393888825, 11.394021625
11.403888839, 11.404017332
11.413888833, 11.414012568
11.423888845, 11.424010049
11.433888843, 11.434016266
11.443888826, 11.444021064
11.453888832, 11.454018691
11.463888839, 11.464012332
11.473888820, 11.474021156
11.483888832, 11.484020892
11.493888839, 11.494017126
11.503888835, 11.503980955
11.513888839, 11.514012352
11.523888843, 11.524012310
11.533888841, 11.534011460
11.543888842, 11.544013352
11.553888841, 11.554013771
11.563888832, 11.564012184
11.573888839, 11.574009693
11.583888847, 11.584016345
11.593888825, 11.594019519
11.603888828, 11.604019368
11.613888825, 11.614018104
11.623888831, 11.624021806
11.633888832, 11.634021910
11.643888832, 11.644010452
11.653888830, 11.654015328
11.663888831, 11.664009593
11.673888839, 11.674016580
11.683888831, 11.684020164
11.693888839, 11.694022535
11.703888853, 11.704025496
11.713888838, 11.714022048
11.723888831, 11.724018576
11.733888838, 11.734019083
11.743888840, 11.744016186
11.753888846, 11.754014103
11.763888834, 11.764020227
11.773888835, 11.774017573
11.783888834, 11.784020692
11.793888833, 11.794021363
11.803888840, 11.804020129
11.813888835, 11.814019806
11.823888839, 11.824017582
11.833888830, 11.834012363
11.843888840, 11.844013085
11.853888841, 11.854010648
11.863888847, 11.864023365
11.873888828, 11.874025536
11.883888828, 11.884021173
11.893888825, 11.894018274
11.903888826, 11.904021005
11.913888825, 11.914017616
11.923888828, 11.924018900
11.933888835, 11.934017129
11.943888839, 11.944013665
11.953888828, 11.954014518
11.963888842, 11.964019491
11.973888833, 11.974017762
11.983888831, 11.984019843
11.993888835, 11.994012617
12.003888839, 12.004017286
12.013888839, 12.014020149
12.023888829, 12.024021018
12.033888830, 12.034012027
12.043888828, 12.044012056
12.053888839, 12.054018375
------------------------------
