------------------------------
test was performed using the following parameters: --mps=100 --burst=1 --reply-every=1 --msg-size=12 --time=10
------------------------------
sockperf: [Total Run] RunTime=10.100 sec; SentMessages=1011; ReceivedMessages=1010
sockperf: ========= Printing statistics for Server No: 0
sockperf: [Valid Duration] RunTime=9.990 sec; SentMessages=1000; ReceivedMessages=1000
sockperf: [2;35m====> avg-lat= 96.961 (std-dev=18.794)[0m
sockperf: # dropped messages = 0; # duplicated messages = 0; # out-of-order messages = 0
sockperf: [2;35mTotal 1000 observations[0m; each percentile contains 10.00 observations
sockperf: ---> <MAX> observation =  202.915
sockperf: ---> percentile  99.99 =  202.915
sockperf: ---> percentile  99.90 =  190.354
sockperf: ---> percentile  99.50 =  161.529
sockperf: ---> percentile  99.00 =  157.317
sockperf: ---> percentile  95.00 =  129.978
sockperf: ---> percentile  90.00 =  117.538
sockperf: ---> percentile  75.00 =  109.710
sockperf: ---> percentile  50.00 =   93.275
sockperf: ---> percentile  25.00 =   83.742
sockperf: ---> <MIN> observation =   37.913
------------------------------
txTime, rxTime
2.063914375, 2.064047929
2.073914374, 2.074196586
2.083914356, 2.084079359
2.093914352, 2.094115786
2.103914418, 2.104076891
2.113914358, 2.114066978
2.123914360, 2.124092030
2.133914388, 2.134099136
2.143914359, 2.144068401
2.153914357, 2.154060254
2.163914375, 2.164149452
2.173914376, 2.174053481
2.183914359, 2.184072066
2.193914362, 2.194111483
2.203914430, 2.204094545
2.213914374, 2.214076461
2.223914434, 2.224093319
2.233914351, 2.234062396
2.243914430, 2.244110455
2.253914351, 2.254086312
2.263914659, 2.264089782
2.273914374, 2.274102117
2.283914373, 2.284063796
2.293914434, 2.294156508
2.303914376, 2.304091705
2.313914355, 2.314097725
2.323914599, 2.324116227
2.333914434, 2.334103273
2.343914351, 2.344087627
2.353914513, 2.354084454
2.363914627, 2.364090559
2.373914682, 2.374131150
2.383914556, 2.384104438
2.393914448, 2.394063631
2.403914433, 2.404108322
2.413914355, 2.414154097
2.423914564, 2.424157026
2.433914340, 2.434091311
2.443914430, 2.444113900
2.453914370, 2.454088202
2.463914508, 2.464081428
2.473914434, 2.474088008
2.483914430, 2.484098342
2.493914449, 2.494111012
2.503914430, 2.504097902
2.513914359, 2.514060176
2.523914479, 2.524080972
2.533914373, 2.534087175
2.543914421, 2.544082666
2.553914432, 2.554087160
2.563914436, 2.564084479
2.573914401, 2.574092202
2.583914427, 2.584088135
2.593914353, 2.594094246
2.603914360, 2.604110431
2.613914494, 2.614087463
2.623914509, 2.624109485
2.633914440, 2.634099357
2.643914426, 2.644102671
2.653914434, 2.654099037
2.663914430, 2.664086949
2.673914432, 2.674083199
2.683914430, 2.684107393
2.693914626, 2.694079520
2.703914355, 2.704099934
2.713914544, 2.714103289
2.723914352, 2.724079849
2.733914372, 2.734097587
2.743914428, 2.744054995
2.753914427, 2.754099623
2.763914389, 2.764091001
2.773914454, 2.774077718
2.783914466, 2.784079495
2.793914467, 2.794079294
2.803914371, 2.804061278
2.813914359, 2.814096476
2.823914449, 2.824128854
2.833914442, 2.834095346
2.843914434, 2.844099537
2.853914373, 2.854119434
2.863914359, 2.864145104
2.873914354, 2.874128862
2.883914378, 2.884098211
2.893914351, 2.894115507
2.903914377, 2.904146605
2.913914430, 2.914092635
2.923914434, 2.924128395
2.933914415, 2.934083420
2.943914497, 2.944097300
2.953914430, 2.954065880
2.963914378, 2.964076207
2.973914501, 2.974108030
2.983914418, 2.984120542
2.993914370, 2.994146895
3.003914400, 3.004057876
3.013914551, 3.014105683
3.023914374, 3.024127217
3.033914594, 3.034156495
3.043914456, 3.044116743
3.053914379, 3.054094782
3.063914340, 3.064112660
3.073914428, 3.074100015
3.083914457, 3.084087931
3.093914464, 3.094115881
3.103914381, 3.104120929
3.113914361, 3.114089514
3.123914376, 3.124108173
3.133914388, 3.134111371
3.143914429, 3.144093019
3.153914371, 3.154101207
3.163914359, 3.164222635
3.173914429, 3.174105860
3.183914353, 3.184087843
3.193914351, 3.194087801
3.203914430, 3.204193413
3.213914356, 3.214098806
3.223914480, 3.224099973
3.233914358, 3.234107298
3.243914355, 3.244090908
3.253914355, 3.254157432
3.263914352, 3.264108332
3.273914445, 3.274082447
3.283914354, 3.284055589
3.293914361, 3.294073371
3.303914354, 3.304061218
3.313914402, 3.314093452
3.323914363, 3.324092615
3.333914453, 3.334148631
3.343914441, 3.344176612
3.353914534, 3.354106558
3.363914449, 3.364101516
3.373914355, 3.374088589
3.383914419, 3.384075471
3.393914441, 3.394159797
3.403914370, 3.404235009
3.413914361, 3.414081629
3.423914357, 3.424199631
3.433914433, 3.434072355
3.443914356, 3.444087015
3.453914376, 3.454154275
3.463914378, 3.464130563
3.473914359, 3.474068411
3.483914419, 3.484120866
3.493914357, 3.494142570
3.503914429, 3.504135117
3.513914430, 3.514077244
3.523914432, 3.524097239
3.533914352, 3.534119216
3.543914356, 3.544129402
3.553914383, 3.554199469
3.563914376, 3.564093866
3.573914369, 3.574095947
3.583914469, 3.584113842
3.593914356, 3.594093687
3.603914466, 3.604091512
3.613914374, 3.614092413
3.623914366, 3.624102595
3.633914468, 3.634109336
3.643914460, 3.644101895
3.653914411, 3.654099708
3.663914453, 3.664091214
3.673914355, 3.674095339
3.683914396, 3.684077595
3.693914452, 3.694080525
3.703914400, 3.704094972
3.713914535, 3.714080655
3.723914371, 3.724147955
3.733914382, 3.734094991
3.743914374, 3.744088666
3.753914433, 3.754101456
3.763914377, 3.764213491
3.773914448, 3.774090620
3.783914371, 3.784188851
3.793914433, 3.794130315
3.803914497, 3.804120393
3.813914359, 3.814083570
3.823914498, 3.824102099
3.833914374, 3.834083423
3.843914382, 3.844135493
3.853914460, 3.854153844
3.863914370, 3.864153420
3.873914388, 3.874076063
3.883914469, 3.884082476
3.893914500, 3.894112372
3.903914352, 3.904080628
3.913914373, 3.914068427
3.923914432, 3.924101808
3.933914430, 3.934063131
3.943914374, 3.944110539
3.953914340, 3.954124553
3.963914353, 3.964098503
3.973914431, 3.974057134
3.983914374, 3.984125549
3.993914518, 3.994086657
4.003914372, 4.004088126
4.013914501, 4.014114716
4.023914378, 4.024145220
4.033914370, 4.034072196
4.043914358, 4.044101490
4.053914343, 4.054107853
4.063914369, 4.064067067
4.073914373, 4.074083659
4.083914443, 4.084096070
4.093914370, 4.094074856
4.103914449, 4.104045518
4.113914362, 4.114084775
4.123914367, 4.124085599
4.133914352, 4.134088326
4.143914372, 4.144089014
4.153914431, 4.154115777
4.163914372, 4.164081223
4.173914351, 4.174105115
4.183914367, 4.184088248
4.193914370, 4.194099705
4.203914569, 4.204067169
4.213914377, 4.214100453
4.223914352, 4.224081682
4.233914351, 4.234093127
4.243914368, 4.244082339
4.253914524, 4.254097868
4.263914374, 4.264109672
4.273914528, 4.274096544
4.283914434, 4.284069837
4.293914432, 4.294092437
4.303914354, 4.304096947
4.313914411, 4.314083830
4.323914425, 4.324083645
4.333914531, 4.334070836
4.343914370, 4.344114143
4.353914356, 4.354096675
4.363914499, 4.364093911
4.373914374, 4.374104231
4.383914371, 4.384111211
4.393914393, 4.394160272
4.403914449, 4.404106361
4.413914429, 4.414091453
4.423914430, 4.424075649
4.433914432, 4.434086178
4.443914433, 4.444080795
4.453914377, 4.454106246
4.463914472, 4.464108165
4.473914364, 4.474113672
4.483914581, 4.484177371
4.493914377, 4.494067488
4.503914428, 4.504091659
4.513914416, 4.514161365
4.523914330, 4.524169979
4.533914328, 4.534181470
4.543914336, 4.544158218
4.553914334, 4.554158397
4.563914330, 4.564132842
4.573914331, 4.574320163
4.583914343, 4.584295052
4.593914334, 4.594188197
4.603914333, 4.604228969
4.613914333, 4.614126653
4.623914329, 4.624165781
4.633914329, 4.634157578
4.643914343, 4.644184205
4.653914334, 4.654178446
4.663914341, 4.664237400
4.673914342, 4.674207027
4.683914349, 4.684155777
4.693914342, 4.694179881
4.703914341, 4.704153785
4.713914340, 4.714164852
4.723914346, 4.724204833
4.733914342, 4.734275719
4.743914344, 4.744117455
4.753914333, 4.754200608
4.763914343, 4.764162650
4.773914337, 4.774122894
4.783914327, 4.784247377
4.793914328, 4.794219300
4.803914349, 4.804148847
4.813914328, 4.814197326
4.823914348, 4.824166120
4.833914331, 4.834182127
4.843914349, 4.844231875
4.853914342, 4.854126572
4.863914346, 4.864093497
4.873914331, 4.874151564
4.883914346, 4.884173195
4.893914336, 4.894116723
4.903914498, 4.904125884
4.913914435, 4.914102842
4.923914358, 4.924108227
4.933914453, 4.934098260
4.943914355, 4.944067575
4.953914357, 4.954085932
4.963914356, 4.964064327
4.973914370, 4.974108756
4.983914629, 4.984078604
4.993914356, 4.994083938
5.003914615, 5.004084605
5.013914573, 5.014122628
5.023914388, 5.024088352
5.033914366, 5.034138859
5.043914338, 5.044084729
5.053914354, 5.054091781
5.063914450, 5.064084592
5.073914433, 5.074065435
5.083914372, 5.084121914
5.093914433, 5.094089221
5.103914389, 5.104101134
5.113914374, 5.114074163
5.123914533, 5.124058016
5.133914551, 5.134078256
5.143914378, 5.144072767
5.153914569, 5.154121033
5.163914351, 5.164073891
5.173914354, 5.174085222
5.183914394, 5.184129624
5.193914390, 5.194065375
5.203914353, 5.204079569
5.213914483, 5.214097858
5.223914460, 5.224081086
5.233914370, 5.234103504
5.243914596, 5.244161807
5.253914463, 5.254070731
5.263914355, 5.264072945
5.273914355, 5.274060840
5.283914358, 5.284115939
5.293914430, 5.294089967
5.303914430, 5.304099927
5.313914376, 5.314056850
5.323914353, 5.324096934
5.333914384, 5.334104234
5.343914554, 5.344098989
5.353914370, 5.354062732
5.363914356, 5.364069977
5.373914578, 5.374082255
5.383914386, 5.384072205
5.393914502, 5.394127201
5.403914432, 5.404078653
5.413914578, 5.413990404
5.423914375, 5.424046050
5.433914490, 5.434054450
5.443914434, 5.444109917
5.453914376, 5.454070124
5.463914380, 5.464082436
5.473914354, 5.474113662
5.483914355, 5.484072004
5.493914455, 5.494104398
5.503914443, 5.504117081
5.513914431, 5.514104602
5.523914374, 5.524079943
5.533914354, 5.534076738
5.543914435, 5.544118526
5.553914387, 5.554090294
5.563914397, 5.564118928
5.573914450, 5.574101464
5.583914476, 5.584074317
5.593914375, 5.594101468
5.603914355, 5.604107837
5.613914449, 5.614105556
5.623914360, 5.624125678
5.633914437, 5.634056876
5.643914434, 5.644142906
5.653914351, 5.654123904
5.663914378, 5.664083507
5.673914561, 5.674100551
5.683914431, 5.684230221
5.693914378, 5.694086977
5.703914354, 5.704082152
5.713914494, 5.714093713
5.723914516, 5.724101665
5.733914370, 5.734089514
5.743914378, 5.744117039
5.753914475, 5.754088890
5.763914358, 5.764152096
5.773914598, 5.774074469
5.783914355, 5.784169669
5.793914394, 5.794108766
5.803914419, 5.804100300
5.813914372, 5.814173599
5.823914582, 5.824081667
5.833914584, 5.834108299
5.843914351, 5.844079982
5.853914377, 5.854088312
5.863914541, 5.864104169
5.873914368, 5.874068386
5.883914406, 5.884069182
5.893914339, 5.894097037
5.903914361, 5.904180049
5.913914357, 5.914106390
5.923914375, 5.924215571
5.933914369, 5.934123255
5.943914433, 5.944066311
5.953914375, 5.954176778
5.963914387, 5.964109438
5.973914453, 5.974116550
5.983914354, 5.984086935
5.993914353, 5.994061340
6.003914396, 6.004191956
6.013914429, 6.014177421
6.023914352, 6.024120836
6.033914356, 6.034073894
6.043914352, 6.044098063
6.053914356, 6.054133091
6.063914366, 6.064102355
6.073914421, 6.074131229
6.083914371, 6.084092774
6.093914358, 6.094132556
6.103914376, 6.104081358
6.113914363, 6.114069484
6.123914576, 6.124084311
6.133914374, 6.134071126
6.143914349, 6.144126805
6.153914374, 6.154082513
6.163914352, 6.164138926
6.173914374, 6.174077865
6.183914376, 6.184063155
6.193914361, 6.194119054
6.203914441, 6.204083401
6.213914359, 6.214065946
6.223914374, 6.224170391
6.233914355, 6.234088464
6.243914376, 6.244119811
6.253914356, 6.254118124
6.263914449, 6.264122016
6.273914372, 6.274100924
6.283914335, 6.284112506
6.293914435, 6.294116994
6.303914370, 6.304070778
6.313914391, 6.314117294
6.323914370, 6.324081729
6.333914447, 6.334128339
6.343914398, 6.344110131
6.353914477, 6.354112607
6.363914370, 6.364163041
6.373914359, 6.374049042
6.383914351, 6.384100087
6.393914374, 6.394075374
6.403914375, 6.404208135
6.413914357, 6.414085674
6.423914353, 6.424122940
6.433914356, 6.434132038
6.443914374, 6.444159105
6.453914503, 6.454103635
6.463914414, 6.464074397
6.473914378, 6.474173011
6.483914505, 6.484192148
6.493914358, 6.494086877
6.503914408, 6.504167665
6.513914402, 6.514134709
6.523914378, 6.524079702
6.533914373, 6.534157300
6.543914355, 6.544099423
6.553914376, 6.554141455
6.563914372, 6.564074219
6.573914379, 6.574090721
6.583914372, 6.584065047
6.593914392, 6.594113087
6.603914454, 6.604061828
6.613914374, 6.614134158
6.623914351, 6.624109417
6.633914376, 6.634107133
6.643914367, 6.644078250
6.653914370, 6.654098619
6.663914475, 6.664086530
6.673914379, 6.674074331
6.683914356, 6.684094305
6.693914359, 6.694094937
6.703914427, 6.704092671
6.713914431, 6.714093265
6.723914353, 6.724075861
6.733914426, 6.734189780
6.743914378, 6.744076774
6.753914355, 6.754069458
6.763914351, 6.764071860
6.773914360, 6.774139139
6.783914378, 6.784047731
6.793914428, 6.794101537
6.803914434, 6.804072299
6.813914434, 6.814084707
6.823914434, 6.824098366
6.833914356, 6.834081479
6.843914545, 6.844164413
6.853914434, 6.854063953
6.863914371, 6.864088182
6.873914375, 6.874102542
6.883914426, 6.884088143
6.893914385, 6.894083203
6.903914376, 6.904094130
6.913914533, 6.914062140
6.923914378, 6.924127655
6.933914353, 6.934047387
6.943914649, 6.944079034
6.953914371, 6.954059001
6.963914520, 6.964100372
6.973914404, 6.974095525
6.983914376, 6.984099908
6.993914399, 6.994090403
7.003914374, 7.004093843
7.013914353, 7.014111919
7.023914374, 7.024088224
7.033914378, 7.034075571
7.043914379, 7.044074588
7.053914356, 7.054107554
7.063914360, 7.064166671
7.073914463, 7.074160056
7.083914365, 7.084146796
7.093914389, 7.094134494
7.103914456, 7.104159906
7.113914371, 7.114128833
7.123914382, 7.124107336
7.133914527, 7.134076919
7.143914354, 7.144097804
7.153914378, 7.154059765
7.163914370, 7.164146840
7.173914436, 7.174096091
7.183914430, 7.184117320
7.193914350, 7.194096677
7.203914454, 7.204114051
7.213914374, 7.214095067
7.223914431, 7.224197188
7.233914333, 7.234098621
7.243914497, 7.244085176
7.253914432, 7.254055428
7.263914370, 7.264097373
7.273914451, 7.274109871
7.283914404, 7.284106740
7.293914568, 7.294166938
7.303914359, 7.304057048
7.313914378, 7.314127301
7.323914335, 7.324089278
7.333914404, 7.334174361
7.343914389, 7.344140001
7.353914375, 7.354089617
7.363914373, 7.364065883
7.373914361, 7.374104573
7.383914354, 7.384096963
7.393914391, 7.394099258
7.403914368, 7.404096808
7.413914620, 7.414102864
7.423914354, 7.424076636
7.433914356, 7.434079464
7.443914354, 7.444087660
7.453914378, 7.454069579
7.463914351, 7.464092337
7.473914350, 7.474085523
7.483914449, 7.484063213
7.493914353, 7.494122514
7.503914374, 7.504089401
7.513914359, 7.514076921
7.523914360, 7.524064878
7.533914405, 7.534062999
7.543914449, 7.544079546
7.553914449, 7.554102529
7.563914450, 7.564076653
7.573914359, 7.574069494
7.583914433, 7.584063780
7.593914355, 7.594096425
7.603914382, 7.604072028
7.613914375, 7.614067831
7.623914449, 7.624136273
7.633914374, 7.634077568
7.643914352, 7.644116243
7.653914353, 7.654079332
7.663914351, 7.664084630
7.673914393, 7.674137694
7.683914606, 7.684102448
7.693914462, 7.694085938
7.703914378, 7.704097612
7.713914369, 7.714049512
7.723914379, 7.724133959
7.733914419, 7.734119686
7.743914376, 7.744114366
7.753914473, 7.754094008
7.763914545, 7.764111277
7.773914434, 7.774096607
7.783914532, 7.784112959
7.793914584, 7.794069683
7.803914378, 7.804125878
7.813914339, 7.814132347
7.823914371, 7.824072970
7.833914389, 7.834063914
7.843914381, 7.844088272
7.853914438, 7.854090187
7.863914374, 7.864106702
7.873914370, 7.874152365
7.883914415, 7.884081941
7.893914377, 7.894071535
7.903914417, 7.904083067
7.913914375, 7.914109492
7.923914531, 7.924089292
7.933914353, 7.934063779
7.943914366, 7.944094437
7.953914437, 7.954078334
7.963914520, 7.964068076
7.973914375, 7.974121402
7.983914352, 7.984092111
7.993914438, 7.994057217
8.003914373, 8.004097470
8.013914538, 8.014082621
8.023914543, 8.024153285
8.033914435, 8.034092333
8.043914545, 8.044149632
8.053914450, 8.054092417
8.063914370, 8.064125865
8.073914369, 8.074163740
8.083914373, 8.084058162
8.093914526, 8.094079010
8.103914437, 8.104082865
8.113914336, 8.114093795
8.123914373, 8.124122399
8.133914500, 8.134079775
8.143914376, 8.144085884
8.153914498, 8.154095723
8.163914368, 8.164136103
8.173914356, 8.174071772
8.183914360, 8.184071722
8.193914372, 8.194062643
8.203914360, 8.204079140
8.213914356, 8.214110138
8.223914359, 8.224077992
8.233914351, 8.234084016
8.243914374, 8.244082356
8.253914374, 8.254091366
8.263914387, 8.264065885
8.273914385, 8.274075176
8.283914376, 8.284083296
8.293914385, 8.294106608
8.303914370, 8.304089761
8.313914358, 8.314072097
8.323914373, 8.324082339
8.333914353, 8.334089533
8.343914357, 8.344081147
8.353914356, 8.354060920
8.363914445, 8.364086956
8.373914358, 8.374091264
8.383914371, 8.384052988
8.393914397, 8.394063498
8.403914352, 8.404059069
8.413914378, 8.414062459
8.423914360, 8.424092229
8.433914355, 8.434080860
8.443914357, 8.444067131
8.453914356, 8.454133573
8.463914354, 8.464102529
8.473914355, 8.474071979
8.483914431, 8.484078807
8.493914355, 8.494079164
8.503914359, 8.504055023
8.513914356, 8.514059025
8.523914371, 8.524082017
8.533914356, 8.534079660
8.543914352, 8.544063007
8.553914419, 8.554088027
8.563914390, 8.564082538
8.573914389, 8.574081643
8.583914352, 8.584060322
8.593914355, 8.594085417
8.603914354, 8.604089198
8.613914356, 8.614085250
8.623914371, 8.624078264
8.633914361, 8.634152397
8.643914357, 8.644053636
8.653914353, 8.654117188
8.663914370, 8.664064031
8.673914584, 8.674059289
8.683914376, 8.684110668
8.693914435, 8.694087285
8.703914434, 8.704059354
8.713914430, 8.714120812
8.723914360, 8.724065476
8.733914560, 8.734089293
8.743914362, 8.744161126
8.753914454, 8.754102348
8.763914357, 8.764073731
8.773914358, 8.774104134
8.783914354, 8.784081838
8.793914359, 8.794124323
8.803914434, 8.804108906
8.813914435, 8.814113951
8.823914546, 8.824112857
8.833914393, 8.834082184
8.843914353, 8.844110253
8.853914541, 8.854089797
8.863914370, 8.864084082
8.873914432, 8.874067148
8.883914430, 8.884092054
8.893914436, 8.894070476
8.903914428, 8.904051779
8.913914376, 8.914074254
8.923914432, 8.924077050
8.933914371, 8.934117177
8.943914375, 8.944062142
8.953914428, 8.954063314
8.963914542, 8.964108788
8.973914545, 8.974074087
8.983914353, 8.984114972
8.993914376, 8.994121886
9.003914380, 9.004097642
9.013914374, 9.014093768
9.023914361, 9.024122687
9.033914513, 9.034090857
9.043914430, 9.044094942
9.053914443, 9.054113233
9.063914428, 9.064112966
9.073914342, 9.074075691
9.083914376, 9.084100443
9.093914466, 9.094084682
9.103914428, 9.104095706
9.113914445, 9.114079065
9.123914361, 9.124063335
9.133914545, 9.134097570
9.143914463, 9.144061846
9.153914350, 9.154105463
9.163914343, 9.164084444
9.173914434, 9.174073556
9.183914432, 9.184105379
9.193914586, 9.194100082
9.203914381, 9.204107686
9.213914358, 9.214072649
9.223914488, 9.224111925
9.233914559, 9.234086769
9.243914417, 9.244057443
9.253914367, 9.254075028
9.263914366, 9.264153653
9.273914374, 9.274095618
9.283914357, 9.284085227
9.293914375, 9.294044783
9.303914368, 9.304074229
9.313914396, 9.314084646
9.323914361, 9.324113166
9.333914358, 9.334070375
9.343914426, 9.344095677
9.353914473, 9.354085002
9.363914395, 9.364083281
9.373914356, 9.374092213
9.383914384, 9.384053784
9.393914486, 9.394085840
9.403914360, 9.404066713
9.413914356, 9.414073896
9.423914393, 9.424131477
9.433914411, 9.434084910
9.443914355, 9.444099544
9.453914372, 9.454057821
9.463914411, 9.464123964
9.473914378, 9.474080712
9.483914365, 9.484110281
9.493914350, 9.494071575
9.503914329, 9.504088238
9.513914321, 9.514061010
9.523914327, 9.524080681
9.533914325, 9.534072662
9.543914329, 9.544107474
9.553914323, 9.554070425
9.563914321, 9.564076577
9.573914334, 9.574089454
9.583914329, 9.584081204
9.593914325, 9.594065578
9.603914322, 9.604103894
9.613914325, 9.614047100
9.623914319, 9.624049181
9.633914333, 9.634076760
9.643914321, 9.644108530
9.653914328, 9.654101336
9.663914611, 9.664057892
9.673914342, 9.674059778
9.683914321, 9.684066139
9.693914323, 9.694055233
9.703914321, 9.704145545
9.713914328, 9.714105654
9.723914325, 9.724064658
9.733914323, 9.734064029
9.743914324, 9.744071190
9.753914321, 9.754065191
9.763914321, 9.764105816
9.773914326, 9.774079286
9.783914327, 9.784111680
9.793914318, 9.794072770
9.803914325, 9.804094384
9.813914325, 9.814125477
9.823914319, 9.824100604
9.833914333, 9.834087934
9.843914322, 9.844069481
9.853914326, 9.854066136
9.863914327, 9.864045010
9.873914320, 9.874165847
9.883914327, 9.884087547
9.893914323, 9.894071699
9.903914390, 9.904082023
9.913914323, 9.914099589
9.923914320, 9.924108479
9.933914327, 9.934096873
9.943914325, 9.944100504
9.953914338, 9.954097385
9.963914323, 9.964077123
9.973914323, 9.974091417
9.983914319, 9.984115477
9.993914320, 9.994111489
10.003914320, 10.004092595
10.013914324, 10.014081333
10.023914320, 10.024168376
10.033914318, 10.034075498
10.043914325, 10.044097821
10.053914324, 10.054085445
10.063914325, 10.064074379
10.073914327, 10.074067849
10.083914320, 10.084056826
10.093914329, 10.094041941
10.103914325, 10.104053646
10.113914323, 10.114066387
10.123914323, 10.124061203
10.133914338, 10.134048184
10.143914325, 10.144069698
10.153914324, 10.154110653
10.163914383, 10.164053547
10.173914334, 10.174041142
10.183914317, 10.184129073
10.193914326, 10.194135590
10.203914325, 10.204135597
10.213914316, 10.214136438
10.223914323, 10.224135796
10.233914326, 10.234132980
10.243914325, 10.244135324
10.253914326, 10.254140134
10.263914323, 10.264132561
10.273914320, 10.274135197
10.283914320, 10.284134680
10.293914318, 10.294133399
10.303914320, 10.304137333
10.313914318, 10.314133048
10.323914333, 10.324134686
10.333914324, 10.334138863
10.343914321, 10.344136045
10.353914325, 10.354106946
10.363914327, 10.364114470
10.373914319, 10.374106779
10.383914316, 10.384106579
10.393914316, 10.394106452
10.403914325, 10.404107730
10.413914319, 10.414106056
10.423914337, 10.424105818
10.433914318, 10.434112007
10.443914323, 10.444108056
10.453914321, 10.454105685
10.463914323, 10.464109665
10.473914321, 10.474131769
10.483914325, 10.484133037
10.493914319, 10.494135020
10.503914320, 10.504135607
10.513914318, 10.514139323
10.523914324, 10.524136501
10.533914325, 10.534133747
10.543914321, 10.544140746
10.553914327, 10.554136618
10.563914324, 10.564134383
10.573914319, 10.574131292
10.583914323, 10.584133657
10.593914335, 10.594136873
10.603914321, 10.604139183
10.613914321, 10.614134136
10.623914323, 10.624134046
10.633914317, 10.634132634
10.643914323, 10.644133634
10.653914327, 10.654131538
10.663914323, 10.664135628
10.673914323, 10.674131573
10.683914327, 10.684137221
10.693914323, 10.694137744
10.703914325, 10.704137980
10.713914321, 10.714133878
10.723914331, 10.724136843
10.733914321, 10.734139798
10.743914321, 10.744133494
10.753914318, 10.754142591
10.763914323, 10.764136595
10.773914319, 10.774135796
10.783914326, 10.784143067
10.793914322, 10.794136798
10.803914323, 10.804133690
10.813914317, 10.814138745
10.823914318, 10.824231306
10.833914357, 10.834213103
10.843914349, 10.844273596
10.853914339, 10.854206374
10.863914324, 10.864208825
10.873914328, 10.874145231
10.883914319, 10.884207654
10.893914334, 10.894145966
10.903914318, 10.904202007
10.913914333, 10.914146262
10.923914318, 10.924204556
10.933914329, 10.934146743
10.943914321, 10.944203224
10.953914329, 10.954148164
10.963914325, 10.964205533
10.973914331, 10.974155735
10.983914324, 10.984204218
10.993914331, 10.994144489
11.003914327, 11.004204667
11.013914328, 11.014144839
11.023914321, 11.024148054
11.033914326, 11.034140969
11.043914319, 11.044141537
11.053914321, 11.054132157
11.063914326, 11.064142031
11.073914321, 11.074133247
11.083914321, 11.084142854
11.093914320, 11.094106286
11.103914326, 11.104112575
11.113914321, 11.114106247
11.123914320, 11.124115856
11.133914326, 11.134105512
11.143914327, 11.144115049
11.153914325, 11.154106586
11.163914318, 11.164112068
11.173914316, 11.174105393
11.183914322, 11.184107352
11.193914324, 11.194106413
11.203914327, 11.204106273
11.213914325, 11.214132196
11.223914324, 11.224133155
11.233914317, 11.234132892
11.243914321, 11.244143902
11.253914327, 11.254144790
11.263914319, 11.264138748
11.273914323, 11.274141796
11.283914326, 11.284145172
11.293914316, 11.294147177
11.303914328, 11.304134753
11.313914325, 11.314145112
11.323914326, 11.324145808
11.333914326, 11.334139752
11.343914325, 11.344138792
11.353914322, 11.354147438
11.363914321, 11.364145096
11.373914321, 11.374143236
11.383914321, 11.384147775
11.393914324, 11.394139073
11.403914322, 11.404147502
11.413914327, 11.414137917
11.423914326, 11.424142316
11.433914328, 11.434144109
11.443914325, 11.444147322
11.453914323, 11.454140625
11.463914323, 11.464144460
11.473914316, 11.474146178
11.483914318, 11.484141359
11.493914320, 11.494145715
11.503914318, 11.504141048
11.513914319, 11.514141661
11.523914323, 11.524145597
11.533914325, 11.534139398
11.543914321, 11.544141961
11.553914325, 11.554141701
11.563914319, 11.564150101
11.573914321, 11.574138014
11.583914318, 11.584143258
11.593914327, 11.594139781
11.603914340, 11.604146826
11.613914328, 11.614141543
11.623914324, 11.624143498
11.633914321, 11.634143632
11.643914319, 11.644145890
11.653914340, 11.654137339
11.663914323, 11.664138344
11.673914321, 11.674147700
11.683914325, 11.684145258
11.693914330, 11.694147493
11.703914321, 11.704138890
11.713914319, 11.714137876
11.723914325, 11.724141067
11.733914327, 11.734138543
11.743914337, 11.744142269
11.753914322, 11.754140845
11.763914324, 11.764142661
11.773914314, 11.774140056
11.783914319, 11.784139304
11.793914323, 11.794144178
11.803914322, 11.804140189
11.813914323, 11.814145531
11.823914318, 11.824144494
11.833914331, 11.834146210
11.843914319, 11.844144330
11.853914338, 11.854145713
11.863914324, 11.864145182
11.873914324, 11.874141249
11.883914319, 11.884141527
11.893914325, 11.894139895
11.903914325, 11.904144596
11.913914322, 11.914140891
11.923914324, 11.924039650
11.933914323, 11.934138406
11.943914328, 11.944145321
11.953914321, 11.954138618
11.963914327, 11.964141082
11.973914322, 11.974143722
11.983914319, 11.984145445
11.993914323, 11.994137117
12.003914325, 12.004141719
12.013914316, 12.014119659
12.023914319, 12.024118456
12.033914327, 12.034116331
12.043914325, 12.044126259
12.053914322, 12.054120307
------------------------------
