------------------------------
test was performed using the following parameters: --mps=100 --burst=1 --reply-every=1 --msg-size=12 --time=10
------------------------------
sockperf: [Total Run] RunTime=10.100 sec; SentMessages=1011; ReceivedMessages=1010
sockperf: ========= Printing statistics for Server No: 0
sockperf: [Valid Duration] RunTime=9.980 sec; SentMessages=999; ReceivedMessages=999
sockperf: [2;35m====> avg-lat= 69.640 (std-dev=17.777)[0m
sockperf: # dropped messages = 0; # duplicated messages = 0; # out-of-order messages = 0
sockperf: [2;35mTotal 999 observations[0m; each percentile contains 9.99 observations
sockperf: ---> <MAX> observation =  143.609
sockperf: ---> percentile  99.99 =  143.609
sockperf: ---> percentile  99.90 =  141.927
sockperf: ---> percentile  99.50 =  123.675
sockperf: ---> percentile  99.00 =  117.214
sockperf: ---> percentile  95.00 =   98.580
sockperf: ---> percentile  90.00 =   90.290
sockperf: ---> percentile  75.00 =   80.031
sockperf: ---> percentile  50.00 =   69.607
sockperf: ---> percentile  25.00 =   58.435
sockperf: ---> <MIN> observation =   28.500
------------------------------
txTime, rxTime
2.062507354, 2.062646400
2.072507365, 2.072669488
2.082507374, 2.082711597
2.092507354, 2.092634113
2.102507373, 2.102660532
2.112507366, 2.112626922
2.122507369, 2.122680377
2.132507363, 2.132649063
2.142507358, 2.142657133
2.152507365, 2.152664538
2.162507377, 2.162630698
2.172507429, 2.172664543
2.182507380, 2.182652943
2.192507360, 2.192623778
2.202507366, 2.202618160
2.212507369, 2.212639432
2.222507357, 2.222620189
2.232507365, 2.232671642
2.242507365, 2.242640962
2.252507360, 2.252685485
2.262507355, 2.262638824
2.272507366, 2.272645453
2.282507437, 2.282632291
2.292507360, 2.292633008
2.302507368, 2.302595282
2.312507363, 2.312612604
2.322507368, 2.322601638
2.332507376, 2.332597877
2.342507358, 2.342592817
2.352507376, 2.352654732
2.362507363, 2.362668334
2.372507360, 2.372682103
2.382507365, 2.382685634
2.392507361, 2.392659819
2.402507365, 2.402618163
2.412507377, 2.412703178
2.422507369, 2.422652379
2.432507428, 2.432649629
2.442507399, 2.442646523
2.452507373, 2.452609138
2.462507357, 2.462639707
2.472507373, 2.472665706
2.482507377, 2.482630881
2.492507363, 2.492622437
2.502507366, 2.502655996
2.512507365, 2.512640368
2.522507459, 2.522647533
2.532507894, 2.532630227
2.542507369, 2.542663880
2.552507361, 2.552637419
2.562507368, 2.562623155
2.572507364, 2.572645910
2.582507391, 2.582669832
2.592507361, 2.592612016
2.602507369, 2.602710419
2.612507361, 2.612684760
2.622507361, 2.622636039
2.632507388, 2.632649172
2.642507369, 2.642631212
2.652507377, 2.652634667
2.662507366, 2.662662836
2.672507361, 2.672640367
2.682507377, 2.682671651
2.692507385, 2.692601552
2.702507379, 2.702642069
2.712507377, 2.712637495
2.722507366, 2.722654673
2.732507368, 2.732633349
2.742507373, 2.742593237
2.752507360, 2.752603985
2.762507380, 2.762590406
2.772507380, 2.772596839
2.782507379, 2.782588474
2.792507373, 2.792580961
2.802507373, 2.802630167
2.812507361, 2.812646362
2.822507363, 2.822607498
2.832507366, 2.832695266
2.842507379, 2.842610336
2.852507377, 2.852606800
2.862507361, 2.862598050
2.872507360, 2.872574519
2.882507379, 2.882616780
2.892507366, 2.892593321
2.902507371, 2.902644703
2.912507361, 2.912637894
2.922507358, 2.922597516
2.932507365, 2.932640842
2.942507358, 2.942646664
2.952507360, 2.952644360
2.962508973, 2.962669905
2.972507365, 2.972620836
2.982507371, 2.982612708
2.992507360, 2.992629637
3.002507371, 3.002657945
3.012507361, 3.012645636
3.022507374, 3.022638329
3.032507412, 3.032681773
3.042507361, 3.042631650
3.052507376, 3.052640124
3.062507358, 3.062625928
3.072507363, 3.072617243
3.082507366, 3.082633800
3.092507377, 3.092656298
3.102507366, 3.102673317
3.112507373, 3.112633687
3.122507365, 3.122591469
3.132507361, 3.132646577
3.142507358, 3.142653649
3.152507361, 3.152657719
3.162507377, 3.162644073
3.172507361, 3.172622871
3.182507363, 3.182658095
3.192507354, 3.192642004
3.202507366, 3.202635608
3.212507360, 3.212649943
3.222507360, 3.222616519
3.232507360, 3.232621453
3.242507376, 3.242667322
3.252507379, 3.252654686
3.262507433, 3.262654380
3.272507373, 3.272627084
3.282507369, 3.282624175
3.292507369, 3.292668727
3.302507361, 3.302659745
3.312507365, 3.312596471
3.322507376, 3.322579657
3.332507368, 3.332593982
3.342507365, 3.342602717
3.352507374, 3.352620894
3.362507366, 3.362606789
3.372507380, 3.372589394
3.382507382, 3.382596654
3.392507376, 3.392623245
3.402507368, 3.402637182
3.412507360, 3.412580319
3.422507365, 3.422642814
3.432507379, 3.432652812
3.442507369, 3.442658791
3.452507382, 3.452657416
3.462507371, 3.462617411
3.472507365, 3.472624006
3.482507373, 3.482626481
3.492507360, 3.492659031
3.502507365, 3.502642339
3.512507363, 3.512634656
3.522507369, 3.522595841
3.532507365, 3.532652349
3.542507368, 3.542633800
3.552507414, 3.552635843
3.562507365, 3.562646428
3.572507374, 3.572650882
3.582507376, 3.582628822
3.592507448, 3.592602474
3.602507365, 3.602623004
3.612507357, 3.612631189
3.622507376, 3.622652483
3.632507366, 3.632611156
3.642507358, 3.642606471
3.652507376, 3.652627734
3.662507373, 3.662629370
3.672507366, 3.672634146
3.682507373, 3.682633953
3.692507379, 3.692620468
3.702507373, 3.702620552
3.712507358, 3.712646815
3.722507369, 3.722592233
3.732508195, 3.732617085
3.742507377, 3.742641365
3.752507366, 3.752623795
3.762507360, 3.762604521
3.772507363, 3.772633780
3.782507363, 3.782624023
3.792507361, 3.792630758
3.802507373, 3.802622139
3.812507382, 3.812621170
3.822507368, 3.822632119
3.832507382, 3.832625447
3.842507390, 3.842636490
3.852507376, 3.852651367
3.862507381, 3.862647040
3.872507360, 3.872660132
3.882507387, 3.882629009
3.892507365, 3.892638553
3.902507374, 3.902644899
3.912507362, 3.912668827
3.922507367, 3.922682863
3.932507359, 3.932654028
3.942507363, 3.942648696
3.952507387, 3.952664570
3.962507373, 3.962637797
3.972507357, 3.972629996
3.982507360, 3.982698614
3.992507403, 3.992658776
4.002507376, 4.002629814
4.012507370, 4.012628423
4.022507371, 4.022636580
4.032507356, 4.032625695
4.042507374, 4.042648486
4.052507365, 4.052641518
4.062507362, 4.062646323
4.072507370, 4.072641967
4.082507360, 4.082660094
4.092507365, 4.092668516
4.102507371, 4.102663719
4.112507373, 4.112644506
4.122507376, 4.122665426
4.132507378, 4.132667598
4.142508791, 4.142646309
4.152507378, 4.152634416
4.162507381, 4.162640642
4.172507368, 4.172649122
4.182507374, 4.182668522
4.192507378, 4.192666616
4.202507414, 4.202636649
4.212507365, 4.212657787
4.222507367, 4.222637000
4.232507374, 4.232668156
4.242507367, 4.242671977
4.252507376, 4.252640445
4.262507365, 4.262645272
4.272507408, 4.272635908
4.282507364, 4.282646823
4.292507364, 4.292633569
4.302507383, 4.302624631
4.312507366, 4.312670661
4.322507378, 4.322687149
4.332509047, 4.332690155
4.342507361, 4.342657701
4.352507372, 4.352667045
4.362507369, 4.362697598
4.372507369, 4.372664366
4.382507363, 4.382674382
4.392507361, 4.392670429
4.402507372, 4.402665897
4.412507369, 4.412597427
4.422507372, 4.422572514
4.432507377, 4.432599137
4.442507363, 4.442691762
4.452507361, 4.452649156
4.462507377, 4.462690034
4.472507375, 4.472708789
4.482507374, 4.482680226
4.492507858, 4.492673166
4.502507374, 4.502672576
4.512507364, 4.512725551
4.522507371, 4.522745939
4.532507380, 4.532730150
4.542507375, 4.542741804
4.552507375, 4.552731367
4.562507361, 4.562760905
4.572507374, 4.572740585
4.582507378, 4.582718048
4.592507361, 4.592741238
4.602507374, 4.602794592
4.612507361, 4.612722945
4.622507374, 4.622733297
4.632507372, 4.632729902
4.642507375, 4.642736658
4.652507363, 4.652736691
4.662507364, 4.662767529
4.672507359, 4.672754711
4.682507371, 4.682754376
4.692507396, 4.692772687
4.702507383, 4.702676098
4.712507363, 4.712750268
4.722507366, 4.722671535
4.732507375, 4.732715990
4.742507396, 4.742713718
4.752507375, 4.752739544
4.762507413, 4.762706467
4.772507369, 4.772727584
4.782507372, 4.782714282
4.792507364, 4.792722773
4.802507377, 4.802713475
4.812507364, 4.812673353
4.822507372, 4.822656422
4.832507375, 4.832592100
4.842507375, 4.842619239
4.852507367, 4.852583457
4.862507361, 4.862649829
4.872507366, 4.872632677
4.882507385, 4.882600823
4.892507363, 4.892596794
4.902507361, 4.902717827
4.912507375, 4.912622531
4.922507369, 4.922640037
4.932507366, 4.932649010
4.942507371, 4.942598362
4.952507371, 4.952600061
4.962507376, 4.962632788
4.972507365, 4.972594428
4.982507376, 4.982669104
4.992507358, 4.992616145
5.002507358, 5.002580987
5.012507382, 5.012642999
5.022507368, 5.022641718
5.032507368, 5.032689979
5.042507368, 5.042682744
5.052507358, 5.052697622
5.062507365, 5.062697057
5.072507361, 5.072711011
5.082507358, 5.082654695
5.092508255, 5.092676530
5.102507369, 5.102676407
5.112507376, 5.112689511
5.122507360, 5.122644077
5.132507368, 5.132702807
5.142507421, 5.142677588
5.152507363, 5.152700306
5.162507379, 5.162669256
5.172507374, 5.172692396
5.182507366, 5.182703246
5.192507365, 5.192675001
5.202507358, 5.202641366
5.212507366, 5.212661267
5.222507366, 5.222692189
5.232507360, 5.232689199
5.242507361, 5.242702259
5.252507368, 5.252731233
5.262507368, 5.262675169
5.272507399, 5.272714379
5.282507358, 5.282730188
5.292507360, 5.292689617
5.302507379, 5.302663817
5.312507379, 5.312671788
5.322507363, 5.322653409
5.332507371, 5.332650402
5.342507365, 5.342583020
5.352507409, 5.352651643
5.362507358, 5.362593040
5.372507406, 5.372718563
5.382507363, 5.382656732
5.392507366, 5.392654757
5.402507878, 5.402616650
5.412507366, 5.412579693
5.422507361, 5.422586434
5.432507368, 5.432608495
5.442507366, 5.442605761
5.452507368, 5.452599750
5.462507363, 5.462599074
5.472507374, 5.472595980
5.482507358, 5.482586592
5.492507382, 5.492624044
5.502507368, 5.502583186
5.512507369, 5.512577297
5.522507361, 5.522659680
5.532507369, 5.532647628
5.542507371, 5.542667434
5.552507382, 5.552669275
5.562507363, 5.562678308
5.572507363, 5.572683463
5.582507363, 5.582658961
5.592507361, 5.592659692
5.602507374, 5.602644058
5.612507399, 5.612684039
5.622507368, 5.622682998
5.632507368, 5.632689709
5.642507369, 5.642694213
5.652507380, 5.652791236
5.662507380, 5.662649641
5.672507374, 5.672654970
5.682507366, 5.682660247
5.692507380, 5.692671654
5.702507361, 5.702727238
5.712507409, 5.712658733
5.722507367, 5.722713645
5.732507379, 5.732686043
5.742507378, 5.742691320
5.752507359, 5.752676211
5.762507400, 5.762669161
5.772507363, 5.772691825
5.782507382, 5.782681401
5.792507365, 5.792692423
5.802507376, 5.802639033
5.812507368, 5.812653256
5.822507365, 5.822672332
5.832507374, 5.832698371
5.842507357, 5.842653630
5.852507376, 5.852664207
5.862507368, 5.862699907
5.872507366, 5.872660038
5.882507363, 5.882745447
5.892507364, 5.892664459
5.902507378, 5.902646919
5.912507377, 5.912660998
5.922507369, 5.922636422
5.932507361, 5.932683009
5.942507378, 5.942642416
5.952507377, 5.952633350
5.962507366, 5.962632561
5.972507371, 5.972696244
5.982507363, 5.982685543
5.992507373, 5.992621321
6.002507361, 6.002627673
6.012507361, 6.012672674
6.022507371, 6.022650562
6.032507379, 6.032657224
6.042507365, 6.042671680
6.052507367, 6.052644790
6.062507374, 6.062632664
6.072507373, 6.072614815
6.082507367, 6.082657265
6.092507374, 6.092644251
6.102507357, 6.102646561
6.112507373, 6.112640419
6.122507365, 6.122656395
6.132507359, 6.132642169
6.142507360, 6.142681024
6.152507359, 6.152679086
6.162507368, 6.162644308
6.172507360, 6.172635447
6.182507371, 6.182645102
6.192507365, 6.192639900
6.202507365, 6.202640603
6.212507382, 6.212614751
6.222507360, 6.222654850
6.232507370, 6.232671565
6.242507365, 6.242661101
6.252507360, 6.252612653
6.262507360, 6.262656407
6.272507363, 6.272681693
6.282507379, 6.282618419
6.292507368, 6.292666583
6.302507362, 6.302642677
6.312507367, 6.312625347
6.322507376, 6.322655479
6.332507368, 6.332622917
6.342507360, 6.342634135
6.352507367, 6.352635302
6.362507373, 6.362655711
6.372507376, 6.372657182
6.382507368, 6.382640734
6.392507374, 6.392662600
6.402507363, 6.402673849
6.412507363, 6.412641245
6.422507360, 6.422625747
6.432507360, 6.432652529
6.442507363, 6.442613881
6.452507360, 6.452662671
6.462507367, 6.462580382
6.472507359, 6.472671506
6.482507363, 6.482658967
6.492507360, 6.492635822
6.502507363, 6.502601658
6.512507370, 6.512675936
6.522507374, 6.522641984
6.532507367, 6.532644256
6.542507357, 6.542623243
6.552507378, 6.552626532
6.562507389, 6.562643381
6.572507362, 6.572625706
6.582507365, 6.582694427
6.592507379, 6.592678251
6.602507367, 6.602617783
6.612507360, 6.612666867
6.622507379, 6.622645829
6.632507360, 6.632638452
6.642507363, 6.642639005
6.652507368, 6.652661992
6.662507356, 6.662630081
6.672507379, 6.672644160
6.682507365, 6.682647839
6.692507368, 6.692643110
6.702507425, 6.702658905
6.712507363, 6.712633461
6.722507363, 6.722604219
6.732507384, 6.732675962
6.742507370, 6.742639373
6.752507374, 6.752688192
6.762507371, 6.762652244
6.772507363, 6.772657538
6.782507362, 6.782626710
6.792507359, 6.792639107
6.802507363, 6.802656077
6.812507367, 6.812611467
6.822507360, 6.822675134
6.832507376, 6.832662491
6.842507365, 6.842645129
6.852507363, 6.852582912
6.862507373, 6.862600035
6.872507382, 6.872581756
6.882507370, 6.882624848
6.892507376, 6.892692805
6.902507360, 6.902645300
6.912507400, 6.912653859
6.922507376, 6.922629722
6.932507362, 6.932642682
6.942507376, 6.942664501
6.952507381, 6.952627547
6.962507367, 6.962660232
6.972507375, 6.972632843
6.982507359, 6.982666447
6.992507372, 6.992687188
7.002507361, 7.002650238
7.012507380, 7.012656110
7.022507372, 7.022657098
7.032507402, 7.032646161
7.042507374, 7.042640136
7.052507367, 7.052637547
7.062507380, 7.062661091
7.072507372, 7.072616971
7.082507361, 7.082626179
7.092507361, 7.092645893
7.102507363, 7.102639855
7.112507371, 7.112653454
7.122507358, 7.122616287
7.132507358, 7.132589429
7.142507357, 7.142581065
7.152507368, 7.152648028
7.162507360, 7.162645249
7.172507374, 7.172630350
7.182507363, 7.182629225
7.192507363, 7.192613641
7.202507379, 7.202626640
7.212507363, 7.212620516
7.222507366, 7.222637256
7.232507363, 7.232661117
7.242508707, 7.242647660
7.252507365, 7.252628233
7.262507374, 7.262644085
7.272507358, 7.272647052
7.282507365, 7.282649772
7.292507371, 7.292678508
7.302507360, 7.302661120
7.312507914, 7.312658425
7.322507368, 7.322608183
7.332507363, 7.332594500
7.342507371, 7.342621507
7.352507360, 7.352653094
7.362507360, 7.362621272
7.372507360, 7.372661505
7.382507363, 7.382630524
7.392507359, 7.392595158
7.402507378, 7.402604276
7.412507366, 7.412619674
7.422507375, 7.422593990
7.432507364, 7.432615818
7.442507405, 7.442642777
7.452507363, 7.452616121
7.462507374, 7.462611377
7.472507366, 7.472679502
7.482507372, 7.482615218
7.492507364, 7.492598578
7.502507367, 7.502605658
7.512507364, 7.512595108
7.522507372, 7.522607856
7.532507364, 7.532585178
7.542507356, 7.542578730
7.552507363, 7.552613404
7.562507372, 7.562599546
7.572507385, 7.572579543
7.582507353, 7.582642490
7.592507378, 7.592655955
7.602507366, 7.602630568
7.612507364, 7.612650538
7.622507358, 7.622621936
7.632507367, 7.632585855
7.642507369, 7.642639412
7.652507368, 7.652660930
7.662507358, 7.662581241
7.672507368, 7.672591502
7.682507376, 7.682585521
7.692507365, 7.692587444
7.702507361, 7.702645007
7.712507368, 7.712669158
7.722507396, 7.722649382
7.732507363, 7.732652651
7.742507360, 7.742639590
7.752507360, 7.752646057
7.762507379, 7.762667123
7.772507360, 7.772654850
7.782507368, 7.782639260
7.792507374, 7.792634817
7.802507360, 7.802645947
7.812507365, 7.812651875
7.822507374, 7.822650941
7.832507377, 7.832628167
7.842507354, 7.842667962
7.852507366, 7.852661336
7.862507366, 7.862661912
7.872507366, 7.872596854
7.882507369, 7.882676231
7.892507374, 7.892646927
7.902507453, 7.902650456
7.912507369, 7.912650097
7.922507377, 7.922658964
7.932507363, 7.932620304
7.942507377, 7.942653294
7.952507364, 7.952625942
7.962507367, 7.962657532
7.972507372, 7.972637095
7.982507364, 7.982634564
7.992507369, 7.992638080
8.002507359, 8.002609103
8.012507375, 8.012662353
8.022507361, 8.022651884
8.032507372, 8.032591353
8.042507371, 8.042585263
8.052507364, 8.052589064
8.062507359, 8.062569648
8.072507369, 8.072564370
8.082507361, 8.082577784
8.092507378, 8.092652287
8.102507364, 8.102613393
8.112507358, 8.112651054
8.122507367, 8.122630573
8.132507359, 8.132662313
8.142507375, 8.142640575
8.152507367, 8.152659354
8.162507377, 8.162648359
8.172507361, 8.172643404
8.182507367, 8.182644039
8.192507361, 8.192650339
8.202507361, 8.202662820
8.212507375, 8.212653449
8.222507372, 8.222670223
8.232507374, 8.232637267
8.242507372, 8.242623937
8.252507382, 8.252643185
8.262507364, 8.262643341
8.272507374, 8.272669885
8.282507359, 8.282663881
8.292507364, 8.292677377
8.302507369, 8.302657845
8.312507367, 8.312658664
8.322507367, 8.322599015
8.332507364, 8.332635930
8.342507383, 8.342640155
8.352507364, 8.352650754
8.362507380, 8.362633934
8.372507374, 8.372725199
8.382507363, 8.382650075
8.392507388, 8.392639694
8.402507375, 8.402659749
8.412507374, 8.412642457
8.422507363, 8.422596688
8.432507367, 8.432606204
8.442507377, 8.442611508
8.452507367, 8.452631817
8.462507364, 8.462661179
8.472507359, 8.472670953
8.482507361, 8.482584761
8.492507359, 8.492714996
8.502507359, 8.502592804
8.512507378, 8.512659763
8.522507396, 8.522657848
8.532507358, 8.532639847
8.542507374, 8.542627342
8.552507367, 8.552656511
8.562507364, 8.562704526
8.572507378, 8.572669268
8.582507374, 8.582673503
8.592507367, 8.592643245
8.602507415, 8.602642825
8.612507371, 8.612600792
8.622507377, 8.622582404
8.632507367, 8.632607068
8.642507353, 8.642607805
8.652507359, 8.652642154
8.662507378, 8.662632755
8.672507383, 8.672617349
8.682507361, 8.682590884
8.692507374, 8.692596982
8.702507363, 8.702652327
8.712507367, 8.712626044
8.722507359, 8.722577112
8.732507371, 8.732600613
8.742507374, 8.742570652
8.752507369, 8.752633850
8.762507372, 8.762649211
8.772507367, 8.772632759
8.782507369, 8.782631242
8.792507374, 8.792662452
8.802507363, 8.802654535
8.812507366, 8.812690766
8.822507367, 8.822649537
8.832507361, 8.832622407
8.842507366, 8.842636396
8.852507367, 8.852647100
8.862507371, 8.862632103
8.872507380, 8.872641034
8.882507378, 8.882640038
8.892507375, 8.892700656
8.902507377, 8.902655284
8.912507380, 8.912651195
8.922507371, 8.922640149
8.932507369, 8.932634190
8.942507372, 8.942633942
8.952507369, 8.952621543
8.962507356, 8.962622675
8.972507431, 8.972633762
8.982507359, 8.982655052
8.992507369, 8.992664383
9.002507358, 9.002637780
9.012507369, 9.012631217
9.022507372, 9.022657513
9.032507375, 9.032652153
9.042507361, 9.042651210
9.052507372, 9.052626234
9.062507372, 9.062663873
9.072507382, 9.072645465
9.082507374, 9.082641506
9.092507895, 9.092669873
9.102507372, 9.102633492
9.112507382, 9.112624252
9.122507361, 9.122606376
9.132507361, 9.132626659
9.142507367, 9.142641952
9.152507375, 9.152619544
9.162507364, 9.162678593
9.172507374, 9.172663393
9.182507389, 9.182637090
9.192507375, 9.192640681
9.202507374, 9.202631203
9.212507369, 9.212622915
9.222507366, 9.222593979
9.232507366, 9.232629366
9.242507358, 9.242626918
9.252507380, 9.252659506
9.262507363, 9.262653891
9.272507359, 9.272641044
9.282507377, 9.282650505
9.292507371, 9.292655994
9.302507366, 9.302629992
9.312507366, 9.312644641
9.322507377, 9.322610891
9.332507363, 9.332656317
9.342507369, 9.342645776
9.352507437, 9.352708107
9.362507369, 9.362686570
9.372507360, 9.372664467
9.382507358, 9.382664633
9.392507368, 9.392723926
9.402507371, 9.402681461
9.412507361, 9.412678143
9.422507368, 9.422670524
9.432507360, 9.432703369
9.442507374, 9.442676951
9.452507365, 9.452705294
9.462507371, 9.462673085
9.472507363, 9.472694452
9.482507376, 9.482665995
9.492507365, 9.492718370
9.502507358, 9.502669082
9.512507361, 9.512656612
9.522507369, 9.522658636
9.532507358, 9.532706892
9.542507382, 9.542681097
9.552507357, 9.552688978
9.562507361, 9.562706287
9.572507363, 9.572656772
9.582507360, 9.582655219
9.592507376, 9.592686840
9.602507360, 9.602674177
9.612507380, 9.612660256
9.622507374, 9.622655504
9.632507376, 9.632596352
9.642507366, 9.642589115
9.652507360, 9.652628798
9.662507358, 9.662600719
9.672507373, 9.672583274
9.682507371, 9.682621223
9.692507361, 9.692596431
9.702507366, 9.702592124
9.712507361, 9.712666005
9.722507368, 9.722591500
9.732507363, 9.732594904
9.742507371, 9.742576589
9.752507360, 9.752604806
9.762507360, 9.762594604
9.772507380, 9.772618408
9.782507361, 9.782613534
9.792507393, 9.792599010
9.802507399, 9.802618555
9.812507376, 9.812609631
9.822507357, 9.822576236
9.832507368, 9.832588722
9.842507357, 9.842587248
9.852507358, 9.852578814
9.862507373, 9.862599731
9.872507382, 9.872602886
9.882507391, 9.882580361
9.892507382, 9.892602799
9.902507373, 9.902578883
9.912507363, 9.912589975
9.922507363, 9.922606173
9.932507363, 9.932606470
9.942507366, 9.942571076
9.952507369, 9.952589104
9.962507368, 9.962573226
9.972507368, 9.972600358
9.982507365, 9.982579739
9.992507361, 9.992600967
10.002507371, 10.002585024
10.012507387, 10.012581261
10.022507366, 10.022581973
10.032507365, 10.032567890
10.042507360, 10.042573894
10.052507355, 10.052593354
10.062507360, 10.062615738
10.072507355, 10.072592863
10.082507360, 10.082598417
10.092507357, 10.092593951
10.102507350, 10.102598457
10.112507355, 10.112594571
10.122507368, 10.122627753
10.132507361, 10.132592228
10.142507366, 10.142593329
10.152507354, 10.152592909
10.162507350, 10.162594491
10.172507357, 10.172593496
10.182507361, 10.182592073
10.192507357, 10.192596935
10.202507363, 10.202594407
10.212507354, 10.212592310
10.222507352, 10.222609438
10.232507365, 10.232590888
10.242507366, 10.242595661
10.252507360, 10.252598075
10.262507361, 10.262594260
10.272507355, 10.272597366
10.282507357, 10.282597778
10.292507360, 10.292592263
10.302507355, 10.302592313
10.312507357, 10.312653219
10.322507354, 10.322651277
10.332507352, 10.332655335
10.342507352, 10.342659345
10.352507355, 10.352641310
10.362507354, 10.362654233
10.372507360, 10.372657698
10.382507361, 10.382668364
10.392507361, 10.392660565
10.402507360, 10.402645591
10.412507361, 10.412649737
10.422507352, 10.422623394
10.432507360, 10.432659354
10.442507360, 10.442660407
10.452507354, 10.452659686
10.462507360, 10.462665114
10.472507354, 10.472637888
10.482507359, 10.482651560
10.492507357, 10.492668038
10.502507361, 10.502634480
10.512507369, 10.512642371
10.522507354, 10.522628940
10.532507359, 10.532638513
10.542507369, 10.542634914
10.552507354, 10.552644750
10.562507361, 10.562648556
10.572507356, 10.572665446
10.582507360, 10.582650100
10.592507358, 10.592639433
10.602507364, 10.602636324
10.612507358, 10.612633406
10.622507365, 10.622619368
10.632507354, 10.632636401
10.642507358, 10.642648090
10.652507355, 10.652663374
10.662507361, 10.662639732
10.672507366, 10.672644299
10.682507361, 10.682643332
10.692507360, 10.692642149
10.702507359, 10.702692927
10.712507354, 10.712637774
10.722507354, 10.722614662
10.732507358, 10.732639324
10.742507356, 10.742657038
10.752507355, 10.752666526
10.762507352, 10.762665474
10.772507360, 10.772665947
10.782507352, 10.782644183
10.792507368, 10.792638569
10.802507354, 10.802641999
10.812507356, 10.812688435
10.822507352, 10.822611842
10.832507355, 10.832682612
10.842507354, 10.842686161
10.852507354, 10.852692559
10.862507361, 10.862688152
10.872507352, 10.872687933
10.882507352, 10.882690634
10.892507352, 10.892690990
10.902507355, 10.902673779
10.912507358, 10.912687855
10.922507358, 10.922611878
10.932507363, 10.932693621
10.942507352, 10.942685282
10.952507366, 10.952687836
10.962507361, 10.962682953
10.972507352, 10.972684840
10.982507361, 10.982687291
10.992507357, 10.992689264
11.002507357, 11.002645993
11.012507358, 11.012683845
11.022507357, 11.022710359
11.032507366, 11.032680234
11.042507352, 11.042684753
11.052507360, 11.052694025
11.062507354, 11.062682923
11.072507373, 11.072692749
11.082507358, 11.082686588
11.092507357, 11.092688651
11.102507360, 11.102632469
11.112507354, 11.112680138
11.122507357, 11.122657585
11.132507352, 11.132679442
11.142507355, 11.142685241
11.152507366, 11.152682482
11.162507357, 11.162684297
11.172507354, 11.172682965
11.182507358, 11.182683543
11.192507358, 11.192681765
11.202507361, 11.202670906
11.212507361, 11.212683336
11.222507358, 11.222609966
11.232507350, 11.232684464
11.242507354, 11.242684143
11.252507358, 11.252659447
11.262507360, 11.262683649
11.272507354, 11.272658564
11.282507361, 11.282689051
11.292507361, 11.292650799
11.302507351, 11.302632695
11.312507358, 11.312674304
11.322507366, 11.322666811
11.332507368, 11.332682885
11.342507365, 11.342658290
11.352507366, 11.352657904
11.362507360, 11.362667287
11.372507361, 11.372682440
11.382507358, 11.382676246
11.392507355, 11.392658585
11.402507360, 11.402646963
11.412507356, 11.412677284
11.422507354, 11.422639511
11.432507361, 11.432672563
11.442507363, 11.442641449
11.452507354, 11.452691674
11.462507352, 11.462675957
11.472507363, 11.472675710
11.482507352, 11.482674730
11.492507365, 11.492679192
11.502507352, 11.502682696
11.512507361, 11.512678808
11.522507357, 11.522671250
11.532507366, 11.532649682
11.542507354, 11.542684868
11.552507352, 11.552658369
11.562507358, 11.562677458
11.572507354, 11.572662099
11.582507357, 11.582676606
11.592507355, 11.592662323
11.602507352, 11.602670624
11.612507366, 11.612675876
11.622507363, 11.622689562
11.632507352, 11.632678140
11.642507361, 11.642661805
11.652507350, 11.652674221
11.662507355, 11.662673639
11.672507365, 11.672683945
11.682507357, 11.682678353
11.692507360, 11.692673337
11.702507365, 11.702614097
11.712507355, 11.712678327
11.722507358, 11.722634948
11.732507363, 11.732678205
11.742507360, 11.742673435
11.752507360, 11.752682061
11.762507360, 11.762666356
11.772507360, 11.772679672
11.782507357, 11.782657613
11.792507355, 11.792657149
11.802507360, 11.802641771
11.812507356, 11.812659451
11.822507358, 11.822611469
11.832507355, 11.832682212
11.842507354, 11.842660216
11.852507354, 11.852662862
11.862507365, 11.862658476
11.872507368, 11.872647490
11.882507365, 11.882658865
11.892507358, 11.892660283
11.902507360, 11.902663297
11.912507365, 11.912675155
11.922507361, 11.922612400
11.932507363, 11.932665359
11.942507354, 11.942661780
11.952507357, 11.952653939
11.962507355, 11.962657625
11.972507358, 11.972656631
11.982507360, 11.982607479
11.992507357, 11.992664600
12.002507360, 12.002650696
12.012507356, 12.012655690
12.022507360, 12.022665243
12.032507360, 12.032658806
12.042507360, 12.042660712
------------------------------
