------------------------------
test was performed using the following parameters: --mps=100 --burst=1 --reply-every=1 --msg-size=12 --time=10
------------------------------
sockperf: [Total Run] RunTime=10.100 sec; SentMessages=1011; ReceivedMessages=1010
sockperf: ========= Printing statistics for Server No: 0
sockperf: [Valid Duration] RunTime=9.990 sec; SentMessages=1000; ReceivedMessages=1000
sockperf: [2;35m====> avg-lat= 67.712 (std-dev=16.081)[0m
sockperf: # dropped messages = 0; # duplicated messages = 0; # out-of-order messages = 0
sockperf: [2;35mTotal 1000 observations[0m; each percentile contains 10.00 observations
sockperf: ---> <MAX> observation =  122.480
sockperf: ---> percentile  99.99 =  122.480
sockperf: ---> percentile  99.90 =  118.305
sockperf: ---> percentile  99.50 =  111.296
sockperf: ---> percentile  99.00 =  104.576
sockperf: ---> percentile  95.00 =   88.378
sockperf: ---> percentile  90.00 =   86.710
sockperf: ---> percentile  75.00 =   82.851
sockperf: ---> percentile  50.00 =   67.799
sockperf: ---> percentile  25.00 =   54.426
sockperf: ---> <MIN> observation =   32.257
------------------------------
txTime, rxTime
2.063757802, 2.063947729
2.073757791, 2.073966943
2.083757790, 2.083902020
2.093757784, 2.093923100
2.103757778, 2.103904491
2.113757775, 2.113893125
2.123757780, 2.123934073
2.133757781, 2.133870545
2.143757777, 2.143875751
2.153757778, 2.153891793
2.163757778, 2.163922961
2.173757779, 2.173908027
2.183757787, 2.183926715
2.193757786, 2.193902899
2.203757782, 2.203880023
2.213757781, 2.213915277
2.223757785, 2.223917570
2.233757786, 2.233881316
2.243757788, 2.243892517
2.253757779, 2.253887480
2.263757777, 2.263888897
2.273757779, 2.273930769
2.283757780, 2.283851384
2.293757778, 2.293875751
2.303757777, 2.303847833
2.313757784, 2.313887433
2.323757791, 2.323852294
2.333757779, 2.333844424
2.343757793, 2.343848163
2.353757781, 2.353860407
2.363757779, 2.363857831
2.373757786, 2.373847547
2.383757780, 2.383855594
2.393757778, 2.393847798
2.403757779, 2.403858406
2.413757778, 2.413847453
2.423757780, 2.423855543
2.433757786, 2.433851041
2.443757785, 2.443849608
2.453757772, 2.453851398
2.463757793, 2.463932475
2.473757783, 2.473848805
2.483757779, 2.483854989
2.493757783, 2.493849329
2.503757788, 2.503858844
2.513757786, 2.513865810
2.523757783, 2.523856358
2.533757779, 2.533850595
2.543757779, 2.543872294
2.553757786, 2.553853474
2.563757780, 2.563852734
2.573757784, 2.573853599
2.583757783, 2.583857610
2.593757775, 2.593864187
2.603757783, 2.603849605
2.613757783, 2.613878387
2.623757782, 2.623868307
2.633757786, 2.633851066
2.643757783, 2.643850284
2.653757775, 2.653894912
2.663757787, 2.663856865
2.673757784, 2.673877555
2.683757780, 2.683924317
2.693757779, 2.693852795
2.703757783, 2.703854687
2.713757784, 2.713898111
2.723757783, 2.723891053
2.733757781, 2.733923484
2.743757788, 2.743905331
2.753757784, 2.753898124
2.763757783, 2.763886156
2.773757783, 2.773850933
2.783757794, 2.783936976
2.793757802, 2.793860290
2.803757785, 2.803900937
2.813757806, 2.813853774
2.823757791, 2.823854679
2.833757783, 2.833852926
2.843757782, 2.843853887
2.853757779, 2.853863557
2.863757785, 2.863854182
2.873757784, 2.873851360
2.883757791, 2.883839547
2.893757783, 2.893822837
2.903757779, 2.903855076
2.913757783, 2.913898293
2.923757780, 2.923929111
2.933757784, 2.933902756
2.943757790, 2.943836355
2.953757786, 2.953892268
2.963757777, 2.963865362
2.973757786, 2.973898706
2.983757782, 2.983850105
2.993757778, 2.993851284
3.003757790, 3.003871711
3.013757781, 3.013864308
3.023757783, 3.023851875
3.033757783, 3.033925917
3.043757777, 3.043848613
3.053757784, 3.053913382
3.063757779, 3.063861677
3.073757775, 3.073909541
3.083757785, 3.083915301
3.093757786, 3.093868810
3.103757785, 3.103892148
3.113757784, 3.113906026
3.123757779, 3.123916713
3.133757773, 3.133966817
3.143757804, 3.143939685
3.153757792, 3.153938718
3.163757799, 3.163954458
3.173757802, 3.173939606
3.183757806, 3.183905834
3.193757783, 3.193885660
3.203757783, 3.203881593
3.213757783, 3.213897019
3.223757784, 3.223897610
3.233757787, 3.233905689
3.243757779, 3.243881415
3.253757778, 3.253870768
3.263757777, 3.263934419
3.273757783, 3.273946160
3.283757779, 3.283936582
3.293757788, 3.293908129
3.303757780, 3.303912444
3.313757780, 3.313885477
3.323757784, 3.323903190
3.333757783, 3.333924144
3.343757779, 3.343858131
3.353757785, 3.353873122
3.363757782, 3.363883463
3.373757780, 3.373869185
3.383757777, 3.383889359
3.393757781, 3.393929723
3.403757777, 3.403902042
3.413757781, 3.413888908
3.423757787, 3.423920304
3.433757777, 3.433882772
3.443757782, 3.443904527
3.453757785, 3.453895884
3.463757779, 3.463902341
3.473757785, 3.473894826
3.483757789, 3.483926402
3.493757793, 3.493915440
3.503757783, 3.503913919
3.513757783, 3.513918278
3.523757788, 3.523854585
3.533757786, 3.533898200
3.543757779, 3.543864555
3.553757789, 3.553899961
3.563757781, 3.563879937
3.573757785, 3.573909975
3.583757792, 3.583930833
3.593757778, 3.593920573
3.603757796, 3.603888241
3.613757783, 3.613886940
3.623757783, 3.623926814
3.633757787, 3.633893363
3.643757785, 3.643914490
3.653757783, 3.653903543
3.663757787, 3.663888746
3.673757778, 3.673856520
3.683757785, 3.683915322
3.693757792, 3.693873936
3.703757780, 3.703882255
3.713757776, 3.713889674
3.723757782, 3.723890786
3.733757776, 3.733966822
3.743757782, 3.743901829
3.753757778, 3.753875879
3.763757779, 3.763922067
3.773757791, 3.773954710
3.783757794, 3.783908539
3.793757781, 3.793884769
3.803757843, 3.803855246
3.813757784, 3.813980377
3.823757793, 3.823867402
3.833757784, 3.833898720
3.843757778, 3.843908746
3.853757794, 3.853903884
3.863757785, 3.863890531
3.873757781, 3.873924681
3.883757783, 3.883912032
3.893757777, 3.893856256
3.903757782, 3.903846354
3.913757778, 3.913886473
3.923757794, 3.923898286
3.933757784, 3.933887932
3.943757780, 3.943888784
3.953757794, 3.953922560
3.963757783, 3.963984597
3.973757781, 3.973916327
3.983757787, 3.983915112
3.993757788, 3.993863551
4.003757793, 4.003930436
4.013757783, 4.013888808
4.023757782, 4.023871676
4.033757779, 4.033908792
4.043757782, 4.043880453
4.053757783, 4.053909351
4.063757780, 4.063890674
4.073757784, 4.073886716
4.083757785, 4.083864440
4.093757776, 4.093895150
4.103757780, 4.103924762
4.113757781, 4.113888100
4.123757841, 4.123861053
4.133757784, 4.133889218
4.143757780, 4.143884549
4.153757779, 4.153864054
4.163757796, 4.163849600
4.173757777, 4.173904982
4.183757786, 4.183893384
4.193757785, 4.193872067
4.203757778, 4.203918314
4.213757785, 4.213896267
4.223757782, 4.223870868
4.233757786, 4.233885418
4.243757776, 4.243875084
4.253757817, 4.253909849
4.263757777, 4.263942299
4.273757783, 4.273908188
4.283757777, 4.283904966
4.293757787, 4.293895343
4.303757785, 4.303894363
4.313757784, 4.313870359
4.323757943, 4.323863245
4.333757772, 4.333896070
4.343757779, 4.343903161
4.353757786, 4.353993494
4.363757782, 4.363887655
4.373757846, 4.373869249
4.383757847, 4.383894382
4.393757784, 4.393884056
4.403757787, 4.403893468
4.413757787, 4.413912882
4.423757782, 4.423884064
4.433757781, 4.433892916
4.443757783, 4.443935620
4.453757790, 4.453898276
4.463757783, 4.463883516
4.473757787, 4.473925041
4.483757785, 4.483896940
4.493757789, 4.493918654
4.503757801, 4.503908858
4.513757786, 4.513918189
4.523757790, 4.523909242
4.533757786, 4.533882862
4.543757813, 4.543890435
4.553757784, 4.553932414
4.563757783, 4.563870347
4.573757783, 4.573883116
4.583757785, 4.583884647
4.593757781, 4.593928379
4.603757790, 4.603911365
4.613757785, 4.613887313
4.623757783, 4.623850086
4.633757784, 4.633860285
4.643757793, 4.643880351
4.653757783, 4.653870474
4.663757787, 4.663861551
4.673757791, 4.673852981
4.683757791, 4.683852920
4.693757783, 4.693860917
4.703757793, 4.703850279
4.713757792, 4.713852296
4.723757783, 4.723858358
4.733757791, 4.733899652
4.743757791, 4.743901238
4.753757775, 4.753852230
4.763757793, 4.763846957
4.773757814, 4.773884670
4.783757791, 4.783917536
4.793757786, 4.793908199
4.803757791, 4.803911012
4.813757776, 4.813879082
4.823757791, 4.823941982
4.833757784, 4.833867823
4.843757788, 4.843892213
4.853757784, 4.853928623
4.863757787, 4.863924364
4.873757781, 4.873929427
4.883757785, 4.883866087
4.893757789, 4.893856837
4.903757787, 4.903858014
4.913757841, 4.913863448
4.923757780, 4.923847208
4.933757787, 4.933846364
4.943757787, 4.943885151
4.953757786, 4.953850357
4.963757779, 4.963847153
4.973757779, 4.973854165
4.983757785, 4.983905686
4.993757776, 4.993891715
5.003757783, 5.003860284
5.013757778, 5.013920214
5.023757782, 5.023884672
5.033757792, 5.033994404
5.043757788, 5.043897003
5.053757779, 5.053904154
5.063757785, 5.063918492
5.073757776, 5.073880184
5.083757785, 5.083870006
5.093757776, 5.093882946
5.103757782, 5.103898955
5.113757787, 5.113902129
5.123757779, 5.123878977
5.133757779, 5.133867987
5.143757780, 5.143917449
5.153757783, 5.153940146
5.163757788, 5.163891752
5.173757787, 5.173878338
5.183757787, 5.183874198
5.193757786, 5.193854830
5.203757779, 5.203840952
5.213757781, 5.213853261
5.223757777, 5.223853697
5.233757781, 5.233852910
5.243757788, 5.243849114
5.253757792, 5.253848184
5.263757787, 5.263848694
5.273757791, 5.273884449
5.283757782, 5.283886736
5.293757786, 5.293898305
5.303757793, 5.303913306
5.313757784, 5.313942769
5.323757779, 5.323909393
5.333757784, 5.333902377
5.343757776, 5.343878096
5.353757784, 5.353918990
5.363757783, 5.363888823
5.373757786, 5.373917080
5.383757785, 5.383914775
5.393757789, 5.393894679
5.403757790, 5.403962313
5.413757791, 5.413907915
5.423757792, 5.423933893
5.433757789, 5.433891262
5.443757782, 5.443878994
5.453757783, 5.453905006
5.463757785, 5.463890893
5.473757784, 5.473929300
5.483757803, 5.483869880
5.493757786, 5.493862640
5.503757784, 5.503858460
5.513757778, 5.513865202
5.523757783, 5.523855008
5.533757773, 5.533856715
5.543757791, 5.543851953
5.553757779, 5.553853239
5.563757783, 5.563866837
5.573757786, 5.573869847
5.583757785, 5.583851192
5.593757784, 5.593897421
5.603757787, 5.603886618
5.613757781, 5.613936614
5.623757782, 5.623944756
5.633757781, 5.633881173
5.643757783, 5.643929648
5.653757781, 5.653928690
5.663757780, 5.663945828
5.673757786, 5.673946392
5.683757788, 5.683968998
5.693757806, 5.693876816
5.703757796, 5.703924615
5.713757786, 5.713884373
5.723757783, 5.723926505
5.733757787, 5.733896961
5.743757784, 5.743881711
5.753757785, 5.753900380
5.763757783, 5.763911253
5.773757786, 5.773917723
5.783757791, 5.783901521
5.793757786, 5.793917420
5.803757787, 5.803929932
5.813757778, 5.813903830
5.823757780, 5.823908056
5.833757783, 5.833879947
5.843757782, 5.843889243
5.853757786, 5.853924563
5.863757780, 5.863895039
5.873757779, 5.873913957
5.883757813, 5.883925617
5.893757778, 5.893877784
5.903757783, 5.903919509
5.913757781, 5.913891173
5.923757785, 5.923896226
5.933757787, 5.933896064
5.943757780, 5.943906222
5.953757773, 5.953869654
5.963757794, 5.963910587
5.973757784, 5.973868783
5.983757790, 5.983919119
5.993757792, 5.993856731
6.003757788, 6.003862819
6.013757798, 6.013887832
6.023757779, 6.023869766
6.033757783, 6.033862273
6.043757785, 6.043857155
6.053757791, 6.053860075
6.063757782, 6.063854037
6.073757783, 6.073853952
6.083757787, 6.083873659
6.093757784, 6.093871074
6.103757787, 6.103878123
6.113757783, 6.113914107
6.123757793, 6.123934337
6.133757786, 6.133856696
6.143757793, 6.143893890
6.153757792, 6.153889343
6.163757790, 6.163900496
6.173757800, 6.173917780
6.183757780, 6.183873797
6.193757783, 6.193852249
6.203757777, 6.203855320
6.213757786, 6.213851851
6.223757878, 6.223848349
6.233757784, 6.233869971
6.243757783, 6.243873092
6.253757781, 6.253849203
6.263757780, 6.263852391
6.273757778, 6.273848578
6.283757779, 6.283855500
6.293757791, 6.293856790
6.303757779, 6.303875728
6.313757781, 6.313852691
6.323757788, 6.323854777
6.333757789, 6.333864095
6.343757782, 6.343860071
6.353757786, 6.353896106
6.363757782, 6.363908368
6.373757778, 6.373891439
6.383757782, 6.383858800
6.393757779, 6.393847829
6.403757788, 6.403854354
6.413757783, 6.413854176
6.423757779, 6.423848552
6.433757776, 6.433855070
6.443757780, 6.443854120
6.453757786, 6.453858743
6.463757779, 6.463886706
6.473757794, 6.473857753
6.483757790, 6.483879184
6.493757786, 6.493859542
6.503757790, 6.503873609
6.513757792, 6.513854282
6.523757785, 6.523868353
6.533757791, 6.533886719
6.543757794, 6.543911547
6.553757778, 6.553857404
6.563757785, 6.563855232
6.573757789, 6.573848946
6.583757787, 6.583857782
6.593757787, 6.593878793
6.603757783, 6.603876372
6.613757800, 6.613904613
6.623757801, 6.623887810
6.633757779, 6.633877225
6.643757793, 6.643904158
6.653757795, 6.653885098
6.663757785, 6.663904607
6.673757784, 6.673887551
6.683757788, 6.683895568
6.693757783, 6.693886666
6.703757788, 6.703886845
6.713757786, 6.713909243
6.723757780, 6.723865122
6.733757784, 6.734002745
6.743757783, 6.743898875
6.753757790, 6.753961950
6.763757787, 6.763898677
6.773757784, 6.773898879
6.783757786, 6.783858386
6.793757783, 6.793873244
6.803757779, 6.803850528
6.813757780, 6.813886797
6.823757783, 6.823907149
6.833757783, 6.833830213
6.843757775, 6.843883809
6.853757772, 6.853856228
6.863757776, 6.863859152
6.873757782, 6.873890915
6.883757786, 6.883894249
6.893757779, 6.893859760
6.903757778, 6.903893223
6.913757783, 6.913906874
6.923757787, 6.923907627
6.933757780, 6.933904952
6.943757779, 6.943916186
6.953757786, 6.953929937
6.963757783, 6.963912658
6.973757783, 6.973896695
6.983757796, 6.983896017
6.993757786, 6.993967658
7.003757794, 7.003917853
7.013757784, 7.013896384
7.023757779, 7.023924934
7.033757781, 7.033895331
7.043757790, 7.043944668
7.053757781, 7.053870610
7.063757779, 7.063897322
7.073757781, 7.073881106
7.083757785, 7.083850666
7.093757781, 7.093878312
7.103757787, 7.103901129
7.113757779, 7.113893676
7.123757787, 7.123898909
7.133757778, 7.133896568
7.143757783, 7.143905314
7.153757781, 7.153905728
7.163757779, 7.163842015
7.173757784, 7.173892364
7.183757798, 7.183895833
7.193757792, 7.193917631
7.203757779, 7.203906247
7.213757776, 7.213881694
7.223757780, 7.223920918
7.233757788, 7.233911719
7.243757796, 7.243873518
7.253757781, 7.253881910
7.263757780, 7.263919268
7.273757775, 7.273897830
7.283757787, 7.283896546
7.293757784, 7.293853065
7.303757791, 7.303857938
7.313757783, 7.313864495
7.323757776, 7.323850884
7.333757783, 7.333835972
7.343757780, 7.343853737
7.353757778, 7.353828175
7.363757776, 7.363828053
7.373757783, 7.373876021
7.383757783, 7.383850402
7.393757783, 7.393866336
7.403757782, 7.403838112
7.413757781, 7.413845218
7.423757782, 7.423868976
7.433757781, 7.433858335
7.443757780, 7.443851199
7.453757781, 7.453832313
7.463757785, 7.463850672
7.473757776, 7.473857658
7.483757794, 7.483853981
7.493757778, 7.493850652
7.503757782, 7.503865762
7.513757783, 7.513858089
7.523757785, 7.523829913
7.533757786, 7.533839382
7.543757788, 7.543856042
7.553757795, 7.553858072
7.563757782, 7.563858117
7.573757778, 7.573869160
7.583757787, 7.583847446
7.593757781, 7.593845396
7.603757780, 7.603865942
7.613757786, 7.613848753
7.623757779, 7.623827007
7.633757779, 7.633850772
7.643757787, 7.643834832
7.653757784, 7.653848008
7.663757787, 7.663847727
7.673757784, 7.673867068
7.683757785, 7.683889505
7.693757783, 7.693893839
7.703757779, 7.703857438
7.713757779, 7.713879456
7.723757785, 7.723884465
7.733757779, 7.733888750
7.743757783, 7.743888654
7.753757781, 7.753889270
7.763757778, 7.763858617
7.773757785, 7.773924366
7.783757781, 7.783875661
7.793757785, 7.793897545
7.803757783, 7.803871398
7.813757777, 7.813900752
7.823757785, 7.823880419
7.833757775, 7.833892479
7.843757782, 7.843920589
7.853757781, 7.853913208
7.863757790, 7.863906356
7.873757775, 7.873901425
7.883757785, 7.883908288
7.893757787, 7.893863866
7.903757782, 7.903881975
7.913757802, 7.913887396
7.923757793, 7.923892423
7.933757784, 7.933895493
7.943757790, 7.943872969
7.953757786, 7.953877652
7.963757783, 7.963892627
7.973757784, 7.973886554
7.983757814, 7.983906771
7.993757780, 7.993963845
8.003757788, 8.003973200
8.013757787, 8.013832277
8.023757780, 8.023853455
8.033757779, 8.033869770
8.043757780, 8.043835057
8.053757787, 8.053858312
8.063757793, 8.063839804
8.073757778, 8.073826325
8.083757787, 8.083892253
8.093757778, 8.093876313
8.103757783, 8.103828994
8.113757792, 8.113865477
8.123757777, 8.123828027
8.133757791, 8.133858304
8.143757794, 8.143896820
8.153757792, 8.153905996
8.163757780, 8.163907819
8.173757784, 8.173870436
8.183757788, 8.183849834
8.193757779, 8.193866236
8.203757787, 8.203847821
8.213757783, 8.213907378
8.223757787, 8.223827325
8.233757775, 8.233837877
8.243757783, 8.243836184
8.253757778, 8.253828993
8.263757780, 8.263882446
8.273757791, 8.273822305
8.283757788, 8.283849668
8.293757789, 8.293948576
8.303757790, 8.303940166
8.313757792, 8.313836205
8.323757783, 8.323890131
8.333757786, 8.333892271
8.343757783, 8.343876700
8.353757783, 8.353903471
8.363757787, 8.363886894
8.373757783, 8.373894680
8.383757782, 8.383917359
8.393757791, 8.393885325
8.403757787, 8.403887573
8.413757786, 8.413884253
8.423757780, 8.423921878
8.433757784, 8.433893612
8.443757777, 8.443880969
8.453757785, 8.453926142
8.463757777, 8.463906026
8.473757773, 8.473888867
8.483757782, 8.483901649
8.493757787, 8.493905907
8.503757792, 8.503905002
8.513757786, 8.513915722
8.523757787, 8.523899154
8.533757773, 8.533893415
8.543757791, 8.543904401
8.553757779, 8.553915427
8.563757783, 8.563882712
8.573757783, 8.573890333
8.583757783, 8.583884330
8.593757776, 8.593905691
8.603757790, 8.603892112
8.613757783, 8.613892163
8.623757782, 8.623876492
8.633757786, 8.633903843
8.643757779, 8.643893031
8.653757775, 8.653874829
8.663757787, 8.663926219
8.673757786, 8.673914500
8.683757780, 8.683893449
8.693757789, 8.693870867
8.703757783, 8.703915490
8.713757789, 8.713923745
8.723757779, 8.723871346
8.733757778, 8.733894612
8.743757780, 8.743911628
8.753757786, 8.753874060
8.763757780, 8.763868087
8.773757779, 8.773877639
8.783757785, 8.783889592
8.793757787, 8.793912920
8.803757790, 8.803868689
8.813757784, 8.813901026
8.823757788, 8.823848084
8.833757784, 8.833891133
8.843757787, 8.843891659
8.853757791, 8.853917348
8.863757777, 8.863904455
8.873757787, 8.873872138
8.883757785, 8.883873426
8.893757786, 8.893875473
8.903757780, 8.903891486
8.913757784, 8.913876155
8.923757780, 8.923886265
8.933757781, 8.933859235
8.943757785, 8.943888400
8.953757770, 8.953892508
8.963757787, 8.963866640
8.973757778, 8.973870719
8.983757783, 8.983873377
8.993757789, 8.993916411
9.003757796, 9.003967185
9.013757779, 9.013893480
9.023757785, 9.023882640
9.033757783, 9.033881621
9.043757785, 9.043841835
9.053757781, 9.053895594
9.063757786, 9.063933446
9.073757790, 9.073900283
9.083757785, 9.083835130
9.093757779, 9.093878485
9.103757781, 9.103884058
9.113757781, 9.113906509
9.123757788, 9.123830981
9.133757776, 9.133924661
9.143757779, 9.143836236
9.153757787, 9.153843682
9.163757779, 9.163828722
9.173757781, 9.173837637
9.183757788, 9.183870265
9.193757779, 9.193886934
9.203757782, 9.203894820
9.213757857, 9.213880511
9.223757787, 9.223867603
9.233757784, 9.233876287
9.243757776, 9.243886349
9.253757778, 9.253940423
9.263757779, 9.263871157
9.273757778, 9.273867753
9.283757794, 9.283893407
9.293757786, 9.293934544
9.303757779, 9.303885737
9.313757779, 9.313892729
9.323757779, 9.323870725
9.333757783, 9.333873475
9.343757784, 9.343907981
9.353757791, 9.353890458
9.363757793, 9.363890047
9.373757779, 9.373899707
9.383757787, 9.383913311
9.393757778, 9.393850400
9.403757785, 9.403880597
9.413757791, 9.413871955
9.423757782, 9.423908342
9.433757780, 9.433915063
9.443757783, 9.443935519
9.453757782, 9.453928259
9.463757785, 9.463875767
9.473757792, 9.473921423
9.483757790, 9.483908332
9.493757776, 9.493902431
9.503757785, 9.503841393
9.513757783, 9.513867270
9.523757779, 9.523861028
9.533757783, 9.533885153
9.543757785, 9.543920439
9.553757776, 9.553943895
9.563757782, 9.563888684
9.573757781, 9.573886899
9.583757779, 9.583868986
9.593757779, 9.593888691
9.603757777, 9.603829147
9.613757786, 9.613868301
9.623757780, 9.623848070
9.633757778, 9.633860832
9.643757779, 9.643851293
9.653757775, 9.653835004
9.663757782, 9.663870560
9.673757775, 9.673868194
9.683757779, 9.683858541
9.693757789, 9.693850738
9.703757783, 9.703873519
9.713757783, 9.713843625
9.723757787, 9.723836501
9.733757778, 9.733849195
9.743757785, 9.743824026
9.753757779, 9.753858310
9.763757787, 9.763836503
9.773757779, 9.773840168
9.783757788, 9.783859931
9.793757786, 9.793876131
9.803757779, 9.803831618
9.813757779, 9.813927831
9.823757787, 9.823841323
9.833757786, 9.833880228
9.843757782, 9.843839375
9.853757783, 9.853840280
9.863757783, 9.863852107
9.873757786, 9.873863323
9.883757782, 9.883858808
9.893757781, 9.893858035
9.903757783, 9.903873647
9.913757775, 9.913830711
9.923757783, 9.923868405
9.933757779, 9.933839595
9.943757782, 9.943861194
9.953757783, 9.953872514
9.963757787, 9.963869549
9.973757791, 9.973863423
9.983757780, 9.983844252
9.993757794, 9.993855882
10.003757788, 10.003855494
10.013757792, 10.013879006
10.023757790, 10.023869703
10.033757786, 10.033902987
10.043757779, 10.043914793
10.053757781, 10.053930425
10.063757777, 10.063905282
10.073757781, 10.073915424
10.083757796, 10.083884178
10.093757787, 10.093909200
10.103757787, 10.103912145
10.113757779, 10.113916782
10.123757783, 10.123907527
10.133757781, 10.133910147
10.143757783, 10.143916921
10.153757773, 10.153909124
10.163757782, 10.163905997
10.173757784, 10.173911123
10.183757783, 10.183911623
10.193757778, 10.193906733
10.203757779, 10.203904906
10.213757779, 10.213913164
10.223757780, 10.223905020
10.233757776, 10.233912058
10.243757780, 10.243910421
10.253757779, 10.253908841
10.263757780, 10.263902699
10.273757776, 10.273908136
10.283757785, 10.283921162
10.293757778, 10.293923713
10.303757782, 10.303926107
10.313757794, 10.313931927
10.323757787, 10.323927407
10.333757775, 10.333926325
10.343757777, 10.343927123
10.353757781, 10.353929670
10.363757779, 10.363926166
10.373757778, 10.373927866
10.383757787, 10.383925201
10.393757778, 10.393920279
10.403757783, 10.403924268
10.413757778, 10.413929006
10.423757780, 10.423927740
10.433757776, 10.433926350
10.443757785, 10.443927895
10.453757786, 10.453928960
10.463757780, 10.463926310
10.473757783, 10.473925402
10.483757787, 10.483929332
10.493757778, 10.493926194
10.503757779, 10.503924860
10.513757779, 10.513929178
10.523757782, 10.523927497
10.533757778, 10.533929726
10.543757788, 10.543924096
10.553757783, 10.553929482
10.563757782, 10.563928111
10.573757776, 10.573930689
10.583757780, 10.583920706
10.593757781, 10.593927315
10.603757783, 10.603926043
10.613757791, 10.613932441
10.623757783, 10.623924603
10.633757781, 10.633927656
10.643757779, 10.643931330
10.653757783, 10.653930660
10.663757780, 10.663923944
10.673757795, 10.673930431
10.683757788, 10.683928351
10.693757779, 10.693928748
10.703757783, 10.703928070
10.713757779, 10.713925361
10.723757780, 10.723928686
10.733757779, 10.733936055
10.743757780, 10.743921009
10.753757772, 10.753924646
10.763757782, 10.763926250
10.773757779, 10.773929288
10.783757783, 10.783924636
10.793757776, 10.793918218
10.803757783, 10.803925874
10.813757778, 10.813926612
10.823757779, 10.823925567
10.833757783, 10.833931824
10.843757785, 10.843925230
10.853757778, 10.853928777
10.863757779, 10.863924802
10.873757779, 10.873922276
10.883757783, 10.883925380
10.893757779, 10.893927523
10.903757787, 10.903921573
10.913757781, 10.913925071
10.923757787, 10.923929455
10.933757776, 10.933923045
10.943757785, 10.943928643
10.953757792, 10.953928008
10.963757783, 10.963923348
10.973757783, 10.973925835
10.983757779, 10.983924805
10.993757776, 10.993929307
11.003757785, 11.003930945
11.013757779, 11.013938516
11.023757780, 11.023932011
11.033757784, 11.033930984
11.043757782, 11.043932461
11.053757778, 11.053932305
11.063757777, 11.063935181
11.073757787, 11.073931521
11.083757782, 11.083925572
11.093757787, 11.093931788
11.103757785, 11.103929933
11.113757776, 11.113929805
11.123757782, 11.123932006
11.133757781, 11.133929623
11.143757783, 11.143928935
11.153757778, 11.153934331
11.163757779, 11.163931828
11.173757776, 11.173929174
11.183757783, 11.183929468
11.193757784, 11.193927768
11.203757793, 11.203934364
11.213757778, 11.213929416
11.223757779, 11.223932928
11.233757779, 11.233909912
11.243757776, 11.243930742
11.253757781, 11.253929468
11.263757785, 11.263929387
11.273757776, 11.273930166
11.283757776, 11.283930726
11.293757773, 11.293927704
11.303757780, 11.303928509
11.313757786, 11.313937533
11.323757782, 11.323930243
11.333757783, 11.333929350
11.343757785, 11.343913881
11.353757773, 11.353929259
11.363757780, 11.363930455
11.373757778, 11.373931945
11.383757782, 11.383926531
11.393757776, 11.393932794
11.403757780, 11.403929431
11.413757773, 11.413930123
11.423757779, 11.423928638
11.433757787, 11.433935018
11.443757779, 11.443931714
11.453757787, 11.453936164
11.463757790, 11.463929523
11.473757775, 11.473932937
11.483757785, 11.483931466
11.493757781, 11.493928465
11.503757785, 11.503929193
11.513757781, 11.513930393
11.523757787, 11.523932052
11.533757781, 11.533931609
11.543757780, 11.543931269
11.553757778, 11.553929729
11.563757779, 11.563928885
11.573757783, 11.573932119
11.583757783, 11.583926082
11.593757787, 11.593927753
11.603757783, 11.603931090
11.613757784, 11.613932834
11.623757785, 11.623933377
11.633757779, 11.633931672
11.643757785, 11.643930227
11.653757778, 11.653931200
11.663757779, 11.663931233
11.673757779, 11.673932249
11.683757785, 11.683930228
11.693757779, 11.693929093
11.703757779, 11.703931949
11.713757779, 11.713933221
11.723757780, 11.723931335
11.733757778, 11.733930611
11.743757777, 11.743929101
11.753757784, 11.753929020
11.763757783, 11.763932140
11.773757776, 11.773932078
11.783757790, 11.783933764
11.793757783, 11.793934386
11.803757777, 11.803926275
11.813757791, 11.813934590
11.823757787, 11.823931871
11.833757773, 11.833928881
11.843757785, 11.843988351
11.853757778, 11.853933458
11.863757779, 11.863926532
11.873757778, 11.873931671
11.883757783, 11.883928959
11.893757781, 11.893926936
11.903757779, 11.903929649
11.913757784, 11.913929058
11.923757793, 11.923934987
11.933757784, 11.933929596
11.943757779, 11.943932434
11.953757783, 11.953935228
11.963757780, 11.963931905
11.973757786, 11.973932819
11.983757776, 11.983929422
11.993757784, 11.993929097
12.003757787, 12.003937231
12.013757776, 12.013930439
12.023757779, 12.023929595
12.033757786, 12.033934047
12.043757780, 12.043929145
12.053757779, 12.053930586
------------------------------
