------------------------------
test was performed using the following parameters: --mps=100 --burst=1 --reply-every=1 --msg-size=12 --time=10
------------------------------
sockperf: [Total Run] RunTime=10.100 sec; SentMessages=1011; ReceivedMessages=1010
sockperf: ========= Printing statistics for Server No: 0
sockperf: [Valid Duration] RunTime=9.990 sec; SentMessages=1000; ReceivedMessages=1000
sockperf: [2;35m====> avg-lat= 57.546 (std-dev=16.420)[0m
sockperf: # dropped messages = 0; # duplicated messages = 0; # out-of-order messages = 0
sockperf: [2;35mTotal 1000 observations[0m; each percentile contains 10.00 observations
sockperf: ---> <MAX> observation =  115.405
sockperf: ---> percentile  99.99 =  115.405
sockperf: ---> percentile  99.90 =  113.600
sockperf: ---> percentile  99.50 =  100.816
sockperf: ---> percentile  99.00 =   98.887
sockperf: ---> percentile  95.00 =   82.626
sockperf: ---> percentile  90.00 =   81.193
sockperf: ---> percentile  75.00 =   66.144
sockperf: ---> percentile  50.00 =   59.242
sockperf: ---> percentile  25.00 =   41.208
sockperf: ---> <MIN> observation =   26.154
------------------------------
txTime, rxTime
2.063628576, 2.063700584
2.073628564, 2.073697614
2.083628559, 2.083696703
2.093628569, 2.093711397
2.103628622, 2.103704048
2.113628634, 2.113702174
2.123628633, 2.123714690
2.133628637, 2.133704566
2.143628681, 2.143713020
2.153628634, 2.153703852
2.163628576, 2.163699841
2.173628568, 2.173714794
2.183628538, 2.183712271
2.193628632, 2.193709113
2.203628568, 2.203710501
2.213628558, 2.213717141
2.223628573, 2.223712098
2.233628632, 2.233699521
2.243628575, 2.243712180
2.253628632, 2.253702189
2.263628529, 2.263696073
2.273628527, 2.273708871
2.283628595, 2.283713376
2.293628528, 2.293702619
2.303628523, 2.303702836
2.313628528, 2.313702802
2.323628521, 2.323702946
2.333628522, 2.333700490
2.343628527, 2.343705411
2.353628533, 2.353711993
2.363628527, 2.363706919
2.373628528, 2.373711415
2.383628526, 2.383706267
2.393628601, 2.393707044
2.403628526, 2.403717835
2.413628523, 2.413711206
2.423628524, 2.423697477
2.433628593, 2.433712859
2.443628526, 2.443704843
2.453628522, 2.453696848
2.463628527, 2.463693560
2.473628519, 2.473699652
2.483628591, 2.483699377
2.493628528, 2.493697426
2.503628521, 2.503685220
2.513628522, 2.513682984
2.523628527, 2.523765577
2.533628523, 2.533766243
2.543628526, 2.543767553
2.553628596, 2.553773796
2.563628523, 2.563757672
2.573628519, 2.573745629
2.583628529, 2.583712072
2.593628525, 2.593699671
2.603628524, 2.603695764
2.613628530, 2.613701760
2.623628597, 2.623706871
2.633628527, 2.633697887
2.643628523, 2.643717482
2.653628522, 2.653760685
2.663628529, 2.663755673
2.673628531, 2.673743436
2.683628531, 2.683739543
2.693628525, 2.693727788
2.703628521, 2.703741402
2.713628533, 2.713765575
2.723628554, 2.723742944
2.733628523, 2.733718946
2.743628523, 2.743719509
2.753628527, 2.753707843
2.763628527, 2.763704020
2.773628525, 2.773704899
2.783628543, 2.783709042
2.793628528, 2.793706394
2.803628534, 2.803706584
2.813628523, 2.813698717
2.823628526, 2.823704538
2.833628522, 2.833696842
2.843628529, 2.843702645
2.853628527, 2.853708838
2.863628521, 2.863709322
2.873628557, 2.873705481
2.883628594, 2.883697038
2.893628528, 2.893701163
2.903628523, 2.903791703
2.913628522, 2.913711399
2.923628527, 2.923709213
2.933628601, 2.933707226
2.943628516, 2.943698767
2.953628598, 2.953702556
2.963628532, 2.963743380
2.973628527, 2.973747809
2.983628529, 2.983778971
2.993628523, 2.993760824
3.003628523, 3.003747007
3.013628520, 3.013757520
3.023628521, 3.023731485
3.033628523, 3.033753741
3.043628523, 3.043758967
3.053628522, 3.053760418
3.063628523, 3.063750704
3.073628517, 3.073753274
3.083628526, 3.083745249
3.093628520, 3.093750964
3.103628516, 3.103767371
3.113628522, 3.113735802
3.123628616, 3.123758056
3.133628527, 3.133740975
3.143628524, 3.143754273
3.153628519, 3.153747525
3.163628519, 3.163753256
3.173628525, 3.173752852
3.183628521, 3.183754634
3.193628523, 3.193745665
3.203628527, 3.203764107
3.213628528, 3.213748171
3.223628534, 3.223756256
3.233628538, 3.233756241
3.243628535, 3.243770611
3.253628523, 3.253748266
3.263628523, 3.263754014
3.273628618, 3.273770999
3.283628524, 3.283741823
3.293628519, 3.293762490
3.303628627, 3.303753726
3.313628528, 3.313750633
3.323628519, 3.323733322
3.333628527, 3.333755030
3.343628548, 3.343760806
3.353628531, 3.353755827
3.363628523, 3.363769373
3.373628527, 3.373750994
3.383628592, 3.383754140
3.393628520, 3.393747443
3.403628523, 3.403753837
3.413628593, 3.413751193
3.423628529, 3.423757980
3.433628517, 3.433744260
3.443628583, 3.443752725
3.453628519, 3.453747661
3.463628524, 3.463776811
3.473628527, 3.473766818
3.483628527, 3.483750314
3.493628520, 3.493737641
3.503628587, 3.503770890
3.513628525, 3.513750415
3.523628523, 3.523731930
3.533628598, 3.533779777
3.543628523, 3.543731243
3.553628517, 3.553758295
3.563628521, 3.563752059
3.573628593, 3.573758456
3.583628518, 3.583744660
3.593628525, 3.593715474
3.603628587, 3.603705807
3.613628520, 3.613712818
3.623628529, 3.623702861
3.633628523, 3.633696872
3.643628586, 3.643700515
3.653628533, 3.653680843
3.663628535, 3.663787199
3.673628525, 3.673771744
3.683628524, 3.683750793
3.693628522, 3.693779278
3.703628527, 3.703761831
3.713628528, 3.713791137
3.723628864, 3.723789937
3.733628538, 3.733859351
3.743628534, 3.743743652
3.753628527, 3.753800304
3.763628535, 3.763758903
3.773628529, 3.773810397
3.783628532, 3.783775123
3.793628528, 3.793798693
3.803628543, 3.803756022
3.813628530, 3.813796438
3.823628542, 3.823740442
3.833628534, 3.833790730
3.843628538, 3.843744698
3.853628523, 3.853798268
3.863628549, 3.863755547
3.873628525, 3.873830158
3.883628545, 3.883803404
3.893628530, 3.893751126
3.903628538, 3.903726994
3.913628528, 3.913755870
3.923628529, 3.923741559
3.933628516, 3.933748596
3.943628523, 3.943734859
3.953628658, 3.953826433
3.963628554, 3.963752571
3.973628555, 3.973752980
3.983628568, 3.983754355
3.993628553, 3.993761412
4.003628537, 4.003750758
4.013628560, 4.013750022
4.023628546, 4.023747613
4.033628547, 4.033775282
4.043628561, 4.043754737
4.053628552, 4.053762743
4.063628542, 4.063748178
4.073628550, 4.073776469
4.083628568, 4.083757977
4.093628536, 4.093756845
4.103628573, 4.103746607
4.113628550, 4.113704106
4.123628561, 4.123714014
4.133628558, 4.133733031
4.143628557, 4.143720448
4.153628549, 4.153767043
4.163628538, 4.163730411
4.173628568, 4.173748462
4.183628538, 4.183784000
4.193628566, 4.193716076
4.203628559, 4.203705678
4.213628576, 4.213706163
4.223628548, 4.223697517
4.233628571, 4.233714994
4.243628567, 4.243716522
4.253628574, 4.253708759
4.263628561, 4.263711355
4.273628555, 4.273712668
4.283628676, 4.283711534
4.293628560, 4.293697037
4.303628556, 4.303701266
4.313628574, 4.313708805
4.323628575, 4.323724992
4.333628557, 4.333703348
4.343628728, 4.343709499
4.353628558, 4.353708784
4.363628532, 4.363691961
4.373628636, 4.373701427
4.383628561, 4.383777602
4.393628544, 4.393762608
4.403628532, 4.403706031
4.413628533, 4.413758260
4.423628516, 4.423712735
4.433628520, 4.433823290
4.443628524, 4.443753910
4.453628522, 4.453851670
4.463628526, 4.463717878
4.473628523, 4.473702466
4.483628523, 4.483706958
4.493628528, 4.493701196
4.503628526, 4.503715783
4.513628527, 4.513695727
4.523628524, 4.523751914
4.533628528, 4.533750711
4.543628519, 4.543753218
4.553628520, 4.553754820
4.563628521, 4.563774429
4.573628522, 4.573750798
4.583628523, 4.583748917
4.593628525, 4.593745899
4.603628516, 4.603743940
4.613628528, 4.613758950
4.623628524, 4.623705612
4.633628522, 4.633787776
4.643628526, 4.643719839
4.653628528, 4.653827969
4.663628521, 4.663749737
4.673628520, 4.673698891
4.683628521, 4.683691733
4.693628808, 4.693697012
4.703628526, 4.703685838
4.713628523, 4.713711967
4.723628521, 4.723693053
4.733628525, 4.733688485
4.743628546, 4.743705888
4.753628533, 4.753701777
4.763628529, 4.763701742
4.773628528, 4.773708607
4.783628549, 4.783702487
4.793628528, 4.793707554
4.803628526, 4.803689073
4.813628528, 4.813725579
4.823628589, 4.823758024
4.833628528, 4.833774287
4.843628521, 4.843752283
4.853628580, 4.853744028
4.863628523, 4.863745638
4.873628522, 4.873744128
4.883628534, 4.883763976
4.893628536, 4.893734177
4.903628527, 4.903753243
4.913628522, 4.913773637
4.923628529, 4.923786831
4.933628528, 4.933778246
4.943628527, 4.943754449
4.953628549, 4.953752088
4.963628542, 4.963762039
4.973628558, 4.973780022
4.983628553, 4.983797975
4.993628553, 4.993712165
5.003628546, 5.003703873
5.013628577, 5.013706091
5.023628559, 5.023723142
5.033628539, 5.033697380
5.043628543, 5.043706096
5.053628566, 5.053697292
5.063628634, 5.063761066
5.073628547, 5.073703620
5.083628534, 5.083708379
5.093628520, 5.093706479
5.103628523, 5.103697749
5.113628525, 5.113699987
5.123628526, 5.123715438
5.133628528, 5.133696028
5.143628529, 5.143705580
5.153628522, 5.153698067
5.163628527, 5.163699582
5.173628528, 5.173696864
5.183628526, 5.183697744
5.193628520, 5.193705104
5.203628613, 5.203716499
5.213628528, 5.213696186
5.223628581, 5.223704494
5.233628528, 5.233773589
5.243628543, 5.243747185
5.253628527, 5.253720277
5.263628524, 5.263696498
5.273628533, 5.273702884
5.283628531, 5.283704241
5.293628531, 5.293708004
5.303628519, 5.303691468
5.313628533, 5.313699633
5.323628521, 5.323696820
5.333628520, 5.333695117
5.343628545, 5.343702061
5.353628528, 5.353691535
5.363628523, 5.363708329
5.373628531, 5.373717384
5.383628529, 5.383759647
5.393628517, 5.393704387
5.403628529, 5.403699197
5.413628522, 5.413705214
5.423628531, 5.423701726
5.433628527, 5.433701515
5.443628515, 5.443704069
5.453628520, 5.453701398
5.463628523, 5.463710902
5.473628525, 5.473699684
5.483628524, 5.483698290
5.493628523, 5.493704256
5.503628518, 5.503705212
5.513628527, 5.513703557
5.523628524, 5.523703755
5.533628525, 5.533699114
5.543628519, 5.543711187
5.553628617, 5.553720981
5.563628521, 5.563704993
5.573628528, 5.573699908
5.583628521, 5.583703414
5.593628522, 5.593701251
5.603628524, 5.603741577
5.613628517, 5.613744836
5.623628531, 5.623802501
5.633628528, 5.633756556
5.643628519, 5.643747098
5.653628522, 5.653731047
5.663628589, 5.663748184
5.673628530, 5.673750647
5.683628516, 5.683743789
5.693628527, 5.693698964
5.703628523, 5.703708005
5.713628522, 5.713703591
5.723628524, 5.723711665
5.733628530, 5.733733181
5.743628526, 5.743756895
5.753628531, 5.753760363
5.763628529, 5.763753313
5.773628528, 5.773767414
5.783628534, 5.783757119
5.793628530, 5.793710248
5.803628526, 5.803771359
5.813628528, 5.813774428
5.823628526, 5.823763624
5.833628522, 5.833758323
5.843628527, 5.843799643
5.853628519, 5.853756468
5.863628519, 5.863742840
5.873628527, 5.873752884
5.883628559, 5.883762881
5.893628523, 5.893786107
5.903628521, 5.903752747
5.913628519, 5.913744319
5.923628516, 5.923807926
5.933628520, 5.933753096
5.943628519, 5.943744199
5.953628558, 5.953758361
5.963628546, 5.963756137
5.973628557, 5.973768153
5.983628573, 5.983754562
5.993628553, 5.993766671
6.003628548, 6.003748919
6.013628547, 6.013751592
6.023628559, 6.023755885
6.033628557, 6.033752407
6.043628559, 6.043759524
6.053628552, 6.053749554
6.063628692, 6.063773049
6.073628555, 6.073741183
6.083628553, 6.083754852
6.093628557, 6.093759673
6.103628676, 6.103757413
6.113628571, 6.113750541
6.123628553, 6.123765612
6.133628553, 6.133747737
6.143628551, 6.143750114
6.153628596, 6.153743224
6.163628557, 6.163758337
6.173628571, 6.173749316
6.183628554, 6.183737985
6.193628572, 6.193757000
6.203628553, 6.203758900
6.213628557, 6.213762422
6.223628553, 6.223777239
6.233628571, 6.233759651
6.243628561, 6.243740263
6.253628530, 6.253744792
6.263628529, 6.263744510
6.273628522, 6.273736287
6.283628521, 6.283749012
6.293628594, 6.293743788
6.303628521, 6.303747335
6.313628533, 6.313763011
6.323628526, 6.323757710
6.333628522, 6.333742045
6.343628534, 6.343753679
6.353628533, 6.353753405
6.363628526, 6.363741356
6.373628531, 6.373749900
6.383628531, 6.383764995
6.393628519, 6.393742817
6.403628524, 6.403744570
6.413628522, 6.413760793
6.423628527, 6.423753186
6.433628528, 6.433738376
6.443628529, 6.443743724
6.453628523, 6.453759411
6.463628523, 6.463752073
6.473628527, 6.473742162
6.483628524, 6.483768606
6.493628594, 6.493700685
6.503628524, 6.503700284
6.513628520, 6.513691745
6.523628602, 6.523702507
6.533628523, 6.533690480
6.543628524, 6.543699765
6.553628522, 6.553702377
6.563628519, 6.563699162
6.573628519, 6.573692441
6.583628516, 6.583706208
6.593628596, 6.593708289
6.603628523, 6.603703387
6.613628530, 6.613761989
6.623628524, 6.623746523
6.633628533, 6.633756377
6.643628524, 6.643745552
6.653628523, 6.653751463
6.663628523, 6.663745491
6.673628527, 6.673748383
6.683628527, 6.683745458
6.693628530, 6.693747454
6.703628524, 6.703827376
6.713628538, 6.713801994
6.723628532, 6.723791994
6.733628527, 6.733772547
6.743628531, 6.743827058
6.753628523, 6.753735722
6.763628521, 6.763735509
6.773628527, 6.773767708
6.783628519, 6.783778422
6.793628523, 6.793720258
6.803628529, 6.803755312
6.813628528, 6.813708371
6.823628518, 6.823797951
6.833628525, 6.833835118
6.843628523, 6.843777013
6.853628520, 6.853756279
6.863628527, 6.863798090
6.873628536, 6.873812880
6.883628527, 6.883781129
6.893628522, 6.893690802
6.903628524, 6.903776429
6.913628520, 6.913783546
6.923628527, 6.923699913
6.933628528, 6.933705023
6.943628521, 6.943692033
6.953628631, 6.953703086
6.963628529, 6.963685200
6.973628525, 6.973695687
6.983628524, 6.983738920
6.993628527, 6.993746112
7.003628521, 7.003753439
7.013628525, 7.013759571
7.023628526, 7.023746816
7.033628533, 7.033750727
7.043628523, 7.043767459
7.053628523, 7.053768341
7.063628523, 7.063774849
7.073628580, 7.073791695
7.083628523, 7.083777163
7.093628527, 7.093855728
7.103628532, 7.103736415
7.113628530, 7.113798768
7.123628524, 7.123715895
7.133628587, 7.133700543
7.143628531, 7.143710140
7.153628527, 7.153773801
7.163628529, 7.163728505
7.173628517, 7.173693632
7.183628521, 7.183801778
7.193628522, 7.193711607
7.203628523, 7.203742756
7.213628523, 7.213797945
7.223628535, 7.223748897
7.233628522, 7.233761554
7.243628543, 7.243742243
7.253628631, 7.253754337
7.263628529, 7.263755807
7.273628531, 7.273752674
7.283628534, 7.283727482
7.293628520, 7.293759981
7.303628516, 7.303739475
7.313628519, 7.313743248
7.323628526, 7.323746146
7.333628580, 7.333759413
7.343628534, 7.343746800
7.353628531, 7.353750855
7.363628535, 7.363754438
7.373628523, 7.373745313
7.383628532, 7.383745661
7.393628520, 7.393761574
7.403628524, 7.403747221
7.413628522, 7.413740259
7.423628516, 7.423749463
7.433628599, 7.433719892
7.443628526, 7.443702697
7.453628527, 7.453700574
7.463628521, 7.463708089
7.473628519, 7.473700400
7.483628524, 7.483756444
7.493628517, 7.493699268
7.503628519, 7.503730299
7.513628582, 7.513731579
7.523628524, 7.523752102
7.533628520, 7.533741843
7.543628521, 7.543736134
7.553628615, 7.553767323
7.563628524, 7.563701710
7.573628525, 7.573694055
7.583628523, 7.583829142
7.593628516, 7.593704182
7.603628524, 7.603711505
7.613628534, 7.613714274
7.623628524, 7.623697201
7.633628531, 7.633687473
7.643628521, 7.643753919
7.653628522, 7.653777608
7.663628518, 7.663748202
7.673628523, 7.673771494
7.683628527, 7.683752566
7.693628523, 7.693760344
7.703628529, 7.703760075
7.713628523, 7.713745454
7.723628531, 7.723760253
7.733628530, 7.733763046
7.743628589, 7.743791994
7.753628534, 7.753744819
7.763628529, 7.763758872
7.773628531, 7.773738658
7.783628524, 7.783740408
7.793628528, 7.793757899
7.803628529, 7.803737892
7.813628528, 7.813747161
7.823628535, 7.823754145
7.833628527, 7.833742849
7.843628524, 7.843750979
7.853628528, 7.853759070
7.863628519, 7.863765478
7.873628528, 7.873741541
7.883628519, 7.883775283
7.893628522, 7.893757608
7.903628617, 7.903745549
7.913628525, 7.913748370
7.923628529, 7.923740478
7.933628530, 7.933748323
7.943628531, 7.943734305
7.953628552, 7.953750453
7.963628529, 7.963702331
7.973628523, 7.973698370
7.983628527, 7.983704014
7.993628525, 7.993706725
8.003628524, 8.003689870
8.013628527, 8.013694396
8.023628523, 8.023698412
8.033628523, 8.033685767
8.043628587, 8.043696157
8.053628527, 8.053699903
8.063628526, 8.063692848
8.073628525, 8.073698324
8.083628613, 8.083712658
8.093628525, 8.093707651
8.103628532, 8.103801156
8.113628590, 8.113718625
8.123628518, 8.123694346
8.133628583, 8.133707509
8.143628523, 8.143686592
8.153628527, 8.153684503
8.163628519, 8.163697248
8.173628620, 8.173689696
8.183628586, 8.183707800
8.193628675, 8.193687547
8.203628519, 8.203710313
8.213628587, 8.213695896
8.223628521, 8.223703595
8.233628520, 8.233704937
8.243628543, 8.243698991
8.253628530, 8.253708928
8.263628519, 8.263702380
8.273628530, 8.273709234
8.283628524, 8.283702350
8.293628525, 8.293709192
8.303628519, 8.303702953
8.313628579, 8.313708923
8.323628611, 8.323687121
8.333628520, 8.333694405
8.343628602, 8.343707961
8.353628531, 8.353710947
8.363628524, 8.363706616
8.373628527, 8.373700206
8.383628535, 8.383697354
8.393628525, 8.393696505
8.403628523, 8.403701478
8.413628525, 8.413701542
8.423628597, 8.423706158
8.433628516, 8.433690842
8.443628523, 8.443686365
8.453628525, 8.453700967
8.463628529, 8.463690091
8.473628522, 8.473703516
8.483628524, 8.483700218
8.493628525, 8.493707142
8.503628523, 8.503695792
8.513628620, 8.513698405
8.523628526, 8.523697135
8.533628525, 8.533696693
8.543628597, 8.543692930
8.553628520, 8.553697772
8.563628521, 8.563695006
8.573628587, 8.573686986
8.583628531, 8.583699831
8.593628525, 8.593705115
8.603628529, 8.603750073
8.613628517, 8.613744555
8.623628519, 8.623732440
8.633628527, 8.633722240
8.643628521, 8.643757846
8.653628522, 8.653757968
8.663628527, 8.663742999
8.673628528, 8.673739361
8.683628516, 8.683792366
8.693628528, 8.693757842
8.703628521, 8.703747029
8.713628520, 8.713782493
8.723628527, 8.723808454
8.733628522, 8.733743624
8.743628529, 8.743758790
8.753628534, 8.753759511
8.763628527, 8.763738013
8.773628520, 8.773751184
8.783628519, 8.783743555
8.793628527, 8.793758612
8.803628521, 8.803759897
8.813628519, 8.813759586
8.823628526, 8.823743536
8.833628519, 8.833740379
8.843628641, 8.843792115
8.853628531, 8.853738625
8.863628526, 8.863741013
8.873628525, 8.873744666
8.883628531, 8.883744717
8.893628533, 8.893756160
8.903628534, 8.903747547
8.913628523, 8.913744113
8.923628524, 8.923751320
8.933628523, 8.933734948
8.943628531, 8.943741825
8.953628560, 8.953749324
8.963628531, 8.963746805
8.973628517, 8.973744200
8.983628548, 8.983748240
8.993628520, 8.993736931
9.003628518, 9.003757591
9.013628516, 9.013693341
9.023628526, 9.023695886
9.033628523, 9.033698034
9.043628526, 9.043706737
9.053628519, 9.053685052
9.063628595, 9.063746486
9.073628522, 9.073744721
9.083628521, 9.083764005
9.093628531, 9.093731956
9.103628529, 9.103751712
9.113628516, 9.113745500
9.123628598, 9.123774754
9.133628522, 9.133751468
9.143628523, 9.143750286
9.153628585, 9.153756522
9.163628521, 9.163764966
9.173628594, 9.173746474
9.183628524, 9.183741927
9.193628530, 9.193724613
9.203628524, 9.203743448
9.213628530, 9.213792820
9.223628594, 9.223799585
9.233628519, 9.233757490
9.243628521, 9.243751323
9.253628528, 9.253763570
9.263628535, 9.263746855
9.273628533, 9.273748212
9.283628527, 9.283759840
9.293628533, 9.293743329
9.303628524, 9.303744231
9.313628523, 9.313753939
9.323628526, 9.323738083
9.333628520, 9.333752540
9.343628543, 9.343753205
9.353628534, 9.353761787
9.363628523, 9.363753420
9.373628531, 9.373754742
9.383628526, 9.383742207
9.393628519, 9.393762236
9.403628519, 9.403754134
9.413628525, 9.413731956
9.423628523, 9.423752760
9.433628520, 9.433750091
9.443628526, 9.443739005
9.453628528, 9.453757996
9.463628529, 9.463748492
9.473628528, 9.473757415
9.483628527, 9.483708739
9.493628523, 9.493705221
9.503628521, 9.503716367
9.513628519, 9.513705205
9.523628518, 9.523695434
9.533628585, 9.533692017
9.543628526, 9.543749490
9.553628523, 9.553757957
9.563628592, 9.563745794
9.573628527, 9.573761779
9.583628526, 9.583757451
9.593628594, 9.593764252
9.603628524, 9.603772340
9.613628530, 9.613786475
9.623628529, 9.623784434
9.633628530, 9.633750996
9.643628518, 9.643717174
9.653628522, 9.653715834
9.663628524, 9.663717066
9.673628528, 9.673767956
9.683628529, 9.683779383
9.693628520, 9.693772295
9.703628523, 9.703791380
9.713628527, 9.713841169
9.723628521, 9.723791940
9.733628520, 9.733779681
9.743628523, 9.743782647
9.753628549, 9.753761980
9.763628540, 9.763790685
9.773628525, 9.773756500
9.783628534, 9.783772030
9.793628531, 9.793780897
9.803628529, 9.803762162
9.813628538, 9.813745459
9.823628519, 9.823745352
9.833628528, 9.833724256
9.843628532, 9.843735070
9.853628525, 9.853793479
9.863628531, 9.863744458
9.873628519, 9.873749338
9.883628516, 9.883751889
9.893628527, 9.893739950
9.903628523, 9.903749010
9.913628522, 9.913754607
9.923628524, 9.923771899
9.933628527, 9.933763699
9.943628518, 9.943771203
9.953628539, 9.953759907
9.963628529, 9.963738395
9.973628544, 9.973768400
9.983628526, 9.983741643
9.993628517, 9.993747176
10.003628515, 10.003748985
10.013628522, 10.013747922
10.023628523, 10.023746509
10.033628520, 10.033765968
10.043628524, 10.043760331
10.053628530, 10.053737127
10.063628523, 10.063747120
10.073628530, 10.073736175
10.083628524, 10.083745682
10.093628527, 10.093745283
10.103628534, 10.103739081
10.113628523, 10.113737051
10.123628515, 10.123733611
10.133628525, 10.133738213
10.143628521, 10.143738961
10.153628523, 10.153734946
10.163628534, 10.163733376
10.173628534, 10.173734672
10.183628519, 10.183737843
10.193628525, 10.193733206
10.203628535, 10.203737099
10.213628527, 10.213732479
10.223628535, 10.223735672
10.233628533, 10.233738684
10.243628531, 10.243736820
10.253628539, 10.253741426
10.263628527, 10.263739900
10.273628519, 10.273734830
10.283628527, 10.283738986
10.293628531, 10.293735741
10.303628527, 10.303747059
10.313628525, 10.313737264
10.323628534, 10.323737949
10.333628534, 10.333740311
10.343628531, 10.343742753
10.353628522, 10.353736445
10.363628515, 10.363738921
10.373628520, 10.373734091
10.383628529, 10.383736248
10.393628522, 10.393737155
10.403628523, 10.403732651
10.413628520, 10.413739519
10.423628521, 10.423732999
10.433628519, 10.433736232
10.443628518, 10.443735948
10.453628523, 10.453737326
10.463628527, 10.463739104
10.473628517, 10.473732646
10.483628535, 10.483734641
10.493628534, 10.493741052
10.503628531, 10.503736600
10.513628534, 10.513737381
10.523628535, 10.523738572
10.533628528, 10.533734825
10.543628524, 10.543736307
10.553628527, 10.553735436
10.563628524, 10.563738583
10.573628525, 10.573736519
10.583628527, 10.583741575
10.593628528, 10.593735407
10.603628531, 10.603733311
10.613628528, 10.613732689
10.623628534, 10.623755907
10.633628517, 10.633753392
10.643628519, 10.643755473
10.653628520, 10.653756604
10.663628518, 10.663760366
10.673628520, 10.673753833
10.683628527, 10.683755103
10.693628525, 10.693755361
10.703628521, 10.703760013
10.713628522, 10.713755830
10.723628526, 10.723757511
10.733628527, 10.733755297
10.743628521, 10.743752915
10.753628533, 10.753760823
10.763628532, 10.763755790
10.773628523, 10.773753492
10.783628516, 10.783757162
10.793628522, 10.793752418
10.803628524, 10.803752687
10.813628519, 10.813756369
10.823628526, 10.823752886
10.833628530, 10.833764381
10.843628521, 10.843760021
10.853628528, 10.853751569
10.863628526, 10.863754508
10.873628520, 10.873754401
10.883628524, 10.883753992
10.893628517, 10.893756528
10.903628519, 10.903755564
10.913628517, 10.913755628
10.923628518, 10.923753941
10.933628525, 10.933751810
10.943628535, 10.943755916
10.953628517, 10.953756195
10.963628523, 10.963755176
10.973628520, 10.973753520
10.983628521, 10.983755084
10.993628519, 10.993760142
11.003628523, 11.003754786
11.013628523, 11.013754229
11.023628515, 11.023753491
11.033628533, 11.033753828
11.043628521, 11.043755316
11.053628520, 11.053756676
11.063628524, 11.063791061
11.073628527, 11.073790618
11.083628531, 11.083796718
11.093628527, 11.093790698
11.103628534, 11.103793449
11.113628533, 11.113787638
11.123628535, 11.123792737
11.133628533, 11.133794233
11.143628529, 11.143788986
11.153628528, 11.153790244
11.163628527, 11.163788391
11.173628517, 11.173790262
11.183628521, 11.183792900
11.193628522, 11.193792162
11.203628521, 11.203793696
11.213628519, 11.213788005
11.223628535, 11.223788907
11.233628527, 11.233790915
11.243628519, 11.243788468
11.253628536, 11.253801634
11.263628515, 11.263792422
11.273628527, 11.273790971
11.283628519, 11.283792756
11.293628525, 11.293791317
11.303628521, 11.303786000
11.313628519, 11.313789254
11.323628538, 11.323796062
11.333628533, 11.333795975
11.343628548, 11.343796838
11.353628519, 11.353791376
11.363628521, 11.363792055
11.373628525, 11.373788933
11.383628516, 11.383792586
11.393628525, 11.393788635
11.403628526, 11.403789674
11.413628527, 11.413791934
11.423628527, 11.423790923
11.433628520, 11.433789328
11.443628515, 11.443790326
11.453628525, 11.453794510
11.463628527, 11.463793999
11.473628519, 11.473790776
11.483628519, 11.483793419
11.493628522, 11.493788725
11.503628523, 11.503790505
11.513628523, 11.513790406
11.523628523, 11.523792352
11.533628520, 11.533791222
11.543628521, 11.543774585
11.553628517, 11.553791350
11.563628518, 11.563793080
11.573628530, 11.573794698
11.583628534, 11.583795751
11.593628522, 11.593795007
11.603628534, 11.603787413
11.613628527, 11.613791271
11.623628519, 11.623796669
11.633628522, 11.633791183
11.643628524, 11.643790053
11.653628528, 11.653791003
11.663628532, 11.663791449
11.673628525, 11.673790679
11.683628521, 11.683790765
11.693628523, 11.693790709
11.703628527, 11.703795403
11.713628527, 11.713791185
11.723628521, 11.723791345
11.733628525, 11.733793202
11.743628515, 11.743790361
11.753628544, 11.753798154
11.763628534, 11.763794599
11.773628520, 11.773793441
11.783628526, 11.783789707
11.793628523, 11.793791161
11.803628524, 11.803790541
11.813628527, 11.813787987
11.823628526, 11.823796361
11.833628536, 11.833796605
11.843628521, 11.843792298
11.853628522, 11.853791469
11.863628521, 11.863793775
11.873628525, 11.873791095
11.883628518, 11.883792597
11.893628522, 11.893789847
11.903628521, 11.903787497
11.913628516, 11.913790905
11.923628516, 11.923791193
11.933628520, 11.933788774
11.943628526, 11.943795786
11.953628523, 11.953790780
11.963628523, 11.963790694
11.973628527, 11.973789680
11.983628518, 11.983788856
11.993628519, 11.993790111
12.003628521, 12.003787810
12.013628519, 12.013791098
12.023628527, 12.023789493
12.033628522, 12.033793487
12.043628521, 12.043792422
12.053628525, 12.053789577
------------------------------
