------------------------------
test was performed using the following parameters: --mps=100 --burst=1 --reply-every=1 --msg-size=12 --time=10
------------------------------
sockperf: [Total Run] RunTime=10.100 sec; SentMessages=1011; ReceivedMessages=1010
sockperf: ========= Printing statistics for Server No: 0
sockperf: [Valid Duration] RunTime=9.990 sec; SentMessages=1000; ReceivedMessages=1000
sockperf: [2;35m====> avg-lat= 60.873 (std-dev=15.416)[0m
sockperf: # dropped messages = 0; # duplicated messages = 0; # out-of-order messages = 0
sockperf: [2;35mTotal 1000 observations[0m; each percentile contains 10.00 observations
sockperf: ---> <MAX> observation =  133.226
sockperf: ---> percentile  99.99 =  133.226
sockperf: ---> percentile  99.90 =  117.558
sockperf: ---> percentile  99.50 =  102.455
sockperf: ---> percentile  99.00 =   93.139
sockperf: ---> percentile  95.00 =   79.152
sockperf: ---> percentile  90.00 =   74.563
sockperf: ---> percentile  75.00 =   69.907
sockperf: ---> percentile  50.00 =   65.455
sockperf: ---> percentile  25.00 =   51.379
sockperf: ---> <MIN> observation =   25.823
------------------------------
txTime, rxTime
2.062281944, 2.062468696
2.072281945, 2.072453459
2.082281944, 2.082458433
2.092281940, 2.092469801
2.102281944, 2.102421245
2.112281929, 2.112409921
2.122281928, 2.122414879
2.132281924, 2.132448790
2.142281927, 2.142414734
2.152281928, 2.152420967
2.162281925, 2.162416657
2.172281932, 2.172415466
2.182281924, 2.182428043
2.192281926, 2.192440241
2.202281928, 2.202411287
2.212281932, 2.212414051
2.222281924, 2.222418765
2.232281929, 2.232425896
2.242281927, 2.242428430
2.252281917, 2.252423341
2.262281919, 2.262431028
2.272281929, 2.272417242
2.282281928, 2.282419450
2.292281923, 2.292415392
2.302281932, 2.302436769
2.312281928, 2.312419064
2.322281932, 2.322449978
2.332281934, 2.332371063
2.342281949, 2.342443554
2.352281948, 2.352376447
2.362281943, 2.362432744
2.372281924, 2.372352172
2.382281933, 2.382368040
2.392281943, 2.392394244
2.402281927, 2.402371804
2.412281942, 2.412351758
2.422281930, 2.422423195
2.432281917, 2.432416181
2.442281935, 2.442486846
2.452281940, 2.452432253
2.462281930, 2.462472667
2.472281940, 2.472418368
2.482281925, 2.482459124
2.492281926, 2.492413978
2.502281927, 2.502409596
2.512281921, 2.512423862
2.522281928, 2.522428564
2.532281929, 2.532423356
2.542281914, 2.542417867
2.552281934, 2.552436577
2.562281925, 2.562419548
2.572281921, 2.572396565
2.582281927, 2.582382110
2.592281928, 2.592468206
2.602281924, 2.602415421
2.612281921, 2.612424696
2.622281927, 2.622424152
2.632281924, 2.632414056
2.642281922, 2.642407880
2.652281945, 2.652418033
2.662281924, 2.662414845
2.672281923, 2.672418512
2.682281921, 2.682418907
2.692281932, 2.692408656
2.702281927, 2.702355116
2.712281923, 2.712350290
2.722281928, 2.722359586
2.732281918, 2.732381508
2.742281928, 2.742364752
2.752281929, 2.752350296
2.762281921, 2.762348244
2.772281929, 2.772362154
2.782281925, 2.782353442
2.792281924, 2.792335841
2.802281925, 2.802358684
2.812281924, 2.812383237
2.822281925, 2.822362264
2.832281929, 2.832364849
2.842281919, 2.842341534
2.852281920, 2.852357941
2.862281921, 2.862350851
2.872281921, 2.872349796
2.882281917, 2.882361127
2.892281926, 2.892342451
2.902281919, 2.902356469
2.912281921, 2.912344664
2.922281924, 2.922356005
2.932281923, 2.932353727
2.942281939, 2.942371980
2.952281929, 2.952363996
2.962281924, 2.962342908
2.972281920, 2.972357875
2.982281925, 2.982359011
2.992281921, 2.992366805
3.002281921, 3.002333568
3.012281929, 3.012410843
3.022281922, 3.022414791
3.032281920, 3.032407833
3.042281930, 3.042416057
3.052281924, 3.052426962
3.062281924, 3.062417844
3.072281928, 3.072351747
3.082281928, 3.082437311
3.092281931, 3.092423861
3.102281932, 3.102443570
3.112281928, 3.112427159
3.122281922, 3.122409040
3.132281931, 3.132420912
3.142281924, 3.142416783
3.152281918, 3.152455109
3.162281921, 3.162435044
3.172281929, 3.172381750
3.182281927, 3.182433165
3.192281921, 3.192420874
3.202281925, 3.202419605
3.212281924, 3.212430772
3.222281930, 3.222426317
3.232281921, 3.232413276
3.242281928, 3.242421931
3.252281926, 3.252408946
3.262281921, 3.262416067
3.272281918, 3.272410819
3.282281928, 3.282429123
3.292281934, 3.292436887
3.302281925, 3.302424882
3.312281924, 3.312410827
3.322281919, 3.322406083
3.332281936, 3.332421308
3.342281922, 3.342420039
3.352281924, 3.352422222
3.362281936, 3.362414614
3.372281924, 3.372404417
3.382281925, 3.382425917
3.392281928, 3.392415917
3.402281924, 3.402403969
3.412281934, 3.412420002
3.422281938, 3.422414893
3.432281934, 3.432462596
3.442281925, 3.442414683
3.452281921, 3.452428435
3.462281928, 3.462501165
3.472281929, 3.472358376
3.482281922, 3.482447557
3.492281929, 3.492391010
3.502281925, 3.502337249
3.512281923, 3.512349530
3.522281927, 3.522356758
3.532281923, 3.532356935
3.542281927, 3.542355728
3.552281932, 3.552364791
3.562281921, 3.562347569
3.572281920, 3.572350648
3.582281921, 3.582366025
3.592281921, 3.592406049
3.602281924, 3.602434245
3.612281924, 3.612404892
3.622281925, 3.622420271
3.632281920, 3.632412300
3.642281927, 3.642415377
3.652281921, 3.652430854
3.662281928, 3.662420718
3.672281929, 3.672417607
3.682281930, 3.682424609
3.692281924, 3.692423135
3.702281919, 3.702432682
3.712281923, 3.712359950
3.722281919, 3.722358893
3.732281924, 3.732347141
3.742281924, 3.742347621
3.752281928, 3.752349335
3.762281921, 3.762373084
3.772281928, 3.772345694
3.782281917, 3.782351246
3.792281929, 3.792354333
3.802281925, 3.802382627
3.812281928, 3.812352211
3.822281928, 3.822362058
3.832281929, 3.832352745
3.842281935, 3.842348366
3.852281926, 3.852362348
3.862281922, 3.862352470
3.872281926, 3.872367067
3.882281925, 3.882358782
3.892281921, 3.892362841
3.902281922, 3.902429033
3.912281937, 3.912425391
3.922281922, 3.922428576
3.932281945, 3.932410925
3.942281927, 3.942429401
3.952281940, 3.952421999
3.962281928, 3.962440465
3.972281934, 3.972415118
3.982281934, 3.982415556
3.992281916, 3.992422080
4.002281933, 4.002424789
4.012281921, 4.012428039
4.022281932, 4.022433492
4.032281932, 4.032405784
4.042281939, 4.042448409
4.052281928, 4.052423079
4.062281927, 4.062406615
4.072281924, 4.072410462
4.082281922, 4.082428782
4.092281920, 4.092442360
4.102281926, 4.102422105
4.112281930, 4.112431056
4.122281918, 4.122413571
4.132281926, 4.132422696
4.142281921, 4.142415765
4.152281930, 4.152407010
4.162281941, 4.162407249
4.172281949, 4.172427018
4.182281943, 4.182437728
4.192281930, 4.192420135
4.202281924, 4.202420430
4.212281956, 4.212420711
4.222281937, 4.222443957
4.232281930, 4.232409496
4.242281946, 4.242405098
4.252281923, 4.252425729
4.262281929, 4.262418175
4.272281923, 4.272413897
4.282281927, 4.282421862
4.292281928, 4.292409302
4.302281919, 4.302414329
4.312281930, 4.312422424
4.322281926, 4.322416432
4.332281923, 4.332435151
4.342281932, 4.342419427
4.352281930, 4.352401859
4.362281927, 4.362410574
4.372281922, 4.372419289
4.382281919, 4.382414603
4.392281926, 4.392423662
4.402281918, 4.402416283
4.412281917, 4.412428511
4.422281927, 4.422411395
4.432281930, 4.432423312
4.442281926, 4.442409072
4.452281944, 4.452426422
4.462281927, 4.462435826
4.472281919, 4.472412878
4.482281927, 4.482420319
4.492281930, 4.492419478
4.502281929, 4.502413568
4.512281930, 4.512415370
4.522281926, 4.522422646
4.532281926, 4.532430940
4.542281929, 4.542422075
4.552281922, 4.552441406
4.562281921, 4.562416781
4.572281923, 4.572431573
4.582281934, 4.582403268
4.592281922, 4.592406503
4.602281921, 4.602414194
4.612281928, 4.612409023
4.622281930, 4.622412113
4.632281930, 4.632412318
4.642281934, 4.642430524
4.652281928, 4.652455639
4.662281929, 4.662352244
4.672281931, 4.672350495
4.682281949, 4.682383833
4.692281928, 4.692345399
4.702281924, 4.702347668
4.712281922, 4.712351302
4.722281930, 4.722359892
4.732281926, 4.732357264
4.742281927, 4.742359105
4.752281933, 4.752341273
4.762281930, 4.762358819
4.772281937, 4.772359228
4.782281932, 4.782351352
4.792281933, 4.792349670
4.802281934, 4.802352740
4.812281933, 4.812350533
4.822281921, 4.822376304
4.832281919, 4.832365426
4.842281921, 4.842352192
4.852281937, 4.852371808
4.862281932, 4.862342989
4.872281936, 4.872358512
4.882281921, 4.882373522
4.892281933, 4.892399723
4.902281929, 4.902386750
4.912281928, 4.912352057
4.922281954, 4.922347179
4.932281939, 4.932359699
4.942281938, 4.942353258
4.952281933, 4.952355199
4.962281934, 4.962343729
4.972281937, 4.972355407
4.982281938, 4.982340578
4.992281931, 4.992348893
5.002281921, 5.002338054
5.012281926, 5.012392965
5.022281927, 5.022407242
5.032281922, 5.032430281
5.042281934, 5.042418947
5.052281923, 5.052428693
5.062281927, 5.062410587
5.072281920, 5.072415169
5.082281941, 5.082421367
5.092281930, 5.092414442
5.102281922, 5.102429080
5.112281930, 5.112450242
5.122281921, 5.122379244
5.132281925, 5.132399548
5.142281924, 5.142402711
5.152281925, 5.152415270
5.162281922, 5.162423112
5.172281941, 5.172422198
5.182281926, 5.182417943
5.192281925, 5.192421414
5.202281926, 5.202422075
5.212281935, 5.212423562
5.222281926, 5.222443719
5.232281933, 5.232423914
5.242281926, 5.242408223
5.252281927, 5.252439008
5.262281932, 5.262411024
5.272281925, 5.272420156
5.282281942, 5.282402471
5.292281935, 5.292403007
5.302281937, 5.302411939
5.312281921, 5.312406475
5.322281921, 5.322414498
5.332281928, 5.332418129
5.342281928, 5.342422154
5.352281938, 5.352415536
5.362281939, 5.362407797
5.372281927, 5.372414477
5.382281921, 5.382406021
5.392281927, 5.392416026
5.402281923, 5.402435594
5.412281927, 5.412414453
5.422281940, 5.422418750
5.432281938, 5.432418924
5.442281926, 5.442423226
5.452281925, 5.452419253
5.462281931, 5.462427237
5.472281933, 5.472422408
5.482281928, 5.482427121
5.492281932, 5.492421836
5.502281932, 5.502413181
5.512281932, 5.512418111
5.522281928, 5.522419345
5.532281938, 5.532420653
5.542281921, 5.542407770
5.552281921, 5.552421983
5.562281934, 5.562425764
5.572281922, 5.572418413
5.582281931, 5.582408850
5.592281933, 5.592404713
5.602281926, 5.602424909
5.612281927, 5.612418201
5.622281934, 5.622410758
5.632281930, 5.632408426
5.642281924, 5.642427418
5.652281941, 5.652419501
5.662281939, 5.662428126
5.672281938, 5.672428873
5.682281929, 5.682412120
5.692281932, 5.692423350
5.702281928, 5.702428770
5.712281927, 5.712422753
5.722281928, 5.722417811
5.732281936, 5.732418045
5.742281947, 5.742436109
5.752281925, 5.752425494
5.762281934, 5.762411967
5.772281939, 5.772435970
5.782281937, 5.782435820
5.792281919, 5.792416490
5.802281940, 5.802408342
5.812281933, 5.812419755
5.822281931, 5.822442113
5.832281933, 5.832423679
5.842281924, 5.842420245
5.852281925, 5.852423917
5.862281928, 5.862426493
5.872281936, 5.872430736
5.882281932, 5.882436364
5.892281930, 5.892422903
5.902281926, 5.902423239
5.912281928, 5.912415066
5.922281929, 5.922433327
5.932281932, 5.932415931
5.942281931, 5.942442522
5.952281928, 5.952412323
5.962281926, 5.962349807
5.972281943, 5.972345786
5.982281934, 5.982347230
5.992281935, 5.992343705
6.002281934, 6.002345051
6.012281930, 6.012351630
6.022281947, 6.022345492
6.032281919, 6.032340689
6.042281921, 6.042421347
6.052281928, 6.052418542
6.062281921, 6.062416871
6.072281924, 6.072409767
6.082281924, 6.082431666
6.092281916, 6.092419776
6.102281930, 6.102420077
6.112281920, 6.112413211
6.122281927, 6.122423827
6.132281929, 6.132440422
6.142281924, 6.142413223
6.152281917, 6.152423602
6.162281925, 6.162437655
6.172281932, 6.172419656
6.182281925, 6.182416652
6.192281929, 6.192430205
6.202281927, 6.202431568
6.212281921, 6.212423364
6.222281932, 6.222426743
6.232281928, 6.232430528
6.242281925, 6.242416151
6.252281926, 6.252411880
6.262281928, 6.262427753
6.272281932, 6.272431291
6.282281936, 6.282441506
6.292281926, 6.292415739
6.302281925, 6.302413150
6.312281924, 6.312408128
6.322281925, 6.322419262
6.332281918, 6.332416519
6.342281939, 6.342350718
6.352281929, 6.352425668
6.362281922, 6.362414187
6.372281929, 6.372423699
6.382281925, 6.382417756
6.392281921, 6.392417483
6.402281926, 6.402405986
6.412281926, 6.412415516
6.422281934, 6.422404812
6.432281929, 6.432424401
6.442281928, 6.442430395
6.452281926, 6.452423720
6.462281925, 6.462415392
6.472281922, 6.472418356
6.482281928, 6.482422357
6.492281924, 6.492417872
6.502281928, 6.502431521
6.512281922, 6.512417775
6.522281931, 6.522428265
6.532281927, 6.532423549
6.542281942, 6.542406999
6.552281926, 6.552402495
6.562281928, 6.562419668
6.572281921, 6.572389816
6.582281922, 6.582415918
6.592281926, 6.592412495
6.602281925, 6.602421783
6.612281929, 6.612395396
6.622281922, 6.622435001
6.632281918, 6.632418754
6.642281925, 6.642418124
6.652281932, 6.652416239
6.662281930, 6.662424681
6.672281926, 6.672420859
6.682281931, 6.682428664
6.692281927, 6.692426600
6.702281930, 6.702420715
6.712281937, 6.712414474
6.722281923, 6.722425852
6.732281924, 6.732432164
6.742281920, 6.742411356
6.752281922, 6.752413037
6.762281934, 6.762422126
6.772281927, 6.772413609
6.782281925, 6.782416336
6.792281919, 6.792409715
6.802281933, 6.802415690
6.812281922, 6.812412633
6.822281926, 6.822407950
6.832281920, 6.832355914
6.842281922, 6.842359860
6.852281931, 6.852357750
6.862281930, 6.862363086
6.872281923, 6.872355933
6.882281928, 6.882344150
6.892281926, 6.892355604
6.902281925, 6.902349419
6.912281943, 6.912362100
6.922281925, 6.922353651
6.932281931, 6.932353130
6.942281925, 6.942354527
6.952281923, 6.952354554
6.962281927, 6.962517043
6.972281928, 6.972406722
6.982281927, 6.982439720
6.992281926, 6.992384685
7.002281925, 7.002356229
7.012281929, 7.012353415
7.022281933, 7.022347627
7.032281921, 7.032337548
7.042281921, 7.042414533
7.052281923, 7.052423867
7.062281919, 7.062439608
7.072281928, 7.072445318
7.082281921, 7.082429235
7.092281923, 7.092415884
7.102281922, 7.102428775
7.112281928, 7.112404698
7.122281924, 7.122400116
7.132281928, 7.132425129
7.142281928, 7.142430397
7.152281934, 7.152363712
7.162281925, 7.162492533
7.172281926, 7.172366486
7.182281941, 7.182370458
7.192281923, 7.192365823
7.202281922, 7.202351975
7.212281926, 7.212368601
7.222281925, 7.222340037
7.232281918, 7.232388009
7.242281924, 7.242353775
7.252281931, 7.252355895
7.262281943, 7.262356957
7.272281923, 7.272364495
7.282281924, 7.282344930
7.292281921, 7.292349091
7.302281930, 7.302349929
7.312281924, 7.312341393
7.322281917, 7.322356171
7.332281931, 7.332343624
7.342281930, 7.342352650
7.352281924, 7.352374015
7.362281927, 7.362360261
7.372281932, 7.372342256
7.382281924, 7.382349924
7.392281932, 7.392354311
7.402281924, 7.402372048
7.412281920, 7.412373288
7.422281933, 7.422354888
7.432281923, 7.432406873
7.442281921, 7.442424883
7.452281942, 7.452427556
7.462281930, 7.462417109
7.472281923, 7.472422999
7.482281922, 7.482425608
7.492281929, 7.492424420
7.502281927, 7.502424669
7.512281926, 7.512451806
7.522281927, 7.522425846
7.532281926, 7.532420973
7.542281927, 7.542419951
7.552281931, 7.552440860
7.562281921, 7.562419498
7.572281934, 7.572454991
7.582281922, 7.582414445
7.592281920, 7.592440206
7.602281924, 7.602420325
7.612281926, 7.612421079
7.622281925, 7.622415426
7.632281928, 7.632432908
7.642281927, 7.642422734
7.652281934, 7.652416288
7.662281927, 7.662428518
7.672281926, 7.672416097
7.682281921, 7.682418506
7.692281929, 7.692407636
7.702281921, 7.702502021
7.712281923, 7.712483110
7.722281927, 7.722421316
7.732281920, 7.732422857
7.742281928, 7.742409010
7.752281921, 7.752429823
7.762281930, 7.762423985
7.772281920, 7.772429130
7.782281922, 7.782416528
7.792281928, 7.792413851
7.802281927, 7.802411748
7.812281921, 7.812347516
7.822281928, 7.822338117
7.832281928, 7.832336904
7.842281924, 7.842363302
7.852281926, 7.852356615
7.862281922, 7.862350984
7.872281929, 7.872342937
7.882281919, 7.882354108
7.892281926, 7.892360021
7.902281939, 7.902394113
7.912281932, 7.912374502
7.922281933, 7.922356643
7.932281923, 7.932349835
7.942281928, 7.942353553
7.952281921, 7.952353782
7.962281932, 7.962355798
7.972281924, 7.972360441
7.982281921, 7.982350090
7.992281921, 7.992361391
8.002281930, 8.002358757
8.012281947, 8.012339836
8.022281932, 8.022339815
8.032281924, 8.032342986
8.042281924, 8.042346969
8.052281923, 8.052420359
8.062281922, 8.062421236
8.072281924, 8.072387511
8.082281928, 8.082417570
8.092281929, 8.092416453
8.102281924, 8.102420314
8.112281928, 8.112436379
8.122281919, 8.122429198
8.132281926, 8.132399006
8.142281927, 8.142417012
8.152281940, 8.152435858
8.162281930, 8.162430233
8.172281939, 8.172423697
8.182281930, 8.182410531
8.192281918, 8.192416893
8.202281921, 8.202412991
8.212281923, 8.212422081
8.222281925, 8.222439223
8.232281926, 8.232416020
8.242281925, 8.242409732
8.252281947, 8.252421270
8.262281932, 8.262431270
8.272281928, 8.272427033
8.282281922, 8.282420732
8.292281926, 8.292421275
8.302281925, 8.302425959
8.312281928, 8.312415559
8.322281919, 8.322405279
8.332281932, 8.332430042
8.342281924, 8.342464216
8.352281921, 8.352430099
8.362281919, 8.362418411
8.372281921, 8.372426802
8.382281922, 8.382467191
8.392281923, 8.392349426
8.402281927, 8.402368249
8.412281932, 8.412348858
8.422281924, 8.422364578
8.432281921, 8.432355920
8.442281925, 8.442364349
8.452281921, 8.452355734
8.462281925, 8.462355424
8.472281929, 8.472353343
8.482281924, 8.482361215
8.492281920, 8.492356366
8.502281946, 8.502361637
8.512281929, 8.512339359
8.522281939, 8.522358307
8.532281921, 8.532348799
8.542281919, 8.542350580
8.552281924, 8.552368487
8.562281921, 8.562354404
8.572281924, 8.572353201
8.582281922, 8.582339562
8.592281926, 8.592418843
8.602281921, 8.602444667
8.612281915, 8.612418778
8.622281928, 8.622413315
8.632281924, 8.632415818
8.642281924, 8.642420038
8.652281940, 8.652432728
8.662281932, 8.662443273
8.672281931, 8.672410860
8.682281946, 8.682411003
8.692281936, 8.692431351
8.702281930, 8.702409626
8.712281921, 8.712414387
8.722281933, 8.722438571
8.732281920, 8.732400956
8.742281919, 8.742431491
8.752281928, 8.752423119
8.762281933, 8.762410761
8.772281931, 8.772422686
8.782281925, 8.782431840
8.792281961, 8.792419142
8.802281925, 8.802418476
8.812281937, 8.812414681
8.822281925, 8.822423036
8.832281937, 8.832426185
8.842281943, 8.842408024
8.852281923, 8.852421589
8.862281932, 8.862415538
8.872281929, 8.872427448
8.882281928, 8.882435470
8.892281931, 8.892415006
8.902281927, 8.902422104
8.912281923, 8.912424674
8.922281938, 8.922416289
8.932281928, 8.932419580
8.942281922, 8.942422003
8.952281931, 8.952548385
8.962281925, 8.962422480
8.972281918, 8.972360119
8.982281921, 8.982352746
8.992281926, 8.992386965
9.002281939, 9.002366078
9.012281937, 9.012347058
9.022281928, 9.022357566
9.032281928, 9.032357180
9.042281928, 9.042364430
9.052281926, 9.052431029
9.062281925, 9.062421721
9.072281934, 9.072386643
9.082281933, 9.082410618
9.092281929, 9.092453903
9.102281927, 9.102373396
9.112281929, 9.112412794
9.122281932, 9.122426502
9.132281931, 9.132416825
9.142281928, 9.142420726
9.152281934, 9.152417998
9.162281927, 9.162441756
9.172281931, 9.172420198
9.182281932, 9.182412385
9.192281929, 9.192426927
9.202281930, 9.202435530
9.212281932, 9.212437691
9.222281930, 9.222421391
9.232281921, 9.232426090
9.242281924, 9.242417756
9.252281928, 9.252446908
9.262281939, 9.262437750
9.272281920, 9.272351678
9.282281933, 9.282361491
9.292281942, 9.292365629
9.302281924, 9.302350809
9.312281931, 9.312356012
9.322281932, 9.322370902
9.332281942, 9.332379089
9.342281927, 9.342350153
9.352281936, 9.352355647
9.362281963, 9.362359308
9.372281931, 9.372358985
9.382281935, 9.382348784
9.392281947, 9.392372248
9.402281925, 9.402364526
9.412281928, 9.412377744
9.422281936, 9.422363614
9.432281926, 9.432348076
9.442281927, 9.442352492
9.452281917, 9.452345275
9.462281927, 9.462344518
9.472281929, 9.472365045
9.482281924, 9.482351999
9.492281934, 9.492378698
9.502281914, 9.502366583
9.512281921, 9.512363696
9.522281919, 9.522369490
9.532281929, 9.532337381
9.542281925, 9.542345486
9.552281929, 9.552364318
9.562281925, 9.562347510
9.572281921, 9.572348766
9.582281928, 9.582340110
9.592281924, 9.592370765
9.602281922, 9.602345603
9.612281924, 9.612358822
9.622281925, 9.622357767
9.632281931, 9.632352071
9.642281932, 9.642377540
9.652281934, 9.652347519
9.662281930, 9.662342908
9.672281929, 9.672340107
9.682281925, 9.682342903
9.692281923, 9.692414386
9.702281930, 9.702431297
9.712281923, 9.712415371
9.722281921, 9.722412062
9.732281926, 9.732452049
9.742281941, 9.742426096
9.752281917, 9.752424093
9.762281933, 9.762408429
9.772281934, 9.772402893
9.782281927, 9.782413136
9.792281924, 9.792427927
9.802281925, 9.802422209
9.812281923, 9.812442427
9.822281925, 9.822429873
9.832281924, 9.832417861
9.842281927, 9.842418369
9.852281926, 9.852450950
9.862281922, 9.862417527
9.872281923, 9.872444856
9.882281928, 9.882421744
9.892281926, 9.892439565
9.902281930, 9.902425612
9.912281926, 9.912433750
9.922281925, 9.922440230
9.932281923, 9.932388814
9.942281928, 9.942401719
9.952281921, 9.952348528
9.962281925, 9.962409284
9.972281929, 9.972412114
9.982281925, 9.982418705
9.992281931, 9.992422873
10.002281927, 10.002420132
10.012281924, 10.012419640
10.022281919, 10.022421458
10.032281924, 10.032421014
10.042281927, 10.042419209
10.052281924, 10.052420845
10.062281922, 10.062412956
10.072281920, 10.072411520
10.082281924, 10.082413469
10.092281927, 10.092421763
10.102281924, 10.102413477
10.112281921, 10.112409240
10.122281925, 10.122409721
10.132281929, 10.132425580
10.142281933, 10.142416148
10.152281920, 10.152411672
10.162281926, 10.162413178
10.172281919, 10.172411515
10.182281924, 10.182412524
10.192281928, 10.192412985
10.202281922, 10.202412194
10.212281924, 10.212413453
10.222281926, 10.222409538
10.232281919, 10.232418385
10.242281924, 10.242417352
10.252281922, 10.252420758
10.262281927, 10.262388920
10.272281921, 10.272409798
10.282281927, 10.282418098
10.292281924, 10.292415521
10.302281919, 10.302412629
10.312281928, 10.312410574
10.322281918, 10.322413554
10.332281940, 10.332414537
10.342281925, 10.342409248
10.352281915, 10.352414046
10.362281926, 10.362410121
10.372281924, 10.372410431
10.382281928, 10.382419083
10.392281928, 10.392411562
10.402281917, 10.402411765
10.412281914, 10.412414302
10.422281928, 10.422408823
10.432281921, 10.432410549
10.442281925, 10.442413462
10.452281917, 10.452414610
10.462281919, 10.462412955
10.472281916, 10.472413510
10.482281922, 10.482409545
10.492281928, 10.492414167
10.502281951, 10.502411967
10.512281921, 10.512412231
10.522281928, 10.522410857
10.532281916, 10.532413679
10.542281921, 10.542408002
10.552281919, 10.552408933
10.562281925, 10.562410647
10.572281924, 10.572410658
10.582281923, 10.582403044
10.592281915, 10.592412681
10.602281928, 10.602413746
10.612281919, 10.612415862
10.622281927, 10.622414452
10.632281920, 10.632418427
10.642281934, 10.642413965
10.652281922, 10.652414029
10.662281922, 10.662413503
10.672281920, 10.672411465
10.682281924, 10.682413788
10.692281918, 10.692410064
10.702281926, 10.702413597
10.712281917, 10.712412672
10.722281920, 10.722410930
10.732281926, 10.732415009
10.742281928, 10.742413546
10.752281919, 10.752412524
10.762281917, 10.762410179
10.772281920, 10.772410215
10.782281922, 10.782418149
10.792281924, 10.792413492
10.802281924, 10.802411486
10.812281924, 10.812410758
10.822281918, 10.822413438
10.832281925, 10.832413560
10.842281921, 10.842410244
10.852281921, 10.852410365
10.862281920, 10.862410758
10.872281921, 10.872413699
10.882281925, 10.882421670
10.892281918, 10.892411377
10.902281924, 10.902409676
10.912281928, 10.912413776
10.922281922, 10.922412289
10.932281924, 10.932412697
10.942281927, 10.942409287
10.952281921, 10.952409959
10.962281922, 10.962412133
10.972281919, 10.972411013
10.982281931, 10.982416082
10.992281926, 10.992413794
11.002281924, 11.002413395
11.012281920, 11.012412830
11.022281931, 11.022412080
11.032281918, 11.032410257
11.042281927, 11.042413602
11.052281928, 11.052409892
11.062281922, 11.062411878
11.072281925, 11.072408255
11.082281923, 11.082408238
11.092281923, 11.092413468
11.102281918, 11.102407114
11.112281929, 11.112409850
11.122281926, 11.122411561
11.132281930, 11.132415725
11.142281926, 11.142408718
11.152281923, 11.152408429
11.162281922, 11.162410045
11.172281920, 11.172409698
11.182281927, 11.182409818
11.192281922, 11.192407414
11.202281918, 11.202408848
11.212281928, 11.212412158
11.222281925, 11.222410752
11.232281934, 11.232413677
11.242281927, 11.242411620
11.252281919, 11.252408616
11.262281923, 11.262409299
11.272281919, 11.272407952
11.282281919, 11.282411410
11.292281926, 11.292408545
11.302281920, 11.302409451
11.312281919, 11.312409947
11.322281925, 11.322407915
11.332281926, 11.332409758
11.342281930, 11.342409785
11.352281928, 11.352408026
11.362281918, 11.362408142
11.372281926, 11.372416573
11.382281917, 11.382413753
11.392281925, 11.392410881
11.402281919, 11.402408119
11.412281919, 11.412409553
11.422281919, 11.422407474
11.432281917, 11.432407900
11.442281925, 11.442408472
11.452281921, 11.452410409
11.462281919, 11.462408771
11.472281922, 11.472407300
11.482281928, 11.482410409
11.492281921, 11.492407473
11.502281921, 11.502408179
11.512281924, 11.512412696
11.522281923, 11.522407412
11.532281919, 11.532407699
11.542281928, 11.542406329
11.552281921, 11.552408920
11.562281927, 11.562409230
11.572281920, 11.572408590
11.582281932, 11.582406682
11.592281923, 11.592408078
11.602281927, 11.602410300
11.612281918, 11.612408539
11.622281931, 11.622420679
11.632281920, 11.632411900
11.642281918, 11.642408552
11.652281927, 11.652408031
11.662281921, 11.662406513
11.672281921, 11.672410923
11.682281920, 11.682410177
11.692281926, 11.692409900
11.702281919, 11.702406971
11.712281926, 11.712406072
11.722281925, 11.722409146
11.732281928, 11.732411336
11.742281918, 11.742403380
11.752281922, 11.752405480
11.762281918, 11.762409773
11.772281923, 11.772406624
11.782281922, 11.782413717
11.792281918, 11.792408678
11.802281925, 11.802404609
11.812281919, 11.812404652
11.822281926, 11.822454962
11.832281926, 11.832409599
11.842281922, 11.842407582
11.852281924, 11.852407617
11.862281927, 11.862407330
11.872281933, 11.872414353
11.882281917, 11.882407518
11.892281929, 11.892411994
11.902281927, 11.902407719
11.912281926, 11.912407137
11.922281927, 11.922409165
11.932281931, 11.932415422
11.942281930, 11.942408235
11.952281926, 11.952404739
11.962281926, 11.962404819
11.972281931, 11.972413126
11.982281924, 11.982410513
11.992281925, 11.992408570
12.002281921, 12.002405570
12.012281921, 12.012407426
12.022281925, 12.022406617
12.032281917, 12.032411203
12.042281919, 12.042404677
12.052281923, 12.052405795
------------------------------
