------------------------------
test was performed using the following parameters: --mps=100 --burst=1 --reply-every=1 --msg-size=12 --time=10
------------------------------
sockperf: [Total Run] RunTime=10.100 sec; SentMessages=1011; ReceivedMessages=1010
sockperf: ========= Printing statistics for Server No: 0
sockperf: [Valid Duration] RunTime=9.980 sec; SentMessages=999; ReceivedMessages=999
sockperf: [2;35m====> avg-lat= 70.948 (std-dev=24.751)[0m
sockperf: # dropped messages = 0; # duplicated messages = 0; # out-of-order messages = 0
sockperf: [2;35mTotal 999 observations[0m; each percentile contains 9.99 observations
sockperf: ---> <MAX> observation =  184.963
sockperf: ---> percentile  99.99 =  184.963
sockperf: ---> percentile  99.90 =  174.220
sockperf: ---> percentile  99.50 =  143.140
sockperf: ---> percentile  99.00 =  135.736
sockperf: ---> percentile  95.00 =  111.678
sockperf: ---> percentile  90.00 =  102.867
sockperf: ---> percentile  75.00 =   87.141
sockperf: ---> percentile  50.00 =   70.650
sockperf: ---> percentile  25.00 =   47.162
sockperf: ---> <MIN> observation =   26.659
------------------------------
txTime, rxTime
2.063419737, 2.063596449
2.073419736, 2.073613591
2.083419748, 2.083585981
2.093419734, 2.093632545
2.103419732, 2.103611331
2.113419731, 2.113506747
2.123419732, 2.123597514
2.133419734, 2.133611688
2.143419745, 2.143610180
2.153419736, 2.153569971
2.163419731, 2.163524073
2.173419737, 2.173637403
2.183419736, 2.183553389
2.193419739, 2.193551404
2.203419761, 2.203556485
2.213419736, 2.213574237
2.223419737, 2.223541789
2.233419740, 2.233540509
2.243419731, 2.243523171
2.253419753, 2.253517521
2.263419737, 2.263503027
2.273419736, 2.273516679
2.283419737, 2.283529232
2.293419736, 2.293490436
2.303419747, 2.303523627
2.313419729, 2.313498804
2.323419750, 2.323550295
2.333419739, 2.333510388
2.343419748, 2.343537552
2.353419740, 2.353506294
2.363419747, 2.363556727
2.373419739, 2.373526207
2.383419732, 2.383566139
2.393419732, 2.393523784
2.403419729, 2.403534938
2.413419736, 2.413492542
2.423419731, 2.423497044
2.433419731, 2.433487493
2.443419747, 2.443541954
2.453419736, 2.453475204
2.463419738, 2.463492260
2.473419733, 2.473495283
2.483419745, 2.483496453
2.493419733, 2.493516008
2.503419727, 2.503506942
2.513419738, 2.513548099
2.523419727, 2.523484724
2.533419755, 2.533523173
2.543419744, 2.543589023
2.553419741, 2.553526686
2.563419741, 2.563508718
2.573419738, 2.573500309
2.583419734, 2.583538866
2.593419730, 2.593477497
2.603419736, 2.603482744
2.613419747, 2.613517214
2.623419747, 2.623501736
2.633419731, 2.633499660
2.643419760, 2.643523074
2.653419753, 2.653557669
2.663419733, 2.663610251
2.673419744, 2.673496887
2.683419730, 2.683611629
2.693419741, 2.693541352
2.703419753, 2.703499825
2.713419753, 2.713562302
2.723419748, 2.723601371
2.733419731, 2.733540701
2.743419751, 2.743525265
2.753419737, 2.753567265
2.763419731, 2.763511763
2.773419732, 2.773559086
2.783419732, 2.783516112
2.793419755, 2.793609033
2.803419751, 2.803561321
2.813419740, 2.813520015
2.823419739, 2.823523198
2.833419745, 2.833530478
2.843419723, 2.843501866
2.853419732, 2.853548345
2.863419734, 2.863496609
2.873419739, 2.873522748
2.883419731, 2.883522971
2.893419747, 2.893520689
2.903419740, 2.903512275
2.913419723, 2.913559765
2.923419729, 2.923543698
2.933419734, 2.933495824
2.943419748, 2.943504641
2.953419731, 2.953506049
2.963419748, 2.963525255
2.973419739, 2.973525340
2.983419744, 2.983513323
2.993419737, 2.993499754
3.003419740, 3.003501521
3.013419745, 3.013505256
3.023419736, 3.023553285
3.033419736, 3.033492089
3.043419762, 3.043552153
3.053419761, 3.053561816
3.063419750, 3.063599562
3.073419758, 3.073565835
3.083419753, 3.083548205
3.093419745, 3.093555779
3.103419756, 3.103535777
3.113425650, 3.113581729
3.123427820, 3.123571454
3.133426020, 3.133599933
3.143419753, 3.143582753
3.153419753, 3.153595145
3.163419748, 3.163556202
3.173419786, 3.173602781
3.183419753, 3.183585026
3.193419753, 3.193562544
3.203419789, 3.203550099
3.213419758, 3.213598598
3.223419750, 3.223600403
3.233419755, 3.233542636
3.243419751, 3.243629908
3.253419737, 3.253550102
3.263425465, 3.263598830
3.273419740, 3.273555657
3.283419756, 3.283610184
3.293419759, 3.293551369
3.303419755, 3.303595133
3.313419759, 3.313579716
3.323425473, 3.323597357
3.333419731, 3.333573135
3.343419755, 3.343551132
3.353419761, 3.353589775
3.363419753, 3.363600313
3.373419739, 3.373562552
3.383419750, 3.383494373
3.393439192, 3.393601450
3.403421905, 3.403556265
3.413419753, 3.413538804
3.423419755, 3.423531156
3.433419748, 3.433596304
3.443419755, 3.443537138
3.453419761, 3.453560275
3.463421982, 3.463576079
3.473419739, 3.473568970
3.483419756, 3.483552750
3.493419755, 3.493565430
3.503419744, 3.503535984
3.513419737, 3.513585488
3.523419742, 3.523544791
3.533419753, 3.533550754
3.543419742, 3.543596689
3.553419746, 3.553535611
3.563419737, 3.563545765
3.573419759, 3.573551447
3.583419757, 3.583577319
3.593419760, 3.593550631
3.603419754, 3.603579123
3.613427223, 3.613575542
3.623419759, 3.623531934
3.633419739, 3.633576426
3.643424742, 3.643570445
3.653419747, 3.653535305
3.663419753, 3.663510944
3.673419753, 3.673609472
3.683419747, 3.683549419
3.693419774, 3.693515076
3.703419742, 3.703519169
3.713419800, 3.713544876
3.723419756, 3.723519382
3.733419758, 3.733508198
3.743419756, 3.743541409
3.753419739, 3.753533509
3.763419750, 3.763525371
3.773419755, 3.773539336
3.783419741, 3.783525736
3.793419755, 3.793520273
3.803419750, 3.803546002
3.813419740, 3.813571681
3.823419728, 3.823551354
3.833423865, 3.833567049
3.843419760, 3.843549066
3.853419756, 3.853523014
3.863419760, 3.863530838
3.873419742, 3.873539785
3.883419767, 3.883548160
3.893423109, 3.893555232
3.903419757, 3.903518687
3.913419753, 3.913531049
3.923419762, 3.923536932
3.933419757, 3.933522814
3.943419753, 3.943530137
3.953419746, 3.953588670
3.963419759, 3.963560990
3.973419743, 3.973517776
3.983419757, 3.983573978
3.993419746, 3.993566663
4.003419759, 4.003560155
4.013419759, 4.013547216
4.023419759, 4.023530344
4.033419759, 4.033535467
4.043419757, 4.043574018
4.053419756, 4.053520193
4.063422134, 4.063512350
4.073419737, 4.073556722
4.083419754, 4.083583477
4.093419745, 4.093535489
4.103427881, 4.103592034
4.113419738, 4.113541631
4.123419743, 4.123532851
4.133419757, 4.133525961
4.143419743, 4.143504786
4.153419745, 4.153543707
4.163419756, 4.163548413
4.173419742, 4.173522380
4.183420777, 4.183571166
4.193430792, 4.193632210
4.203419783, 4.203514108
4.213419743, 4.213553364
4.223419760, 4.223549017
4.233424916, 4.233546242
4.243419743, 4.243567773
4.253419760, 4.253566036
4.263419753, 4.263568018
4.273419759, 4.273534818
4.283419760, 4.283526273
4.293419735, 4.293529291
4.303419753, 4.303527213
4.313419759, 4.313526106
4.323419762, 4.323518301
4.333419738, 4.333532987
4.343419734, 4.343523406
4.353419760, 4.353517698
4.363419795, 4.363599991
4.373419759, 4.373569384
4.383419762, 4.383552955
4.393419755, 4.393537556
4.403419780, 4.403521305
4.413419797, 4.413544669
4.423419758, 4.423551661
4.433419750, 4.433553091
4.443419759, 4.443572119
4.453419739, 4.453571852
4.463419755, 4.463602909
4.473419739, 4.473545820
4.483419753, 4.483552595
4.493419791, 4.493594687
4.503419731, 4.503536494
4.513428963, 4.513561935
4.523419742, 4.523547936
4.533419734, 4.533547478
4.543419749, 4.543533232
4.553419740, 4.553539345
4.563419786, 4.563604072
4.573419740, 4.573568397
4.583419758, 4.583583041
4.593419739, 4.593543755
4.603419742, 4.603564118
4.613420343, 4.613546378
4.623419755, 4.623557258
4.633419738, 4.633577705
4.643419744, 4.643580046
4.653419742, 4.653568977
4.663419748, 4.663546289
4.673419756, 4.673530036
4.683419751, 4.683523501
4.693419751, 4.693662490
4.703419759, 4.703532840
4.713425072, 4.713696546
4.723419753, 4.723559431
4.733419737, 4.733596180
4.743419732, 4.743586656
4.753419756, 4.753643112
4.763419759, 4.763615605
4.773422538, 4.773626120
4.783424959, 4.783666631
4.793419738, 4.793587083
4.803419753, 4.803540644
4.813421488, 4.813563038
4.823419745, 4.823552289
4.833419762, 4.833596148
4.843419762, 4.843586395
4.853419751, 4.853535155
4.863419760, 4.863565037
4.873419760, 4.873564563
4.883422423, 4.883586390
4.893419743, 4.893551392
4.903419754, 4.903584041
4.913419759, 4.913620837
4.923419757, 4.923590454
4.933426180, 4.933582163
4.943419759, 4.943559231
4.953419738, 4.953536601
4.963419760, 4.963552041
4.973420283, 4.973563118
4.983419795, 4.983569350
4.993419762, 4.993572077
5.003419764, 5.003614610
5.013427346, 5.013603658
5.023419759, 5.023585248
5.033419754, 5.033582632
5.043419764, 5.043642103
5.053419764, 5.053621086
5.063424953, 5.063604569
5.073419760, 5.073543962
5.083419760, 5.083633416
5.093419760, 5.093577512
5.103419760, 5.103553366
5.113419798, 5.113631651
5.123419760, 5.123567345
5.133419762, 5.133575207
5.143419756, 5.143570375
5.153419759, 5.153541328
5.163419759, 5.163561292
5.173428045, 5.173633781
5.183419790, 5.183546123
5.193421729, 5.193625731
5.203419756, 5.203556029
5.213419756, 5.213589644
5.223419756, 5.223589767
5.233419754, 5.233575516
5.243419759, 5.243579883
5.253422831, 5.253702340
5.263419759, 5.263634145
5.273419746, 5.273600433
5.283424278, 5.283597291
5.293419740, 5.293586707
5.303419743, 5.303590672
5.313419737, 5.313589521
5.323419760, 5.323575022
5.333419753, 5.333585214
5.343422359, 5.343603995
5.353419754, 5.353564140
5.363419762, 5.363621413
5.373419757, 5.373570645
5.383419753, 5.383562343
5.393419754, 5.393578142
5.403419740, 5.403566002
5.413419751, 5.413553306
5.423419743, 5.423652871
5.433419730, 5.433582168
5.443419754, 5.443573089
5.453419753, 5.453565762
5.463419756, 5.463568154
5.473422194, 5.473619492
5.483419755, 5.483578164
5.493427856, 5.493602138
5.503419753, 5.503616634
5.513419740, 5.513571530
5.523419751, 5.523654135
5.533421033, 5.533604462
5.543419744, 5.543555630
5.553419753, 5.553608234
5.563419758, 5.563624094
5.573419756, 5.573608978
5.583424681, 5.583600836
5.593419736, 5.593559516
5.603423121, 5.603585141
5.613424289, 5.613615712
5.623419751, 5.623557743
5.633419792, 5.633564714
5.643419753, 5.643547060
5.653419753, 5.653619929
5.663423746, 5.663604859
5.673419732, 5.673574215
5.683424291, 5.683600555
5.693419759, 5.693577912
5.703419751, 5.703564506
5.713419744, 5.713570104
5.723419755, 5.723568460
5.733425417, 5.733603736
5.743419753, 5.743621339
5.753419759, 5.753553885
5.763419751, 5.763565460
5.773419753, 5.773617359
5.783419756, 5.783645568
5.793419742, 5.793567666
5.803419753, 5.803544993
5.813419756, 5.813645342
5.823419745, 5.823561430
5.833419756, 5.833623438
5.843419753, 5.843581096
5.853419757, 5.853541876
5.863428539, 5.863604396
5.873419745, 5.873586188
5.883419756, 5.883564140
5.893419756, 5.893559886
5.903419743, 5.903548913
5.913419737, 5.913577739
5.923419742, 5.923566747
5.933419735, 5.933668524
5.943419756, 5.943604981
5.953419737, 5.953586286
5.963419762, 5.963613714
5.973419740, 5.973556823
5.983419762, 5.983586832
5.993419749, 5.993623058
6.003419757, 6.003601396
6.013419754, 6.013543145
6.023420634, 6.023603486
6.033419742, 6.033561751
6.043419754, 6.043584814
6.053421213, 6.053583240
6.063419740, 6.063590072
6.073419759, 6.073629988
6.083419756, 6.083553184
6.093419740, 6.093581903
6.103422285, 6.103566957
6.113427781, 6.113625345
6.123419754, 6.123550674
6.133419742, 6.133568930
6.143421567, 6.143600038
6.153419740, 6.153624794
6.163419762, 6.163547827
6.173419762, 6.173560115
6.183419756, 6.183643731
6.193419756, 6.193640374
6.203419756, 6.203583325
6.213419732, 6.213566466
6.223425006, 6.223583015
6.233419744, 6.233537725
6.243419744, 6.243569694
6.253419759, 6.253615716
6.263419741, 6.263570002
6.273419774, 6.273626465
6.283419751, 6.283579583
6.293419751, 6.293548352
6.303419747, 6.303587211
6.313419733, 6.313584841
6.323419757, 6.323545824
6.333419752, 6.333560638
6.343419749, 6.343552432
6.353419764, 6.353611410
6.363419753, 6.363557831
6.373419755, 6.373598878
6.383419753, 6.383541232
6.393419753, 6.393568940
6.403419789, 6.403561999
6.413419756, 6.413566286
6.423419751, 6.423576219
6.433419753, 6.433560361
6.443419751, 6.443547920
6.453419792, 6.453575837
6.463419745, 6.463611833
6.473419751, 6.473594923
6.483419740, 6.483566949
6.493419756, 6.493580169
6.503419734, 6.503555254
6.513419737, 6.513642296
6.523419739, 6.523574702
6.533419735, 6.533596791
6.543421423, 6.543625945
6.553419756, 6.553576415
6.563419750, 6.563585763
6.573419740, 6.573573194
6.583419742, 6.583585345
6.593424761, 6.593579170
6.603419756, 6.603606310
6.613419744, 6.613563962
6.623419753, 6.623571759
6.633419745, 6.633577457
6.643419755, 6.643582356
6.653419750, 6.653545315
6.663419756, 6.663555070
6.673419737, 6.673549357
6.683419755, 6.683580506
6.693419739, 6.693573990
6.703419785, 6.703546512
6.713419740, 6.713585966
6.723419759, 6.723609821
6.733419758, 6.733552725
6.743419783, 6.743565721
6.753419739, 6.753561063
6.763422871, 6.763509923
6.773419755, 6.773484297
6.783419737, 6.783493264
6.793419756, 6.793519497
6.803419736, 6.803536434
6.813419737, 6.813506632
6.823422497, 6.823516192
6.833419759, 6.833513698
6.843419756, 6.843503684
6.853419751, 6.853486275
6.863419744, 6.863491822
6.873419758, 6.873499933
6.883419751, 6.883561134
6.893419755, 6.893515479
6.903419736, 6.903540798
6.913419758, 6.913559630
6.923419740, 6.923561412
6.933419734, 6.933577569
6.943419762, 6.943495165
6.953419742, 6.953510469
6.963429339, 6.963579419
6.973419756, 6.973504662
6.983423176, 6.983553424
6.993419745, 6.993553560
7.003427821, 7.003646633
7.013419744, 7.013587513
7.023419758, 7.023567601
7.033419756, 7.033586405
7.043419747, 7.043561207
7.053419785, 7.053563210
7.063419780, 7.063547714
7.073420399, 7.073592802
7.083419740, 7.083586236
7.093419738, 7.093570847
7.103419760, 7.103541538
7.113419759, 7.113553733
7.123419751, 7.123577446
7.133419751, 7.133575867
7.143419755, 7.143563179
7.153419781, 7.153558289
7.163419750, 7.163544957
7.173420656, 7.173580792
7.183419740, 7.183543495
7.193419753, 7.193583482
7.203419755, 7.203569599
7.213419759, 7.213539917
7.223419753, 7.223570803
7.233419739, 7.233617522
7.243419756, 7.243601557
7.253422717, 7.253623272
7.263419758, 7.263566488
7.273419742, 7.273572082
7.283419729, 7.283544319
7.293419739, 7.293593944
7.303420115, 7.303573189
7.313419758, 7.313614422
7.323419753, 7.323627036
7.333419737, 7.333595670
7.343424117, 7.343591192
7.353426950, 7.353606095
7.363419753, 7.363561022
7.373419761, 7.373547312
7.383419742, 7.383636938
7.393419736, 7.393668418
7.403419753, 7.403762278
7.413419737, 7.413743412
7.423419750, 7.423626833
7.433419751, 7.433639023
7.443419734, 7.443625909
7.453419857, 7.453635102
7.463419729, 7.463672913
7.473419753, 7.473642812
7.483419751, 7.483611298
7.493419734, 7.493666531
7.503419750, 7.503644426
7.513419732, 7.513624889
7.523419734, 7.523622460
7.533419734, 7.533592114
7.543419751, 7.543613668
7.553419753, 7.553623627
7.563419744, 7.563622315
7.573419750, 7.573600168
7.583419751, 7.583616442
7.593419739, 7.593594246
7.603419745, 7.603603978
7.613419739, 7.613608618
7.623419753, 7.623632284
7.633419747, 7.633651789
7.643419751, 7.643617035
7.653419740, 7.653657323
7.663419756, 7.663632322
7.673419750, 7.673611142
7.683419756, 7.683638949
7.693419755, 7.693632289
7.703419747, 7.703623504
7.713419734, 7.713676408
7.723419755, 7.723631023
7.733419753, 7.733706033
7.743419750, 7.743636017
7.753419751, 7.753600538
7.763419750, 7.763615777
7.773419737, 7.773610323
7.783419747, 7.783593250
7.793419736, 7.793610955
7.803419745, 7.803648341
7.813419748, 7.813593161
7.823419732, 7.823615659
7.833419747, 7.833608917
7.843419755, 7.843648515
7.853419751, 7.853610520
7.863419753, 7.863640219
7.873419745, 7.873615591
7.883419731, 7.883593749
7.893419753, 7.893598063
7.903419751, 7.903635998
7.913419740, 7.913613816
7.923419755, 7.923612420
7.933419758, 7.933624042
7.943419750, 7.943656948
7.953419732, 7.953634633
7.963419753, 7.963614479
7.973419736, 7.973639714
7.983419731, 7.983602182
7.993419736, 7.993690203
8.003419751, 8.003691330
8.013419736, 8.013634520
8.023419751, 8.023639175
8.033419734, 8.033609916
8.043419732, 8.043621180
8.053419753, 8.053664056
8.063419751, 8.063569662
8.073419736, 8.073561107
8.083419751, 8.083666932
8.093419739, 8.093632345
8.103419740, 8.103632771
8.113419748, 8.113666175
8.123419750, 8.123612968
8.133419736, 8.133689315
8.143419755, 8.143600879
8.153419732, 8.153617540
8.163419745, 8.163628060
8.173419751, 8.173602647
8.183419739, 8.183625272
8.193419729, 8.193694095
8.203419729, 8.203667361
8.213419737, 8.213648773
8.223419732, 8.223667926
8.233419753, 8.233653395
8.243419731, 8.243615282
8.253419736, 8.253665727
8.263419753, 8.263607822
8.273419747, 8.273641894
8.283419753, 8.283768193
8.293419745, 8.293637741
8.303419747, 8.303630606
8.313419736, 8.313617107
8.323419753, 8.323638890
8.333419745, 8.333620724
8.343419751, 8.343657586
8.353419740, 8.353593455
8.363419785, 8.363616164
8.373419737, 8.373693464
8.383419753, 8.383690567
8.393419737, 8.393658814
8.403419748, 8.403630580
8.413419751, 8.413615017
8.423419751, 8.423648554
8.433419753, 8.433690126
8.443419751, 8.443649335
8.453419734, 8.453617826
8.463419751, 8.463720037
8.473419739, 8.473598313
8.483419729, 8.483619076
8.493419740, 8.493637930
8.503419748, 8.503640637
8.513419736, 8.513629480
8.523419751, 8.523643463
8.533419753, 8.533619279
8.543419753, 8.543670671
8.553419737, 8.553639177
8.563419755, 8.563623193
8.573419734, 8.573628929
8.583419753, 8.583629400
8.593419747, 8.593603127
8.603419756, 8.603616053
8.613419745, 8.613639259
8.623419732, 8.623563588
8.633420034, 8.633578870
8.643419731, 8.643571520
8.653419744, 8.653580778
8.663419726, 8.663619523
8.673419737, 8.673591894
8.683419745, 8.683586275
8.693419729, 8.693570590
8.703419747, 8.703593171
8.713419755, 8.713551220
8.723419754, 8.723614932
8.733419734, 8.733557146
8.743419758, 8.743556507
8.753419734, 8.753553943
8.763419744, 8.763554399
8.773419742, 8.773610653
8.783419750, 8.783594176
8.793419783, 8.793606322
8.803419748, 8.803561295
8.813419739, 8.813588493
8.823419775, 8.823599336
8.833419742, 8.833683545
8.843419740, 8.843626087
8.853419734, 8.853567947
8.863419755, 8.863571552
8.873419739, 8.873583105
8.883419747, 8.883574435
8.893419755, 8.893572913
8.903419730, 8.903546711
8.913419731, 8.913620504
8.923419731, 8.923578589
8.933419753, 8.933547902
8.943419749, 8.943579435
8.953419762, 8.953789689
8.963419747, 8.963616453
8.973419732, 8.973579196
8.983419731, 8.983621971
8.993419732, 8.993569153
9.003419750, 9.003593118
9.013419747, 9.013612406
9.023419744, 9.023577240
9.033419755, 9.033608785
9.043419758, 9.043538622
9.053419739, 9.053610326
9.063419737, 9.063562024
9.073419735, 9.073577777
9.083419745, 9.083637710
9.093419734, 9.093575149
9.103419744, 9.103549294
9.113419732, 9.113628644
9.123419740, 9.123550923
9.133419755, 9.133559935
9.143419749, 9.143605120
9.153419739, 9.153608865
9.163419747, 9.163573685
9.173419731, 9.173562235
9.183419750, 9.183572824
9.193419748, 9.193565374
9.203419742, 9.203553911
9.213419734, 9.213572265
9.223419732, 9.223601433
9.233419733, 9.233565816
9.243419740, 9.243552673
9.253419745, 9.253582825
9.263419729, 9.263587647
9.273419739, 9.273579884
9.283419739, 9.283548377
9.293419734, 9.293607372
9.303419751, 9.303596791
9.313419737, 9.313609034
9.323419736, 9.323608604
9.333419745, 9.333565320
9.343419734, 9.343560794
9.353419742, 9.353583659
9.363419745, 9.363686274
9.373419742, 9.373602133
9.383419756, 9.383599040
9.393419734, 9.393667177
9.403419739, 9.403597193
9.413419732, 9.413576802
9.423419751, 9.423581122
9.433419750, 9.433607173
9.443419732, 9.443551028
9.453419736, 9.453545048
9.463419739, 9.463524776
9.473419753, 9.473586567
9.483419737, 9.483510341
9.493419758, 9.493530423
9.503419739, 9.503563415
9.513419734, 9.513513797
9.523419739, 9.523512986
9.533419731, 9.533551252
9.543419761, 9.543568729
9.553419742, 9.553539375
9.563419772, 9.563554635
9.573419737, 9.573507365
9.583419751, 9.583507120
9.593419736, 9.593515715
9.603419731, 9.603510180
9.613419751, 9.613509605
9.623419739, 9.623521084
9.633419732, 9.633510043
9.643419744, 9.643511689
9.653419734, 9.653509994
9.663419750, 9.663510630
9.673419750, 9.673509670
9.683419755, 9.683513811
9.693419734, 9.693551547
9.703419750, 9.703510112
9.713419737, 9.713562356
9.723419734, 9.723513908
9.733419751, 9.733522756
9.743419736, 9.743507955
9.753419731, 9.753513713
9.763419759, 9.763549583
9.773419751, 9.773531255
9.783419745, 9.783507553
9.793419731, 9.793509883
9.803419734, 9.803509337
9.813419734, 9.813527883
9.823419747, 9.823514729
9.833419737, 9.833511364
9.843419745, 9.843513582
9.853419744, 9.853507673
9.863419748, 9.863517842
9.873419732, 9.873523818
9.883419744, 9.883528735
9.893419744, 9.893514002
9.903419744, 9.903506439
9.913419748, 9.913515779
9.923419726, 9.923524917
9.933419745, 9.933514891
9.943419734, 9.943513890
9.953419740, 9.953516581
9.963419747, 9.963508974
9.973419756, 9.973532842
9.983419729, 9.983511295
9.993419736, 9.993511704
10.003419732, 10.003508933
10.013419740, 10.013473060
10.023419745, 10.023509002
10.033419737, 10.033511405
10.043419732, 10.043508405
10.053419737, 10.053506319
10.063419734, 10.063510552
10.073419726, 10.073506466
10.083419747, 10.083503151
10.093419740, 10.093506266
10.103419745, 10.103485764
10.113419726, 10.113488202
10.123419737, 10.123484917
10.133419737, 10.133490306
10.143419747, 10.143489346
10.153419747, 10.153488724
10.163419728, 10.163487191
10.173419721, 10.173486027
10.183419732, 10.183487895
10.193419728, 10.193490775
10.203419732, 10.203489561
10.213419745, 10.213486002
10.223419742, 10.223486806
10.233419736, 10.233506444
10.243419739, 10.243490666
10.253419736, 10.253485707
10.263419742, 10.263488115
10.273419734, 10.273485042
10.283419740, 10.283487136
10.293419723, 10.293489866
10.303419747, 10.303488055
10.313419736, 10.313485353
10.323419748, 10.323487267
10.333419751, 10.333485906
10.343419729, 10.343487025
10.353419723, 10.353499295
10.363419737, 10.363483301
10.373419734, 10.373487129
10.383419739, 10.383486673
10.393419751, 10.393485077
10.403419747, 10.403488336
10.413419729, 10.413486110
10.423419742, 10.423485480
10.433419736, 10.433491956
10.443419732, 10.443490696
10.453419734, 10.453483642
10.463419737, 10.463488036
10.473419732, 10.473489376
10.483419748, 10.483489975
10.493419734, 10.493487764
10.503419739, 10.503491303
10.513419736, 10.513485364
10.523419739, 10.523482743
10.533419736, 10.533485486
10.543419734, 10.543486515
10.553419736, 10.553488074
10.563419745, 10.563485164
10.573419745, 10.573489297
10.583419739, 10.583486978
10.593419734, 10.593488888
10.603419739, 10.603506252
10.613419734, 10.613509030
10.623419740, 10.623503784
10.633419747, 10.633506539
10.643419739, 10.643511748
10.653419734, 10.653506550
10.663419736, 10.663510047
10.673419734, 10.673506850
10.683419737, 10.683509321
10.693419755, 10.693505855
10.703419731, 10.703509479
10.713419731, 10.713505159
10.723419748, 10.723508858
10.733419734, 10.733510311
10.743419734, 10.743514849
10.753419739, 10.753511511
10.763419737, 10.763508129
10.773419731, 10.773506353
10.783419745, 10.783511042
10.793419736, 10.793505328
10.803419739, 10.803505202
10.813419742, 10.813509681
10.823419742, 10.823509858
10.833419728, 10.833510808
10.843419731, 10.843505292
10.853419728, 10.853507489
10.863419732, 10.863508310
10.873419750, 10.873512693
10.883419736, 10.883505273
10.893419731, 10.893508574
10.903419736, 10.903507316
10.913419737, 10.913509831
10.923419745, 10.923503662
10.933419736, 10.933506790
10.943419751, 10.943511246
10.953419729, 10.953507142
10.963419734, 10.963510753
10.973419732, 10.973504883
10.983419744, 10.983507916
10.993419736, 10.993507504
11.003419731, 11.003503931
11.013419729, 11.013504974
11.023419745, 11.023504104
11.033419732, 11.033507736
11.043419737, 11.043510728
11.053419750, 11.053507290
11.063419736, 11.063509237
11.073419729, 11.073511716
11.083419737, 11.083508082
11.093419737, 11.093509400
11.103419756, 11.103511759
11.113419756, 11.113505524
11.123419745, 11.123509684
11.133419736, 11.133509600
11.143419740, 11.143506113
11.153419739, 11.153505898
11.163419732, 11.163507788
11.173419732, 11.173513923
11.183419732, 11.183506192
11.193419740, 11.193509771
11.203419731, 11.203505825
11.213419737, 11.213510249
11.223419756, 11.223508694
11.233419732, 11.233509664
11.243419736, 11.243504921
11.253419729, 11.253510706
11.263419739, 11.263505958
11.273419737, 11.273509078
11.283419744, 11.283506397
11.293419736, 11.293508917
11.303419740, 11.303507259
11.313419725, 11.313508411
11.323419726, 11.323506016
11.333419732, 11.333508558
11.343419745, 11.343504371
11.353419753, 11.353504666
11.363419737, 11.363507140
11.373419734, 11.373509144
11.383419736, 11.383507734
11.393419739, 11.393507527
11.403419753, 11.403509365
11.413419737, 11.413509727
11.423419726, 11.423504392
11.433419734, 11.433507990
11.443419740, 11.443506179
11.453419740, 11.453509394
11.463419750, 11.463506664
11.473419732, 11.473549701
11.483419745, 11.483507712
11.493419729, 11.493509435
11.503419745, 11.503507717
11.513419732, 11.513511145
11.523419759, 11.523504423
11.533419740, 11.533506304
11.543419740, 11.543508222
11.553419731, 11.553508730
11.563419734, 11.563503752
11.573419732, 11.573510543
11.583419747, 11.583505574
11.593419740, 11.593509867
11.603419734, 11.603511738
11.613419736, 11.613512892
11.623419753, 11.623512528
11.633419737, 11.633509694
11.643419747, 11.643506744
11.653419739, 11.653508492
11.663419742, 11.663505614
11.673419729, 11.673508612
11.683419740, 11.683508735
11.693419731, 11.693546834
11.703419745, 11.703551086
11.713419736, 11.713551523
11.723419750, 11.723550789
11.733419731, 11.733550802
11.743419740, 11.743555709
11.753419742, 11.753573192
11.763419750, 11.763571488
11.773419736, 11.773571791
11.783419732, 11.783576684
11.793419731, 11.793569882
11.803419744, 11.803570098
11.813419731, 11.813561507
11.823419744, 11.823571567
11.833419734, 11.833576270
11.843419747, 11.843564707
11.853419736, 11.853561037
11.863419741, 11.863577027
11.873419739, 11.873562962
11.883419740, 11.883569391
11.893419737, 11.893576664
11.903419739, 11.903561173
11.913419733, 11.913570726
11.923419742, 11.923583423
11.933419739, 11.933562857
11.943419739, 11.943576590
11.953419737, 11.953571155
11.963419734, 11.963575156
11.973419729, 11.973571934
11.983419729, 11.983572438
11.993419739, 11.993560927
12.003419738, 12.003576391
12.013419747, 12.013574547
12.023419736, 12.023566544
12.033419732, 12.033581326
12.043419740, 12.043562050
------------------------------
