------------------------------
test was performed using the following parameters: --mps=100 --burst=1 --reply-every=1 --msg-size=12 --time=10
------------------------------
sockperf: [Total Run] RunTime=10.100 sec; SentMessages=1011; ReceivedMessages=1010
sockperf: ========= Printing statistics for Server No: 0
sockperf: [Valid Duration] RunTime=9.980 sec; SentMessages=999; ReceivedMessages=999
sockperf: [2;35m====> avg-lat= 65.458 (std-dev=18.817)[0m
sockperf: # dropped messages = 0; # duplicated messages = 0; # out-of-order messages = 0
sockperf: [2;35mTotal 999 observations[0m; each percentile contains 9.99 observations
sockperf: ---> <MAX> observation =  121.059
sockperf: ---> percentile  99.99 =  121.059
sockperf: ---> percentile  99.90 =  116.321
sockperf: ---> percentile  99.50 =  111.515
sockperf: ---> percentile  99.00 =  102.457
sockperf: ---> percentile  95.00 =   90.038
sockperf: ---> percentile  90.00 =   89.074
sockperf: ---> percentile  75.00 =   84.060
sockperf: ---> percentile  50.00 =   63.301
sockperf: ---> percentile  25.00 =   53.682
sockperf: ---> <MIN> observation =   24.515
------------------------------
txTime, rxTime
2.063346811, 2.063410062
2.073346793, 2.073490016
2.083346800, 2.083492909
2.093346811, 2.093482140
2.103346799, 2.103485153
2.113346799, 2.113463243
2.123346818, 2.123491127
2.133346797, 2.133465797
2.143346797, 2.143476651
2.153346794, 2.153425341
2.163346783, 2.163461709
2.173346798, 2.173419658
2.183346806, 2.183409209
2.193346790, 2.193417216
2.203346793, 2.203423531
2.213346792, 2.213414307
2.223346797, 2.223421120
2.233346792, 2.233426493
2.243346795, 2.243411101
2.253346789, 2.253423400
2.263346797, 2.263410802
2.273346797, 2.273416728
2.283346797, 2.283412056
2.293346795, 2.293414186
2.303346803, 2.303407870
2.313346797, 2.313422923
2.323346800, 2.323424187
2.333346822, 2.333420072
2.343346797, 2.343431852
2.353346790, 2.353423681
2.363346805, 2.363420846
2.373346793, 2.373423310
2.383346797, 2.383417309
2.393346795, 2.393414281
2.403346795, 2.403412299
2.413346787, 2.413424389
2.423346790, 2.423431090
2.433346798, 2.433413894
2.443346790, 2.443409602
2.453346793, 2.453422380
2.463346806, 2.463417271
2.473346787, 2.473416213
2.483346801, 2.483433633
2.493346797, 2.493411323
2.503346790, 2.503416556
2.513346797, 2.513412564
2.523346803, 2.523407232
2.533346789, 2.533412132
2.543346811, 2.543408143
2.553346798, 2.553419747
2.563346792, 2.563411694
2.573346803, 2.573422720
2.583346806, 2.583418476
2.593346789, 2.593417994
2.603346803, 2.603411686
2.613346797, 2.613429370
2.623346790, 2.623436249
2.633346811, 2.633421330
2.643346809, 2.643408969
2.653346795, 2.653431724
2.663346805, 2.663421135
2.673346793, 2.673418218
2.683346797, 2.683412785
2.693346806, 2.693415959
2.703346797, 2.703422848
2.713346792, 2.713408854
2.723346811, 2.723424074
2.733346795, 2.733414467
2.743346797, 2.743421878
2.753346790, 2.753420696
2.763346808, 2.763422502
2.773346790, 2.773410755
2.783346800, 2.783416510
2.793346793, 2.793419065
2.803346805, 2.803409621
2.813346793, 2.813413425
2.823346793, 2.823468388
2.833346793, 2.833466883
2.843346797, 2.843478433
2.853346790, 2.853466815
2.863346792, 2.863462208
2.873346811, 2.873421360
2.883346809, 2.883427210
2.893346806, 2.893428015
2.903346803, 2.903424869
2.913346793, 2.913414716
2.923346790, 2.923420571
2.933346808, 2.933408093
2.943346805, 2.943416991
2.953346787, 2.953422158
2.963346811, 2.963417839
2.973346793, 2.973469045
2.983346823, 2.983471858
2.993346809, 2.993450518
3.003346830, 3.003451334
3.013346819, 3.013484463
3.023349218, 3.023460063
3.033346822, 3.033482658
3.043346813, 3.043474554
3.053347921, 3.053472228
3.063349042, 3.063448657
3.073346822, 3.073469015
3.083353743, 3.083473084
3.093346825, 3.093453943
3.103346825, 3.103474202
3.113347669, 3.113491235
3.123346830, 3.123475195
3.133346821, 3.133477161
3.143350632, 3.143495984
3.153346803, 3.153465947
3.163346824, 3.163468481
3.173346818, 3.173502178
3.183346829, 3.183477153
3.193360211, 3.193483762
3.203347463, 3.203464889
3.213346827, 3.213483783
3.223346908, 3.223511241
3.233360118, 3.233479993
3.243346897, 3.243451829
3.253346827, 3.253490449
3.263346824, 3.263473427
3.273360246, 3.273492864
3.283351360, 3.283493974
3.293353476, 3.293485158
3.303346821, 3.303541799
3.313346803, 3.313533926
3.323346816, 3.323506968
3.333346805, 3.333514810
3.343346803, 3.343498889
3.353346802, 3.353530996
3.363346792, 3.363520630
3.373346795, 3.373476906
3.383346789, 3.383458691
3.393346792, 3.393466598
3.403346791, 3.403464935
3.413346789, 3.413466862
3.423346792, 3.423462725
3.433346789, 3.433455609
3.443346795, 3.443458613
3.453346799, 3.453468014
3.463346791, 3.463469291
3.473346789, 3.473487575
3.483346803, 3.483505379
3.493346786, 3.493501432
3.503346800, 3.503505096
3.513346794, 3.513506574
3.523346797, 3.523486141
3.533346795, 3.533502234
3.543346813, 3.543497337
3.553346792, 3.553484867
3.563346807, 3.563493253
3.573346789, 3.573501915
3.583346795, 3.583478650
3.593346791, 3.593504766
3.603346794, 3.603494715
3.613346789, 3.613488380
3.623346792, 3.623409514
3.633346792, 3.633476035
3.643346799, 3.643486798
3.653346816, 3.653437976
3.663346811, 3.663435859
3.673346791, 3.673497517
3.683346820, 3.683509519
3.693346797, 3.693487350
3.703346803, 3.703510987
3.713346819, 3.713492769
3.723346818, 3.723496927
3.733346799, 3.733493872
3.743346817, 3.743531034
3.753346803, 3.753471421
3.763346795, 3.763463435
3.773346800, 3.773461661
3.783346788, 3.783414289
3.793346786, 3.793456520
3.803346795, 3.803465772
3.813346797, 3.813464717
3.823346802, 3.823458563
3.833346792, 3.833465272
3.843346818, 3.843465943
3.853346795, 3.853471559
3.863346789, 3.863461560
3.873346794, 3.873460941
3.883346800, 3.883451038
3.893346808, 3.893467419
3.903346807, 3.903437975
3.913346802, 3.913456093
3.923346808, 3.923445788
3.933346795, 3.933447160
3.943346795, 3.943469899
3.953346789, 3.953439621
3.963346803, 3.963464649
3.973346792, 3.973459466
3.983346792, 3.983449767
3.993346791, 3.993462992
4.003346794, 4.003429361
4.013346789, 4.013458331
4.023346788, 4.023460145
4.033346810, 4.033446513
4.043346792, 4.043453701
4.053346794, 4.053457988
4.063346789, 4.063459771
4.073346799, 4.073409408
4.083346791, 4.083471317
4.093346802, 4.093463298
4.103346788, 4.103459025
4.113346797, 4.113457931
4.123346792, 4.123463413
4.133346788, 4.133403557
4.143346795, 4.143413334
4.153346788, 4.153413845
4.163346810, 4.163398989
4.173346795, 4.173411161
4.183346794, 4.183445240
4.193346791, 4.193456374
4.203346795, 4.203456859
4.213346786, 4.213450109
4.223346794, 4.223471259
4.233346792, 4.233453179
4.243346795, 4.243448935
4.253346803, 4.253459889
4.263346794, 4.263461113
4.273346784, 4.273471606
4.283346792, 4.283465483
4.293346797, 4.293461113
4.303346794, 4.303469307
4.313346789, 4.313448572
4.323346789, 4.323472833
4.333346791, 4.333458871
4.343346789, 4.343456307
4.353346794, 4.353487461
4.363346794, 4.363476728
4.373346795, 4.373449558
4.383346794, 4.383478373
4.393346791, 4.393461312
4.403346808, 4.403464097
4.413346797, 4.413455585
4.423346794, 4.423468153
4.433346791, 4.433467711
4.443346795, 4.443455651
4.453346788, 4.453463170
4.463346794, 4.463461440
4.473346803, 4.473473698
4.483346797, 4.483454698
4.493346819, 4.493461926
4.503346795, 4.503456430
4.513346783, 4.513458819
4.523346788, 4.523454754
4.533346791, 4.533471006
4.543346799, 4.543475389
4.553346789, 4.553453190
4.563346803, 4.563468721
4.573346792, 4.573455860
4.583346811, 4.583461752
4.593346788, 4.593462791
4.603346797, 4.603453780
4.613346794, 4.613464709
4.623346791, 4.623473709
4.633346786, 4.633463827
4.643346795, 4.643472493
4.653346797, 4.653457462
4.663346795, 4.663459194
4.673346811, 4.673455075
4.683346792, 4.683474012
4.693346800, 4.693468971
4.703346795, 4.703453957
4.713346795, 4.713459663
4.723346791, 4.723462856
4.733346811, 4.733462581
4.743346808, 4.743471311
4.753346792, 4.753454807
4.763346792, 4.763452094
4.773346792, 4.773461269
4.783346792, 4.783490543
4.793346792, 4.793474680
4.803346794, 4.803457682
4.813346792, 4.813449789
4.823346795, 4.823469752
4.833346797, 4.833468835
4.843346791, 4.843467326
4.853346791, 4.853518165
4.863346789, 4.863464828
4.873346786, 4.873462205
4.883346794, 4.883459103
4.893346792, 4.893465425
4.903346797, 4.903455948
4.913346805, 4.913460282
4.923346808, 4.923465883
4.933346797, 4.933478631
4.943346811, 4.943464940
4.953346803, 4.953460803
4.963346799, 4.963459769
4.973346802, 4.973435238
4.983346800, 4.983461474
4.993346788, 4.993469370
5.003346795, 5.003456505
5.013346791, 5.013459528
5.023346788, 5.023462430
5.033346803, 5.033440574
5.043346800, 5.043461626
5.053346786, 5.053455084
5.063346792, 5.063473016
5.073346792, 5.073460096
5.083346791, 5.083467888
5.093346794, 5.093459630
5.103346794, 5.103468565
5.113346794, 5.113493821
5.123346792, 5.123501779
5.133346799, 5.133496935
5.143346789, 5.143494568
5.153346792, 5.153481133
5.163346800, 5.163488767
5.173346788, 5.173478023
5.183346788, 5.183481880
5.193346788, 5.193487166
5.203346795, 5.203489765
5.213346797, 5.213486385
5.223346807, 5.223413375
5.233346792, 5.233421092
5.243346789, 5.243492023
5.253346803, 5.253477536
5.263346797, 5.263472527
5.273346805, 5.273458976
5.283346789, 5.283476102
5.293346795, 5.293475736
5.303346790, 5.303462216
5.313346795, 5.313453890
5.323346795, 5.323459677
5.333346809, 5.333455057
5.343346803, 5.343479042
5.353346792, 5.353490511
5.363346792, 5.363482985
5.373346793, 5.373423666
5.383346795, 5.383404763
5.393346803, 5.393431356
5.403346803, 5.403416701
5.413346816, 5.413415638
5.423346789, 5.423406602
5.433346795, 5.433416349
5.443346792, 5.443406328
5.453346809, 5.453426141
5.463346812, 5.463415542
5.473346789, 5.473427640
5.483346800, 5.483418466
5.493346800, 5.493404400
5.503346798, 5.503417612
5.513346790, 5.513403883
5.523346808, 5.523418332
5.533346786, 5.533395817
5.543346797, 5.543415114
5.553346792, 5.553488745
5.563346797, 5.563480097
5.573346806, 5.573412695
5.583346812, 5.583485622
5.593346789, 5.593473584
5.603346793, 5.603459295
5.613346798, 5.613461739
5.623346790, 5.623464922
5.633346812, 5.633454520
5.643346790, 5.643462653
5.653346792, 5.653458856
5.663346797, 5.663427756
5.673346790, 5.673466702
5.683346790, 5.683496521
5.693346812, 5.693499094
5.703346809, 5.703450073
5.713346790, 5.713490076
5.723346797, 5.723490966
5.733346792, 5.733469522
5.743346797, 5.743473226
5.753346797, 5.753481251
5.763346808, 5.763463973
5.773346792, 5.773459882
5.783346789, 5.783464524
5.793346790, 5.793430510
5.803346795, 5.803474806
5.813346797, 5.813416644
5.823346805, 5.823469709
5.833346795, 5.833478335
5.843346808, 5.843457397
5.853346798, 5.853492905
5.863346797, 5.863485168
5.873346807, 5.873492264
5.883346806, 5.883500817
5.893346795, 5.893469014
5.903346804, 5.903499522
5.913346799, 5.913497512
5.923346792, 5.923468375
5.933346812, 5.933457528
5.943346812, 5.943454479
5.953346795, 5.953464055
5.963346804, 5.963423364
5.973346796, 5.973472562
5.983346793, 5.983465511
5.993346807, 5.993469177
6.003346792, 6.003462396
6.013346810, 6.013430642
6.023346798, 6.023450390
6.033346792, 6.033473620
6.043346798, 6.043457646
6.053346804, 6.053480108
6.063346806, 6.063501548
6.073346792, 6.073493132
6.083346798, 6.083483183
6.093346795, 6.093452771
6.103346796, 6.103465241
6.113346798, 6.113476416
6.123346804, 6.123470974
6.133346787, 6.133506152
6.143346792, 6.143491209
6.153346801, 6.153487161
6.163346796, 6.163461017
6.173346804, 6.173501017
6.183346798, 6.183450361
6.193346792, 6.193459768
6.203346790, 6.203460135
6.213346801, 6.213452711
6.223346795, 6.223475692
6.233346793, 6.233451146
6.243346793, 6.243464718
6.253346788, 6.253463839
6.263346793, 6.263474064
6.273346790, 6.273464030
6.283346796, 6.283461538
6.293346804, 6.293471132
6.303346807, 6.303459869
6.313346787, 6.313466736
6.323346809, 6.323458944
6.333346795, 6.333468152
6.343346796, 6.343454162
6.353346814, 6.353497334
6.363346793, 6.363490124
6.373346784, 6.373447349
6.383346795, 6.383463960
6.393346798, 6.393463518
6.403346799, 6.403498464
6.413346804, 6.413495301
6.423346804, 6.423491236
6.433346790, 6.433473442
6.443346790, 6.443464497
6.453346793, 6.453477657
6.463346798, 6.463506253
6.473346806, 6.473463242
6.483346795, 6.483493220
6.493346795, 6.493484570
6.503346814, 6.503495984
6.513346817, 6.513478582
6.523346809, 6.523478481
6.533346803, 6.533508438
6.543346820, 6.543493550
6.553346796, 6.553496517
6.563346807, 6.563485817
6.573346814, 6.573488596
6.583346801, 6.583483416
6.593346807, 6.593495854
6.603346798, 6.603497679
6.613346796, 6.613494089
6.623346815, 6.623506171
6.633346796, 6.633492922
6.643346820, 6.643487429
6.653346809, 6.653425732
6.663346790, 6.663414316
6.673346792, 6.673429436
6.683346796, 6.683416467
6.693346804, 6.693412558
6.703346807, 6.703410156
6.713346829, 6.713427123
6.723346798, 6.723415576
6.733346810, 6.733434896
6.743346806, 6.743413399
6.753346799, 6.753419045
6.763346814, 6.763452100
6.773346812, 6.773484874
6.783346796, 6.783500970
6.793346796, 6.793481323
6.803346815, 6.803483389
6.813346812, 6.813492291
6.823346804, 6.823487750
6.833346796, 6.833468449
6.843346806, 6.843451345
6.853346809, 6.853450369
6.863346807, 6.863498348
6.873346795, 6.873472268
6.883346803, 6.883452705
6.893346795, 6.893457720
6.903346789, 6.903453116
6.913346808, 6.913462071
6.923346808, 6.923444733
6.933346810, 6.933482707
6.943346814, 6.943459649
6.953346807, 6.953435937
6.963346791, 6.963475072
6.973346810, 6.973479617
6.983346802, 6.983456144
6.993346811, 6.993485262
7.003346811, 7.003475361
7.013346803, 7.013453062
7.023346808, 7.023459066
7.033346792, 7.033464427
7.043346791, 7.043521062
7.053356357, 7.053542324
7.063346824, 7.063491399
7.073346887, 7.073486876
7.083350034, 7.083464130
7.093346818, 7.093471361
7.103347984, 7.103469279
7.113346829, 7.113455238
7.123346900, 7.123470496
7.133346885, 7.133472549
7.143346821, 7.143477055
7.153346824, 7.153462695
7.163365169, 7.163510719
7.173347054, 7.173476798
7.183346844, 7.183474237
7.193346925, 7.193441433
7.203346974, 7.203465242
7.213346819, 7.213468043
7.223346825, 7.223481836
7.233347028, 7.233456861
7.243346822, 7.243473834
7.253346939, 7.253448666
7.263346912, 7.263486543
7.273347017, 7.273476087
7.283346904, 7.283464708
7.293346825, 7.293458301
7.303346996, 7.303462872
7.313346854, 7.313466789
7.323346990, 7.323463601
7.333346934, 7.333474044
7.343346958, 7.343459254
7.353346969, 7.353465941
7.363346873, 7.363481898
7.373347041, 7.373461568
7.383346905, 7.383467493
7.393346968, 7.393454256
7.403346913, 7.403466161
7.413346813, 7.413468043
7.423346911, 7.423466292
7.433347007, 7.433472613
7.443346860, 7.443458869
7.453346824, 7.453477497
7.463346911, 7.463463862
7.473346915, 7.473467064
7.483346942, 7.483462253
7.493347047, 7.493467199
7.503347088, 7.503457139
7.513346805, 7.513457751
7.523346915, 7.523462098
7.533346805, 7.533470237
7.543346993, 7.543464910
7.553346996, 7.553469122
7.563346819, 7.563478239
7.573346808, 7.573472021
7.583346885, 7.583462515
7.593347020, 7.593473444
7.603346915, 7.603486344
7.613346982, 7.613466724
7.623355999, 7.623515135
7.633346900, 7.633466262
7.643347187, 7.643506484
7.653346822, 7.653496362
7.663346901, 7.663537143
7.673350713, 7.673533521
7.683346814, 7.683511202
7.693350624, 7.693531255
7.703346822, 7.703458849
7.713350064, 7.713458029
7.723354875, 7.723453196
7.733346825, 7.733446528
7.743346813, 7.743430720
7.753346822, 7.753434080
7.763346947, 7.763432520
7.773347236, 7.773453695
7.783347089, 7.783464042
7.793346822, 7.793432220
7.803349049, 7.803425911
7.813353684, 7.813432378
7.823357800, 7.823464293
7.833346813, 7.833436236
7.843346816, 7.843453472
7.853350367, 7.853451350
7.863346816, 7.863433782
7.873355483, 7.873452040
7.883360117, 7.883450244
7.893351791, 7.893438280
7.903364113, 7.903446503
7.913346901, 7.913463246
7.923346835, 7.923465883
7.933346889, 7.933444463
7.943346822, 7.943435356
7.953355765, 7.953458796
7.963351595, 7.963447855
7.973354838, 7.973450212
7.983347040, 7.983436651
7.993346908, 7.993440940
8.003353470, 8.003459765
8.013347139, 8.013466065
8.023346891, 8.023431224
8.033346822, 8.033470998
8.043346813, 8.043465008
8.053346814, 8.053475032
8.063346814, 8.063516534
8.073346824, 8.073511004
8.083346821, 8.083497499
8.093346800, 8.093471642
8.103346816, 8.103517126
8.113360690, 8.113500039
8.123346822, 8.123416305
8.133346814, 8.133454346
8.143346813, 8.143452443
8.153349353, 8.153445201
8.163346827, 8.163429670
8.173346824, 8.173452372
8.183359438, 8.183458209
8.193346819, 8.193428393
8.203346818, 8.203448707
8.213346813, 8.213422281
8.223346822, 8.223453997
8.233346816, 8.233438822
8.243353667, 8.243448403
8.253346821, 8.253445682
8.263349135, 8.263432194
8.273352778, 8.273438883
8.283347522, 8.283419472
8.293346904, 8.293417897
8.303346906, 8.303425120
8.313348223, 8.313440123
8.323354098, 8.323444042
8.333346821, 8.333414769
8.343346819, 8.343443200
8.353353245, 8.353504204
8.363348150, 8.363497928
8.373352498, 8.373497478
8.383347683, 8.383472246
8.393346819, 8.393469945
8.403346814, 8.403492332
8.413346825, 8.413492193
8.423348775, 8.423462013
8.433351625, 8.433474957
8.443346822, 8.443457323
8.453351753, 8.453499060
8.463346892, 8.463459371
8.473354279, 8.473483985
8.483361017, 8.483496582
8.493346792, 8.493463991
8.503346820, 8.503469338
8.513346816, 8.513484308
8.523346814, 8.523456801
8.533346800, 8.533487956
8.543347317, 8.543469514
8.553348501, 8.553463955
8.563347062, 8.563497811
8.573354399, 8.573493946
8.583348606, 8.583483383
8.593346897, 8.593485480
8.603354068, 8.603475972
8.613351172, 8.613479006
8.623346904, 8.623444196
8.633350301, 8.633440101
8.643346895, 8.643423920
8.653346818, 8.653569089
8.663353365, 8.663432620
8.673346895, 8.673442395
8.683346904, 8.683433395
8.693346822, 8.693409194
8.703352731, 8.703418863
8.713351701, 8.713450885
8.723352364, 8.723463230
8.733352006, 8.733442071
8.743346829, 8.743409797
8.753346824, 8.753411360
8.763356046, 8.763443258
8.773346827, 8.773415353
8.783350176, 8.783432053
8.793346803, 8.793435205
8.803346818, 8.803441564
8.813346822, 8.813457276
8.823346810, 8.823432914
8.833346829, 8.833412317
8.843346825, 8.843413357
8.853346824, 8.853443573
8.863351881, 8.863450493
8.873352181, 8.873423601
8.883346802, 8.883423113
8.893346813, 8.893490652
8.903357447, 8.903498738
8.913346803, 8.913485901
8.923349142, 8.923569119
8.933346813, 8.933537751
8.943364980, 8.943566768
8.953346870, 8.953537576
8.963349538, 8.963538656
8.973346840, 8.973532143
8.983346813, 8.983545906
8.993346895, 8.993563034
9.003346821, 9.003551735
9.013352740, 9.013582957
9.023347377, 9.023589495
9.033355983, 9.033588626
9.043346830, 9.043563416
9.053346895, 9.053521771
9.063356552, 9.063493412
9.073346802, 9.073525882
9.083346855, 9.083516199
9.093346825, 9.093509122
9.103353967, 9.103486819
9.113346885, 9.113528481
9.123352153, 9.123472119
9.133346819, 9.133458249
9.143346821, 9.143439597
9.153347691, 9.153417005
9.163346822, 9.163496434
9.173351156, 9.173495634
9.183346825, 9.183504637
9.193347523, 9.193515350
9.203346822, 9.203511587
9.213346829, 9.213519117
9.223353417, 9.223519363
9.233346821, 9.233513516
9.243346802, 9.243512174
9.253346818, 9.253490493
9.263353002, 9.263517276
9.273352240, 9.273522554
9.283346829, 9.283540539
9.293346887, 9.293506182
9.303350324, 9.303504564
9.313352508, 9.313486440
9.323346829, 9.323504935
9.333351024, 9.333495043
9.343346829, 9.343495560
9.353361279, 9.353501416
9.363346808, 9.363470094
9.373349596, 9.373494197
9.383346829, 9.383471587
9.393351171, 9.393465212
9.403346825, 9.403460312
9.413346821, 9.413513671
9.423357530, 9.423506108
9.433346821, 9.433516535
9.443353749, 9.443527802
9.453346821, 9.453529043
9.463359026, 9.463541616
9.473347793, 9.473508082
9.483346822, 9.483524859
9.493349105, 9.493541604
9.503346822, 9.503514649
9.513346821, 9.513521762
9.523346813, 9.523529752
9.533346818, 9.533520858
9.543347762, 9.543506452
9.553351856, 9.553537530
9.563346824, 9.563514803
9.573346824, 9.573519568
9.583350544, 9.583540511
9.593346800, 9.593509787
9.603346816, 9.603497916
9.613346785, 9.613498842
9.623349620, 9.623469245
9.633346800, 9.633488765
9.643346799, 9.643500744
9.653346808, 9.653490376
9.663346887, 9.663496594
9.673346792, 9.673530797
9.683349519, 9.683523888
9.693347768, 9.693500309
9.703346807, 9.703499169
9.713360204, 9.713538490
9.723346799, 9.723521155
9.733346829, 9.733495449
9.743346821, 9.743504683
9.753352050, 9.753544207
9.763346814, 9.763522819
9.773346813, 9.773510349
9.783349263, 9.783531420
9.793350241, 9.793519354
9.803362231, 9.803516826
9.813346824, 9.813504367
9.823350117, 9.823527073
9.833346822, 9.833506666
9.843346885, 9.843500614
9.853348565, 9.853510556
9.863354316, 9.863533243
9.873350779, 9.873515084
9.883346814, 9.883523053
9.893346885, 9.893529948
9.903346867, 9.903514988
9.913346968, 9.913495519
9.923349483, 9.923510393
9.933349999, 9.933443966
9.943346814, 9.943431232
9.953369053, 9.953464552
9.963351938, 9.963471772
9.973348880, 9.973450038
9.983346829, 9.983474734
9.993358453, 9.993494377
10.003346819, 10.003491164
10.013346792, 10.013502898
10.023346792, 10.023494893
10.033346783, 10.033569814
10.043346789, 10.043571135
10.053346810, 10.053573823
10.063346794, 10.063510414
10.073346807, 10.073508076
10.083346789, 10.083507300
10.093346788, 10.093509118
10.103346786, 10.103521394
10.113346807, 10.113522570
10.123346795, 10.123514240
10.133346808, 10.133524678
10.143346803, 10.143526843
10.153346814, 10.153526170
10.163346800, 10.163525076
10.173346800, 10.173523553
10.183346807, 10.183525938
10.193346807, 10.193525526
10.203346802, 10.203522185
10.213346788, 10.213525001
10.223346791, 10.223523213
10.233346788, 10.233520632
10.243346808, 10.243522890
10.253346792, 10.253524453
10.263346797, 10.263523535
10.273346789, 10.273519344
10.283346794, 10.283515550
10.293346792, 10.293517258
10.303346792, 10.303519393
10.313346795, 10.313521370
10.323346792, 10.323515983
10.333346789, 10.333517143
10.343346807, 10.343513439
10.353346794, 10.353520190
10.363346788, 10.363518991
10.373346794, 10.373516538
10.383346794, 10.383516344
10.393346807, 10.393526328
10.403346791, 10.403515536
10.413346795, 10.413517854
10.423346794, 10.423521520
10.433346791, 10.433514915
10.443346789, 10.443515501
10.453346791, 10.453515144
10.463346795, 10.463513677
10.473346792, 10.473520566
10.483346791, 10.483514813
10.493346791, 10.493523244
10.503346794, 10.503523468
10.513346783, 10.513524698
10.523346808, 10.523522288
10.533346794, 10.533524334
10.543346786, 10.543527109
10.553346789, 10.553526852
10.563346791, 10.563523743
10.573346788, 10.573523359
10.583346792, 10.583523318
10.593346792, 10.593523493
10.603346786, 10.603525679
10.613346794, 10.613524300
10.623346794, 10.623522132
10.633346786, 10.633524630
10.643346794, 10.643528530
10.653346797, 10.653527280
10.663346799, 10.663523075
10.673346794, 10.673523075
10.683346791, 10.683524176
10.693346784, 10.693524231
10.703346788, 10.703523711
10.713346795, 10.713524679
10.723346789, 10.723522336
10.733346794, 10.733526053
10.743346794, 10.743522635
10.753346789, 10.753525020
10.763346791, 10.763522871
10.773346800, 10.773523798
10.783346791, 10.783523366
10.793346795, 10.793526378
10.803346792, 10.803526107
10.813346819, 10.813527226
10.823346791, 10.823525107
10.833346799, 10.833523506
10.843346792, 10.843523849
10.853346795, 10.853524878
10.863346788, 10.863523828
10.873346797, 10.873522300
10.883346814, 10.883521487
10.893346819, 10.893528436
10.903346788, 10.903525459
10.913346794, 10.913523879
10.923346789, 10.923524008
10.933346792, 10.933523305
10.943346789, 10.943523946
10.953346789, 10.953524659
10.963346789, 10.963524972
10.973346791, 10.973522117
10.983346797, 10.983524697
10.993346791, 10.993523199
11.003346797, 11.003523171
11.013346797, 11.013524240
11.023346795, 11.023526201
11.033346795, 11.033524945
11.043346795, 11.043526293
11.053346783, 11.053526860
11.063346797, 11.063522949
11.073346795, 11.073522731
11.083346794, 11.083525597
11.093346794, 11.093522549
11.103346791, 11.103523329
11.113346792, 11.113523950
11.123346807, 11.123515703
11.133346795, 11.133527468
11.143346800, 11.143523942
11.153346794, 11.153525320
11.163346795, 11.163522225
11.173346788, 11.173524670
11.183346803, 11.183521072
11.193346792, 11.193525012
11.203346791, 11.203522785
11.213346795, 11.213523541
11.223346795, 11.223525117
11.233346786, 11.233488365
11.243346808, 11.243523775
11.253346786, 11.253522904
11.263346792, 11.263525257
11.273346789, 11.273524176
11.283346795, 11.283522256
11.293346786, 11.293525079
11.303346789, 11.303525377
11.313346795, 11.313524679
11.323346791, 11.323525076
11.333346792, 11.333525691
11.343346792, 11.343525174
11.353346784, 11.353522733
11.363346789, 11.363524198
11.373346800, 11.373523740
11.383346794, 11.383526762
11.393346788, 11.393525958
11.403346795, 11.403523951
11.413346799, 11.413522409
11.423346803, 11.423525430
11.433346794, 11.433523287
11.443346795, 11.443524127
11.453346791, 11.453522412
11.463346791, 11.463523705
11.473346784, 11.473525200
11.483346803, 11.483521160
11.493346794, 11.493524482
11.503346792, 11.503522475
11.513346789, 11.513524544
11.523346795, 11.523523816
11.533346813, 11.533528333
11.543346808, 11.543523590
11.553346788, 11.553527098
11.563346792, 11.563522794
11.573346795, 11.573526460
11.583346792, 11.583524648
11.593346794, 11.593523009
11.603346795, 11.603521662
11.613346791, 11.613522995
11.623346791, 11.623476036
11.633346796, 11.633531726
11.643346791, 11.643523342
11.653346794, 11.653526342
11.663346808, 11.663523466
11.673346788, 11.673523980
11.683346789, 11.683524394
11.693346789, 11.693525222
11.703346795, 11.703522696
11.713346783, 11.713522897
11.723346808, 11.723522170
11.733346789, 11.733525538
11.743346788, 11.743525264
11.753346792, 11.753524394
11.763346794, 11.763522303
11.773346786, 11.773522772
11.783346814, 11.783525948
11.793346795, 11.793526943
11.803346794, 11.803525142
11.813346791, 11.813525713
11.823346792, 11.823525216
11.833346783, 11.833524878
11.843346792, 11.843522420
11.853346794, 11.853523609
11.863346791, 11.863524948
11.873346789, 11.873524714
11.883346797, 11.883529457
11.893346792, 11.893524103
11.903346805, 11.903524896
11.913346794, 11.913522699
11.923346786, 11.923522630
11.933346792, 11.933523438
11.943346788, 11.943526656
11.953346786, 11.953526364
11.963346805, 11.963522918
11.973346792, 11.973526037
11.983346792, 11.983527059
11.993346792, 11.993525650
12.003346789, 12.003518882
12.013346786, 12.013522869
12.023346802, 12.023523568
12.033346795, 12.033527027
12.043346789, 12.043524645
------------------------------
