------------------------------
test was performed using the following parameters: --mps=100 --burst=1 --reply-every=1 --msg-size=12 --time=10
------------------------------
sockperf: [Total Run] RunTime=10.100 sec; SentMessages=1011; ReceivedMessages=1010
sockperf: ========= Printing statistics for Server No: 0
sockperf: [Valid Duration] RunTime=9.990 sec; SentMessages=1000; ReceivedMessages=1000
sockperf: [2;35m====> avg-lat= 77.244 (std-dev=14.191)[0m
sockperf: # dropped messages = 0; # duplicated messages = 0; # out-of-order messages = 0
sockperf: [2;35mTotal 1000 observations[0m; each percentile contains 10.00 observations
sockperf: ---> <MAX> observation =  134.912
sockperf: ---> percentile  99.99 =  134.912
sockperf: ---> percentile  99.90 =  126.011
sockperf: ---> percentile  99.50 =  118.990
sockperf: ---> percentile  99.00 =  114.133
sockperf: ---> percentile  95.00 =   97.405
sockperf: ---> percentile  90.00 =   92.637
sockperf: ---> percentile  75.00 =   88.039
sockperf: ---> percentile  50.00 =   77.434
sockperf: ---> percentile  25.00 =   66.496
sockperf: ---> <MIN> observation =   31.387
------------------------------
txTime, rxTime
2.063070472, 2.063201601
2.073070569, 2.073210077
2.083070467, 2.083213334
2.093070468, 2.093196560
2.103070470, 2.103229593
2.113070548, 2.113225880
2.123070544, 2.123217099
2.133070536, 2.133211018
2.143070472, 2.143188505
2.153070540, 2.153211444
2.163070480, 2.163195380
2.173070469, 2.173195133
2.183070469, 2.183204058
2.193070469, 2.193198133
2.203070585, 2.203223342
2.213070463, 2.213196824
2.223070473, 2.223215582
2.233070476, 2.233206338
2.243070470, 2.243193432
2.253070476, 2.253231021
2.263070464, 2.263213692
2.273070555, 2.273198929
2.283070469, 2.283202962
2.293070468, 2.293194479
2.303070476, 2.303254107
2.313070471, 2.313252774
2.323070469, 2.323214087
2.333070469, 2.333218807
2.343070478, 2.343216311
2.353070599, 2.353192168
2.363070478, 2.363198550
2.373070479, 2.373191746
2.383070473, 2.383213878
2.393070602, 2.393184295
2.403070473, 2.403195165
2.413070542, 2.413195003
2.423070469, 2.423229577
2.433070545, 2.433179489
2.443070467, 2.443183308
2.453070469, 2.453218941
2.463070469, 2.463186276
2.473070472, 2.473202890
2.483070541, 2.483192210
2.493070469, 2.493201234
2.503070470, 2.503199621
2.513070469, 2.513222153
2.523070483, 2.523234753
2.533070526, 2.533212063
2.543070483, 2.543203006
2.553070472, 2.553213584
2.563070476, 2.563244779
2.573070487, 2.573235996
2.583070475, 2.583248109
2.593070474, 2.593237149
2.603070470, 2.603254268
2.613070485, 2.613232352
2.623070470, 2.623225384
2.633070468, 2.633243596
2.643070469, 2.643220530
2.653070487, 2.653251174
2.663070470, 2.663261566
2.673070468, 2.673232474
2.683072040, 2.683224421
2.693070485, 2.693258066
2.703070470, 2.703227656
2.713070463, 2.713226978
2.723072578, 2.723237740
2.733070476, 2.733227426
2.743070487, 2.743223885
2.753070540, 2.753229438
2.763070535, 2.763264942
2.773070472, 2.773253194
2.783070581, 2.783239188
2.793070469, 2.793245523
2.803070467, 2.803237014
2.813070638, 2.813226837
2.823070473, 2.823236974
2.833071778, 2.833256623
2.843070481, 2.843322503
2.853070540, 2.853269016
2.863070467, 2.863242235
2.873070469, 2.873252291
2.883070472, 2.883233883
2.893070476, 2.893214212
2.903070470, 2.903260909
2.913070471, 2.913215139
2.923070469, 2.923217653
2.933070472, 2.933221175
2.943070470, 2.943245564
2.953070476, 2.953236704
2.963070470, 2.963248120
2.973070469, 2.973260439
2.983070470, 2.983243140
2.993070472, 2.993264282
3.003070465, 3.003287662
3.013070469, 3.013254158
3.023070541, 3.023227163
3.033070539, 3.033231386
3.043070470, 3.043240739
3.053071286, 3.053235688
3.063070472, 3.063260085
3.073070539, 3.073251155
3.083070582, 3.083258421
3.093070461, 3.093258927
3.103070525, 3.103234256
3.113070532, 3.113245261
3.123070465, 3.123201381
3.133070536, 3.133253102
3.143070472, 3.143257669
3.153070472, 3.153276705
3.163070472, 3.163265240
3.173070469, 3.173239574
3.183070469, 3.183243686
3.193070526, 3.193250885
3.203070472, 3.203241081
3.213070482, 3.213266886
3.223070472, 3.223251019
3.233070482, 3.233270014
3.243070540, 3.243212790
3.253070610, 3.253258428
3.263070524, 3.263248867
3.273070466, 3.273242854
3.283070472, 3.283225035
3.293070469, 3.293255823
3.303070464, 3.303260618
3.313070479, 3.313255941
3.323070487, 3.323242507
3.333070469, 3.333266671
3.343070478, 3.343153384
3.353070472, 3.353158307
3.363070473, 3.363220431
3.373070476, 3.373211081
3.383070475, 3.383213002
3.393070474, 3.393206705
3.403070473, 3.403217132
3.413070476, 3.413181733
3.423070476, 3.423240789
3.433070476, 3.433204913
3.443070469, 3.443200434
3.453070545, 3.453229646
3.463070472, 3.463188479
3.473070472, 3.473224778
3.483070465, 3.483191469
3.493070482, 3.493258428
3.503070469, 3.503196780
3.513070466, 3.513230630
3.523070475, 3.523208134
3.533070468, 3.533215952
3.543070475, 3.543216795
3.553070468, 3.553207028
3.563070473, 3.563191235
3.573070477, 3.573178580
3.583070478, 3.583211276
3.593070468, 3.593237810
3.603070467, 3.603200308
3.613070472, 3.613191580
3.623070473, 3.623228043
3.633070468, 3.633216311
3.643070470, 3.643200702
3.653070471, 3.653188865
3.663070472, 3.663240840
3.673070469, 3.673188123
3.683070470, 3.683199367
3.693070471, 3.693222375
3.703070467, 3.703189649
3.713070468, 3.713205585
3.723070475, 3.723189890
3.733070472, 3.733201403
3.743070472, 3.743185122
3.753070463, 3.753208926
3.763070467, 3.763202619
3.773070472, 3.773207807
3.783070469, 3.783213499
3.793070468, 3.793295893
3.803070470, 3.803163035
3.813070477, 3.813239509
3.823070467, 3.823231096
3.833070469, 3.833213843
3.843070484, 3.843162619
3.853070465, 3.853210399
3.863070469, 3.863171299
3.873070466, 3.873205255
3.883070469, 3.883198236
3.893070471, 3.893223932
3.903070571, 3.903215776
3.913070471, 3.913211779
3.923070483, 3.923193301
3.933070542, 3.933218445
3.943070476, 3.943176079
3.953070477, 3.953160689
3.963070549, 3.963225212
3.973070604, 3.973197168
3.983070538, 3.983244313
3.993070468, 3.993190275
4.003070470, 4.003214733
4.013070472, 4.013250026
4.023070486, 4.023245737
4.033070474, 4.033257788
4.043070473, 4.043267130
4.053070480, 4.053212081
4.063070469, 4.063244368
4.073070526, 4.073232434
4.083070571, 4.083258307
4.093070528, 4.093230988
4.103070540, 4.103244217
4.113070545, 4.113233952
4.123070467, 4.123263268
4.133070600, 4.133229321
4.143070484, 4.143243037
4.153070529, 4.153258856
4.163070975, 4.163235241
4.173070466, 4.173239112
4.183070472, 4.183245559
4.193071262, 4.193238350
4.203070713, 4.203257222
4.213070468, 4.213239986
4.223070469, 4.223251672
4.233070542, 4.233228413
4.243070469, 4.243208788
4.253070469, 4.253213865
4.263070469, 4.263232959
4.273070476, 4.273243600
4.283070469, 4.283246352
4.293070472, 4.293218718
4.303070469, 4.303244882
4.313070472, 4.313244346
4.323070470, 4.323227166
4.333070474, 4.333231072
4.343070469, 4.343236918
4.353070466, 4.353218167
4.363070705, 4.363199990
4.373070468, 4.373242096
4.383070469, 4.383243614
4.393070586, 4.393226675
4.403070609, 4.403227509
4.413070484, 4.413224972
4.423070473, 4.423249026
4.433070596, 4.433226932
4.443070473, 4.443220829
4.453070472, 4.453253944
4.463070469, 4.463223563
4.473070468, 4.473222719
4.483070465, 4.483250239
4.493070479, 4.493217080
4.503070475, 4.503242046
4.513070468, 4.513210341
4.523070470, 4.523233212
4.533070472, 4.533245482
4.543070470, 4.543150479
4.553070476, 4.553178411
4.563070536, 4.563181282
4.573070465, 4.573204542
4.583070472, 4.583223467
4.593070468, 4.593208167
4.603070469, 4.603256818
4.613070469, 4.613197166
4.623070470, 4.623207918
4.633070472, 4.633197863
4.643070467, 4.643191782
4.653070471, 4.653217730
4.663070469, 4.663199034
4.673070491, 4.673207371
4.683070465, 4.683219474
4.693070469, 4.693186035
4.703070470, 4.703190266
4.713070528, 4.713204879
4.723070476, 4.723206098
4.733070539, 4.733150548
4.743070557, 4.743185671
4.753070476, 4.753157751
4.763070639, 4.763163016
4.773070469, 4.773171544
4.783070465, 4.783243001
4.793070471, 4.793246897
4.803070475, 4.803214737
4.813070474, 4.813257676
4.823070541, 4.823257180
4.833070460, 4.833245094
4.843070473, 4.843244904
4.853070474, 4.853248411
4.863070486, 4.863231676
4.873070472, 4.873217735
4.883070469, 4.883222152
4.893070540, 4.893267911
4.903070557, 4.903238362
4.913070469, 4.913248946
4.923070469, 4.923283710
4.933070468, 4.933236082
4.943070478, 4.943244252
4.953070539, 4.953245544
4.963070469, 4.963234936
4.973070472, 4.973255576
4.983070467, 4.983226355
4.993070490, 4.993274485
5.003070470, 5.003245832
5.013070532, 5.013216022
5.023070473, 5.023244694
5.033070485, 5.033210327
5.043070538, 5.043188749
5.053070542, 5.053190211
5.063070469, 5.063191262
5.073070465, 5.073199151
5.083070469, 5.083196556
5.093070532, 5.093180508
5.103070473, 5.103205897
5.113070474, 5.113171790
5.123070538, 5.123167906
5.133070468, 5.133172283
5.143070464, 5.143167786
5.153071565, 5.153199532
5.163070472, 5.163210719
5.173070468, 5.173204368
5.183070470, 5.183200646
5.193070479, 5.193180280
5.203070472, 5.203221875
5.213070472, 5.213212209
5.223070465, 5.223201528
5.233070902, 5.233206949
5.243070805, 5.243200404
5.253070468, 5.253188933
5.263070547, 5.263217635
5.273070482, 5.273197433
5.283070475, 5.283197409
5.293070472, 5.293200503
5.303070480, 5.303197635
5.313070466, 5.313158127
5.323070547, 5.323185016
5.333070476, 5.333205847
5.343070475, 5.343224815
5.353070476, 5.353208408
5.363070536, 5.363218364
5.373070471, 5.373231332
5.383070469, 5.383204564
5.393070472, 5.393217455
5.403071119, 5.403226558
5.413070474, 5.413209420
5.423070476, 5.423227683
5.433070469, 5.433197891
5.443070473, 5.443212661
5.453070485, 5.453209250
5.463070568, 5.463220374
5.473070468, 5.473209801
5.483070472, 5.483197936
5.493070471, 5.493209927
5.503071552, 5.503230635
5.513070542, 5.513201003
5.523070478, 5.523203743
5.533070472, 5.533240719
5.543070469, 5.543218317
5.553070477, 5.553226880
5.563070476, 5.563209135
5.573070484, 5.573182571
5.583070476, 5.583210978
5.593070469, 5.593211628
5.603070467, 5.603194695
5.613070469, 5.613208574
5.623070476, 5.623242359
5.633070466, 5.633250800
5.643070469, 5.643216921
5.653070471, 5.653243228
5.663070559, 5.663238768
5.673070482, 5.673218112
5.683070473, 5.683249509
5.693070476, 5.693300254
5.703070483, 5.703278193
5.713070495, 5.713228020
5.723070489, 5.723216169
5.733070463, 5.733231988
5.743070476, 5.743220941
5.753070474, 5.753225959
5.763070472, 5.763271442
5.773070532, 5.773237045
5.783070481, 5.783208449
5.793070469, 5.793199952
5.803070469, 5.803169881
5.813070476, 5.813174100
5.823070472, 5.823174673
5.833070547, 5.833174097
5.843070469, 5.843223944
5.853070476, 5.853213685
5.863070465, 5.863213741
5.873070488, 5.873211140
5.883070486, 5.883191586
5.893070476, 5.893208374
5.903072076, 5.903196367
5.913070488, 5.913209007
5.923070486, 5.923197074
5.933070532, 5.933190365
5.943070487, 5.943211319
5.953070477, 5.953204295
5.963070476, 5.963188731
5.973070474, 5.973210014
5.983070472, 5.983191932
5.993070468, 5.993202502
6.003070483, 6.003277705
6.013070585, 6.013279473
6.023070493, 6.023308475
6.033070490, 6.033243285
6.043070484, 6.043262175
6.053070487, 6.053244858
6.063070471, 6.063234333
6.073070472, 6.073268335
6.083070479, 6.083227805
6.093070472, 6.093252979
6.103070472, 6.103191728
6.113070463, 6.113211440
6.123070469, 6.123203027
6.133070534, 6.133195201
6.143070575, 6.143197635
6.153070471, 6.153182903
6.163070478, 6.163188350
6.173070473, 6.173187799
6.183070534, 6.183205953
6.193070463, 6.193210723
6.203070543, 6.203204060
6.213070470, 6.213229746
6.223070538, 6.223191042
6.233070467, 6.233194570
6.243070624, 6.243209074
6.253070465, 6.253249261
6.263070560, 6.263204497
6.273070474, 6.273228111
6.283070481, 6.283228874
6.293070539, 6.293180454
6.303070464, 6.303166876
6.313070545, 6.313204668
6.323070475, 6.323211788
6.333070477, 6.333178946
6.343070470, 6.343189347
6.353070539, 6.353210429
6.363070541, 6.363195269
6.373070469, 6.373212207
6.383070530, 6.383213986
6.393070469, 6.393232468
6.403070524, 6.403232979
6.413070544, 6.413228092
6.423070551, 6.423207072
6.433070469, 6.433199609
6.443070467, 6.443204275
6.453070464, 6.453191837
6.463070466, 6.463184325
6.473070547, 6.473188548
6.483070537, 6.483208225
6.493070522, 6.493191458
6.503070471, 6.503195902
6.513070465, 6.513214123
6.523070482, 6.523188212
6.533070476, 6.533190671
6.543070570, 6.543202193
6.553070469, 6.553260905
6.563070465, 6.563233640
6.573070463, 6.573200511
6.583070461, 6.583164006
6.593070461, 6.593182360
6.603070707, 6.603212211
6.613070466, 6.613186750
6.623070467, 6.623133242
6.633070477, 6.633145778
6.643070543, 6.643185550
6.653070537, 6.653234550
6.663070469, 6.663254197
6.673070469, 6.673236383
6.683070469, 6.683221479
6.693070472, 6.693242429
6.703070475, 6.703265729
6.713070471, 6.713257540
6.723070465, 6.723242156
6.733070469, 6.733257275
6.743070469, 6.743280219
6.753070476, 6.753223345
6.763070475, 6.763244752
6.773070479, 6.773227570
6.783070465, 6.783233591
6.793070784, 6.793239696
6.803070464, 6.803263033
6.813070562, 6.813223327
6.823070469, 6.823284079
6.833070545, 6.833261388
6.843070465, 6.843254886
6.853070471, 6.853165660
6.863070469, 6.863238207
6.873070465, 6.873265396
6.883070471, 6.883235043
6.893070472, 6.893221009
6.903070471, 6.903229848
6.913070573, 6.913243997
6.923070477, 6.923265860
6.933070476, 6.933235358
6.943070460, 6.943249496
6.953070759, 6.953229494
6.963070474, 6.963246548
6.973070465, 6.973274206
6.983070535, 6.983255495
6.993070468, 6.993222014
7.003070476, 7.003218694
7.013070466, 7.013275419
7.023070481, 7.023228000
7.033070465, 7.033235701
7.043070478, 7.043227201
7.053070534, 7.053258594
7.063070476, 7.063229948
7.073070469, 7.073229911
7.083070469, 7.083231944
7.093070463, 7.093228468
7.103070462, 7.103222828
7.113070460, 7.113229924
7.123070570, 7.123260423
7.133070476, 7.133268212
7.143070532, 7.143245264
7.153070466, 7.153230979
7.163070483, 7.163246353
7.173070468, 7.173267153
7.183070476, 7.183225219
7.193070469, 7.193258432
7.203070478, 7.203245988
7.213070484, 7.213221237
7.223070465, 7.223250395
7.233070458, 7.233235918
7.243070470, 7.243259501
7.253070528, 7.253261788
7.263070469, 7.263233979
7.273070471, 7.273232445
7.283070472, 7.283254355
7.293070525, 7.293251522
7.303070462, 7.303290847
7.313070540, 7.313244728
7.323070472, 7.323264096
7.333070472, 7.333255748
7.343070540, 7.343237892
7.353070468, 7.353250039
7.363070457, 7.363246822
7.373070458, 7.373224628
7.383070464, 7.383226669
7.393070465, 7.393236015
7.403070566, 7.403232689
7.413070556, 7.413250778
7.423070467, 7.423238018
7.433070465, 7.433228493
7.443070470, 7.443219580
7.453070463, 7.453265275
7.463070465, 7.463260476
7.473070469, 7.473255310
7.483070462, 7.483220522
7.493070474, 7.493231515
7.503070473, 7.503241429
7.513070553, 7.513238649
7.523070462, 7.523257710
7.533070461, 7.533277142
7.543070465, 7.543228047
7.553070469, 7.553255319
7.563070529, 7.563246322
7.573070460, 7.573255423
7.583070465, 7.583255110
7.593070645, 7.593227944
7.603070464, 7.603228038
7.613070463, 7.613242591
7.623070546, 7.623235696
7.633070465, 7.633219238
7.643070465, 7.643237346
7.653070539, 7.653235940
7.663070469, 7.663229890
7.673070632, 7.673240975
7.683070529, 7.683243811
7.693070469, 7.693225617
7.703070470, 7.703227231
7.713070466, 7.713257539
7.723070483, 7.723238751
7.733070471, 7.733233879
7.743070472, 7.743225801
7.753070632, 7.753234174
7.763070465, 7.763232350
7.773070523, 7.773263384
7.783070464, 7.783232696
7.793070465, 7.793251706
7.803070469, 7.803227072
7.813070471, 7.813223136
7.823070464, 7.823238075
7.833070607, 7.833239460
7.843070462, 7.843215978
7.853070566, 7.853258862
7.863070464, 7.863247357
7.873070468, 7.873229627
7.883070464, 7.883237051
7.893070476, 7.893261436
7.903070484, 7.903249298
7.913070520, 7.913256636
7.923070478, 7.923232317
7.933070468, 7.933253157
7.943070529, 7.943220072
7.953070469, 7.953264766
7.963070467, 7.963228360
7.973070538, 7.973226455
7.983070463, 7.983228442
7.993070476, 7.993340302
8.003070470, 8.003273250
8.013070471, 8.013216893
8.023070475, 8.023252754
8.033070477, 8.033260583
8.043070476, 8.043241450
8.053070471, 8.053222514
8.063070536, 8.063223095
8.073070592, 8.073219138
8.083070481, 8.083269829
8.093070465, 8.093255970
8.103070469, 8.103224197
8.113070470, 8.113238727
8.123070477, 8.123294120
8.133070553, 8.133270408
8.143070533, 8.143250900
8.153070570, 8.153235545
8.163070470, 8.163297382
8.173070471, 8.173283415
8.183070491, 8.183298759
8.193070491, 8.193309007
8.203070472, 8.203317475
8.213070548, 8.213301161
8.223070487, 8.223289951
8.233070484, 8.233279821
8.243070492, 8.243298494
8.253070468, 8.253297035
8.263070492, 8.263237441
8.273070490, 8.273303662
8.283070494, 8.283249312
8.293070487, 8.293198937
8.303070492, 8.303218583
8.313070479, 8.313197745
8.323070470, 8.323203049
8.333070476, 8.333200494
8.343070467, 8.343159923
8.353070477, 8.353133895
8.363070464, 8.363179446
8.373070471, 8.373199990
8.383070467, 8.383195767
8.393070630, 8.393231621
8.403070465, 8.403194148
8.413070716, 8.413233769
8.423070476, 8.423163744
8.433070532, 8.433221459
8.443070467, 8.443210438
8.453070534, 8.453211729
8.463070463, 8.463216431
8.473070466, 8.473209134
8.483070471, 8.483212834
8.493070638, 8.493209750
8.503070525, 8.503197265
8.513070652, 8.513230347
8.523070473, 8.523228881
8.533070474, 8.533208863
8.543070467, 8.543208055
8.553070466, 8.553248742
8.563070467, 8.563182653
8.573070462, 8.573202903
8.583070469, 8.583209478
8.593070471, 8.593208669
8.603070462, 8.603185528
8.613070469, 8.613216690
8.623070457, 8.623208831
8.633070466, 8.633199345
8.643070535, 8.643178869
8.653070465, 8.653209332
8.663070469, 8.663219646
8.673070471, 8.673206150
8.683070642, 8.683224034
8.693070473, 8.693184763
8.703070467, 8.703269314
8.713070478, 8.713214620
8.723070470, 8.723137391
8.733070467, 8.733217711
8.743070557, 8.743205078
8.753070529, 8.753183209
8.763070521, 8.763199370
8.773070482, 8.773190620
8.783070475, 8.783248639
8.793070491, 8.793143684
8.803070467, 8.803243225
8.813070487, 8.813138686
8.823070480, 8.823149646
8.833070477, 8.833148546
8.843070464, 8.843207067
8.853070562, 8.853268923
8.863070489, 8.863183535
8.873070477, 8.873314452
8.883070487, 8.883209513
8.893070466, 8.893255943
8.903070488, 8.903240983
8.913070469, 8.913246548
8.923070476, 8.923220462
8.933070556, 8.933217242
8.943070530, 8.943197854
8.953070528, 8.953209206
8.963070535, 8.963206772
8.973070597, 8.973196098
8.983070467, 8.983186874
8.993070525, 8.993208508
9.003070465, 9.003220961
9.013070466, 9.013210844
9.023070472, 9.023215983
9.033070463, 9.033217555
9.043070465, 9.043217863
9.053070555, 9.053226245
9.063070469, 9.063240607
9.073070467, 9.073220378
9.083070470, 9.083192053
9.093070542, 9.093215646
9.103070469, 9.103197301
9.113070526, 9.113223468
9.123070536, 9.123208567
9.133070474, 9.133202928
9.143070478, 9.143247690
9.153070458, 9.153198619
9.163070584, 9.163216575
9.173070465, 9.173193687
9.183070470, 9.183224984
9.193070463, 9.193203457
9.203070467, 9.203225022
9.213070529, 9.213194316
9.223070462, 9.223178692
9.233070461, 9.233219099
9.243070538, 9.243190267
9.253070472, 9.253178683
9.263070541, 9.263194961
9.273070467, 9.273192780
9.283070530, 9.283225399
9.293070605, 9.293184622
9.303070478, 9.303185821
9.313070499, 9.313215636
9.323070463, 9.323207597
9.333070470, 9.333211090
9.343070468, 9.343203404
9.353070474, 9.353200139
9.363070541, 9.363207378
9.373070469, 9.373214322
9.383070465, 9.383214557
9.393070466, 9.393223444
9.403070459, 9.403208355
9.413070461, 9.413210844
9.423070489, 9.423218463
9.433070543, 9.433184849
9.443070476, 9.443244772
9.453070466, 9.453217515
9.463070478, 9.463206261
9.473070466, 9.473185233
9.483070460, 9.483222263
9.493070548, 9.493244844
9.503070572, 9.503211609
9.513070466, 9.513191378
9.523070467, 9.523178781
9.533070461, 9.533184917
9.543070463, 9.543181629
9.553070467, 9.553215552
9.563070467, 9.563218004
9.573070464, 9.573194749
9.583070460, 9.583179417
9.593070485, 9.593200747
9.603070462, 9.603203088
9.613070466, 9.613226114
9.623070462, 9.623202622
9.633070461, 9.633194877
9.643070465, 9.643243675
9.653070556, 9.653209330
9.663070471, 9.663202969
9.673070472, 9.673184792
9.683070470, 9.683189091
9.693070537, 9.693199331
9.703070465, 9.703205439
9.713070472, 9.713223146
9.723070476, 9.723189682
9.733070468, 9.733220152
9.743070469, 9.743221924
9.753070467, 9.753182724
9.763070466, 9.763208793
9.773070487, 9.773214377
9.783070468, 9.783221384
9.793070469, 9.793222104
9.803070457, 9.803206475
9.813070463, 9.813238611
9.823070464, 9.823196670
9.833070468, 9.833185865
9.843070478, 9.843204086
9.853070472, 9.853220918
9.863070462, 9.863189015
9.873070474, 9.873202909
9.883070469, 9.883234431
9.893070471, 9.893218501
9.903070473, 9.903227556
9.913070517, 9.913189146
9.923070577, 9.923199989
9.933070460, 9.933213175
9.943070468, 9.943206143
9.953070472, 9.953206087
9.963070465, 9.963202509
9.973070476, 9.973217551
9.983070475, 9.983203109
9.993070462, 9.993202249
10.003070458, 10.003206781
10.013070463, 10.013214080
10.023070462, 10.023203071
10.033070488, 10.033214978
10.043070478, 10.043209924
10.053070464, 10.053206468
10.063070461, 10.063206979
10.073070493, 10.073201076
10.083070465, 10.083203459
10.093070465, 10.093205428
10.103070477, 10.103205418
10.113070467, 10.113202649
10.123070471, 10.123206951
10.133070464, 10.133204813
10.143070465, 10.143201352
10.153070470, 10.153201980
10.163070462, 10.163203421
10.173070467, 10.173203463
10.183070465, 10.183203113
10.193070472, 10.193200646
10.203070463, 10.203202817
10.213070463, 10.213206079
10.223070466, 10.223204337
10.233070466, 10.233200524
10.243070463, 10.243201675
10.253070462, 10.253201134
10.263070467, 10.263200458
10.273070469, 10.273203037
10.283070462, 10.283201144
10.293070474, 10.293203244
10.303070465, 10.303202328
10.313070466, 10.313198997
10.323070460, 10.323204346
10.333070474, 10.333201953
10.343070462, 10.343201340
10.353070462, 10.353200533
10.363070466, 10.363202241
10.373070476, 10.373204385
10.383070465, 10.383200992
10.393070462, 10.393204031
10.403070463, 10.403204635
10.413070470, 10.413199148
10.423070487, 10.423213345
10.433070475, 10.433201663
10.443070467, 10.443200553
10.453070468, 10.453203023
10.463070466, 10.463201588
10.473070460, 10.473202927
10.483070466, 10.483205321
10.493070478, 10.493201180
10.503070467, 10.503199770
10.513070466, 10.513203886
10.523070462, 10.523200396
10.533070474, 10.533202645
10.543070463, 10.543198416
10.553070468, 10.553200460
10.563070472, 10.563201394
10.573070468, 10.573299094
10.583070462, 10.583247717
10.593070465, 10.593244568
10.603070465, 10.603245395
10.613070471, 10.613251676
10.623070472, 10.623247574
10.633070465, 10.633248069
10.643070465, 10.643253812
10.653070469, 10.653246651
10.663070459, 10.663245355
10.673070463, 10.673248027
10.683070461, 10.683244375
10.693070466, 10.693249439
10.703070464, 10.703245891
10.713070461, 10.713248513
10.723070464, 10.723249992
10.733070476, 10.733249908
10.743070475, 10.743245894
10.753070461, 10.753251342
10.763070469, 10.763250520
10.773070461, 10.773249929
10.783070464, 10.783245144
10.793070463, 10.793247216
10.803070469, 10.803250914
10.813070465, 10.813248891
10.823070469, 10.823246795
10.833070466, 10.833247940
10.843070465, 10.843247995
10.853070465, 10.853249471
10.863070461, 10.863245849
10.873070476, 10.873246153
10.883070469, 10.883253236
10.893070468, 10.893246171
10.903070462, 10.903244029
10.913070463, 10.913249367
10.923070482, 10.923254437
10.933070474, 10.933255456
10.943070464, 10.943250237
10.953070468, 10.953248551
10.963070460, 10.963252809
10.973070466, 10.973246913
10.983070467, 10.983243538
10.993070469, 10.993247372
11.003070475, 11.003247078
11.013070477, 11.013248031
11.023070462, 11.023250884
11.033070468, 11.033245421
11.043070472, 11.043248739
11.053070471, 11.053248092
11.063070469, 11.063246183
11.073070466, 11.073247534
11.083070464, 11.083244932
11.093070466, 11.093249981
11.103070464, 11.103246901
11.113070471, 11.113252845
11.123070472, 11.123250892
11.133070472, 11.133247697
11.143070459, 11.143249100
11.153070461, 11.153243635
11.163070467, 11.163244803
11.173070466, 11.173245743
11.183070464, 11.183248419
11.193070476, 11.193245773
11.203070459, 11.203252496
11.213070465, 11.213246245
11.223070467, 11.223244724
11.233070460, 11.233247447
11.243070465, 11.243248460
11.253070458, 11.253250825
11.263070462, 11.263247711
11.273070468, 11.273246204
11.283070464, 11.283247207
11.293070461, 11.293248944
11.303070464, 11.303249705
11.313070474, 11.313252259
11.323070472, 11.323250172
11.333070460, 11.333251108
11.343070462, 11.343245764
11.353070484, 11.353250485
11.363070469, 11.363245925
11.373070468, 11.373249904
11.383070462, 11.383250862
11.393070480, 11.393247901
11.403070464, 11.403243301
11.413070463, 11.413252138
11.423070492, 11.423252416
11.433070465, 11.433250950
11.443070469, 11.443248804
11.453070466, 11.453247569
11.463070465, 11.463249064
11.473070468, 11.473250451
11.483070467, 11.483245981
11.493070468, 11.493251680
11.503070462, 11.503245849
11.513070469, 11.513245479
11.523070467, 11.523247979
11.533070468, 11.533244981
11.543070464, 11.543246542
11.553070461, 11.553244778
11.563070467, 11.563243697
11.573070463, 11.573247945
11.583070471, 11.583245622
11.593070463, 11.593248162
11.603070462, 11.603248532
11.613070472, 11.613247221
11.623070464, 11.623244174
11.633070460, 11.633247025
11.643070462, 11.643247237
11.653070468, 11.653252725
11.663070464, 11.663246554
11.673070469, 11.673248522
11.683070457, 11.683247285
11.693070463, 11.693247838
11.703070469, 11.703244784
11.713070463, 11.713248148
11.723070464, 11.723248510
11.733070466, 11.733248662
11.743070459, 11.743245253
11.753070463, 11.753250116
11.763070466, 11.763248982
11.773070461, 11.773250346
11.783070469, 11.783249784
11.793070471, 11.793249445
11.803070457, 11.803243086
11.813070468, 11.813258544
11.823070472, 11.823249868
11.833070474, 11.833248013
11.843070461, 11.843251614
11.853070463, 11.853247568
11.863070469, 11.863248667
11.873070463, 11.873245306
11.883070465, 11.883245899
11.893070463, 11.893251209
11.903070470, 11.903246536
11.913070466, 11.913246335
11.923070483, 11.923257312
11.933070472, 11.933249293
11.943070467, 11.943246251
11.953070474, 11.953247077
11.963070476, 11.963249946
11.973070472, 11.973248140
11.983070464, 11.983245235
11.993070465, 11.993243165
12.003070467, 12.003243817
12.013070461, 12.013244006
12.023070465, 12.023241890
12.033070468, 12.033241936
12.043070469, 12.043242303
12.053070479, 12.053244069
------------------------------
