------------------------------
test was performed using the following parameters: --mps=100 --burst=1 --reply-every=1 --msg-size=12 --time=10
------------------------------
sockperf: [Total Run] RunTime=10.100 sec; SentMessages=1011; ReceivedMessages=1010
sockperf: ========= Printing statistics for Server No: 0
sockperf: [Valid Duration] RunTime=9.990 sec; SentMessages=1000; ReceivedMessages=1000
sockperf: [2;35m====> avg-lat= 68.359 (std-dev=18.226)[0m
sockperf: # dropped messages = 0; # duplicated messages = 0; # out-of-order messages = 0
sockperf: [2;35mTotal 1000 observations[0m; each percentile contains 10.00 observations
sockperf: ---> <MAX> observation =  116.705
sockperf: ---> percentile  99.99 =  116.705
sockperf: ---> percentile  99.90 =  115.127
sockperf: ---> percentile  99.50 =  101.197
sockperf: ---> percentile  99.00 =   97.503
sockperf: ---> percentile  95.00 =   89.325
sockperf: ---> percentile  90.00 =   88.545
sockperf: ---> percentile  75.00 =   81.801
sockperf: ---> percentile  50.00 =   72.802
sockperf: ---> percentile  25.00 =   58.390
sockperf: ---> <MIN> observation =   25.416
------------------------------
txTime, rxTime
2.062863150, 2.062948048
2.072863161, 2.072975420
2.082863146, 2.082938413
2.092863159, 2.092972757
2.102863146, 2.103054145
2.112863155, 2.113093409
2.122863144, 2.123058743
2.132863139, 2.133061528
2.142863163, 2.143064438
2.152863161, 2.153064063
2.162863159, 2.163066380
2.172863159, 2.173065555
2.182863158, 2.183028698
2.192863161, 2.193003340
2.202863145, 2.203015913
2.212863144, 2.213010352
2.222863139, 2.223019682
2.232863144, 2.233015408
2.242863147, 2.243003314
2.252863133, 2.253000151
2.262863145, 2.263007919
2.272863144, 2.273003014
2.282863129, 2.283004150
2.292863137, 2.293003989
2.302863144, 2.303010801
2.312863136, 2.313030280
2.322863137, 2.323002810
2.332863136, 2.333016147
2.342863134, 2.343018774
2.352863134, 2.353006055
2.362863134, 2.363012643
2.372863147, 2.373009883
2.382863145, 2.383003378
2.392863144, 2.393007903
2.402863140, 2.403019477
2.412863140, 2.413003500
2.422863140, 2.423006738
2.432863131, 2.433013815
2.442863134, 2.443004326
2.452863137, 2.453003921
2.462863139, 2.463004187
2.472863139, 2.473002924
2.482863139, 2.483010185
2.492863139, 2.493009673
2.502863166, 2.502996354
2.512863140, 2.513010447
2.522863134, 2.523011303
2.532863140, 2.533009972
2.542863145, 2.543007847
2.552863140, 2.553005412
2.562863136, 2.563000923
2.572863164, 2.573004750
2.582863145, 2.583001840
2.592863145, 2.592992159
2.602863145, 2.602932841
2.612863144, 2.612936866
2.622863139, 2.622935748
2.632863134, 2.632925619
2.642863140, 2.642997058
2.652863145, 2.652999335
2.662863142, 2.663017862
2.672863144, 2.673001695
2.682863136, 2.683025393
2.692863131, 2.693018918
2.702863137, 2.702988139
2.712863137, 2.713016946
2.722863147, 2.723013281
2.732863134, 2.733008739
2.742863139, 2.743017655
2.752863142, 2.753001735
2.762863145, 2.762991450
2.772863144, 2.772997268
2.782863147, 2.783016036
2.792863167, 2.793007183
2.802863139, 2.803016223
2.812863147, 2.813015397
2.822863136, 2.823011878
2.832863140, 2.833020756
2.842863144, 2.843015675
2.852863136, 2.853022275
2.862863145, 2.863014664
2.872863140, 2.873016316
2.882863131, 2.883013873
2.892863137, 2.893009711
2.902863140, 2.903010100
2.912863137, 2.913022071
2.922863134, 2.923019780
2.932863147, 2.933020580
2.942863137, 2.943017208
2.952863140, 2.953007038
2.962863144, 2.962999442
2.972863137, 2.973011590
2.982863147, 2.983004283
2.992863134, 2.993019140
3.002863144, 3.003016257
3.012863142, 3.013007589
3.022863142, 3.023016281
3.032863145, 3.033004528
3.042863145, 3.043025518
3.052863144, 3.053038137
3.062863142, 3.063015755
3.072863144, 3.073013343
3.082863140, 3.083002690
3.092863147, 3.093007277
3.102863137, 3.103016406
3.112863144, 3.113006418
3.122863163, 3.123003359
3.132863131, 3.133015908
3.142863145, 3.143026689
3.152863137, 3.153005453
3.162863150, 3.162999944
3.172863144, 3.172991742
3.182863142, 3.183006175
3.192863147, 3.193014734
3.202863142, 3.203005199
3.212863137, 3.213003407
3.222863158, 3.222992855
3.232863137, 3.233007596
3.242863139, 3.243004406
3.252863139, 3.253025260
3.262863140, 3.263010948
3.272863142, 3.273005753
3.282863139, 3.283010864
3.292863161, 3.293014892
3.302863144, 3.303009490
3.312863129, 3.313010133
3.322863134, 3.323021602
3.332863137, 3.333014889
3.342863134, 3.343009473
3.352863144, 3.352989871
3.362863137, 3.363003584
3.372863139, 3.373005652
3.382863136, 3.383005469
3.392863145, 3.393004244
3.402863133, 3.403010098
3.412863144, 3.413011843
3.422863137, 3.423008439
3.432863145, 3.433016695
3.442863164, 3.443007185
3.452863133, 3.453010962
3.462863136, 3.463010262
3.472863133, 3.473002608
3.482863136, 3.482973851
3.492863134, 3.493001124
3.502863131, 3.503000948
3.512863133, 3.513012157
3.522863133, 3.523005271
3.532863137, 3.533010548
3.542863140, 3.542999658
3.552863142, 3.552995885
3.562863137, 3.563007057
3.572863137, 3.572996246
3.582863142, 3.582998650
3.592863140, 3.592927310
3.602863137, 3.602930067
3.612863133, 3.612933618
3.622863161, 3.622992504
3.632863150, 3.632988270
3.642863134, 3.642971791
3.652863133, 3.652980529
3.662863131, 3.662989094
3.672863137, 3.672977055
3.682863131, 3.682981989
3.692863133, 3.692982141
3.702863145, 3.702981057
3.712863163, 3.712970392
3.722863134, 3.722978127
3.732863137, 3.732975725
3.742863136, 3.742981541
3.752863136, 3.752980023
3.762863134, 3.762979526
3.772863129, 3.772956896
3.782863137, 3.782976693
3.792863136, 3.792967809
3.802863137, 3.802978662
3.812863136, 3.812990333
3.822863139, 3.822978853
3.832863145, 3.832974584
3.842863134, 3.842967542
3.852863140, 3.853008988
3.862863139, 3.862974118
3.872863140, 3.872981296
3.882863131, 3.882984831
3.892863136, 3.892978825
3.902863134, 3.902977903
3.912863129, 3.913001406
3.922863144, 3.923017410
3.932863140, 3.932986304
3.942863134, 3.943009144
3.952863134, 3.952982447
3.962863131, 3.962991432
3.972863139, 3.972977849
3.982863139, 3.982985932
3.992863136, 3.992983112
4.002863148, 4.002985804
4.012863137, 4.012974499
4.022863137, 4.022986737
4.032863145, 4.032981356
4.042863136, 4.042996276
4.052863172, 4.052983355
4.062863147, 4.062981327
4.072863142, 4.072980495
4.082863139, 4.082987357
4.092863136, 4.092965553
4.102863139, 4.102978645
4.112863145, 4.112982570
4.122863140, 4.122974822
4.132863145, 4.132980593
4.142863131, 4.142982567
4.152863140, 4.152953272
4.162863142, 4.162962250
4.172863145, 4.172954976
4.182863145, 4.182965519
4.192863136, 4.192988720
4.202863133, 4.202977859
4.212863139, 4.212986749
4.222863170, 4.222980645
4.232863144, 4.232982736
4.242863136, 4.242987245
4.252863145, 4.252992077
4.262863134, 4.262972498
4.272863145, 4.272984907
4.282863133, 4.282975606
4.292863147, 4.292979305
4.302863145, 4.302976616
4.312863137, 4.312982816
4.322863136, 4.322971515
4.332863136, 4.332982666
4.342863140, 4.342983105
4.352863136, 4.352983025
4.362863140, 4.362979660
4.372863133, 4.372983996
4.382863137, 4.382976648
4.392863131, 4.392986738
4.402863137, 4.402982499
4.412863133, 4.412985549
4.422863140, 4.422983375
4.432863137, 4.432979019
4.442863134, 4.442979621
4.452863140, 4.452999373
4.462863144, 4.462990867
4.472863145, 4.472973881
4.482863133, 4.482987438
4.492863134, 4.492990158
4.502863134, 4.502979914
4.512863137, 4.512985429
4.522863137, 4.522976979
4.532863142, 4.532986921
4.542863140, 4.542986942
4.552863140, 4.552982426
4.562863134, 4.562990026
4.572863139, 4.572982216
4.582863137, 4.582982897
4.592863137, 4.592985025
4.602863136, 4.602991944
4.612863144, 4.612983581
4.622863131, 4.622978778
4.632863145, 4.632988780
4.642863131, 4.642990338
4.652863140, 4.652974036
4.662863137, 4.662987054
4.672863145, 4.672983866
4.682863134, 4.682987566
4.692863137, 4.692980514
4.702863136, 4.702988702
4.712863140, 4.712985036
4.722863140, 4.722990795
4.732863134, 4.732978503
4.742863126, 4.742987343
4.752863134, 4.752986239
4.762863131, 4.762992587
4.772863134, 4.773002343
4.782863133, 4.782975448
4.792863129, 4.792986569
4.802863137, 4.802986402
4.812863134, 4.812983652
4.822863136, 4.822988603
4.832863137, 4.832988532
4.842863136, 4.842976084
4.852863131, 4.852981591
4.862863133, 4.862976556
4.872863133, 4.872994331
4.882863147, 4.882990997
4.892863137, 4.892971421
4.902863136, 4.902991207
4.912863136, 4.912994014
4.922863134, 4.922985605
4.932863140, 4.932972037
4.942863139, 4.942980517
4.952863137, 4.952972031
4.962863142, 4.962987291
4.972863169, 4.972986674
4.982863131, 4.982988380
4.992863139, 4.992977255
5.002863152, 5.002990165
5.012863139, 5.012984886
5.022863136, 5.022974383
5.032863147, 5.032982856
5.042863145, 5.042977151
5.052863140, 5.052976752
5.062863152, 5.062976588
5.072863142, 5.072987103
5.082863152, 5.082973269
5.092863148, 5.092969252
5.102863147, 5.102974267
5.112863131, 5.112972560
5.122863145, 5.122958171
5.132863140, 5.132957852
5.142863144, 5.142948554
5.152863140, 5.152920671
5.162863136, 5.162926960
5.172863145, 5.172929977
5.182863145, 5.182986230
5.192863142, 5.192986628
5.202863145, 5.202975054
5.212863145, 5.212976828
5.222863137, 5.222975203
5.232863144, 5.232985770
5.242863147, 5.242967435
5.252863139, 5.252972459
5.262863147, 5.262979437
5.272863140, 5.272960088
5.282863133, 5.282987555
5.292863139, 5.292977734
5.302863140, 5.302984354
5.312863147, 5.312979578
5.322863150, 5.322985710
5.332863133, 5.332991863
5.342863139, 5.342972730
5.352863144, 5.352970468
5.362863140, 5.362982644
5.372863139, 5.372979921
5.382863134, 5.382993351
5.392863140, 5.392976545
5.402863140, 5.402986029
5.412863137, 5.412987488
5.422863139, 5.422979864
5.432863139, 5.432974802
5.442863142, 5.442987278
5.452863140, 5.452972367
5.462863139, 5.462980369
5.472863142, 5.472993281
5.482863136, 5.483015656
5.492863148, 5.492981621
5.502863137, 5.502969948
5.512863140, 5.512980015
5.522863139, 5.523009729
5.532863139, 5.533001882
5.542863137, 5.543016868
5.552863164, 5.553002354
5.562863147, 5.563003756
5.572863137, 5.573005922
5.582863128, 5.582998848
5.592863129, 5.593007188
5.602863140, 5.602957436
5.612863131, 5.612955119
5.622863140, 5.622961293
5.632863131, 5.633027024
5.642863129, 5.643017577
5.652863137, 5.653021457
5.662863148, 5.663042586
5.672863133, 5.673028952
5.682863140, 5.683022113
5.692863147, 5.692959753
5.702863137, 5.703020323
5.712863133, 5.713020658
5.722863147, 5.723012795
5.732863145, 5.733008788
5.742863145, 5.743025919
5.752863144, 5.753044429
5.762863137, 5.763013925
5.772863140, 5.773011688
5.782863147, 5.783012856
5.792863136, 5.793000178
5.802863139, 5.803041236
5.812863139, 5.813019739
5.822863144, 5.823014723
5.832863142, 5.833020288
5.842863139, 5.843023006
5.852863140, 5.853007183
5.862863144, 5.863020743
5.872863139, 5.873009176
5.882863129, 5.883052409
5.892863147, 5.893008456
5.902863145, 5.903023738
5.912863144, 5.913009552
5.922863140, 5.922993717
5.932863150, 5.932959682
5.942863144, 5.942970461
5.952863142, 5.953012792
5.962863139, 5.963000487
5.972863140, 5.972957878
5.982863153, 5.983003857
5.992863140, 5.992955803
6.002863137, 6.002954570
6.012863150, 6.012954710
6.022863145, 6.022958100
6.032863139, 6.032986137
6.042863142, 6.042955403
6.052863134, 6.052953949
6.062863147, 6.062965703
6.072863139, 6.072952584
6.082863133, 6.082953987
6.092863133, 6.092954852
6.102863134, 6.102957295
6.112863133, 6.112992186
6.122863136, 6.122998948
6.132863139, 6.133007922
6.142863137, 6.142985028
6.152863144, 6.153021168
6.162863140, 6.162961258
6.172863147, 6.172959575
6.182863139, 6.183026326
6.192863139, 6.192951655
6.202863131, 6.202968057
6.212863142, 6.212959295
6.222863133, 6.222956564
6.232863131, 6.232953754
6.242863144, 6.242956255
6.252863137, 6.252920442
6.262863142, 6.262933867
6.272863137, 6.272928917
6.282863144, 6.282934573
6.292863136, 6.292933717
6.302863148, 6.302922142
6.312863142, 6.312942960
6.322863133, 6.322927596
6.332863136, 6.332924686
6.342863137, 6.342939703
6.352863131, 6.352923410
6.362863133, 6.362918066
6.372863142, 6.372924212
6.382863136, 6.382934289
6.392863145, 6.392925014
6.402863140, 6.402932344
6.412863128, 6.412925540
6.422863134, 6.422930853
6.432863131, 6.432933705
6.442863142, 6.442928726
6.452863136, 6.452929288
6.462863147, 6.462921812
6.472863139, 6.472934283
6.482863131, 6.482932186
6.492863136, 6.492938580
6.502863140, 6.502936049
6.512863133, 6.512941637
6.522863136, 6.522916318
6.532863133, 6.532927618
6.542863136, 6.542916725
6.552863139, 6.552925191
6.562863142, 6.562926862
6.572863134, 6.572927184
6.582863139, 6.582929363
6.592863137, 6.592917966
6.602863136, 6.602945325
6.612863140, 6.612932655
6.622863140, 6.622932451
6.632863137, 6.632926802
6.642863139, 6.642936479
6.652863137, 6.652932631
6.662863129, 6.662930787
6.672863136, 6.672989471
6.682863144, 6.682984220
6.692863136, 6.692944051
6.702863133, 6.702982862
6.712863137, 6.712927460
6.722863142, 6.722915538
6.732863140, 6.732919455
6.742863134, 6.742935323
6.752863131, 6.752938902
6.762863134, 6.762927618
6.772863139, 6.772935375
6.782863139, 6.782925911
6.792863145, 6.792938143
6.802863133, 6.802932500
6.812863139, 6.812914254
6.822863133, 6.822931673
6.832863134, 6.832927271
6.842863142, 6.842931463
6.852863140, 6.852921520
6.862863133, 6.862914725
6.872863133, 6.872930684
6.882863147, 6.882918738
6.892863139, 6.892923488
6.902863133, 6.902922082
6.912863133, 6.912925450
6.922863145, 6.922928092
6.932863144, 6.932922984
6.942863147, 6.942924465
6.952863137, 6.952925756
6.962863133, 6.962915667
6.972863136, 6.972930271
6.982863136, 6.982933533
6.992863134, 6.992923859
7.002863159, 7.002942809
7.012863148, 7.012929931
7.022863147, 7.022934950
7.032863152, 7.032933921
7.042863144, 7.042929683
7.052863145, 7.052923428
7.062863140, 7.062922553
7.072863148, 7.072923431
7.082863139, 7.082926481
7.092863142, 7.092957276
7.102863134, 7.102922449
7.112863148, 7.112919316
7.122863147, 7.122949094
7.132863133, 7.132918915
7.142863142, 7.142939476
7.152863148, 7.152928169
7.162863147, 7.162927381
7.172863134, 7.172933725
7.182863140, 7.182927639
7.192863145, 7.192932983
7.202863142, 7.202928142
7.212863148, 7.212967725
7.222863145, 7.222951025
7.232863140, 7.232924958
7.242863137, 7.242924569
7.252863131, 7.252946906
7.262863144, 7.262926926
7.272863142, 7.272922802
7.282863140, 7.282927976
7.292863136, 7.292921880
7.302863144, 7.302933373
7.312863142, 7.312926181
7.322863139, 7.322941857
7.332863133, 7.332936060
7.342863140, 7.342913973
7.352863140, 7.352926524
7.362863150, 7.362939390
7.372863142, 7.372929821
7.382863145, 7.382937835
7.392863142, 7.392934140
7.402863140, 7.402917439
7.412863140, 7.412917366
7.422863133, 7.422931638
7.432863139, 7.432922577
7.442863144, 7.442932276
7.452863147, 7.452919564
7.462863139, 7.462927046
7.472863136, 7.472936894
7.482863133, 7.482932806
7.492863142, 7.492939482
7.502863140, 7.502927575
7.512863150, 7.513002843
7.522863144, 7.523012958
7.532863142, 7.533011233
7.542863145, 7.543011431
7.552863139, 7.553073619
7.562863144, 7.563016497
7.572863139, 7.573026340
7.582863140, 7.583011342
7.592863136, 7.593014236
7.602863136, 7.603004924
7.612863131, 7.613017283
7.622863140, 7.623030498
7.632863145, 7.633008614
7.642863137, 7.643033036
7.652863147, 7.653007015
7.662863145, 7.663027501
7.672863136, 7.673010063
7.682863140, 7.683014480
7.692863137, 7.693022429
7.702863156, 7.703034051
7.712863142, 7.713016183
7.722863142, 7.723006872
7.732863131, 7.733052490
7.742863143, 7.743014722
7.752863145, 7.753016754
7.762863139, 7.763012021
7.772863148, 7.773007565
7.782863150, 7.783029128
7.792863148, 7.793037045
7.802863143, 7.803026746
7.812863143, 7.813008626
7.822863145, 7.823031842
7.832863140, 7.833022427
7.842863135, 7.843073653
7.852863145, 7.853030577
7.862863139, 7.863022548
7.872863137, 7.873018334
7.882863142, 7.883026528
7.892863140, 7.893023936
7.902863140, 7.903008030
7.912863137, 7.913001481
7.922863136, 7.923010128
7.932863137, 7.933021793
7.942863140, 7.943020303
7.952863136, 7.953013611
7.962863145, 7.963025095
7.972863137, 7.973018236
7.982863145, 7.983016564
7.992863142, 7.993026155
8.002863145, 8.003006478
8.012863145, 8.012989323
8.022863140, 8.022977459
8.032863147, 8.032974916
8.042863140, 8.042928008
8.052863145, 8.052932598
8.062863139, 8.062940737
8.072863147, 8.072928785
8.082863147, 8.083020789
8.092863133, 8.093014855
8.102863144, 8.103020824
8.112863142, 8.113015391
8.122863145, 8.123013340
8.132863139, 8.133028069
8.142863167, 8.143017809
8.152863134, 8.153018531
8.162863145, 8.163008218
8.172863137, 8.173015642
8.182863137, 8.183014860
8.192863134, 8.193002235
8.202863137, 8.203023934
8.212863131, 8.213012725
8.222863137, 8.223008695
8.232863133, 8.233015782
8.242863137, 8.243013329
8.252863133, 8.253019932
8.262863142, 8.263003871
8.272863137, 8.272998040
8.282863807, 8.283000317
8.292863139, 8.293003228
8.302863147, 8.303007090
8.312863137, 8.313010018
8.322863133, 8.322995814
8.332863145, 8.333004326
8.342863144, 8.343009585
8.352863137, 8.353010823
8.362863145, 8.363014489
8.372863142, 8.373004229
8.382863140, 8.383030829
8.392863133, 8.393005871
8.402863140, 8.403013763
8.412863133, 8.413018929
8.422863134, 8.423017271
8.432863137, 8.433008821
8.442863134, 8.443015244
8.452863137, 8.453012882
8.462863148, 8.463015956
8.472863147, 8.473026182
8.482863139, 8.483014514
8.492863137, 8.493044141
8.502863137, 8.503005570
8.512863142, 8.513005371
8.522863140, 8.523013474
8.532863144, 8.533001455
8.542863144, 8.543006825
8.552863134, 8.553017127
8.562863140, 8.563008867
8.572863144, 8.573022245
8.582863142, 8.583049477
8.592863134, 8.593010603
8.602863133, 8.603022535
8.612863133, 8.613016677
8.622863139, 8.623024799
8.632863134, 8.633008008
8.642863133, 8.643028582
8.652863133, 8.653005466
8.662863140, 8.663008829
8.672863131, 8.673021056
8.682863169, 8.683008904
8.692863134, 8.693008008
8.702863134, 8.703015850
8.712863137, 8.713011306
8.722863147, 8.723009735
8.732863144, 8.733013152
8.742863140, 8.743026746
8.752863140, 8.753024420
8.762863126, 8.763023187
8.772863144, 8.773009536
8.782863137, 8.783010735
8.792863155, 8.793012935
8.802863133, 8.803004833
8.812863140, 8.813015564
8.822863139, 8.823015179
8.832863147, 8.833015717
8.842863145, 8.843023181
8.852863139, 8.853013842
8.862863139, 8.863001438
8.872863140, 8.873012681
8.882863145, 8.883037151
8.892863150, 8.893016234
8.902863140, 8.903007943
8.912863155, 8.913012768
8.922863137, 8.923022438
8.932863140, 8.933014966
8.942863137, 8.943013728
8.952863147, 8.953027802
8.962863142, 8.963017858
8.972863140, 8.973008191
8.982863145, 8.983005001
8.992863145, 8.993015387
9.002863139, 9.003016494
9.012863133, 9.013022276
9.022863136, 9.023026887
9.032863147, 9.033025143
9.042863137, 9.043025991
9.052863163, 9.053011614
9.062863137, 9.063018321
9.072863145, 9.073006446
9.082863144, 9.083047335
9.092863142, 9.093010346
9.102863145, 9.103015585
9.112863152, 9.113014609
9.122863159, 9.123017652
9.132863139, 9.133003350
9.142863145, 9.143003858
9.152863145, 9.153011259
9.162863142, 9.163017546
9.172863144, 9.173012901
9.182863136, 9.183011876
9.192863147, 9.193024180
9.202863145, 9.203007597
9.212863147, 9.213008279
9.222863145, 9.223023664
9.232863140, 9.233023347
9.242863139, 9.243008349
9.252863148, 9.253023265
9.262863139, 9.263010884
9.272863147, 9.273026926
9.282863139, 9.283015482
9.292863134, 9.293017064
9.302863139, 9.303011451
9.312863137, 9.313019941
9.322863134, 9.323015959
9.332863137, 9.333015345
9.342863133, 9.343011938
9.352863139, 9.353012863
9.362863145, 9.363052773
9.372863144, 9.373008783
9.382863147, 9.383031967
9.392863139, 9.393009020
9.402863142, 9.403009787
9.412863144, 9.413011210
9.422863140, 9.423007195
9.432863137, 9.433026859
9.442863140, 9.443008077
9.452863137, 9.453058144
9.462863165, 9.463015512
9.472863137, 9.473096548
9.482863140, 9.482959313
9.492863142, 9.492961463
9.502863142, 9.503016624
9.512863144, 9.513024202
9.522863148, 9.523027110
9.532863144, 9.533010932
9.542863134, 9.542997859
9.552863136, 9.553008432
9.562863144, 9.563018269
9.572863144, 9.573022846
9.582863133, 9.583010491
9.592863144, 9.593011121
9.602863131, 9.603007125
9.612863129, 9.613014813
9.622863140, 9.623008139
9.632863137, 9.633010753
9.642863137, 9.643007123
9.652863139, 9.653014762
9.662863125, 9.663015045
9.672863133, 9.673017262
9.682863145, 9.683011453
9.692863137, 9.693018280
9.702863140, 9.703012874
9.712863137, 9.713015561
9.722863131, 9.723017033
9.732863144, 9.733019237
9.742863147, 9.743028570
9.752863145, 9.753005222
9.762863145, 9.762998948
9.772863134, 9.773016878
9.782863139, 9.783017435
9.792863147, 9.793014696
9.802863133, 9.803013477
9.812863139, 9.813005882
9.822863142, 9.823010164
9.832863139, 9.833008863
9.842863126, 9.843019643
9.852863134, 9.853013183
9.862863134, 9.863010472
9.872863133, 9.873016535
9.882863133, 9.883015946
9.892863137, 9.893001517
9.902863137, 9.903018648
9.912863133, 9.913006782
9.922863139, 9.923020028
9.932863134, 9.933022851
9.942863134, 9.943010198
9.952863133, 9.953011788
9.962863129, 9.962995091
9.972863139, 9.973041765
9.982863131, 9.983014045
9.992863134, 9.993047957
10.002863137, 10.003014090
10.012863136, 10.013034975
10.022863139, 10.023043299
10.032863134, 10.033038135
10.042863156, 10.043041002
10.052863137, 10.053039253
10.062863133, 10.063040975
10.072863131, 10.073038440
10.082863133, 10.083040967
10.092863139, 10.093037317
10.102863145, 10.103039706
10.112863134, 10.113039147
10.122863136, 10.123042881
10.132863142, 10.133041024
10.142863134, 10.143041727
10.152863145, 10.153037453
10.162863133, 10.163040994
10.172863145, 10.173042374
10.182863140, 10.183040896
10.192863134, 10.193041742
10.202863137, 10.203038773
10.212863145, 10.213037494
10.222863133, 10.223035640
10.232863142, 10.233041184
10.242863139, 10.243038911
10.252863137, 10.253038348
10.262863133, 10.263039202
10.272863133, 10.273041588
10.282863140, 10.283040357
10.292863136, 10.293038985
10.302863131, 10.303039304
10.312863139, 10.313038240
10.322863126, 10.323042046
10.332863131, 10.333038773
10.342863142, 10.343039742
10.352863131, 10.353039324
10.362863133, 10.363041165
10.372863131, 10.373038152
10.382863131, 10.383042263
10.392863133, 10.393040061
10.402863144, 10.403039674
10.412863136, 10.413044504
10.422863140, 10.423039020
10.432863137, 10.433040996
10.442863126, 10.443037562
10.452863137, 10.453040510
10.462863139, 10.463043375
10.472863140, 10.473040484
10.482863140, 10.483039620
10.492863134, 10.493040880
10.502863134, 10.503039723
10.512863136, 10.513038422
10.522863134, 10.523040299
10.532863139, 10.533039921
10.542863152, 10.543042483
10.552863139, 10.553040458
10.562863133, 10.563039489
10.572863137, 10.573040331
10.582863131, 10.583037047
10.592863140, 10.593038577
10.602863142, 10.603041141
10.612863128, 10.613040577
10.622863136, 10.623041247
10.632863150, 10.633036585
10.642863142, 10.643042884
10.652863139, 10.653038488
10.662863140, 10.663037705
10.672863133, 10.673038757
10.682863136, 10.683038580
10.692863131, 10.693040259
10.702863140, 10.703041635
10.712863133, 10.713041221
10.722863134, 10.723042851
10.732863131, 10.733036976
10.742863129, 10.743039813
10.752863131, 10.753040222
10.762863142, 10.763038970
10.772863147, 10.773043048
10.782863145, 10.783037738
10.792863137, 10.793041715
10.802863139, 10.803039418
10.812863147, 10.813041727
10.822863142, 10.823037527
10.832863140, 10.833039460
10.842863140, 10.843037970
10.852863137, 10.853036957
10.862863139, 10.863039096
10.872863144, 10.873036332
10.882863144, 10.883039043
10.892863145, 10.893040115
10.902863139, 10.903039554
10.912863133, 10.913039188
10.922863133, 10.923040408
10.932863136, 10.933037938
10.942863136, 10.943037836
10.952863137, 10.953041188
10.962863145, 10.963036894
10.972863131, 10.973040253
10.982863137, 10.983038809
10.992863134, 10.993036990
11.002863131, 11.003038828
11.012863134, 11.013037798
11.022863140, 11.023039688
11.032863126, 11.033037426
11.042863137, 11.043039972
11.052863133, 11.053034693
11.062863147, 11.063038076
11.072863140, 11.073038133
11.082863133, 11.083036794
11.092863131, 11.093040220
11.102863126, 11.103038674
11.112863131, 11.113040216
11.122863145, 11.123039153
11.132863142, 11.133036567
11.142863131, 11.143038861
11.152863137, 11.153037080
11.162863131, 11.163038659
11.172863133, 11.173040449
11.182863139, 11.183039413
11.192863145, 11.193041895
11.202863131, 11.203040250
11.212863134, 11.213036491
11.222863136, 11.223044580
11.232863142, 11.233041855
11.242863145, 11.243037086
11.252863137, 11.253042829
11.262863148, 11.263038521
11.272863139, 11.273036690
11.282863137, 11.283041119
11.292863147, 11.293036259
11.302863133, 11.303039668
11.312863136, 11.313040154
11.322863164, 11.323040347
11.332863133, 11.333036772
11.342863129, 11.343040363
11.352863136, 11.353037907
11.362863134, 11.363038877
11.372863133, 11.373043325
11.382863153, 11.383036412
11.392863131, 11.393041915
11.402863136, 11.403039572
11.412863148, 11.413037607
11.422863139, 11.423037633
11.432863137, 11.433036903
11.442863137, 11.443039447
11.452863133, 11.453038812
11.462863125, 11.462966926
11.472863133, 11.472962971
11.482863137, 11.483041049
11.492863142, 11.493035995
11.502863134, 11.503038117
11.512863136, 11.513038356
11.522863133, 11.523040363
11.532863136, 11.533042313
11.542863140, 11.543038389
11.552863148, 11.553040394
11.562863137, 11.563036497
11.572863134, 11.573036523
11.582863137, 11.583040035
11.592863167, 11.593037879
11.602863136, 11.603040435
11.612863133, 11.613040660
11.622863142, 11.623041549
11.632863147, 11.633038175
11.642863129, 11.643041884
11.652863137, 11.653041079
11.662863147, 11.663041867
11.672863161, 11.673043014
11.682863153, 11.683043001
11.692863142, 11.693040020
11.702863139, 11.703042541
11.712863155, 11.713042578
11.722863142, 11.723041911
11.732863139, 11.733036680
11.742863145, 11.743040991
11.752863140, 11.753037719
11.762863137, 11.763039558
11.772863145, 11.773038327
11.782863142, 11.783038803
11.792863134, 11.793042850
11.802863145, 11.803036243
11.812863139, 11.813039095
11.822863134, 11.823041784
11.832863137, 11.833040165
11.842863136, 11.843040089
11.852863139, 11.853038870
11.862863137, 11.863045134
11.872863126, 11.873037558
11.882863136, 11.883038898
11.892863134, 11.893036101
11.902863134, 11.903041336
11.912863134, 11.913037816
11.922863139, 11.923040996
11.932863131, 11.933039958
11.942863129, 11.943039178
11.952863131, 11.953041898
11.962863139, 11.963038287
11.972863137, 11.973041760
11.982863134, 11.983040035
11.992863137, 11.993036692
12.002863134, 12.003041459
12.012863142, 12.013038133
12.022863148, 12.023041995
12.032863144, 12.033038278
12.042863145, 12.043001883
12.052863139, 12.053036922
------------------------------
