------------------------------
test was performed using the following parameters: --mps=100 --burst=1 --reply-every=1 --msg-size=12 --time=10
------------------------------
sockperf: [Total Run] RunTime=10.100 sec; SentMessages=1011; ReceivedMessages=1010
sockperf: ========= Printing statistics for Server No: 0
sockperf: [Valid Duration] RunTime=9.990 sec; SentMessages=1000; ReceivedMessages=1000
sockperf: [2;35m====> avg-lat= 66.953 (std-dev=18.415)[0m
sockperf: # dropped messages = 0; # duplicated messages = 0; # out-of-order messages = 0
sockperf: [2;35mTotal 1000 observations[0m; each percentile contains 10.00 observations
sockperf: ---> <MAX> observation =  123.465
sockperf: ---> percentile  99.99 =  123.465
sockperf: ---> percentile  99.90 =  118.367
sockperf: ---> percentile  99.50 =  113.073
sockperf: ---> percentile  99.00 =  107.697
sockperf: ---> percentile  95.00 =   93.276
sockperf: ---> percentile  90.00 =   87.716
sockperf: ---> percentile  75.00 =   84.566
sockperf: ---> percentile  50.00 =   66.973
sockperf: ---> percentile  25.00 =   50.995
sockperf: ---> <MIN> observation =   25.695
------------------------------
txTime, rxTime
2.062763451, 2.062958612
2.072763451, 2.072898972
2.082763459, 2.082909603
2.092763453, 2.092884358
2.102763452, 2.102874796
2.112763450, 2.112907511
2.122763454, 2.122859731
2.132763458, 2.132863167
2.142763449, 2.142825239
2.152763448, 2.152834796
2.162763448, 2.162828126
2.172763453, 2.172865589
2.182763451, 2.182843608
2.192763447, 2.192864946
2.202763451, 2.202864843
2.212763469, 2.212873402
2.222763452, 2.222874424
2.232763447, 2.232836364
2.242763454, 2.242879544
2.252763447, 2.252991736
2.262763445, 2.262935182
2.272763444, 2.272912818
2.282763453, 2.282898578
2.292763453, 2.292869103
2.302763445, 2.302841858
2.312763449, 2.312829002
2.322763454, 2.322863432
2.332763458, 2.332835796
2.342763454, 2.342862980
2.352763452, 2.352864860
2.362763461, 2.362894457
2.372763453, 2.372873151
2.382763443, 2.382865391
2.392763447, 2.392886363
2.402763453, 2.402832111
2.412763450, 2.412860922
2.422763453, 2.422868818
2.432763520, 2.432906363
2.442763451, 2.442955847
2.452763460, 2.452861416
2.462763457, 2.462948198
2.472763452, 2.472934415
2.482763454, 2.482839507
2.492763457, 2.493000193
2.502763448, 2.502921166
2.512763453, 2.512906196
2.522763457, 2.522953284
2.532763460, 2.532902081
2.542763449, 2.542888009
2.552763447, 2.552930419
2.562763451, 2.562866808
2.572763469, 2.572856864
2.582763451, 2.582868432
2.592763450, 2.592852278
2.602763461, 2.602904692
2.612763449, 2.612840089
2.622763454, 2.622865934
2.632763463, 2.632847492
2.642763446, 2.642869991
2.652763450, 2.652885318
2.662763454, 2.662828837
2.672763455, 2.672883074
2.682763453, 2.682840437
2.692763460, 2.692939002
2.702763448, 2.702909406
2.712763453, 2.712951790
2.722763461, 2.722851985
2.732763449, 2.732873626
2.742763446, 2.742880711
2.752763458, 2.752828654
2.762763451, 2.762850741
2.772763449, 2.772855530
2.782763448, 2.782891052
2.792763450, 2.792845296
2.802763454, 2.802860599
2.812763455, 2.812866202
2.822763456, 2.822999780
2.832763446, 2.832923652
2.842763454, 2.842935904
2.852763458, 2.852930456
2.862763449, 2.862929386
2.872763463, 2.872897224
2.882763456, 2.882889447
2.892763455, 2.892922188
2.902763464, 2.902893322
2.912763453, 2.912907460
2.922763449, 2.922907139
2.932763450, 2.932915866
2.942763457, 2.942899832
2.952763450, 2.952867244
2.962763446, 2.962909722
2.972763458, 2.973010389
2.982763461, 2.982855471
2.992763446, 2.992924145
3.002763453, 3.002928367
3.012763453, 3.012905915
3.022763449, 3.022895736
3.032763449, 3.032873827
3.042763449, 3.042843126
3.052763450, 3.052857910
3.062763453, 3.062894887
3.072763452, 3.072910700
3.082763467, 3.082871409
3.092763453, 3.092887737
3.102763451, 3.102935193
3.112763450, 3.112866695
3.122763451, 3.122867777
3.132763450, 3.132868514
3.142763454, 3.142869337
3.152763453, 3.152868973
3.162763445, 3.162867993
3.172763458, 3.172919138
3.182763448, 3.182928985
3.192763450, 3.192864145
3.202763456, 3.202875493
3.212763447, 3.212842776
3.222763454, 3.222877797
3.232763463, 3.232874491
3.242763461, 3.242865451
3.252763446, 3.252851029
3.262763459, 3.262862796
3.272763453, 3.272878882
3.282763448, 3.282864581
3.292763447, 3.292852963
3.302763461, 3.302853426
3.312763468, 3.312847704
3.322763472, 3.322888172
3.332763453, 3.332910099
3.342763461, 3.342894309
3.352763464, 3.352914273
3.362763457, 3.362924627
3.372763471, 3.372986717
3.382763454, 3.382904133
3.392763452, 3.392897839
3.402763445, 3.402901035
3.412763452, 3.412896236
3.422763456, 3.422895372
3.432763466, 3.432922302
3.442763454, 3.442930616
3.452763466, 3.452894416
3.462763445, 3.462920355
3.472763461, 3.472910921
3.482763451, 3.482941250
3.492763458, 3.492931310
3.502763449, 3.502883230
3.512763457, 3.512952792
3.522763453, 3.522891217
3.532763452, 3.532952562
3.542763448, 3.542915741
3.552763449, 3.552908741
3.562763462, 3.562886266
3.572763446, 3.572849786
3.582763457, 3.582854860
3.592763463, 3.592932745
3.602763461, 3.602947096
3.612763455, 3.612856313
3.622763449, 3.622853625
3.632763449, 3.632874682
3.642763456, 3.642883043
3.652763450, 3.652852102
3.662763459, 3.662879278
3.672763452, 3.672847819
3.682763456, 3.682862058
3.692763452, 3.692870782
3.702763449, 3.702871759
3.712763449, 3.712886058
3.722763445, 3.722874959
3.732763452, 3.732871899
3.742763451, 3.742836107
3.752763458, 3.752870141
3.762763456, 3.762862309
3.772763463, 3.772884082
3.782763457, 3.782859328
3.792763453, 3.792858780
3.802763456, 3.802890570
3.812763453, 3.812827258
3.822763449, 3.822852604
3.832763458, 3.832934655
3.842763462, 3.842920389
3.852763460, 3.852928008
3.862763451, 3.862905410
3.872763450, 3.872918508
3.882763454, 3.882891903
3.892763457, 3.892894796
3.902763464, 3.902917904
3.912763452, 3.912924825
3.922763448, 3.922933414
3.932763453, 3.932933446
3.942763454, 3.942886677
3.952763463, 3.952884767
3.962763453, 3.962898687
3.972763452, 3.972859983
3.982763453, 3.982897813
3.992763452, 3.992926065
4.002763449, 4.002924172
4.012763450, 4.012977450
4.022763449, 4.022904453
4.032763460, 4.032892762
4.042763456, 4.042838277
4.052763444, 4.052859261
4.062763442, 4.062929384
4.072763452, 4.072921546
4.082763457, 4.082869080
4.092763450, 4.092904307
4.102763478, 4.102914197
4.112763447, 4.112859182
4.122763449, 4.122863833
4.132763447, 4.132846690
4.142763464, 4.142859024
4.152763450, 4.152836672
4.162763448, 4.162886673
4.172763452, 4.172866864
4.182763445, 4.182856971
4.192763452, 4.192873639
4.202763461, 4.202869116
4.212763450, 4.212897270
4.222763467, 4.222905915
4.232763457, 4.232848954
4.242763453, 4.242861060
4.252763457, 4.252854393
4.262763457, 4.262852266
4.272763460, 4.272914881
4.282763454, 4.282914620
4.292763455, 4.292898904
4.302763442, 4.302894672
4.312763450, 4.312851027
4.322763462, 4.322887048
4.332763468, 4.332871124
4.342763453, 4.342857108
4.352763453, 4.352869278
4.362763453, 4.362880149
4.372763458, 4.372839149
4.382763453, 4.382893302
4.392763449, 4.392847446
4.402763448, 4.402890021
4.412763452, 4.412880332
4.422763451, 4.422829981
4.432763461, 4.432879920
4.442763449, 4.442859630
4.452763447, 4.452853764
4.462763454, 4.462896122
4.472763447, 4.472866780
4.482763457, 4.482876472
4.492763449, 4.492887004
4.502763453, 4.502865699
4.512763453, 4.512883035
4.522763465, 4.522870243
4.532763452, 4.532847170
4.542763446, 4.542852544
4.552763463, 4.552916083
4.562763456, 4.562855893
4.572763452, 4.572850429
4.582763449, 4.582857805
4.592763471, 4.592895934
4.602763445, 4.602927227
4.612763464, 4.612907006
4.622763448, 4.622866323
4.632763447, 4.632828218
4.642763457, 4.642875012
4.652763450, 4.652920568
4.662763448, 4.662881431
4.672763463, 4.672918931
4.682763453, 4.682934317
4.692763450, 4.692895008
4.702763461, 4.702896586
4.712763453, 4.712881955
4.722763449, 4.722945213
4.732763450, 4.732942368
4.742763462, 4.742882205
4.752763457, 4.752882285
4.762763454, 4.762970770
4.772763453, 4.772931152
4.782763446, 4.782928369
4.792763469, 4.792927535
4.802763456, 4.802958330
4.812763450, 4.812855713
4.822763454, 4.822946211
4.832763449, 4.832848514
4.842763454, 4.842860819
4.852763466, 4.852892426
4.862763459, 4.862898641
4.872763450, 4.872872762
4.882763457, 4.882840102
4.892763450, 4.892866429
4.902763454, 4.902866002
4.912763466, 4.912870704
4.922763459, 4.922867982
4.932763457, 4.932850944
4.942763454, 4.942868442
4.952763453, 4.952844244
4.962763448, 4.962902177
4.972763450, 4.972911843
4.982763446, 4.982899830
4.992763457, 4.992854239
5.002763464, 5.002908702
5.012763453, 5.012908082
5.022763448, 5.022927737
5.032763463, 5.032903799
5.042763448, 5.042922972
5.052763460, 5.052903174
5.062763457, 5.062853840
5.072763453, 5.072918846
5.082763459, 5.082912616
5.092763455, 5.092898900
5.102763461, 5.102912574
5.112763447, 5.112897393
5.122763446, 5.122873223
5.132763452, 5.132933688
5.142763457, 5.142925260
5.152763463, 5.152914422
5.162763449, 5.162916164
5.172763453, 5.172890167
5.182763462, 5.182886733
5.192763453, 5.192913939
5.202763456, 5.202858771
5.212763450, 5.212894035
5.222763461, 5.222904378
5.232763457, 5.232893787
5.242763451, 5.242881954
5.252763447, 5.252849014
5.262763465, 5.262850155
5.272763464, 5.272913871
5.282763459, 5.282912563
5.292763452, 5.292861047
5.302763453, 5.302848030
5.312763447, 5.312849889
5.322763449, 5.322856778
5.332763461, 5.332861301
5.342763453, 5.342894836
5.352763450, 5.352905856
5.362763461, 5.362857161
5.372763449, 5.372848574
5.382763451, 5.382850147
5.392763444, 5.392847653
5.402763451, 5.402847194
5.412763449, 5.412870898
5.422763456, 5.422872181
5.432763446, 5.432882157
5.442763456, 5.442851568
5.452763471, 5.452887040
5.462763454, 5.462834139
5.472763452, 5.472873397
5.482763449, 5.482859428
5.492763449, 5.492871030
5.502763451, 5.502910019
5.512763464, 5.512862861
5.522763457, 5.522890335
5.532763447, 5.532845716
5.542763451, 5.542842352
5.552763460, 5.552874842
5.562763456, 5.562832609
5.572763457, 5.572884221
5.582763454, 5.582875799
5.592763458, 5.592845443
5.602763451, 5.602868882
5.612763457, 5.612877944
5.622763457, 5.622853224
5.632763463, 5.632850732
5.642763446, 5.642860441
5.652763449, 5.652879984
5.662763446, 5.662876630
5.672763449, 5.672901311
5.682763449, 5.682835230
5.692763463, 5.692832631
5.702763454, 5.702878814
5.712763458, 5.712851791
5.722763472, 5.722868053
5.732763446, 5.732870735
5.742763453, 5.742877020
5.752763461, 5.752872652
5.762763453, 5.762866424
5.772763450, 5.772881457
5.782763445, 5.782875364
5.792763446, 5.792860922
5.802763443, 5.802872605
5.812763463, 5.812848717
5.822763451, 5.822921370
5.832763446, 5.832896133
5.842763457, 5.842879396
5.852763452, 5.852866019
5.862763446, 5.862854822
5.872763459, 5.872841871
5.882763457, 5.882850263
5.892763458, 5.892882625
5.902763451, 5.902871403
5.912763451, 5.912864534
5.922763459, 5.922882367
5.932763472, 5.932949153
5.942763452, 5.942942454
5.952763455, 5.952909266
5.962763451, 5.962906495
5.972763450, 5.972874925
5.982763454, 5.982969840
5.992763469, 5.992965641
6.002763460, 6.002966018
6.012763453, 6.012950007
6.022763457, 6.022929772
6.032763455, 6.032882101
6.042763444, 6.042913208
6.052763453, 6.052920664
6.062763457, 6.062964680
6.072763458, 6.072915602
6.082763465, 6.082945978
6.092763453, 6.092945103
6.102763454, 6.102927668
6.112763467, 6.112973614
6.122763474, 6.122924333
6.132763450, 6.132970839
6.142763459, 6.142919568
6.152763455, 6.152867436
6.162763446, 6.162856682
6.172763464, 6.172862853
6.182763451, 6.182943059
6.192763455, 6.192899763
6.202763460, 6.202856262
6.212763459, 6.212950994
6.222763446, 6.222887336
6.232763467, 6.232942591
6.242763446, 6.242923878
6.252763455, 6.252923682
6.262763460, 6.262961611
6.272763451, 6.272948491
6.282763452, 6.282973292
6.292763453, 6.292951564
6.302763457, 6.302959634
6.312763456, 6.312978852
6.322763451, 6.322920779
6.332763455, 6.332908821
6.342763459, 6.342900042
6.352763459, 6.352844490
6.362763459, 6.362883548
6.372763453, 6.372963773
6.382763463, 6.382896219
6.392763464, 6.392852167
6.402763449, 6.402951596
6.412763472, 6.412913777
6.422763448, 6.422931012
6.432763455, 6.432865119
6.442763446, 6.442899893
6.452763453, 6.452876881
6.462763446, 6.462900330
6.472763463, 6.472861290
6.482763451, 6.482841328
6.492763474, 6.492907414
6.502763462, 6.502889341
6.512763463, 6.512904796
6.522763449, 6.522904102
6.532763450, 6.532838111
6.542763446, 6.542885028
6.552763448, 6.552847476
6.562763449, 6.562921530
6.572763458, 6.572858602
6.582763452, 6.582865051
6.592763453, 6.592918397
6.602763449, 6.602917733
6.612763455, 6.612917292
6.622763448, 6.622898257
6.632763447, 6.632876839
6.642763460, 6.642933560
6.652763453, 6.652905114
6.662763448, 6.662853707
6.672763453, 6.672878096
6.682763462, 6.682854182
6.692763450, 6.692890975
6.702763460, 6.702840215
6.712763451, 6.712847735
6.722763455, 6.722848962
6.732763458, 6.732913915
6.742763468, 6.742904657
6.752763456, 6.752900974
6.762763440, 6.762913154
6.772763448, 6.772889341
6.782763446, 6.782908844
6.792763453, 6.792902708
6.802763448, 6.802897931
6.812763448, 6.812916153
6.822763443, 6.822890063
6.832763451, 6.832918160
6.842763455, 6.842929987
6.852763453, 6.852964733
6.862763453, 6.862942194
6.872763450, 6.872950485
6.882763454, 6.882901719
6.892763450, 6.892940808
6.902763449, 6.902918889
6.912763450, 6.912936438
6.922763459, 6.922940162
6.932763452, 6.932875380
6.942763443, 6.942945647
6.952763452, 6.952950293
6.962763459, 6.962989605
6.972763452, 6.972889022
6.982763453, 6.982884971
6.992763452, 6.992878429
7.002763446, 7.002847114
7.012763453, 7.012875286
7.022763451, 7.022865191
7.032763453, 7.032875181
7.042763521, 7.042884755
7.052763449, 7.052927549
7.062763459, 7.062894841
7.072763455, 7.072956542
7.082763464, 7.082864455
7.092763452, 7.092870216
7.102763448, 7.102853512
7.112763455, 7.112863436
7.122763451, 7.122861482
7.132763464, 7.132877624
7.142763461, 7.142840112
7.152763449, 7.152877256
7.162763453, 7.162865713
7.172763457, 7.172857444
7.182763454, 7.182959794
7.192763452, 7.192889193
7.202763453, 7.202923624
7.212763455, 7.212974071
7.222763454, 7.222926866
7.232763446, 7.232912148
7.242763445, 7.242905464
7.252763455, 7.252914070
7.262763449, 7.262862006
7.272763444, 7.272882392
7.282763456, 7.282878021
7.292763453, 7.292907018
7.302763464, 7.302868633
7.312763468, 7.312871885
7.322763445, 7.322867932
7.332763452, 7.332862152
7.342763448, 7.342890030
7.352763461, 7.352873547
7.362763448, 7.362836496
7.372763442, 7.372866014
7.382763446, 7.382859783
7.392763449, 7.392859058
7.402763454, 7.402855965
7.412763447, 7.412868594
7.422763449, 7.422845720
7.432763468, 7.432878394
7.442763449, 7.442897686
7.452763452, 7.452942413
7.462763453, 7.462885549
7.472763463, 7.472897000
7.482763459, 7.482900293
7.492763460, 7.492891532
7.502763448, 7.502872274
7.512763452, 7.512838611
7.522763448, 7.522864131
7.532763450, 7.532867838
7.542763451, 7.542897520
7.552763461, 7.552876904
7.562763462, 7.562862008
7.572763464, 7.572860246
7.582763462, 7.582937812
7.592763455, 7.592924317
7.602763451, 7.602884603
7.612763450, 7.612910062
7.622763448, 7.622885524
7.632763450, 7.632906385
7.642763472, 7.642939063
7.652763447, 7.652885212
7.662763454, 7.662855931
7.672763450, 7.672901361
7.682763462, 7.682844269
7.692763461, 7.692814851
7.702763465, 7.702859491
7.712763450, 7.712889316
7.722763443, 7.722850295
7.732763450, 7.732846311
7.742763459, 7.742841195
7.752763452, 7.752887925
7.762763456, 7.762843932
7.772763460, 7.772890494
7.782763449, 7.782852397
7.792763463, 7.792840498
7.802763464, 7.802918141
7.812763477, 7.812906032
7.822763457, 7.822895997
7.832763446, 7.832858537
7.842763442, 7.842865085
7.852763457, 7.852848247
7.862763454, 7.862846560
7.872763450, 7.872843917
7.882763448, 7.882835577
7.892763453, 7.892860875
7.902763451, 7.902861651
7.912763446, 7.912855402
7.922763451, 7.922907065
7.932763457, 7.932904047
7.942763453, 7.942897753
7.952763453, 7.952949581
7.962763457, 7.962870611
7.972763452, 7.972983845
7.982763457, 7.982959336
7.992763455, 7.992911439
8.002763453, 8.002998289
8.012763457, 8.012924017
8.022763456, 8.022888448
8.032763457, 8.032871862
8.042763448, 8.042878345
8.052763452, 8.052949721
8.062763449, 8.062930602
8.072763447, 8.072952611
8.082763453, 8.082915897
8.092763460, 8.092923581
8.102763461, 8.102939305
8.112763453, 8.112972041
8.122763453, 8.122941644
8.132763460, 8.132914594
8.142763456, 8.142946732
8.152763463, 8.152912565
8.162763446, 8.162912550
8.172763453, 8.172917809
8.182763454, 8.182941960
8.192763457, 8.192975648
8.202763443, 8.202940384
8.212763461, 8.212926005
8.222763461, 8.222916030
8.232763455, 8.232958620
8.242763469, 8.242942362
8.252763448, 8.252920708
8.262763458, 8.262949513
8.272763454, 8.272930266
8.282763451, 8.282939010
8.292763449, 8.292963960
8.302763447, 8.302942496
8.312763449, 8.312942489
8.322763451, 8.322929156
8.332763463, 8.332931097
8.342763450, 8.342935689
8.352763448, 8.352927350
8.362763461, 8.362943925
8.372763446, 8.372943204
8.382763444, 8.382956062
8.392763462, 8.392950292
8.402763448, 8.402940308
8.412763444, 8.412941565
8.422763458, 8.422926097
8.432763460, 8.432928343
8.442763478, 8.442980157
8.452763449, 8.452923779
8.462763450, 8.462953788
8.472763446, 8.472936658
8.482763456, 8.482911609
8.492763448, 8.492914798
8.502763453, 8.502945521
8.512763466, 8.512935669
8.522763453, 8.522960252
8.532763451, 8.532924226
8.542763455, 8.542907667
8.552763446, 8.552925443
8.562763453, 8.562855217
8.572763452, 8.572910192
8.582763456, 8.582875386
8.592763454, 8.592855791
8.602763455, 8.602863982
8.612763451, 8.612900365
8.622763451, 8.622863533
8.632763452, 8.632937970
8.642763461, 8.642843726
8.652763451, 8.652947049
8.662763453, 8.662891256
8.672763452, 8.672858693
8.682763453, 8.682874759
8.692763448, 8.692867595
8.702763453, 8.702854046
8.712763448, 8.712937162
8.722763469, 8.722863593
8.732763448, 8.732844096
8.742763448, 8.742880544
8.752763470, 8.752869376
8.762763455, 8.762849453
8.772763455, 8.772860983
8.782763458, 8.782819436
8.792763454, 8.792843381
8.802763456, 8.802880649
8.812763465, 8.812844087
8.822763447, 8.822837316
8.832763452, 8.832854648
8.842763458, 8.842870859
8.852763452, 8.852918049
8.862763461, 8.862862750
8.872763455, 8.872884878
8.882763451, 8.882855937
8.892763451, 8.892868227
8.902763458, 8.902881444
8.912763465, 8.912866135
8.922763445, 8.922862835
8.932763448, 8.932876784
8.942763453, 8.942871486
8.952763446, 8.952845598
8.962763469, 8.962885190
8.972763452, 8.972886090
8.982763453, 8.982860676
8.992763449, 8.992897457
9.002763448, 9.002882485
9.012763454, 9.012985964
9.022763467, 9.022845821
9.032763446, 9.032848803
9.042763450, 9.042888614
9.052763454, 9.052893770
9.062763463, 9.062860734
9.072763460, 9.072883294
9.082763470, 9.082961338
9.092763463, 9.092863258
9.102763447, 9.102893599
9.112763451, 9.112877365
9.122763450, 9.122851077
9.132763446, 9.132837705
9.142763461, 9.142908859
9.152763449, 9.152918071
9.162763456, 9.162884959
9.172763451, 9.172925135
9.182763455, 9.182862670
9.192763444, 9.192902989
9.202763463, 9.202882365
9.212763457, 9.212843143
9.222763451, 9.222880124
9.232763454, 9.232857610
9.242763453, 9.242892015
9.252763452, 9.252913727
9.262763469, 9.262913802
9.272763462, 9.272914607
9.282763456, 9.282828010
9.292763468, 9.292842066
9.302763463, 9.302868224
9.312763452, 9.312854380
9.322763456, 9.322859667
9.332763455, 9.332845282
9.342763463, 9.342857560
9.352763451, 9.352886551
9.362763458, 9.362854493
9.372763451, 9.372855940
9.382763466, 9.382847135
9.392763462, 9.392880919
9.402763453, 9.402877044
9.412763455, 9.412858971
9.422763461, 9.422865745
9.432763451, 9.432866940
9.442763456, 9.442896193
9.452763454, 9.452837413
9.462763450, 9.462857996
9.472763451, 9.472865247
9.482763451, 9.482903889
9.492763452, 9.492908864
9.502763472, 9.502880623
9.512763448, 9.512858423
9.522763456, 9.522862798
9.532763462, 9.532852894
9.542763459, 9.542873581
9.552763465, 9.552907172
9.562763453, 9.562946686
9.572763473, 9.572873998
9.582763448, 9.582880244
9.592763466, 9.592849052
9.602763459, 9.602860049
9.612763444, 9.612869127
9.622763459, 9.622879924
9.632763454, 9.632857939
9.642763458, 9.642876326
9.652763462, 9.652827592
9.662763455, 9.662854930
9.672763451, 9.672869610
9.682763458, 9.682899297
9.692763462, 9.692843405
9.702763458, 9.702878263
9.712763451, 9.712859085
9.722763459, 9.722837592
9.732763452, 9.732914978
9.742763455, 9.742931022
9.752763454, 9.752912703
9.762763475, 9.762877252
9.772763460, 9.772869130
9.782763450, 9.782908027
9.792763444, 9.792865053
9.802763450, 9.802853452
9.812763454, 9.812885359
9.822763451, 9.822845327
9.832763452, 9.832840501
9.842763447, 9.842859261
9.852763448, 9.852890336
9.862763453, 9.862841103
9.872763454, 9.872848055
9.882763456, 9.882880153
9.892763459, 9.892899059
9.902763456, 9.902912975
9.912763449, 9.912851618
9.922763450, 9.922852963
9.932763448, 9.932858395
9.942763448, 9.942864343
9.952763466, 9.952819587
9.962763444, 9.962827110
9.972763460, 9.972825459
9.982763445, 9.982897388
9.992763457, 9.992901714
10.002763450, 10.002899523
10.012763452, 10.012898745
10.022763451, 10.022900390
10.032763446, 10.032896705
10.042763447, 10.042897851
10.052763459, 10.052899822
10.062763450, 10.062897222
10.072763455, 10.072895182
10.082763458, 10.082894949
10.092763446, 10.092899912
10.102763461, 10.102900003
10.112763452, 10.112895673
10.122763451, 10.122899907
10.132763466, 10.132895570
10.142763459, 10.142897957
10.152763452, 10.152893840
10.162763458, 10.162897590
10.172763448, 10.172897433
10.182763453, 10.182899130
10.192763459, 10.192897500
10.202763448, 10.202905685
10.212763459, 10.212897503
10.222763455, 10.222892438
10.232763454, 10.232904565
10.242763444, 10.242929284
10.252763451, 10.252934506
10.262763445, 10.262933705
10.272763452, 10.272933768
10.282763450, 10.282938961
10.292763452, 10.292934389
10.302763444, 10.302932584
10.312763448, 10.312933895
10.322763445, 10.322934851
10.332763451, 10.332932291
10.342763445, 10.342933649
10.352763446, 10.352931837
10.362763440, 10.362939341
10.372763448, 10.372932745
10.382763447, 10.382934019
10.392763446, 10.392934703
10.402763451, 10.402933169
10.412763451, 10.412935058
10.422763451, 10.422932516
10.432763463, 10.432931923
10.442763466, 10.442936498
10.452763455, 10.452934495
10.462763458, 10.462932782
10.472763448, 10.472935141
10.482763442, 10.482933397
10.492763465, 10.492931902
10.502763451, 10.502934066
10.512763452, 10.512932570
10.522763475, 10.522940255
10.532763444, 10.532947988
10.542763448, 10.542933191
10.552763451, 10.552931795
10.562763448, 10.562932312
10.572763449, 10.572940017
10.582763451, 10.582934279
10.592763453, 10.592933759
10.602763454, 10.602937497
10.612763446, 10.612934736
10.622763446, 10.622933709
10.632763450, 10.632824484
10.642763454, 10.642932026
10.652763450, 10.652934336
10.662763448, 10.662932640
10.672763442, 10.672932200
10.682763451, 10.682939077
10.692763447, 10.692932862
10.702763453, 10.702935862
10.712763442, 10.712932363
10.722763445, 10.722933477
10.732763447, 10.732934580
10.742763451, 10.742933445
10.752763452, 10.752932284
10.762763454, 10.762937797
10.772763449, 10.772933167
10.782763448, 10.782932929
10.792763461, 10.792935102
10.802763459, 10.802933409
10.812763444, 10.812931376
10.822763451, 10.822932370
10.832763458, 10.832910370
10.842763451, 10.842936826
10.852763460, 10.852934589
10.862763453, 10.862933368
10.872763460, 10.872932469
10.882763457, 10.882933977
10.892763450, 10.892933411
10.902763453, 10.902933205
10.912763460, 10.912823035
10.922763462, 10.922938880
10.932763457, 10.932934867
10.942763448, 10.942932716
10.952763452, 10.952934505
10.962763448, 10.962931625
10.972763452, 10.972933890
10.982763459, 10.982932253
10.992763460, 10.992934343
11.002763457, 11.002936688
11.012763455, 11.012933656
11.022763457, 11.022932548
11.032763455, 11.032931428
11.042763459, 11.042934636
11.052763474, 11.052934695
11.062763461, 11.062935809
11.072763453, 11.072934411
11.082763448, 11.082939240
11.092763450, 11.092932963
11.102763459, 11.102934697
11.112763446, 11.112932683
11.122763445, 11.122933055
11.132763446, 11.132934430
11.142763448, 11.142931655
11.152763449, 11.152935082
11.162763449, 11.162938092
11.172763449, 11.172935322
11.182763445, 11.182934468
11.192763452, 11.192933557
11.202763440, 11.202932946
11.212763457, 11.212931163
11.222763445, 11.222934044
11.232763460, 11.232941135
11.242763445, 11.242937708
11.252763452, 11.252936590
11.262763448, 11.262933047
11.272763461, 11.272932879
11.282763459, 11.282933557
11.292763447, 11.292932958
11.302763446, 11.302932640
11.312763450, 11.312935859
11.322763454, 11.322938352
11.332763446, 11.332934539
11.342763446, 11.342932801
11.352763469, 11.352934671
11.362763451, 11.362934162
11.372763444, 11.372934706
11.382763453, 11.382932973
11.392763464, 11.392931908
11.402763443, 11.402938040
11.412763452, 11.412934210
11.422763467, 11.422935874
11.432763450, 11.432932189
11.442763448, 11.442935108
11.452763449, 11.452934466
11.462763448, 11.462933977
11.472763452, 11.472932881
11.482763448, 11.482937604
11.492763444, 11.492933894
11.502763449, 11.502933227
11.512763452, 11.512934029
11.522763476, 11.522933418
11.532763444, 11.532933504
11.542763462, 11.542933044
11.552763450, 11.552933522
11.562763449, 11.562938883
11.572763444, 11.572935454
11.582763446, 11.582935155
11.592763446, 11.592932453
11.602763448, 11.602933518
11.612763449, 11.612933260
11.622763440, 11.622933663
11.632763457, 11.632931990
11.642763448, 11.642936562
11.652763449, 11.652934993
11.662763451, 11.662931925
11.672763446, 11.672934772
11.682763449, 11.682933257
11.692763463, 11.692934065
11.702763451, 11.702933366
11.712763452, 11.712932867
11.722763465, 11.722830427
11.732763447, 11.732937436
11.742763449, 11.742934563
11.752763449, 11.752934081
11.762763445, 11.762934675
11.772763444, 11.772932514
11.782763449, 11.782935968
11.792763458, 11.792932360
11.802763445, 11.802937595
11.812763446, 11.812939073
11.822763448, 11.822934511
11.832763446, 11.832926732
11.842763454, 11.842931956
11.852763448, 11.852934806
11.862763439, 11.862932489
11.872763451, 11.872935119
11.882763446, 11.882939190
11.892763453, 11.892935004
11.902763449, 11.902932582
11.912763451, 11.912933742
11.922763442, 11.922933111
11.932763449, 11.932931885
11.942763447, 11.942932753
11.952763446, 11.952934099
11.962763450, 11.962938708
11.972763453, 11.972933387
11.982763455, 11.982933167
11.992763479, 11.992925211
12.002763450, 12.002933539
12.012763456, 12.012932664
12.022763455, 12.022932514
12.032763454, 12.032934235
12.042763441, 12.042937070
12.052763446, 12.052934732
------------------------------
