------------------------------
test was performed using the following parameters: --mps=100 --burst=1 --reply-every=1 --msg-size=12 --time=10
------------------------------
sockperf: [Total Run] RunTime=10.100 sec; SentMessages=1011; ReceivedMessages=1010
sockperf: ========= Printing statistics for Server No: 0
sockperf: [Valid Duration] RunTime=9.990 sec; SentMessages=1000; ReceivedMessages=1000
sockperf: [2;35m====> avg-lat=1323.524 (std-dev=646.750)[0m
sockperf: # dropped messages = 0; # duplicated messages = 0; # out-of-order messages = 0
sockperf: [2;35mTotal 1000 observations[0m; each percentile contains 10.00 observations
sockperf: ---> <MAX> observation = 1966.507
sockperf: ---> percentile  99.99 = 1966.507
sockperf: ---> percentile  99.90 = 1966.293
sockperf: ---> percentile  99.50 = 1959.502
sockperf: ---> percentile  99.00 = 1936.540
sockperf: ---> percentile  95.00 = 1898.547
sockperf: ---> percentile  90.00 = 1859.720
sockperf: ---> percentile  75.00 = 1787.648
sockperf: ---> percentile  50.00 = 1606.689
sockperf: ---> percentile  25.00 = 1191.922
sockperf: ---> <MIN> observation =   74.960
------------------------------
txTime, rxTime
2.063498927, 2.067264715
2.073498907, 2.077289526
2.083498914, 2.087217352
2.093498912, 2.097168075
2.103498893, 2.107166630
2.113498904, 2.117289447
2.123498930, 2.127263844
2.133498912, 2.137280026
2.143498912, 2.147231358
2.153498908, 2.157321427
2.163498905, 2.167286966
2.173498901, 2.177417906
2.183498906, 2.187328658
2.193498906, 2.197339555
2.203498904, 2.207377543
2.213498918, 2.217371351
2.223498904, 2.227384754
2.233498904, 2.237418478
2.243498922, 2.246906735
2.253498911, 2.256924742
2.263498912, 2.266927377
2.273498911, 2.276915558
2.283498909, 2.286912986
2.293498926, 2.296886949
2.303498904, 2.306864350
2.313498899, 2.316894892
2.323498907, 2.326933467
2.333498919, 2.336838325
2.343498910, 2.346926218
2.353498929, 2.356928655
2.363498922, 2.366964648
2.373498907, 2.376877227
2.383498903, 2.386987537
2.393498927, 2.396952724
2.403498922, 2.406923958
2.413498914, 2.416969285
2.423498923, 2.426977026
2.433498913, 2.436996041
2.443498910, 2.447034252
2.453498916, 2.457032995
2.463498909, 2.466992446
2.473498899, 2.477027337
2.483498928, 2.487061824
2.493498918, 2.497046332
2.503498908, 2.507079049
2.513498915, 2.516968179
2.523498927, 2.527082953
2.533498913, 2.537048106
2.543498931, 2.547078376
2.553498907, 2.557035112
2.563498913, 2.567067887
2.573498909, 2.577134863
2.583498904, 2.587073239
2.593498904, 2.596978670
2.603498923, 2.607075052
2.613498910, 2.617088671
2.623498907, 2.627111076
2.633498914, 2.637105740
2.643498908, 2.647096949
2.653498904, 2.657087995
2.663498912, 2.667089596
2.673498915, 2.677073443
2.683498910, 2.687157935
2.693498913, 2.697105322
2.703498907, 2.707114626
2.713498904, 2.717110731
2.723498931, 2.727099971
2.733498916, 2.737120600
2.743498912, 2.747170354
2.753498905, 2.757183377
2.763498903, 2.767039542
2.773498903, 2.777078038
2.783498918, 2.787163221
2.793498909, 2.797150995
2.803498915, 2.807127892
2.813498914, 2.817154917
2.823498906, 2.827163406
2.833498913, 2.837099929
2.843498921, 2.846938856
2.853498917, 2.857118492
2.863498926, 2.867154478
2.873498921, 2.877113508
2.883498901, 2.887216563
2.893498910, 2.897104764
2.903498922, 2.907172747
2.913498908, 2.917278267
2.923498910, 2.927192776
2.933498910, 2.937168053
2.943498903, 2.947156289
2.953498899, 2.957106866
2.963498922, 2.967176281
2.973498909, 2.977107167
2.983498929, 2.987023352
2.993498908, 2.997121061
3.003498928, 3.007117373
3.013498904, 3.016944465
3.023498925, 3.027160837
3.033498928, 3.037086788
3.043498903, 3.047122100
3.053498927, 3.057116189
3.063498904, 3.067024928
3.073498901, 3.077164557
3.083498920, 3.087188425
3.093498918, 3.097078473
3.103498903, 3.107124033
3.113498905, 3.117159992
3.123498906, 3.127172879
3.133498906, 3.137121374
3.143498926, 3.147122798
3.153498935, 3.157165788
3.163498910, 3.167203862
3.173498916, 3.177161082
3.183498909, 3.187181694
3.193498907, 3.197134471
3.203498926, 3.207172415
3.213498931, 3.217193944
3.223498923, 3.227201487
3.233498909, 3.237134218
3.243498901, 3.247135972
3.253498904, 3.257218344
3.263498927, 3.267192893
3.273498927, 3.277219071
3.283498920, 3.287183026
3.293498908, 3.297206613
3.303498909, 3.307248515
3.313498913, 3.317227798
3.323498926, 3.327305446
3.333498911, 3.337275277
3.343498927, 3.347308518
3.353498907, 3.357249201
3.363498909, 3.367296004
3.373498909, 3.377363942
3.383498922, 3.387292761
3.393498920, 3.397329483
3.403498908, 3.407327316
3.413498907, 3.417324908
3.423498907, 3.427316780
3.433498906, 3.437352497
3.443498926, 3.447336058
3.453498907, 3.457342300
3.463498913, 3.467406347
3.473498918, 3.477325834
3.483498906, 3.487349514
3.493498903, 3.497355860
3.503498934, 3.507362926
3.513498920, 3.517431508
3.523498901, 3.527317727
3.533498912, 3.537339505
3.543498914, 3.546206811
3.553498895, 3.556225579
3.563498923, 3.566248948
3.573498913, 3.576223496
3.583498906, 3.586235822
3.593498909, 3.596274732
3.603498906, 3.606396932
3.613498922, 3.616375127
3.623498922, 3.626395658
3.633498912, 3.636312312
3.643498909, 3.646318712
3.653498903, 3.656422589
3.663498909, 3.666433850
3.673498901, 3.676378623
3.683498918, 3.686415358
3.693498912, 3.696420438
3.703498907, 3.706339866
3.713498904, 3.716429657
3.723498933, 3.726430209
3.733498909, 3.736458851
3.743498929, 3.746449021
3.753498912, 3.756492675
3.763498904, 3.766470080
3.773498913, 3.776553419
3.783498929, 3.786462549
3.793499045, 3.796540406
3.803498923, 3.806546902
3.813498917, 3.816534683
3.823498912, 3.826601492
3.833498918, 3.836533018
3.843498922, 3.846569380
3.853498903, 3.856574946
3.863498918, 3.866497517
3.873498910, 3.876705976
3.883498913, 3.886593065
3.893498905, 3.896620607
3.903498920, 3.906703551
3.913498913, 3.916651803
3.923498917, 3.926648419
3.933498915, 3.936642591
3.943498907, 3.946711457
3.953498929, 3.956651731
3.963498909, 3.966664627
3.973498929, 3.976710099
3.983498931, 3.986781668
3.993498908, 3.996772521
4.003498915, 4.006644467
4.013498912, 4.016721904
4.023498906, 4.026725225
4.033498907, 4.036687988
4.043498927, 4.046751866
4.053498914, 4.056803116
4.063498928, 4.066749666
4.073498907, 4.076704490
4.083498903, 4.086657874
4.093498925, 4.096838936
4.103498924, 4.106776289
4.113498915, 4.116737180
4.123498912, 4.126785007
4.133498912, 4.136878807
4.143498907, 4.146817176
4.153498918, 4.156888421
4.163498931, 4.166802609
4.173498911, 4.176855301
4.183498907, 4.186917419
4.193498909, 4.196823106
4.203498901, 4.206906540
4.213498920, 4.216880067
4.223498918, 4.226838427
4.233498916, 4.236885893
4.243498912, 4.246866190
4.253498905, 4.256886061
4.263498904, 4.266820770
4.273498907, 4.276921145
4.283498925, 4.286915159
4.293498903, 4.296962537
4.303498931, 4.306947026
4.313498909, 4.317021824
4.323498922, 4.327037783
4.333498910, 4.337047219
4.343498904, 4.347092525
4.353498916, 4.357089633
4.363498907, 4.367078787
4.373498905, 4.377074202
4.383498906, 4.387023476
4.393498895, 4.397037292
4.403498923, 4.407075251
4.413498928, 4.417125553
4.423498923, 4.427068762
4.433498908, 4.437114521
4.443498908, 4.447092563
4.453498905, 4.457140439
4.463498919, 4.467057749
4.473498921, 4.477235956
4.483498921, 4.487141742
4.493498909, 4.497173452
4.503498909, 4.507177336
4.513498902, 4.517147888
4.523498929, 4.527134796
4.533498911, 4.537234795
4.543498909, 4.547171897
4.553498908, 4.557126780
4.563498903, 4.567112305
4.573498904, 4.577183957
4.583498918, 4.587226614
4.593498918, 4.597229170
4.603498910, 4.607153035
4.613498908, 4.617122482
4.623498904, 4.627229276
4.633498906, 4.637209403
4.643498921, 4.647215134
4.653498907, 4.657259243
4.663498907, 4.667365607
4.673498912, 4.677343607
4.683498899, 4.687257534
4.693498922, 4.697349300
4.703498906, 4.707361412
4.713498907, 4.717238802
4.723498906, 4.727431920
4.733498914, 4.737371995
4.743498906, 4.747235923
4.753498912, 4.757384460
4.763498926, 4.767426712
4.773498914, 4.777311255
4.783498926, 4.786042521
4.793498918, 4.795753588
4.803498906, 4.805818038
4.813498906, 4.815753154
4.823498926, 4.825758249
4.833498909, 4.835844612
4.843498926, 4.845789811
4.853498925, 4.855843524
4.863498918, 4.865797127
4.873498932, 4.875884591
4.883498919, 4.885875142
4.893498917, 4.895897863
4.903498907, 4.905888170
4.913498918, 4.915882763
4.923498925, 4.925970761
4.933498925, 4.936077641
4.943498923, 4.945911579
4.953498914, 4.955992612
4.963498925, 4.966050970
4.973498909, 4.976138739
4.983498903, 4.986020211
4.993498925, 4.996070136
5.003498918, 5.005999730
5.013498926, 5.016101727
5.023498934, 5.026067432
5.033499015, 5.036154113
5.043498895, 5.046180423
5.053498903, 5.056054536
5.063498936, 5.066151925
5.073498924, 5.076040664
5.083499021, 5.086077649
5.093498906, 5.096087251
5.103498931, 5.106109971
5.113498933, 5.116181925
5.123498922, 5.126102450
5.133498910, 5.136117857
5.143498927, 5.146123509
5.153498921, 5.156184025
5.163498925, 5.166238368
5.173502512, 5.176252071
5.183498924, 5.186229402
5.193498922, 5.196258734
5.203498911, 5.206235644
5.213498916, 5.216294346
5.223498917, 5.226281933
5.233506132, 5.236258072
5.243498908, 5.246324118
5.253498918, 5.256441877
5.263498915, 5.266388008
5.273498912, 5.276427209
5.283498929, 5.286410609
5.293498918, 5.296341722
5.303499083, 5.306425711
5.313498905, 5.316432721
5.323498910, 5.326488589
5.333498928, 5.336450625
5.343498929, 5.346410118
5.353499045, 5.356466737
5.363506692, 5.366481129
5.373498936, 5.376442184
5.383498918, 5.386525343
5.393498934, 5.396486586
5.403498920, 5.406572125
5.413498908, 5.416555836
5.423499135, 5.426541875
5.433498915, 5.436577859
5.443498909, 5.446566192
5.453498940, 5.456564969
5.463498934, 5.466525787
5.473498913, 5.476541847
5.483498923, 5.486564768
5.493499018, 5.496650660
5.503498925, 5.506612242
5.513498908, 5.516649248
5.523498922, 5.526687036
5.533498916, 5.536632458
5.543498914, 5.546637117
5.553498907, 5.556712832
5.563498915, 5.566634156
5.573500971, 5.576677058
5.583498914, 5.586697036
5.593498920, 5.596679439
5.603498904, 5.606712494
5.613498937, 5.616687795
5.623504345, 5.626760632
5.633498915, 5.636708774
5.643498912, 5.646704629
5.653498918, 5.656825286
5.663498915, 5.666779171
5.673498926, 5.676772734
5.683498914, 5.686748570
5.693498910, 5.696786393
5.703498929, 5.706780472
5.713498995, 5.716799525
5.723498933, 5.726786557
5.733498932, 5.736795048
5.743506367, 5.746844286
5.753498921, 5.756789865
5.763498920, 5.766811177
5.773498918, 5.776827527
5.783507996, 5.786877292
5.793498937, 5.796863089
5.803498932, 5.806866092
5.813498910, 5.816844443
5.823498915, 5.826947882
5.833501389, 5.836956482
5.843498940, 5.846987277
5.853498916, 5.856988322
5.863498928, 5.866987091
5.873502357, 5.877004669
5.883498920, 5.887018787
5.893503211, 5.897085837
5.903498933, 5.906937914
5.913498918, 5.916956394
5.923498923, 5.927018503
5.933498920, 5.937119861
5.943501591, 5.947050138
5.953498919, 5.957104021
5.963501405, 5.967129544
5.973498915, 5.977002433
5.983498926, 5.986958744
5.993503528, 5.997159958
6.003498918, 6.007177150
6.013505810, 6.017099786
6.023498921, 6.027105819
6.033498997, 6.037019236
6.043498928, 6.047036167
6.053498930, 6.057227236
6.063498909, 6.067150202
6.073498910, 6.077099520
6.083505370, 6.087164688
6.093498932, 6.097232679
6.103498922, 6.107193229
6.113498915, 6.117128822
6.123498933, 6.127126687
6.133498914, 6.137219196
6.143498920, 6.147220470
6.153498913, 6.157162331
6.163498910, 6.167204146
6.173499401, 6.177282522
6.183498907, 6.187216675
6.193498910, 6.197319002
6.203504424, 6.207306740
6.213498921, 6.217255230
6.223498917, 6.227321942
6.233498925, 6.237359736
6.243498917, 6.247294472
6.253498925, 6.256681724
6.263498936, 6.266684211
6.273498982, 6.276783309
6.283498929, 6.286792871
6.293498933, 6.296774537
6.303501132, 6.306797934
6.313501534, 6.316830656
6.323498918, 6.326788294
6.333503889, 6.336817650
6.343498934, 6.346814016
6.353498937, 6.356776724
6.363499007, 6.366790387
6.373499880, 6.376879399
6.383498918, 6.386812720
6.393498926, 6.396808774
6.403498909, 6.406753706
6.413498951, 6.416858019
6.423499011, 6.426806907
6.433499417, 6.436857169
6.443498931, 6.446872544
6.453498923, 6.456972702
6.463498924, 6.466919298
6.473501492, 6.476955411
6.483499169, 6.486986630
6.493498912, 6.497018431
6.503498917, 6.507058320
6.513498912, 6.517023594
6.523498911, 6.526969214
6.533498915, 6.537031306
6.543498906, 6.546984683
6.553498929, 6.556975998
6.563500228, 6.567101740
6.573498911, 6.577080744
6.583498912, 6.587031190
6.593510077, 6.597120141
6.603498912, 6.607042583
6.613498911, 6.616980319
6.623498922, 6.626924536
6.633501008, 6.637178007
6.643498931, 6.647136282
6.653498917, 6.657101400
6.663498936, 6.666952530
6.673498910, 6.677066598
6.683499548, 6.687168316
6.693498921, 6.697105531
6.703498912, 6.707113012
6.713498911, 6.716989816
6.723498908, 6.727131516
6.733498928, 6.737176668
6.743505370, 6.747255759
6.753498929, 6.757059798
6.763503459, 6.767258442
6.773498922, 6.777231712
6.783498928, 6.787197872
6.793498922, 6.797133504
6.803498931, 6.807261421
6.813502184, 6.817323235
6.823498929, 6.827169252
6.833500841, 6.837317064
6.843499040, 6.847216849
6.853498916, 6.857225547
6.863498923, 6.867342709
6.873498937, 6.877420307
6.883498923, 6.887248008
6.893498929, 6.897348598
6.903498933, 6.904197248
6.913499010, 6.915435343
6.923503608, 6.925456426
6.933498983, 6.935415199
6.943498926, 6.945421148
6.953498969, 6.955472414
6.963499200, 6.965425474
6.973498921, 6.975432099
6.983502789, 6.985522542
6.993498923, 6.995564089
7.003498905, 7.005592193
7.013506003, 7.015535800
7.023498935, 7.025534479
7.033498967, 7.035562600
7.043498912, 7.045562987
7.053505363, 7.055605903
7.063498918, 7.065586721
7.073498914, 7.075620368
7.083498912, 7.085689562
7.093498934, 7.095555608
7.103498916, 7.105666535
7.113498922, 7.115647900
7.123498920, 7.125679298
7.133498936, 7.135684759
7.143498935, 7.145762254
7.153498903, 7.155702870
7.163498913, 7.165701668
7.173498918, 7.175788053
7.183498943, 7.185772692
7.193498916, 7.195740695
7.203498914, 7.205838646
7.213498929, 7.215848503
7.223498932, 7.225876549
7.233502226, 7.235905654
7.243498931, 7.245880734
7.253498921, 7.255837601
7.263498925, 7.265954589
7.273502296, 7.275933177
7.283498928, 7.285897950
7.293498933, 7.295870992
7.303498934, 7.305959085
7.313498929, 7.316028465
7.323499367, 7.326014564
7.333498915, 7.336017247
7.343498929, 7.346043109
7.353504657, 7.356040470
7.363498940, 7.366035776
7.373498924, 7.376107239
7.383498906, 7.386137641
7.393498901, 7.396116708
7.403498918, 7.406268588
7.413498907, 7.416142989
7.423498903, 7.426160472
7.433498912, 7.436222885
7.443498925, 7.446200965
7.453498924, 7.456071112
7.463498923, 7.466135546
7.473498918, 7.476195110
7.483498918, 7.486178993
7.493502542, 7.496284990
7.503498911, 7.506188880
7.513498937, 7.516290343
7.523503653, 7.526285592
7.533501437, 7.536249837
7.543499547, 7.546315761
7.553506544, 7.556366966
7.563498907, 7.566293157
7.573501164, 7.576323052
7.583498916, 7.586318785
7.593498913, 7.596314541
7.603498911, 7.606282157
7.613498934, 7.616344863
7.623516844, 7.626466556
7.633498926, 7.636374330
7.643498930, 7.646407904
7.653498942, 7.656366923
7.663512230, 7.666456204
7.673498927, 7.676350724
7.683508580, 7.686560392
7.693499386, 7.696430263
7.703498923, 7.706475300
7.713498912, 7.716461066
7.723498920, 7.726442693
7.733503003, 7.736476132
7.743498921, 7.746476831
7.753498918, 7.756522990
7.763498914, 7.766504129
7.773498933, 7.776582938
7.783504125, 7.786611913
7.793498934, 7.796571518
7.803498922, 7.806461150
7.813498933, 7.816647974
7.823498921, 7.826543118
7.833498931, 7.836475118
7.843498929, 7.846532189
7.853501274, 7.856626639
7.863498942, 7.866617770
7.873498908, 7.876532865
7.883498925, 7.886654781
7.893502244, 7.896705075
7.903498923, 7.906698667
7.913498928, 7.916585267
7.923499011, 7.926595719
7.933498934, 7.936707566
7.943498913, 7.946744738
7.953498910, 7.956759760
7.963498916, 7.966729293
7.973501536, 7.976611608
7.983498913, 7.986637389
7.993498927, 7.996757894
8.003498905, 8.006815659
8.013498922, 8.016722337
8.023498919, 8.026809906
8.033504999, 8.036823704
8.043506625, 8.046815312
8.053498939, 8.056723871
8.063498925, 8.066655230
8.073498933, 8.076704989
8.083498905, 8.086776680
8.093498913, 8.096790814
8.103498929, 8.106839670
8.113498920, 8.116846327
8.123500374, 8.126881822
8.133498924, 8.136798046
8.143498925, 8.146885195
8.153498934, 8.156849368
8.163498920, 8.166807511
8.173498906, 8.176857479
8.183498928, 8.186962630
8.193498910, 8.196886880
8.203498913, 8.206873138
8.213498919, 8.216913483
8.223498920, 8.226870997
8.233498922, 8.236802756
8.243498925, 8.246925126
8.253499467, 8.257057491
8.263498923, 8.267080553
8.273498923, 8.277003732
8.283505058, 8.287065304
8.293498931, 8.297085742
8.303498920, 8.307025619
8.313498917, 8.317013405
8.323498922, 8.326971273
8.333498910, 8.337032314
8.343498928, 8.347157965
8.353498922, 8.357153310
8.363498923, 8.367078128
8.373498920, 8.377014753
8.383498929, 8.386987045
8.393498916, 8.397163162
8.403498908, 8.407132896
8.413501599, 8.417183882
8.423498918, 8.427172612
8.433498910, 8.437036932
8.443503857, 8.447244849
8.453501081, 8.457214024
8.463498928, 8.467145480
8.473498910, 8.477120895
8.483498931, 8.487230873
8.493498916, 8.497223987
8.503498910, 8.507163066
8.513498928, 8.517106675
8.523498917, 8.527264146
8.533498912, 8.537297150
8.543498918, 8.547172325
8.553498915, 8.557272399
8.563498929, 8.567354092
8.573498942, 8.577240460
8.583498931, 8.587365677
8.593502050, 8.597370091
8.603498925, 8.606175205
8.613501169, 8.616217784
8.623498911, 8.626174039
8.633498920, 8.636147020
8.643506082, 8.646266499
8.653498911, 8.656260151
8.663498908, 8.666282780
8.673498917, 8.676215293
8.683498922, 8.686231318
8.693498915, 8.696196394
8.703500926, 8.706285371
8.713498916, 8.716271461
8.723498926, 8.726245177
8.733498925, 8.736258055
8.743505303, 8.746298746
8.753499212, 8.756277657
8.763498920, 8.766317404
8.773498918, 8.776385611
8.783498921, 8.786302332
8.793498915, 8.796285759
8.803501962, 8.806435224
8.813501312, 8.816380115
8.823498925, 8.826361806
8.833498917, 8.836381579
8.843498929, 8.846393119
8.853498914, 8.856343687
8.863501904, 8.866443708
8.873498924, 8.876386499
8.883499849, 8.886424261
8.893498913, 8.896519676
8.903511250, 8.906535276
8.913498931, 8.916478065
8.923498916, 8.926449782
8.933498923, 8.936470989
8.943498925, 8.946496441
8.953498917, 8.956546240
8.963501528, 8.966538310
8.973498928, 8.976511096
8.983500650, 8.986598049
8.993498913, 8.996553521
9.003498914, 9.006558168
9.013498911, 9.016573642
9.023498932, 9.026577955
9.033498915, 9.036585553
9.043498914, 9.046601192
9.053498910, 9.056723210
9.063498922, 9.066751204
9.073498915, 9.076658213
9.083498933, 9.086712762
9.093498913, 9.096557832
9.103498929, 9.106666146
9.113498915, 9.116712295
9.123498909, 9.126758804
9.133498922, 9.136790582
9.143498926, 9.146816349
9.153501768, 9.156903423
9.163498924, 9.166825427
9.173498933, 9.176662550
9.183498922, 9.186665292
9.193498915, 9.196746789
9.203498910, 9.206795925
9.213498931, 9.216777073
9.223503919, 9.226768013
9.233498935, 9.236745171
9.243498916, 9.246770659
9.253498910, 9.256832903
9.263498933, 9.266839603
9.273502159, 9.276957382
9.283499854, 9.287013494
9.293498925, 9.296915994
9.303498915, 9.306879913
9.313498914, 9.317014961
9.323498927, 9.326894270
9.333498929, 9.336988302
9.343498922, 9.346908930
9.353498912, 9.356899806
9.363498922, 9.366902617
9.373498918, 9.376925320
9.383498929, 9.386939391
9.393498919, 9.396941589
9.403498920, 9.407031184
9.413498926, 9.417017353
9.423498928, 9.427017107
9.433498920, 9.437030418
9.443505158, 9.447006724
9.453504015, 9.457027080
9.463498909, 9.467022260
9.473498912, 9.476961129
9.483498935, 9.487028539
9.493498905, 9.497116149
9.503506902, 9.507160650
9.513504711, 9.517049018
9.523498919, 9.527033273
9.533498915, 9.537049957
9.543498939, 9.547108437
9.553498931, 9.557151494
9.563498916, 9.567200565
9.573498932, 9.577104915
9.583498923, 9.587060883
9.593498937, 9.597091119
9.603498938, 9.607254287
9.613498918, 9.617147399
9.623501077, 9.627190673
9.633498916, 9.637251030
9.643503243, 9.647234087
9.653498925, 9.657202656
9.663498931, 9.667136499
9.673498926, 9.677217742
9.683500511, 9.687242467
9.693502488, 9.697156809
9.703498914, 9.707304503
9.713504070, 9.717241903
9.723498931, 9.727289558
9.733498909, 9.737225423
9.743498924, 9.747332541
9.753498934, 9.756319850
9.763502420, 9.766671921
9.773498931, 9.776728766
9.783498920, 9.786695463
9.793502044, 9.796724311
9.803498918, 9.806812408
9.813498915, 9.816723181
9.823498905, 9.826735444
9.833498929, 9.836807981
9.843498908, 9.846802674
9.853499482, 9.856719628
9.863498931, 9.866834536
9.873498916, 9.876809613
9.883498912, 9.886789103
9.893498929, 9.896887534
9.903498916, 9.906845341
9.913498935, 9.916866958
9.923498931, 9.926951901
9.933498925, 9.936920718
9.943498914, 9.946856381
9.953498937, 9.956922125
9.963498925, 9.966920952
9.973498911, 9.976908171
9.983498917, 9.986901744
9.993498908, 9.996948974
10.003498935, 10.006931045
10.013499980, 10.016940588
10.023498917, 10.025357422
10.033498894, 10.035356747
10.043498896, 10.045455931
10.053498907, 10.055454147
10.063498903, 10.065455389
10.073498902, 10.075439754
10.083498899, 10.085441911
10.093498900, 10.095110944
10.103498924, 10.103776378
10.113498903, 10.113736809
10.123498906, 10.123731361
10.133498922, 10.133731935
10.143498917, 10.143712430
10.153498903, 10.153734481
10.163498920, 10.163740500
10.173498916, 10.173737905
10.183498906, 10.183734194
10.193498923, 10.193678642
10.203498901, 10.203668237
10.213498889, 10.213667381
10.223498901, 10.223669221
10.233498893, 10.233675860
10.243498900, 10.243672342
10.253498903, 10.253671546
10.263498893, 10.263674313
10.273498898, 10.273672985
10.283498901, 10.283668182
10.293498897, 10.293669634
10.303498897, 10.303666178
10.313498895, 10.313669170
10.323498901, 10.323666387
10.333498892, 10.333669631
10.343498897, 10.343668820
10.353498905, 10.353669375
10.363498895, 10.363666507
10.373498898, 10.373670326
10.383498900, 10.383669313
10.393498897, 10.393667000
10.403498905, 10.403667804
10.413498908, 10.413668481
10.423498930, 10.423679327
10.433498903, 10.433673384
10.443498897, 10.443669589
10.453498927, 10.453666616
10.463498905, 10.463666720
10.473498901, 10.473667614
10.483498906, 10.483667036
10.493498901, 10.493669861
10.503498900, 10.503673350
10.513498898, 10.513741467
10.523498893, 10.523670446
10.533498892, 10.533670108
10.543498905, 10.543667157
10.553498897, 10.553667874
10.563498892, 10.563668841
10.573498892, 10.573666788
10.583498897, 10.583672287
10.593498906, 10.593671926
10.603498898, 10.603669246
10.613498901, 10.613668683
10.623498901, 10.623670094
10.633498889, 10.633669541
10.643498892, 10.643667086
10.653498898, 10.653666470
10.663498897, 10.663667997
10.673498908, 10.673670198
10.683498889, 10.683668490
10.693498927, 10.693666980
10.703498897, 10.703669114
10.713498900, 10.713667321
10.723498893, 10.723666493
10.733498900, 10.733669775
10.743498897, 10.743670309
10.753498898, 10.753669511
10.763498898, 10.763666758
10.773498895, 10.773734460
10.783498903, 10.783669911
10.793498897, 10.793669338
10.803498897, 10.803672400
10.813498890, 10.813666574
10.823498897, 10.823672219
10.833498898, 10.833672528
10.843498898, 10.843669075
10.853498901, 10.853668404
10.863498903, 10.863667144
10.873498909, 10.873672583
10.883498901, 10.883670367
10.893498898, 10.893671684
10.903498903, 10.903669831
10.913498898, 10.913658796
10.923498925, 10.923676267
10.933498901, 10.933668792
10.943498905, 10.943671406
10.953498908, 10.953669525
10.963498917, 10.963672090
10.973498905, 10.973660132
10.983498908, 10.983671353
10.993498895, 10.993669725
11.003498898, 11.003667039
11.013498893, 11.013669744
11.023498893, 11.023667418
11.033498928, 11.033670150
11.043498900, 11.043667464
11.053498898, 11.053667311
11.063498900, 11.063672005
11.073498908, 11.073672630
11.083498906, 11.083666384
11.093498893, 11.093670256
11.103498893, 11.103670083
11.113498889, 11.113669932
11.123498901, 11.123665304
11.133498895, 11.133667568
11.143498909, 11.143672298
11.153498901, 11.153710133
11.163498905, 11.163667932
11.173498895, 11.173669196
11.183498908, 11.183666690
11.193498895, 11.193666265
11.203498901, 11.203664899
11.213498897, 11.213663883
11.223498898, 11.223671222
11.233498906, 11.233667227
11.243498903, 11.243664616
11.253498898, 11.253664681
11.263498900, 11.263662300
11.273498900, 11.273668204
11.283498892, 11.283664086
11.293498905, 11.293666556
11.303498908, 11.303665950
11.313498897, 11.313738022
11.323498898, 11.323665066
11.333498903, 11.333665733
11.343498909, 11.343664457
11.353498895, 11.353664362
11.363498895, 11.363665583
11.373498908, 11.373671390
11.383498906, 11.383670622
11.393498908, 11.393667664
11.403498901, 11.403663673
11.413498890, 11.413664355
11.423498897, 11.423668980
11.433498916, 11.433673311
11.443498905, 11.443666685
11.453498895, 11.453666130
11.463498893, 11.463668579
11.473498900, 11.473669949
11.483498897, 11.483663768
11.493498901, 11.493665470
11.503498900, 11.503666707
11.513498895, 11.513666119
11.523498901, 11.523665675
11.533498897, 11.533666112
11.543498895, 11.543668354
11.553498897, 11.553667121
11.563498893, 11.563665563
11.573498897, 11.573666544
11.583498893, 11.583665421
11.593498898, 11.593664801
11.603498895, 11.603665298
11.613498898, 11.613665429
11.623498900, 11.623666306
11.633498901, 11.633670388
11.643498893, 11.643667672
11.653498906, 11.653662547
11.663498893, 11.663663236
11.673498900, 11.673666523
11.683498906, 11.683664892
11.693498893, 11.693667959
11.703498901, 11.703667098
11.713498889, 11.713667643
11.723498901, 11.723664197
11.733498898, 11.733665799
11.743498901, 11.743663938
11.753498906, 11.753713871
11.763498898, 11.763665164
11.773498905, 11.773725590
11.783498897, 11.783667425
11.793498905, 11.793667660
11.803498898, 11.803663474
11.813498898, 11.813648819
11.823498900, 11.823666283
11.833498893, 11.833666635
11.843498892, 11.843667987
11.853498893, 11.853668341
11.863498892, 11.863669828
11.873498901, 11.873671342
11.883498898, 11.883667062
11.893498892, 11.893666286
11.903498900, 11.903661805
11.913498895, 11.913665860
11.923498900, 11.923666224
11.933498925, 11.933673406
11.943498897, 11.943673387
11.953498892, 11.953668419
11.963498895, 11.963665334
11.973498897, 11.973728871
11.983498895, 11.983667097
11.993498893, 11.993667177
12.003498892, 12.003662789
12.013498903, 12.013667360
12.023498893, 12.023666925
12.033498893, 12.033669539
12.043498895, 12.043664676
12.053498905, 12.053666586
------------------------------
