------------------------------
test was performed using the following parameters: --mps=100 --burst=1 --reply-every=1 --msg-size=12 --time=10
------------------------------
sockperf: [Total Run] RunTime=10.100 sec; SentMessages=1011; ReceivedMessages=1010
sockperf: ========= Printing statistics for Server No: 0
sockperf: [Valid Duration] RunTime=9.980 sec; SentMessages=999; ReceivedMessages=999
sockperf: [2;35m====> avg-lat= 58.661 (std-dev=17.840)[0m
sockperf: # dropped messages = 0; # duplicated messages = 0; # out-of-order messages = 0
sockperf: [2;35mTotal 999 observations[0m; each percentile contains 9.99 observations
sockperf: ---> <MAX> observation =  113.576
sockperf: ---> percentile  99.99 =  113.576
sockperf: ---> percentile  99.90 =  107.046
sockperf: ---> percentile  99.50 =  103.388
sockperf: ---> percentile  99.00 =  101.060
sockperf: ---> percentile  95.00 =   87.764
sockperf: ---> percentile  90.00 =   84.956
sockperf: ---> percentile  75.00 =   76.208
sockperf: ---> percentile  50.00 =   52.621
sockperf: ---> percentile  25.00 =   45.873
sockperf: ---> <MIN> observation =   25.837
------------------------------
txTime, rxTime
2.063953401, 2.064127503
2.073954722, 2.074054705
2.083953336, 2.084107721
2.093953335, 2.094102479
2.103953327, 2.104099682
2.113955433, 2.114057383
2.123953330, 2.124072531
2.133953339, 2.134110765
2.143953341, 2.144145237
2.153953328, 2.154119239
2.163953325, 2.164054961
2.173953418, 2.174052264
2.183953343, 2.184053139
2.193953327, 2.194051724
2.203953327, 2.204058783
2.213953335, 2.214052166
2.223953324, 2.224048850
2.233953322, 2.234054350
2.243953331, 2.244056818
2.253953346, 2.254055657
2.263953336, 2.264049784
2.273954228, 2.274041330
2.283953328, 2.284047628
2.293953328, 2.294057002
2.303953336, 2.304075572
2.313953410, 2.314055644
2.323953330, 2.324065773
2.333953344, 2.334070306
2.343953320, 2.344065986
2.353953324, 2.354089866
2.363953338, 2.364095109
2.373953328, 2.374057143
2.383953330, 2.384053807
2.393953330, 2.394065170
2.403953336, 2.404070125
2.413953314, 2.414057826
2.423953347, 2.424054632
2.433953331, 2.434060552
2.443953331, 2.444057789
2.453953336, 2.454083433
2.463953330, 2.464077146
2.473953330, 2.474060724
2.483953327, 2.484056072
2.493953325, 2.494076956
2.503953335, 2.504052654
2.513953338, 2.514091178
2.523953925, 2.524061324
2.533953396, 2.534054879
2.543955101, 2.544088116
2.553953328, 2.554060539
2.563953398, 2.564067974
2.573953347, 2.574076950
2.583953327, 2.584064767
2.593953346, 2.594061268
2.603954334, 2.604051334
2.613953341, 2.614052821
2.623953324, 2.624049952
2.633953325, 2.634084200
2.643953324, 2.644046501
2.653953331, 2.654125397
2.663953343, 2.664055719
2.673953328, 2.674059587
2.683953425, 2.684049922
2.693953341, 2.694054144
2.703953330, 2.704054449
2.713953331, 2.714056773
2.723953330, 2.724053287
2.733955049, 2.734053469
2.743953327, 2.744055089
2.753953376, 2.754050088
2.763953330, 2.764057110
2.773953338, 2.774053413
2.783953327, 2.784057796
2.793953324, 2.794057348
2.803953333, 2.804075861
2.813953330, 2.814064516
2.823953324, 2.824060591
2.833953330, 2.834046518
2.843953333, 2.844052322
2.853953335, 2.854062828
2.863953328, 2.864066184
2.873953320, 2.874056876
2.883953322, 2.884063964
2.893953338, 2.894052943
2.903953322, 2.904063979
2.913953328, 2.914064690
2.923954854, 2.924062494
2.933953327, 2.934046488
2.943953347, 2.944086015
2.953953325, 2.954052986
2.963953330, 2.964064317
2.973953327, 2.974055520
2.983953328, 2.984056110
2.993953328, 2.994052059
3.003953320, 3.004053230
3.013953420, 3.014037945
3.023953338, 3.024063852
3.033953330, 3.034054005
3.043953335, 3.044114833
3.053953333, 3.054167426
3.063953330, 3.064058581
3.073953341, 3.074056934
3.083953339, 3.084052371
3.093953330, 3.094104327
3.103953333, 3.104075059
3.113953324, 3.114047925
3.123953328, 3.124064919
3.133953319, 3.134154530
3.143953317, 3.144059483
3.153953336, 3.154056525
3.163953333, 3.164101515
3.173953330, 3.174089501
3.183953327, 3.184121813
3.193953444, 3.194071664
3.203953328, 3.204050363
3.213953339, 3.214045408
3.223953396, 3.224081635
3.233953320, 3.234069273
3.243953317, 3.244121197
3.253953330, 3.254054804
3.263953327, 3.264055706
3.273953339, 3.274095539
3.283953339, 3.284049627
3.293953428, 3.294091042
3.303953327, 3.304049043
3.313955512, 3.314098478
3.323953395, 3.324098823
3.333953325, 3.334119786
3.343953330, 3.344109510
3.353953330, 3.354180482
3.363953319, 3.364091694
3.373953324, 3.374094318
3.383953396, 3.384104955
3.393953336, 3.394101164
3.403953331, 3.404100934
3.413953341, 3.414101999
3.423953325, 3.424079667
3.433954639, 3.434119503
3.443953339, 3.444105452
3.453953344, 3.454159561
3.463953330, 3.464104969
3.473953330, 3.474144961
3.483953333, 3.484078477
3.493953325, 3.494084510
3.503953328, 3.504091727
3.513953328, 3.514052142
3.523953339, 3.524054121
3.533953330, 3.534057009
3.543953327, 3.544057814
3.553953328, 3.554091688
3.563953335, 3.564061786
3.573953344, 3.574056546
3.583953331, 3.584053308
3.593953327, 3.594077826
3.603953330, 3.604053532
3.613953325, 3.614063356
3.623953347, 3.624057508
3.633953331, 3.634053699
3.643953330, 3.644064166
3.653953325, 3.654061425
3.663953331, 3.664052512
3.673995712, 3.674102592
3.683954443, 3.684065669
3.693953341, 3.694050404
3.703953331, 3.704055513
3.713953335, 3.714090936
3.723953339, 3.724049885
3.733953328, 3.734048953
3.743953325, 3.744065058
3.753953330, 3.754053079
3.763953322, 3.764056527
3.773953328, 3.774055422
3.783953325, 3.784085118
3.793953330, 3.794045623
3.803953343, 3.804055313
3.813953319, 3.814090104
3.823953319, 3.824082527
3.833953339, 3.834069787
3.843953328, 3.844061883
3.853955501, 3.854083765
3.863953333, 3.864057392
3.873953327, 3.874056227
3.883953349, 3.884052436
3.893953339, 3.894063400
3.903953322, 3.904064077
3.913953328, 3.914073180
3.923953327, 3.924073243
3.933953338, 3.934054915
3.943953331, 3.944050080
3.953953327, 3.954091236
3.963953325, 3.964055916
3.973953333, 3.974057129
3.983953587, 3.984051726
3.993953333, 3.994058333
4.003953331, 4.004055884
4.013953330, 4.014063501
4.023953331, 4.024049327
4.033953331, 4.034048945
4.043953336, 4.044102053
4.053953335, 4.054109834
4.063953331, 4.064097651
4.073953447, 4.074089728
4.083953810, 4.084096658
4.093954464, 4.094114830
4.103953455, 4.104108961
4.113953331, 4.114116282
4.123953412, 4.124094961
4.133953682, 4.134117087
4.143953324, 4.144081663
4.153953333, 4.154112777
4.163953333, 4.164099909
4.173953406, 4.174100383
4.183953331, 4.184101286
4.193953327, 4.194097053
4.203953338, 4.204084927
4.213953330, 4.214101268
4.223953335, 4.224156287
4.233953385, 4.234053862
4.243953322, 4.244070102
4.253953330, 4.254049294
4.263953344, 4.264116841
4.273953333, 4.274091214
4.283953338, 4.284100651
4.293953331, 4.294049045
4.303953330, 4.304044919
4.313953327, 4.314066845
4.323953330, 4.324073203
4.333953325, 4.334052602
4.343953328, 4.344051355
4.353953330, 4.354043517
4.363953339, 4.364048824
4.373953324, 4.374048544
4.383953325, 4.384052403
4.393953324, 4.394045070
4.403953343, 4.404050085
4.413953336, 4.414113806
4.423953336, 4.424090308
4.433953327, 4.434051266
4.443953540, 4.444052158
4.453953325, 4.454049146
4.463953331, 4.464052911
4.473953327, 4.474058654
4.483953320, 4.484096686
4.493953333, 4.494056243
4.503953333, 4.504055591
4.513953333, 4.514094934
4.523953336, 4.524051836
4.533953327, 4.534073732
4.543953322, 4.544051225
4.553953328, 4.554038725
4.563953382, 4.564061995
4.573953324, 4.574067354
4.583953322, 4.584044253
4.593953339, 4.594051943
4.603953333, 4.604072581
4.613955389, 4.614053331
4.623953433, 4.624047074
4.633953317, 4.634055101
4.643953322, 4.644050785
4.653953347, 4.654090232
4.663953330, 4.664107284
4.673953320, 4.674083307
4.683953331, 4.684077476
4.693953344, 4.694068565
4.703953330, 4.704067933
4.713953339, 4.714052097
4.723953336, 4.724065636
4.733953327, 4.734077116
4.743953346, 4.744117806
4.753953328, 4.754056202
4.763953325, 4.764057088
4.773953338, 4.774094361
4.783953385, 4.784046416
4.793953322, 4.794118098
4.803953347, 4.804077324
4.813953320, 4.814058925
4.823953325, 4.824077727
4.833953335, 4.834070060
4.843953339, 4.844050965
4.853953338, 4.854048710
4.863954227, 4.864055166
4.873953324, 4.874051372
4.883953330, 4.884059337
4.893953390, 4.894052960
4.903953325, 4.904064110
4.913953330, 4.914057656
4.923953322, 4.924078832
4.933953330, 4.934054773
4.943953379, 4.944058442
4.953953459, 4.954077198
4.963953330, 4.964050586
4.973953335, 4.974089632
4.983953322, 4.984075313
4.993953322, 4.994093456
5.003953387, 5.004077127
5.013953330, 5.014112581
5.023953327, 5.024069345
5.033953330, 5.034055303
5.043953330, 5.044068448
5.053953324, 5.054114479
5.063953328, 5.064055434
5.073953341, 5.074059986
5.083953338, 5.084052978
5.093953327, 5.094054732
5.103953826, 5.104053874
5.113953335, 5.114051647
5.123953325, 5.124053814
5.133953333, 5.134049059
5.143953336, 5.144058573
5.153953328, 5.154086253
5.163953325, 5.164052359
5.173954307, 5.174055436
5.183953327, 5.184050818
5.193953341, 5.194051509
5.203953324, 5.204056892
5.213954992, 5.214051858
5.223953336, 5.224051869
5.233953414, 5.234053349
5.243953324, 5.244048396
5.253953330, 5.254050222
5.263953314, 5.264048899
5.273953328, 5.274060264
5.283953319, 5.284014972
5.293953313, 5.294040249
5.303953331, 5.304059361
5.313953393, 5.314059480
5.323953414, 5.324031369
5.333953330, 5.334038115
5.343953324, 5.344046791
5.353953313, 5.354031844
5.363953325, 5.364034250
5.373953322, 5.374039737
5.383953328, 5.384026787
5.393953324, 5.394059325
5.403953328, 5.404028629
5.413953314, 5.414084665
5.423953339, 5.424116761
5.433953320, 5.434019977
5.443953328, 5.444072021
5.453953344, 5.454021052
5.463953320, 5.464047736
5.473953325, 5.474051285
5.483953325, 5.484095752
5.493953319, 5.494098401
5.503953328, 5.504022247
5.513953319, 5.514158930
5.523953325, 5.524161254
5.533953322, 5.534076546
5.543953324, 5.544024126
5.553953322, 5.554120226
5.563953313, 5.564083000
5.573953324, 5.574107410
5.583953328, 5.584090382
5.593953324, 5.594127000
5.603953333, 5.604053885
5.613953314, 5.614111288
5.623953390, 5.624080765
5.633953328, 5.634110205
5.643953328, 5.644142618
5.653953325, 5.654013319
5.663953317, 5.664042369
5.673971580, 5.674125078
5.683953317, 5.684037823
5.693953327, 5.694049064
5.703953325, 5.704038674
5.713953373, 5.714034983
5.723953328, 5.724034089
5.733953327, 5.734043223
5.743953319, 5.744045421
5.753953322, 5.754045754
5.763953320, 5.764026880
5.773953327, 5.774057773
5.783953331, 5.784054479
5.793953314, 5.794031994
5.803953324, 5.804018464
5.813953325, 5.814047478
5.823953322, 5.824046214
5.833953320, 5.834025629
5.843953322, 5.844032037
5.853953322, 5.854040277
5.863953327, 5.864024404
5.873953335, 5.874046916
5.883953331, 5.884038621
5.893953316, 5.894038788
5.903953338, 5.904057405
5.913953317, 5.914042926
5.923953325, 5.924070775
5.933953350, 5.934043548
5.943953331, 5.944051170
5.953953311, 5.954032594
5.963953328, 5.964028276
5.973953324, 5.974023441
5.983953327, 5.984011241
5.993953316, 5.994030402
6.003953331, 6.004012611
6.013953327, 6.014053811
6.023953330, 6.024038654
6.033953325, 6.034027551
6.043953325, 6.044028467
6.053953331, 6.054055273
6.063953346, 6.064024027
6.073953327, 6.074043124
6.083953331, 6.084024014
6.093953319, 6.094037795
6.103953324, 6.104022096
6.113953322, 6.114022658
6.123953313, 6.124029264
6.133953330, 6.134040391
6.143953327, 6.144054370
6.153953322, 6.154035812
6.163953317, 6.164084737
6.173953325, 6.174036996
6.183953328, 6.184010770
6.193953322, 6.194047025
6.203953330, 6.204032078
6.213953319, 6.214050524
6.223953325, 6.224051967
6.233953322, 6.234004998
6.243953330, 6.244018938
6.253953320, 6.254093235
6.263953325, 6.264017492
6.273953320, 6.274060248
6.283953328, 6.284060362
6.293953327, 6.294026629
6.303953391, 6.304055654
6.313953325, 6.314041155
6.323953330, 6.324045760
6.333953324, 6.334048561
6.343953319, 6.344027077
6.353953660, 6.354022519
6.363953328, 6.364025702
6.373953324, 6.374027823
6.383953391, 6.384042609
6.393953327, 6.394046332
6.403953317, 6.404039761
6.413953317, 6.414026678
6.423953324, 6.424056855
6.433953319, 6.434045214
6.443953327, 6.444058971
6.453953322, 6.454101687
6.463953328, 6.464059129
6.473953324, 6.474056146
6.483953330, 6.484066739
6.493953325, 6.494091694
6.503953327, 6.504026755
6.513953333, 6.514123247
6.523953327, 6.524026908
6.533953319, 6.534067491
6.543953322, 6.544041224
6.553953319, 6.554117843
6.563953325, 6.564017670
6.573953329, 6.574054585
6.583953322, 6.584057607
6.593953320, 6.594063698
6.603953325, 6.604052905
6.613953413, 6.614014146
6.623953326, 6.624105758
6.633953317, 6.634060124
6.643953320, 6.644015150
6.653953326, 6.654045389
6.663953320, 6.664044513
6.673953317, 6.674036808
6.683953326, 6.684073386
6.693953317, 6.694034030
6.703953323, 6.704025089
6.713953323, 6.714041546
6.723953326, 6.724028670
6.733953322, 6.734023027
6.743953334, 6.744031406
6.753953317, 6.754045468
6.763953329, 6.764046295
6.773953326, 6.774089144
6.783953318, 6.784104266
6.793953348, 6.794050798
6.803953325, 6.804030713
6.813953322, 6.814046553
6.823953322, 6.824079939
6.833953328, 6.834066289
6.843953318, 6.844051981
6.853953325, 6.854057300
6.863953331, 6.864097041
6.873953326, 6.874069643
6.883953377, 6.884052188
6.893953396, 6.894018222
6.903953636, 6.904050663
6.913953312, 6.914047271
6.923953326, 6.924073915
6.933953322, 6.934059459
6.943953328, 6.944076593
6.953953333, 6.954056699
6.963953328, 6.964067107
6.973953322, 6.974038674
6.983953331, 6.984037153
6.993953317, 6.994073887
7.003953333, 7.004037973
7.013953326, 7.014027386
7.023953315, 7.024122796
7.033953320, 7.034119544
7.043953329, 7.044031416
7.053953322, 7.054045711
7.063953325, 7.064047487
7.073953325, 7.074072815
7.083953329, 7.084033672
7.093953328, 7.094040981
7.103953329, 7.104058840
7.113953323, 7.114059542
7.123953323, 7.124043929
7.133953331, 7.134046467
7.143953312, 7.144034225
7.153953328, 7.154047978
7.163953333, 7.164087907
7.173953331, 7.174042515
7.183953331, 7.184026654
7.193953326, 7.194043677
7.203953325, 7.204062771
7.213953326, 7.214045024
7.223953323, 7.224011383
7.233953318, 7.234043051
7.243953331, 7.244034412
7.253953322, 7.254026355
7.263953320, 7.264043090
7.273953311, 7.274029722
7.283953329, 7.284015890
7.293953317, 7.294041993
7.303953334, 7.304027295
7.313953334, 7.314041570
7.323953328, 7.324059980
7.333953323, 7.334054109
7.343953331, 7.344044331
7.353953329, 7.354030361
7.363953320, 7.364045154
7.373953315, 7.374029358
7.383953325, 7.384021132
7.393953322, 7.394047044
7.403953318, 7.404099596
7.413953325, 7.414051743
7.423953318, 7.424095759
7.433953326, 7.434060482
7.443953350, 7.444028931
7.453953322, 7.454053947
7.463953322, 7.464029707
7.473953320, 7.474087329
7.483953322, 7.484067172
7.493953328, 7.494062189
7.503953325, 7.504045834
7.513953322, 7.514079490
7.523953323, 7.524031103
7.533953328, 7.534034004
7.543953325, 7.544035856
7.553953325, 7.554048913
7.563953315, 7.564034916
7.573953325, 7.574073722
7.583953325, 7.584049242
7.593953326, 7.594078709
7.603953328, 7.604062948
7.613953318, 7.614030413
7.623953322, 7.624101941
7.633953322, 7.634113091
7.643953322, 7.644122645
7.653953329, 7.654114640
7.663953314, 7.664120283
7.673953325, 7.674011106
7.683953326, 7.684054466
7.693953322, 7.694026785
7.703953325, 7.704024994
7.713953329, 7.714046330
7.723953322, 7.724035328
7.733953320, 7.734017431
7.743953323, 7.744027787
7.753953329, 7.754036978
7.763953323, 7.764051428
7.773953317, 7.774041319
7.783953320, 7.784021352
7.793953318, 7.794020644
7.803953309, 7.804023051
7.813953318, 7.814020775
7.823953399, 7.824030967
7.833953323, 7.834015949
7.843953325, 7.844059438
7.853953320, 7.854019797
7.863953325, 7.864026932
7.873953317, 7.874035065
7.883953317, 7.884031116
7.893953323, 7.894017984
7.903953318, 7.904036732
7.913953356, 7.914056604
7.923953315, 7.924029332
7.933953325, 7.934026943
7.943953323, 7.944013904
7.953953329, 7.954034990
7.963953323, 7.964028266
7.973953322, 7.974066178
7.983953320, 7.984054316
7.993953323, 7.994039468
8.003953329, 8.004016934
8.013953315, 8.014033996
8.023953331, 8.024100936
8.033953328, 8.034037766
8.043953317, 8.044055876
8.053953328, 8.054050134
8.063953317, 8.064028419
8.073953326, 8.074060092
8.083953317, 8.084043044
8.093953333, 8.094055816
8.103953325, 8.104058568
8.113953312, 8.114051793
8.123953325, 8.124019122
8.133953322, 8.134033396
8.143953325, 8.144038098
8.153953322, 8.154024341
8.163953331, 8.164038300
8.173953322, 8.174018949
8.183953328, 8.184040736
8.193953318, 8.194031856
8.203953329, 8.204026572
8.213953325, 8.214050832
8.223953323, 8.224019465
8.233953328, 8.234050533
8.243953329, 8.244022522
8.253953322, 8.254070408
8.263953333, 8.264043411
8.273953328, 8.274091166
8.283953385, 8.284033241
8.293953317, 8.294018106
8.303953334, 8.304029998
8.313953326, 8.314032925
8.323953325, 8.324055653
8.333953317, 8.334052980
8.343953323, 8.344011188
8.353953314, 8.354044320
8.363953413, 8.364007778
8.373953393, 8.374034498
8.383953322, 8.384072437
8.393953326, 8.394015950
8.403953318, 8.404025514
8.413953325, 8.414024901
8.423953328, 8.424049390
8.433953315, 8.434081465
8.443953326, 8.444025675
8.453953322, 8.454027800
8.463953323, 8.464056135
8.473953328, 8.474075191
8.483953329, 8.484054098
8.493953328, 8.494101134
8.503953318, 8.504048496
8.513953323, 8.514053557
8.523953375, 8.524021797
8.533953315, 8.534040267
8.543953325, 8.544041068
8.553953323, 8.554060717
8.563953326, 8.564031248
8.573953331, 8.574034667
8.583953325, 8.584023848
8.593953328, 8.594049469
8.603953317, 8.604027505
8.613953328, 8.614044799
8.623953320, 8.624040248
8.633953323, 8.634049611
8.643953315, 8.644058521
8.653953318, 8.654116463
8.663953328, 8.664093735
8.673953331, 8.674114523
8.683953326, 8.684035319
8.693953317, 8.694016625
8.703953314, 8.704069616
8.713953317, 8.714030748
8.723953389, 8.724046760
8.733953320, 8.734032614
8.743953380, 8.744029471
8.753953323, 8.754030014
8.763953322, 8.764015534
8.773953326, 8.774034937
8.783953320, 8.784032085
8.793953323, 8.794043059
8.803953328, 8.804043998
8.813953322, 8.814043704
8.823953320, 8.824023120
8.833953323, 8.834038734
8.843953328, 8.844060362
8.853953322, 8.854080321
8.863953314, 8.864029392
8.873953328, 8.874022192
8.883953322, 8.884018815
8.893953323, 8.894014837
8.903953328, 8.904035033
8.913953325, 8.914091389
8.923953328, 8.924076154
8.933953326, 8.934089339
8.943953318, 8.944068727
8.953953314, 8.954104748
8.963953314, 8.964046341
8.973953315, 8.974052927
8.983953329, 8.984040277
8.993953329, 8.994022995
9.003953326, 9.004018758
9.013953326, 9.014033776
9.023953326, 9.024028286
9.033953331, 9.034043407
9.043953318, 9.044026095
9.053953546, 9.054035824
9.063953317, 9.064032856
9.073953322, 9.074040638
9.083953322, 9.084019694
9.093953322, 9.094048354
9.103953333, 9.104021350
9.113953322, 9.114028749
9.123953328, 9.124035169
9.133953328, 9.134026730
9.143953323, 9.144039154
9.153953317, 9.154085504
9.163953326, 9.164049038
9.173953322, 9.174023678
9.183953325, 9.184022558
9.193953377, 9.194065236
9.203953318, 9.204072232
9.213953315, 9.214057922
9.223953323, 9.224027360
9.233953317, 9.234055172
9.243953317, 9.244041194
9.253953320, 9.254046414
9.263953323, 9.264053075
9.273953315, 9.274022793
9.283953322, 9.284102121
9.293953329, 9.294064094
9.303953329, 9.304100731
9.313953323, 9.314109409
9.323953322, 9.324058357
9.333953331, 9.334146811
9.343953328, 9.344109677
9.353953317, 9.354099334
9.363953325, 9.364039002
9.373953325, 9.374015960
9.383953322, 9.384063775
9.393953322, 9.394069014
9.403953323, 9.404048683
9.413953323, 9.414062804
9.423953328, 9.424036913
9.433953322, 9.434047634
9.443953333, 9.444102659
9.453953413, 9.454041612
9.463953320, 9.464050162
9.473953323, 9.474106734
9.483953323, 9.484049845
9.493953317, 9.494060745
9.503953323, 9.504118788
9.513953322, 9.514024971
9.523953317, 9.524074348
9.533953317, 9.534031007
9.543953317, 9.544073134
9.553953315, 9.554020100
9.563953383, 9.564082777
9.573953315, 9.574081112
9.583953315, 9.584138107
9.593953314, 9.594026063
9.603953389, 9.604017553
9.613953329, 9.614061156
9.623953325, 9.624117973
9.633953322, 9.634052229
9.643953328, 9.644048940
9.653953335, 9.654050044
9.663953322, 9.664045914
9.673978114, 9.674051763
9.683953341, 9.684024444
9.693953319, 9.694036295
9.703953319, 9.704096745
9.713953330, 9.714051280
9.723953325, 9.724032063
9.733953311, 9.734050295
9.743953324, 9.744049112
9.753953319, 9.754045808
9.763953327, 9.764039088
9.773953319, 9.774044687
9.783953317, 9.784045715
9.793953324, 9.794051446
9.803953331, 9.804036585
9.813953333, 9.814052907
9.823953412, 9.824037814
9.833953319, 9.834053093
9.843953349, 9.844044500
9.853953327, 9.854044106
9.863953324, 9.864071261
9.873953331, 9.874037713
9.883953325, 9.884033950
9.893953328, 9.894036049
9.903953317, 9.904033483
9.913953325, 9.914048554
9.923953319, 9.924046829
9.933953380, 9.934018325
9.943953317, 9.944092798
9.953953322, 9.954060831
9.963953325, 9.964086747
9.973953380, 9.974065609
9.983953469, 9.984082869
9.993953467, 9.994069098
10.003953421, 10.004092046
10.013953384, 10.014100893
10.023953396, 10.024119847
10.033953371, 10.034095376
10.043953398, 10.044117577
10.053953396, 10.054060571
10.063953322, 10.064112188
10.073953330, 10.074092740
10.083953328, 10.084115878
10.093953320, 10.094111837
10.103953322, 10.104111618
10.113953324, 10.114109142
10.123953320, 10.124110342
10.133953322, 10.134107066
10.143953331, 10.144113639
10.153953324, 10.154120550
10.163953319, 10.164116649
10.173953324, 10.174111113
10.183953320, 10.184107571
10.193953319, 10.194106723
10.203953317, 10.204109939
10.213953311, 10.214107449
10.223953330, 10.224107963
10.233953330, 10.234109584
10.243953324, 10.244116377
10.253953324, 10.254118785
10.263953317, 10.264117171
10.273953317, 10.274115801
10.283953328, 10.284116919
10.293953328, 10.294110703
10.303953325, 10.304108392
10.313953330, 10.314115722
10.323953347, 10.324110211
10.333953322, 10.334114192
10.343953322, 10.344109316
10.353953320, 10.354108294
10.363953330, 10.364108223
10.373953324, 10.374115521
10.383953319, 10.384112410
10.393953320, 10.394109358
10.403953317, 10.404112672
10.413953330, 10.414099781
10.423953328, 10.424108864
10.433953320, 10.434106340
10.443953314, 10.444153975
10.453953324, 10.454112412
10.463953338, 10.464112318
10.473953331, 10.474114092
10.483953324, 10.484112155
10.493953324, 10.494111356
10.503953317, 10.504096807
10.513953319, 10.514105561
10.523953322, 10.524114719
10.533953322, 10.534112553
10.543953327, 10.544110914
10.553953330, 10.554114661
10.563953314, 10.564160092
10.573953327, 10.574118894
10.583953330, 10.584104731
10.593953316, 10.594112920
10.603953320, 10.604111943
10.613953317, 10.614160798
10.623953322, 10.624097355
10.633953326, 10.634113349
10.643953328, 10.644115287
10.653953328, 10.654113871
10.663953319, 10.664107517
10.673953322, 10.674099438
10.683953328, 10.684104702
10.693953322, 10.694111997
10.703953325, 10.704111393
10.713953335, 10.714113097
10.723953324, 10.724113810
10.733953325, 10.734110541
10.743953330, 10.744108823
10.753953313, 10.754112739
10.763953324, 10.764111600
10.773953322, 10.774108446
10.783953327, 10.784108172
10.793953319, 10.794106713
10.803953316, 10.804111839
10.813953319, 10.814115404
10.823953322, 10.824114756
10.833953330, 10.834107245
10.843953322, 10.844155442
10.853953331, 10.854109759
10.863953324, 10.864105741
10.873953319, 10.874110639
10.883953322, 10.884155559
10.893953331, 10.894116303
10.903953322, 10.904108027
10.913953322, 10.914110238
10.923953322, 10.924106874
10.933953320, 10.934108265
10.943953324, 10.944108641
10.953953328, 10.954110550
10.963953331, 10.964114503
10.973953325, 10.974110172
10.983953322, 10.984154644
10.993953324, 10.994110524
11.003953328, 11.004109158
11.013953316, 11.014110234
11.023953320, 11.024111097
11.033953325, 11.034115291
11.043953324, 11.044109094
11.053953325, 11.054111848
11.063953319, 11.064112059
11.073953322, 11.074113302
11.083953361, 11.084112356
11.093953328, 11.094113439
11.103953317, 11.104111693
11.113953325, 11.114110732
11.123953324, 11.124113040
11.133953336, 11.134112131
11.143953328, 11.144112955
11.153953320, 11.154107511
11.163953322, 11.164111829
11.173953327, 11.174111113
11.183953327, 11.184113056
11.193953317, 11.194114030
11.203953324, 11.204116481
11.213953327, 11.214114681
11.223953316, 11.224085247
11.233953327, 11.234110217
11.243953328, 11.244127237
11.253953316, 11.254127295
11.263953331, 11.264122470
11.273953331, 11.274131163
11.283953331, 11.284124411
11.293953327, 11.294132038
11.303953316, 11.304128091
11.313953320, 11.314128850
11.323953317, 11.324128446
11.333953324, 11.334126723
11.343953319, 11.344128576
11.353953319, 11.354127281
11.363953316, 11.364128937
11.373953322, 11.374130748
11.383953320, 11.384127773
11.393953319, 11.394128283
11.403953330, 11.404127192
11.413953317, 11.414126643
11.423953320, 11.424127279
11.433953324, 11.434125880
11.443953324, 11.444128808
11.453953325, 11.454133174
11.463953316, 11.464125846
11.473953320, 11.474125370
11.483953338, 11.484130293
11.493953322, 11.494125655
11.503953325, 11.504130691
11.513953324, 11.514126303
11.523953328, 11.524128961
11.533953327, 11.534131293
11.543953319, 11.544125947
11.553953324, 11.554129097
11.563953314, 11.564126820
11.573953317, 11.574127122
11.583953320, 11.584128609
11.593953317, 11.594132119
11.603953324, 11.604133513
11.613953319, 11.614133150
11.623953313, 11.624126581
11.633953327, 11.634130723
11.643953322, 11.644128888
11.653953317, 11.654125818
11.663953330, 11.664129577
11.673954203, 11.674127935
11.683953336, 11.684153656
11.693953322, 11.694134452
11.703953331, 11.704129744
11.713953327, 11.714125708
11.723953330, 11.724128853
11.733953325, 11.734127653
11.743953320, 11.744127267
11.753953314, 11.754124688
11.763953324, 11.764129671
11.773953322, 11.774132931
11.783953316, 11.784128139
11.793953330, 11.794130268
11.803953322, 11.804160475
11.813953317, 11.814125655
11.823953316, 11.824129613
11.833953320, 11.834128121
11.843953322, 11.844130531
11.853953328, 11.854154876
11.863953324, 11.864133005
11.873953314, 11.874127470
11.883953324, 11.884126968
11.893953320, 11.894128216
11.903953320, 11.904129004
11.913953317, 11.914125006
11.923953317, 11.924128133
11.933953317, 11.934127718
11.943953322, 11.944128217
11.953953317, 11.954130637
11.963953325, 11.964125642
11.973953335, 11.974127617
11.983953327, 11.984128557
11.993953320, 11.994126976
12.003953322, 12.004131888
12.013953325, 12.014132083
12.023953320, 12.024127202
12.033953328, 12.034130018
12.043953317, 12.044109644
------------------------------
