------------------------------
test was performed using the following parameters: --mps=100 --burst=1 --reply-every=1 --msg-size=12 --time=10
------------------------------
sockperf: [Total Run] RunTime=10.100 sec; SentMessages=1011; ReceivedMessages=1010
sockperf: ========= Printing statistics for Server No: 0
sockperf: [Valid Duration] RunTime=9.990 sec; SentMessages=1000; ReceivedMessages=1000
sockperf: [2;35m====> avg-lat= 84.985 (std-dev=36.176)[0m
sockperf: # dropped messages = 0; # duplicated messages = 0; # out-of-order messages = 0
sockperf: [2;35mTotal 1000 observations[0m; each percentile contains 10.00 observations
sockperf: ---> <MAX> observation =  175.174
sockperf: ---> percentile  99.99 =  175.174
sockperf: ---> percentile  99.90 =  164.293
sockperf: ---> percentile  99.50 =  154.447
sockperf: ---> percentile  99.00 =  154.177
sockperf: ---> percentile  95.00 =  152.366
sockperf: ---> percentile  90.00 =  151.128
sockperf: ---> percentile  75.00 =   91.373
sockperf: ---> percentile  50.00 =   77.616
sockperf: ---> percentile  25.00 =   55.925
sockperf: ---> <MIN> observation =   26.518
------------------------------
txTime, rxTime
2.063587741, 2.063706974
2.073587744, 2.073710050
2.083587731, 2.083731157
2.093587734, 2.093710561
2.103587739, 2.103750605
2.113587742, 2.113697617
2.123587734, 2.123693959
2.133587738, 2.133723872
2.143587738, 2.143738355
2.153587736, 2.153740276
2.163587734, 2.163706789
2.173587741, 2.173732761
2.183587739, 2.183748453
2.193587745, 2.193744339
2.203587736, 2.203741494
2.213587728, 2.213756608
2.223587752, 2.223768744
2.233587744, 2.233763395
2.243587744, 2.243778418
2.253587742, 2.253754021
2.263587738, 2.263752537
2.273587730, 2.273772295
2.283587736, 2.283743265
2.293587742, 2.293745685
2.303587733, 2.303734681
2.313587832, 2.313759330
2.323587742, 2.323738497
2.333587745, 2.333738427
2.343587741, 2.343749563
2.353587738, 2.353733313
2.363587734, 2.363744836
2.373587736, 2.373744193
2.383587835, 2.383741801
2.393587739, 2.393722490
2.403587807, 2.403737365
2.413587738, 2.413739476
2.423587747, 2.423759679
2.433587731, 2.433750829
2.443587798, 2.443765405
2.453587740, 2.453747778
2.463587744, 2.463760504
2.473587739, 2.473719207
2.483587734, 2.483701602
2.493587744, 2.493683619
2.503587739, 2.503685150
2.513587831, 2.513699660
2.523587744, 2.523678844
2.533587741, 2.533687686
2.543587741, 2.543691906
2.553587745, 2.553697698
2.563587739, 2.563701759
2.573587734, 2.573678665
2.583587736, 2.583680715
2.593587734, 2.593706633
2.603587738, 2.603681492
2.613587741, 2.613693755
2.623587734, 2.623683562
2.633587736, 2.633674600
2.643587744, 2.643699120
2.653587734, 2.653687176
2.663587734, 2.663700596
2.673587736, 2.673687869
2.683587741, 2.683687621
2.693587741, 2.693685115
2.703587745, 2.703676903
2.713587738, 2.713700500
2.723587734, 2.723680715
2.733587741, 2.733691433
2.743587742, 2.743695260
2.753587733, 2.753675860
2.763587738, 2.763694265
2.773587738, 2.773679532
2.783587741, 2.783666672
2.793587739, 2.793671289
2.803587738, 2.803661694
2.813587738, 2.813683022
2.823587741, 2.823685303
2.833587739, 2.833689378
2.843587742, 2.843684468
2.853587801, 2.853696509
2.863587742, 2.863669266
2.873587839, 2.873671379
2.883587736, 2.883695743
2.893587801, 2.893671301
2.903587738, 2.903662471
2.913587739, 2.913671316
2.923587739, 2.923658839
2.933587750, 2.933672525
2.943587736, 2.943681691
2.953587739, 2.953696529
2.963587739, 2.963702229
2.973587744, 2.973681375
2.983587738, 2.983679673
2.993587831, 2.993681801
3.003587736, 3.003681860
3.013587741, 3.013681768
3.023587734, 3.023692033
3.033587734, 3.033679439
3.043587734, 3.043679780
3.053587731, 3.053686593
3.063587739, 3.063685701
3.073587734, 3.073699152
3.083587736, 3.083678624
3.093587741, 3.093682291
3.103587741, 3.103683949
3.113587834, 3.113683633
3.123587794, 3.123679985
3.133587741, 3.133696212
3.143587747, 3.143686165
3.153587733, 3.153677578
3.163587739, 3.163677172
3.173587731, 3.173678762
3.183587734, 3.183737377
3.193587937, 3.193682300
3.203587741, 3.203683273
3.213587745, 3.213679049
3.223587805, 3.223679572
3.233587731, 3.233677622
3.243587738, 3.243680919
3.253587805, 3.253677639
3.263587741, 3.263680998
3.273587742, 3.273692961
3.283587730, 3.283739760
3.293587734, 3.293730989
3.303587741, 3.303748771
3.313587739, 3.313733705
3.323587741, 3.323732405
3.333587736, 3.333752896
3.343587739, 3.343728333
3.353587734, 3.353740541
3.363587736, 3.363748150
3.373587742, 3.373742975
3.383587834, 3.383752344
3.393587741, 3.393766259
3.403587733, 3.403731451
3.413587737, 3.413727622
3.423587734, 3.423759558
3.433587734, 3.433746857
3.443587738, 3.443761297
3.453587742, 3.453758464
3.463587731, 3.463770418
3.473587731, 3.473785629
3.483587739, 3.483747339
3.493587742, 3.493729173
3.503587737, 3.503754761
3.513587736, 3.513739155
3.523587731, 3.523741526
3.533587826, 3.533725053
3.543587739, 3.543750466
3.553587736, 3.553727847
3.563587740, 3.563742193
3.573587742, 3.573736142
3.583587736, 3.583753692
3.593587739, 3.593751507
3.603587737, 3.603775827
3.613587742, 3.613730185
3.623587732, 3.623723655
3.633587736, 3.633767801
3.643587734, 3.643735779
3.653587741, 3.653751580
3.663587742, 3.663756736
3.673587736, 3.673688652
3.683587733, 3.683704063
3.693587741, 3.693691524
3.703587742, 3.703713345
3.713587736, 3.713680082
3.723587745, 3.723685666
3.733587809, 3.733682292
3.743587736, 3.743703317
3.753587742, 3.753686097
3.763587736, 3.763693337
3.773587739, 3.773685374
3.783587738, 3.783682134
3.793587738, 3.793692178
3.803587736, 3.803678140
3.813587741, 3.813684334
3.823587736, 3.823684211
3.833587734, 3.833679168
3.843587742, 3.843683986
3.853587736, 3.853700843
3.863587831, 3.863686678
3.873587744, 3.873682245
3.883587731, 3.883679793
3.893587739, 3.893692130
3.903587733, 3.903678610
3.913587744, 3.913684819
3.923587736, 3.923680075
3.933587738, 3.933745436
3.943587741, 3.943747192
3.953587731, 3.953763202
3.963587741, 3.963750909
3.973587738, 3.973730788
3.983587739, 3.983752116
3.993587744, 3.993686385
4.003587738, 4.003678844
4.013587733, 4.013695726
4.023587734, 4.023686961
4.033587733, 4.033680325
4.043587738, 4.043678582
4.053587736, 4.053686941
4.063587738, 4.063677576
4.073587832, 4.073678359
4.083587741, 4.083673255
4.093587734, 4.093677060
4.103587734, 4.103734889
4.113587734, 4.113725078
4.123587739, 4.123711564
4.133587734, 4.133721926
4.143587739, 4.143723764
4.153587742, 4.153745714
4.163587744, 4.163734750
4.173587741, 4.173729094
4.183587738, 4.183738145
4.193587829, 4.193733373
4.203587733, 4.203740575
4.213587810, 4.213769196
4.223587734, 4.223730440
4.233587742, 4.233728507
4.243587733, 4.243738325
4.253587802, 4.253722024
4.263587736, 4.263756719
4.273587733, 4.273781288
4.283587739, 4.283736975
4.293587738, 4.293769628
4.303587734, 4.303756438
4.313587736, 4.313762018
4.323587734, 4.323745321
4.333587794, 4.333737063
4.343587734, 4.343738400
4.353587741, 4.353757782
4.363587744, 4.363771644
4.373587747, 4.373762662
4.383587741, 4.383735412
4.393587742, 4.393746475
4.403587736, 4.403734482
4.413587739, 4.413779773
4.423587742, 4.423745307
4.433587734, 4.433737933
4.443587738, 4.443745507
4.453587747, 4.453736750
4.463587809, 4.463738500
4.473587739, 4.473686802
4.483587738, 4.483701293
4.493587733, 4.493669272
4.503587808, 4.503673669
4.513587740, 4.513675856
4.523587738, 4.523672376
4.533587832, 4.533684459
4.543587737, 4.543696511
4.553587730, 4.553669093
4.563587743, 4.563661507
4.573587735, 4.573645962
4.583587828, 4.583664633
4.593587735, 4.593677747
4.603587743, 4.603682519
4.613587732, 4.613640769
4.623587737, 4.623651550
4.633587743, 4.633662440
4.643587734, 4.643780576
4.653587737, 4.653744772
4.663587737, 4.663745258
4.673587734, 4.673729771
4.683587737, 4.683772766
4.693587742, 4.693743361
4.703587737, 4.703718971
4.713587745, 4.713733346
4.723587737, 4.723761581
4.733587734, 4.733753205
4.743587743, 4.743740484
4.753587737, 4.753733841
4.763587745, 4.763748460
4.773587742, 4.773682669
4.783587734, 4.783672575
4.793587734, 4.793670439
4.803587743, 4.803692737
4.813587738, 4.813678366
4.823587742, 4.823659119
4.833587739, 4.833669277
4.843587742, 4.843668302
4.853587826, 4.853668052
4.863587810, 4.863665242
4.873587739, 4.873662557
4.883587731, 4.883668133
4.893587747, 4.893750048
4.903587739, 4.903748635
4.913587739, 4.913736989
4.923587734, 4.923727004
4.933587747, 4.933753670
4.943587742, 4.943749143
4.953587734, 4.953746363
4.963587742, 4.963757748
4.973587742, 4.973671339
4.983587807, 4.983678626
4.993587739, 4.993679461
5.003587739, 5.003677647
5.013587745, 5.013667043
5.023587731, 5.023671401
5.033587738, 5.033695067
5.043587734, 5.043681144
5.053587739, 5.053683259
5.063587734, 5.063670357
5.073587738, 5.073676373
5.083587736, 5.083666772
5.093587734, 5.093673106
5.103587742, 5.103739117
5.113587801, 5.113669686
5.123587745, 5.123750836
5.133587741, 5.133745395
5.143587733, 5.143754794
5.153587730, 5.153748348
5.163587738, 5.163736755
5.173587734, 5.173753144
5.183587734, 5.183785215
5.193587736, 5.193742657
5.203587734, 5.203752326
5.213587734, 5.213746990
5.223587750, 5.223773050
5.233587739, 5.233724981
5.243587741, 5.243739226
5.253587734, 5.253761304
5.263587734, 5.263742018
5.273587733, 5.273732885
5.283587733, 5.283735775
5.293587739, 5.293753166
5.303587739, 5.303766450
5.313587745, 5.313763628
5.323587850, 5.323790377
5.333587734, 5.333760025
5.343587741, 5.343757463
5.353587741, 5.353747392
5.363587741, 5.363750822
5.373587745, 5.373675967
5.383587731, 5.383684743
5.393587733, 5.393687051
5.403587739, 5.403680617
5.413587744, 5.413688635
5.423587847, 5.423699084
5.433587741, 5.433699592
5.443587738, 5.443696275
5.453587738, 5.453679499
5.463587734, 5.463697589
5.473587734, 5.473690409
5.483587733, 5.483684729
5.493587738, 5.493709988
5.503587736, 5.503742723
5.513587736, 5.513702922
5.523587738, 5.523681332
5.533587734, 5.533684590
5.543587734, 5.543678725
5.553587741, 5.553741389
5.563587736, 5.563770665
5.573587739, 5.573766327
5.583587733, 5.583765518
5.593587742, 5.593685273
5.603587744, 5.603726344
5.613587734, 5.613743224
5.623587739, 5.623787394
5.633587733, 5.633741604
5.643587736, 5.643741010
5.653587736, 5.653738487
5.663587739, 5.663742566
5.673587739, 5.673735361
5.683587731, 5.683770478
5.693587731, 5.693741945
5.703587742, 5.703762930
5.713587738, 5.713740365
5.723587738, 5.723782983
5.733587734, 5.733755290
5.743587736, 5.743738189
5.753587733, 5.753756640
5.763587733, 5.763754872
5.773587741, 5.773731538
5.783587736, 5.783743106
5.793587738, 5.793728355
5.803587747, 5.803750296
5.813587734, 5.813740095
5.823587742, 5.823731147
5.833587742, 5.833745312
5.843587738, 5.843758252
5.853587850, 5.853752644
5.863587744, 5.863741015
5.873587738, 5.873678965
5.883587733, 5.883707664
5.893587739, 5.893755503
5.903587734, 5.903777951
5.913587739, 5.913756193
5.923587739, 5.923748183
5.933587730, 5.933746470
5.943587744, 5.943741513
5.953587743, 5.953750613
5.963587745, 5.963763742
5.973587800, 5.973752073
5.983587732, 5.983752713
5.993587731, 5.993750730
6.003587736, 6.003748350
6.013587740, 6.013742924
6.023587734, 6.023768911
6.033587740, 6.033769125
6.043587740, 6.043746730
6.053587731, 6.053744746
6.063587736, 6.063750122
6.073587737, 6.073776651
6.083587802, 6.083722270
6.093587837, 6.093762527
6.103587734, 6.103740388
6.113587731, 6.113763140
6.123587734, 6.123732389
6.133587736, 6.133737496
6.143587742, 6.143721212
6.153587738, 6.153747582
6.163587739, 6.163751387
6.173587745, 6.173739349
6.183587734, 6.183744564
6.193587738, 6.193754303
6.203587738, 6.203738084
6.213587742, 6.213719043
6.223587744, 6.223727260
6.233587734, 6.233738044
6.243587736, 6.243742575
6.253587742, 6.253731529
6.263587734, 6.263757275
6.273587738, 6.273691815
6.283587736, 6.283689159
6.293587826, 6.293678290
6.303587734, 6.303684234
6.313587739, 6.313690383
6.323587741, 6.323682774
6.333587734, 6.333681785
6.343587739, 6.343686465
6.353587734, 6.353683799
6.363587739, 6.363683405
6.373587742, 6.373680462
6.383587741, 6.383746279
6.393587738, 6.393743786
6.403587744, 6.403729906
6.413587736, 6.413762959
6.423587738, 6.423759326
6.433587739, 6.433747294
6.443587745, 6.443741386
6.453587739, 6.453740338
6.463587734, 6.463765772
6.473587736, 6.473789402
6.483587742, 6.483738075
6.493587742, 6.493720750
6.503587734, 6.503749783
6.513587741, 6.513746396
6.523587736, 6.523762743
6.533587733, 6.533736060
6.543587736, 6.543760698
6.553587739, 6.553759956
6.563587741, 6.563734295
6.573587742, 6.573737961
6.583587738, 6.583746698
6.593587734, 6.593734127
6.603587739, 6.603739788
6.613587739, 6.613771356
6.623587741, 6.623757309
6.633587744, 6.633740470
6.643587733, 6.643780251
6.653587736, 6.653738828
6.663587739, 6.663733757
6.673587736, 6.673685149
6.683587739, 6.683679258
6.693587744, 6.693679128
6.703587733, 6.703700668
6.713587739, 6.713675636
6.723587739, 6.723675228
6.733587739, 6.733704094
6.743587739, 6.743686519
6.753587736, 6.753663138
6.763587733, 6.763707594
6.773587741, 6.773690468
6.783587745, 6.783665107
6.793587733, 6.793716231
6.803587831, 6.803731829
6.813587745, 6.813776023
6.823587731, 6.823748895
6.833587734, 6.833744771
6.843587736, 6.843713207
6.853587742, 6.853754210
6.863587739, 6.863780177
6.873587741, 6.873767835
6.883587740, 6.883749109
6.893587827, 6.893712176
6.903587742, 6.903768042
6.913587738, 6.913753911
6.923587740, 6.923765108
6.933587740, 6.933780741
6.943587772, 6.943762642
6.953587738, 6.953750377
6.963587737, 6.963744537
6.973587738, 6.973743847
6.983587743, 6.983746776
6.993587746, 6.993753611
7.003587742, 7.003748880
7.013587732, 7.013757083
7.023587945, 7.023726520
7.033587738, 7.033759105
7.043587735, 7.043745648
7.053587735, 7.053726810
7.063587740, 7.063736401
7.073587743, 7.073748342
7.083587738, 7.083669491
7.093587740, 7.093662062
7.103587740, 7.103701794
7.113587743, 7.113711293
7.123587737, 7.123765150
7.133587737, 7.133732133
7.143587745, 7.143730908
7.153587737, 7.153748762
7.163587737, 7.163748277
7.173587745, 7.173759824
7.183587740, 7.183742814
7.193587737, 7.193748123
7.203587740, 7.203737894
7.213587738, 7.213739628
7.223587745, 7.223749239
7.233587738, 7.233746109
7.243587730, 7.243744358
7.253587733, 7.253758080
7.263587742, 7.263753364
7.273587739, 7.273740118
7.283587829, 7.283646923
7.293587738, 7.293650874
7.303587734, 7.303680282
7.313587738, 7.313660716
7.323587738, 7.323666659
7.333587734, 7.333661031
7.343587731, 7.343671289
7.353587739, 7.353672018
7.363587736, 7.363684383
7.373587733, 7.373752143
7.383587739, 7.383739986
7.393587741, 7.393748363
7.403587741, 7.403760358
7.413587739, 7.413736801
7.423587738, 7.423750032
7.433587736, 7.433778405
7.443587734, 7.443740284
7.453587742, 7.453771651
7.463587734, 7.463743950
7.473587739, 7.473741238
7.483587734, 7.483748774
7.493587734, 7.493768621
7.503587826, 7.503735727
7.513587741, 7.513745356
7.523587744, 7.523753192
7.533587734, 7.533737044
7.543587730, 7.543737961
7.553587730, 7.553717360
7.563587734, 7.563742684
7.573587741, 7.573740646
7.583587739, 7.583768671
7.593587835, 7.593745889
7.603587736, 7.603750241
7.613587734, 7.613782360
7.623587739, 7.623791618
7.633587738, 7.633763519
7.643587734, 7.643835504
7.653587741, 7.653806131
7.663587736, 7.663809897
7.673587731, 7.673779319
7.683587739, 7.683740865
7.693587741, 7.693768215
7.703587734, 7.703728878
7.713587739, 7.713746568
7.723587731, 7.723750263
7.733587741, 7.733735097
7.743587736, 7.743763738
7.753587734, 7.753728981
7.763587738, 7.763737227
7.773587742, 7.773669749
7.783587728, 7.783723499
7.793587734, 7.793752325
7.803587734, 7.803716038
7.813587733, 7.813732527
7.823587739, 7.823736387
7.833587739, 7.833781724
7.843587736, 7.843763995
7.853587733, 7.853749874
7.863587733, 7.863742375
7.873587738, 7.873696474
7.883587739, 7.883670826
7.893587736, 7.893678640
7.903587733, 7.903692350
7.913587733, 7.913678279
7.923587739, 7.923676720
7.933587736, 7.933661506
7.943587752, 7.943676294
7.953587744, 7.953655579
7.963587733, 7.963693171
7.973587736, 7.973674335
7.983587750, 7.983686042
7.993587739, 7.993685101
8.003587745, 8.003668797
8.013587749, 8.013681836
8.023587736, 8.023672119
8.033587734, 8.033681549
8.043587742, 8.043680944
8.053587747, 8.053676657
8.063587738, 8.063655441
8.073587742, 8.073667563
8.083587741, 8.083677462
8.093587730, 8.093689489
8.103587741, 8.103683503
8.113587738, 8.113676891
8.123587741, 8.123742679
8.133587744, 8.133745446
8.143587738, 8.143740759
8.153587739, 8.153742403
8.163587741, 8.163754613
8.173587734, 8.173745109
8.183587738, 8.183741877
8.193587736, 8.193731778
8.203587738, 8.203745089
8.213587731, 8.213735697
8.223587734, 8.223722379
8.233587739, 8.233742817
8.243587744, 8.243743170
8.253587736, 8.253734515
8.263587734, 8.263736826
8.273587739, 8.273738838
8.283587739, 8.283738413
8.293587736, 8.293747356
8.303587747, 8.303750595
8.313587747, 8.313753080
8.323587736, 8.323754779
8.333587736, 8.333670176
8.343587739, 8.343753553
8.353587736, 8.353738100
8.363587744, 8.363745117
8.373587734, 8.373741542
8.383587732, 8.383799501
8.393587737, 8.393729189
8.403587737, 8.403758648
8.413587737, 8.413741332
8.423587740, 8.423768557
8.433587742, 8.433728620
8.443587731, 8.443735694
8.453587740, 8.453740601
8.463587736, 8.463772883
8.473587830, 8.473744038
8.483587740, 8.483679215
8.493587734, 8.493670472
8.503587732, 8.503679548
8.513587732, 8.513667869
8.523587734, 8.523693295
8.533587737, 8.533701487
8.543587747, 8.543656256
8.553587734, 8.553693030
8.563587729, 8.563663452
8.573587739, 8.573663467
8.583587740, 8.583660940
8.593587742, 8.593658084
8.603587736, 8.603745573
8.613587830, 8.613727071
8.623587731, 8.623752765
8.633587729, 8.633760592
8.643587745, 8.643746732
8.653587747, 8.653726571
8.663587732, 8.663753337
8.673587740, 8.673741814
8.683587736, 8.683747135
8.693587732, 8.693746476
8.703587748, 8.703750161
8.713587739, 8.713749538
8.723587734, 8.723751616
8.733587732, 8.733737844
8.743587731, 8.743724850
8.753587736, 8.753737877
8.763587743, 8.763760148
8.773587884, 8.773710410
8.783587745, 8.783728929
8.793587742, 8.793734808
8.803587734, 8.803769773
8.813587743, 8.813769959
8.823587735, 8.823750150
8.833587742, 8.833778273
8.843587738, 8.843737462
8.853587835, 8.853743256
8.863587732, 8.863746485
8.873587735, 8.873754460
8.883587745, 8.883768885
8.893587733, 8.893750348
8.903587739, 8.903778356
8.913587733, 8.913746364
8.923587731, 8.923785049
8.933587737, 8.933751009
8.943587745, 8.943674986
8.953587742, 8.953678826
8.963587744, 8.963704911
8.973587736, 8.973735961
8.983587739, 8.983710095
8.993587737, 8.993732648
9.003587742, 9.003743399
9.013587734, 9.013798909
9.023587736, 9.023756229
9.033587739, 9.033710940
9.043587736, 9.043761063
9.053587738, 9.053779746
9.063587730, 9.063735299
9.073587739, 9.073733864
9.083587739, 9.083729314
9.093587739, 9.093738446
9.103587738, 9.103723841
9.113587736, 9.113748919
9.123587809, 9.123728052
9.133587738, 9.133739032
9.143587734, 9.143731112
9.153587738, 9.153752799
9.163587741, 9.163738909
9.173587731, 9.173742719
9.183587739, 9.183736629
9.193587749, 9.193736937
9.203587738, 9.203732105
9.213587739, 9.213750727
9.223587733, 9.223749707
9.233587736, 9.233761219
9.243587745, 9.243743965
9.253587741, 9.253767879
9.263587734, 9.263796070
9.273587741, 9.273738383
9.283587747, 9.283674031
9.293587738, 9.293677592
9.303587745, 9.303676524
9.313587734, 9.313666963
9.323587739, 9.323672154
9.333587736, 9.333690119
9.343587739, 9.343674132
9.353587733, 9.353671341
9.363587738, 9.363738910
9.373587736, 9.373741072
9.383587742, 9.383730878
9.393587834, 9.393724309
9.403587730, 9.403762941
9.413587739, 9.413765086
9.423587738, 9.423730309
9.433587733, 9.433747097
9.443587742, 9.443734878
9.453587742, 9.453736037
9.463587733, 9.463732715
9.473587738, 9.473782056
9.483587738, 9.483725049
9.493587739, 9.493753168
9.503587742, 9.503741009
9.513587736, 9.513732757
9.523587826, 9.523757663
9.533587731, 9.533737348
9.543587740, 9.543719068
9.553587736, 9.553751019
9.563587743, 9.563738816
9.573587741, 9.573764435
9.583587738, 9.583726972
9.593587736, 9.593757654
9.603587741, 9.603738465
9.613587739, 9.613759948
9.623587738, 9.623753991
9.633587742, 9.633742802
9.643587736, 9.643764249
9.653587734, 9.653753592
9.663587734, 9.663737593
9.673587738, 9.673750713
9.683587741, 9.683741740
9.693587741, 9.693744127
9.703587741, 9.703755754
9.713587730, 9.713725460
9.723587742, 9.723732693
9.733587741, 9.733747239
9.743587739, 9.743775653
9.753587736, 9.753732903
9.763587741, 9.763736803
9.773587733, 9.773761320
9.783587736, 9.783752540
9.793587734, 9.793741189
9.803587741, 9.803738781
9.813587738, 9.813759588
9.823587736, 9.823735052
9.833587733, 9.833759785
9.843587738, 9.843732397
9.853587739, 9.853756991
9.863587742, 9.863763439
9.873587733, 9.873682760
9.883587736, 9.883677598
9.893587731, 9.893716551
9.903587734, 9.903732852
9.913587738, 9.913777167
9.923587828, 9.923749660
9.933587738, 9.933746521
9.943587745, 9.943686721
9.953587760, 9.953672055
9.963587742, 9.963750026
9.973587741, 9.973757786
9.983587738, 9.983799185
9.993587734, 9.993808915
10.003587745, 10.003805128
10.013587744, 10.013828810
10.023587734, 10.023828776
10.033587741, 10.033834317
10.043587731, 10.043831120
10.053587741, 10.053824474
10.063587728, 10.063831767
10.073587736, 10.073834613
10.083587739, 10.083818840
10.093587738, 10.093824193
10.103587736, 10.103857438
10.113587760, 10.113891546
10.123587761, 10.123890206
10.133587739, 10.133896082
10.143587758, 10.143893708
10.153587739, 10.153895629
10.163587739, 10.163884155
10.173587763, 10.173892531
10.183587755, 10.183887620
10.193587739, 10.193892658
10.203587758, 10.203882737
10.213587742, 10.213889317
10.223587739, 10.223890453
10.233587755, 10.233897364
10.243587758, 10.243892510
10.253587736, 10.253891161
10.263587763, 10.263896144
10.273587742, 10.273887351
10.283587744, 10.283886431
10.293587757, 10.293888220
10.303587761, 10.303887618
10.313587739, 10.313893751
10.323587753, 10.323888378
10.333587742, 10.333884709
10.343587739, 10.343888157
10.353587761, 10.353890933
10.363587753, 10.363888009
10.373587741, 10.373886810
10.383587752, 10.383860921
10.393587747, 10.393890786
10.403587747, 10.403887115
10.413587760, 10.413888731
10.423587761, 10.423896239
10.433587734, 10.433887368
10.443587758, 10.443886289
10.453587739, 10.453938088
10.463587745, 10.463881538
10.473587758, 10.473894314
10.483587757, 10.483887600
10.493587736, 10.493900770
10.503587757, 10.503891714
10.513587744, 10.513896287
10.523587745, 10.523888531
10.533587758, 10.533897566
10.543587753, 10.543884668
10.553587736, 10.553891359
10.563587761, 10.563890530
10.573587742, 10.573890870
10.583587741, 10.583887544
10.593587760, 10.593890947
10.603587755, 10.603889663
10.613587739, 10.613894672
10.623587760, 10.623895077
10.633587742, 10.633893238
10.643587742, 10.643888809
10.653587760, 10.653885463
10.663587753, 10.663886131
10.673587741, 10.673886485
10.683587760, 10.683890371
10.693587745, 10.693891546
10.703587739, 10.703892680
10.713587758, 10.713895933
10.723587758, 10.723890079
10.733587736, 10.733885605
10.743587753, 10.743889039
10.753587741, 10.753892294
10.763587741, 10.763896095
10.773587760, 10.773886944
10.783587758, 10.783879707
10.793587734, 10.793896488
10.803587761, 10.803894422
10.813587741, 10.813893830
10.823587741, 10.823895388
10.833587753, 10.833894472
10.843587755, 10.843881908
10.853587739, 10.853889509
10.863587760, 10.863889997
10.873587747, 10.873892711
10.883587739, 10.883887579
10.893587761, 10.893896082
10.903587757, 10.903895898
10.913587736, 10.913858728
10.923587755, 10.923896650
10.933587744, 10.933889451
10.943587747, 10.943892992
10.953587755, 10.953892525
10.963587757, 10.963893949
10.973587734, 10.973863763
10.983587753, 10.983880369
10.993587745, 10.993889557
11.003587745, 11.003895195
11.013587753, 11.013892158
11.023587757, 11.023890859
11.033587738, 11.033894865
11.043587763, 11.043884109
11.053587742, 11.053890595
11.063587745, 11.063890326
11.073587761, 11.073893461
11.083587760, 11.083884085
11.093587736, 11.093886003
11.103587757, 11.103880920
11.113587747, 11.113890410
11.123587742, 11.123891806
11.133587757, 11.133887572
11.143587755, 11.143889993
11.153587738, 11.153869272
11.163587760, 11.163890075
11.173587744, 11.173891188
11.183587741, 11.183886527
11.193587760, 11.193891903
11.203587755, 11.203883279
11.213587739, 11.213892754
11.223587760, 11.223883460
11.233587763, 11.233893309
11.243587744, 11.243890050
11.253587760, 11.253891118
11.263587758, 11.263888069
11.273587741, 11.273772268
11.283587761, 11.283763246
11.293587742, 11.293881074
11.303587747, 11.303885985
11.313587763, 11.313886976
11.323587742, 11.323889732
11.333587736, 11.333892825
11.343587753, 11.343889744
11.353587739, 11.353891297
11.363587747, 11.363883103
11.373587763, 11.373789604
11.383587753, 11.383882880
11.393587741, 11.393887101
11.403587761, 11.403883287
11.413587747, 11.413890500
11.423587747, 11.423890536
11.433587761, 11.433890187
11.443587758, 11.443890095
11.453587739, 11.453883184
11.463587760, 11.463892745
11.473587745, 11.473916333
11.483587747, 11.483885369
11.493587757, 11.493883968
11.503587761, 11.503886741
11.513587734, 11.513892375
11.523587757, 11.523891005
11.533587745, 11.533890324
11.543587747, 11.543883597
11.553587755, 11.553893953
11.563587758, 11.563890042
11.573587738, 11.573892470
11.583587758, 11.583883656
11.593587744, 11.593889929
11.603587742, 11.603883280
11.613587761, 11.613890764
11.623587761, 11.623889805
11.633587738, 11.633894351
11.643587755, 11.643890776
11.653587742, 11.653890262
11.663587745, 11.663886766
11.673587755, 11.673891654
11.683587761, 11.683883863
11.693587738, 11.693875909
11.703587758, 11.703889602
11.713587742, 11.713894355
11.723587741, 11.723885601
11.733587760, 11.733891547
11.743587763, 11.743883894
11.753587742, 11.753891762
11.763587755, 11.763890140
11.773587741, 11.773890366
11.783587734, 11.783879272
11.793587755, 11.793893633
11.803587753, 11.803883974
11.813587734, 11.813890522
11.823587757, 11.823891076
11.833587747, 11.833890004
11.843587741, 11.843892750
11.853587757, 11.853883666
11.863587758, 11.863892657
11.873587739, 11.873896085
11.883587741, 11.883890794
11.893587745, 11.893879792
11.903587738, 11.903889930
11.913587761, 11.913891624
11.923587760, 11.923884537
11.933587736, 11.933892316
11.943587758, 11.943883572
11.953587745, 11.953893525
11.963587745, 11.963890636
11.973587760, 11.973889812
11.983587760, 11.983882930
11.993587741, 11.993893661
12.003587753, 12.003884410
12.013587741, 12.013883718
12.023587745, 12.023881329
12.033587757, 12.033887013
12.043587757, 12.043889943
12.053587741, 12.053883507
------------------------------
