------------------------------
test was performed using the following parameters: --mps=100 --burst=1 --reply-every=1 --msg-size=12 --time=10
------------------------------
sockperf: [Total Run] RunTime=10.100 sec; SentMessages=1011; ReceivedMessages=1010
sockperf: ========= Printing statistics for Server No: 0
sockperf: [Valid Duration] RunTime=9.990 sec; SentMessages=1000; ReceivedMessages=1000
sockperf: [2;35m====> avg-lat= 67.203 (std-dev=18.139)[0m
sockperf: # dropped messages = 0; # duplicated messages = 0; # out-of-order messages = 0
sockperf: [2;35mTotal 1000 observations[0m; each percentile contains 10.00 observations
sockperf: ---> <MAX> observation =  123.414
sockperf: ---> percentile  99.99 =  123.414
sockperf: ---> percentile  99.90 =  110.857
sockperf: ---> percentile  99.50 =  105.835
sockperf: ---> percentile  99.00 =   98.412
sockperf: ---> percentile  95.00 =   89.298
sockperf: ---> percentile  90.00 =   87.508
sockperf: ---> percentile  75.00 =   85.466
sockperf: ---> percentile  50.00 =   70.622
sockperf: ---> percentile  25.00 =   48.131
sockperf: ---> <MIN> observation =   27.570
------------------------------
txTime, rxTime
2.063405011, 2.063587530
2.073405012, 2.073543660
2.083405018, 2.083571438
2.093405015, 2.093626730
2.103405016, 2.103554168
2.113405020, 2.113568692
2.123405021, 2.123591176
2.133405011, 2.133546797
2.143405016, 2.143579201
2.153405033, 2.153579881
2.163406334, 2.163518753
2.173405012, 2.173496525
2.183405021, 2.183493834
2.193405031, 2.193505878
2.203406145, 2.203512427
2.213405028, 2.213509848
2.223405014, 2.223520176
2.233405025, 2.233523559
2.243405021, 2.243503942
2.253405018, 2.253510239
2.263405024, 2.263500263
2.273405015, 2.273563462
2.283405022, 2.283502001
2.293405020, 2.293499650
2.303405022, 2.303496917
2.313406340, 2.313500910
2.323405030, 2.323501937
2.333406640, 2.333499754
2.343405019, 2.343496308
2.353405023, 2.353498765
2.363405016, 2.363496750
2.373405018, 2.373501090
2.383405018, 2.383504055
2.393405023, 2.393507135
2.403405030, 2.403534315
2.413405026, 2.413525888
2.423405018, 2.423506004
2.433405012, 2.433503687
2.443405022, 2.443498231
2.453405017, 2.453509019
2.463405014, 2.463508691
2.473405023, 2.473501227
2.483405014, 2.483502824
2.493405023, 2.493508040
2.503405018, 2.503576022
2.513405015, 2.513508059
2.523405014, 2.523508375
2.533405025, 2.533521593
2.543405019, 2.543499715
2.553405020, 2.553508097
2.563405016, 2.563508445
2.573405015, 2.573516024
2.583405021, 2.583569663
2.593405015, 2.593505967
2.603405011, 2.603508756
2.613405018, 2.613526098
2.623405022, 2.623502742
2.633405015, 2.633533023
2.643405019, 2.643502301
2.653405012, 2.653534605
2.663405021, 2.663500872
2.673405020, 2.673515129
2.683405026, 2.683546165
2.693405018, 2.693505297
2.703405018, 2.703552913
2.713405017, 2.713549094
2.723405018, 2.723530289
2.733405015, 2.733527100
2.743405019, 2.743532341
2.753405026, 2.753504762
2.763405038, 2.763505456
2.773405018, 2.773500829
2.783405022, 2.783511033
2.793405018, 2.793500076
2.803405011, 2.803501425
2.813405015, 2.813493727
2.823405016, 2.823507501
2.833405014, 2.833504674
2.843405021, 2.843491571
2.853405014, 2.853526142
2.863405013, 2.863503474
2.873405015, 2.873507010
2.883405029, 2.883497252
2.893405022, 2.893514215
2.903405030, 2.903504221
2.913405031, 2.913558400
2.923405022, 2.923570743
2.933405020, 2.933554294
2.943405016, 2.943563261
2.953405017, 2.953548911
2.963405024, 2.963564933
2.973405014, 2.973584165
2.983405021, 2.983547952
2.993405009, 2.993533424
3.003405013, 3.003576791
3.013405017, 3.013557563
3.023405021, 3.023563095
3.033405020, 3.033555830
3.043405026, 3.043546807
3.053405028, 3.053577372
3.063405014, 3.063556186
3.073405018, 3.073554931
3.083405021, 3.083555712
3.093405020, 3.093548452
3.103405019, 3.103568396
3.113405026, 3.113563857
3.123405022, 3.123585073
3.133405022, 3.133568641
3.143405030, 3.143575510
3.153405017, 3.153543747
3.163405029, 3.163574710
3.173405023, 3.173576772
3.183405032, 3.183572294
3.193405017, 3.193553768
3.203405019, 3.203544979
3.213405022, 3.213562606
3.223405029, 3.223567090
3.233405020, 3.233573136
3.243405013, 3.243540250
3.253405022, 3.253620805
3.263405016, 3.263589895
3.273405014, 3.273551556
3.283405021, 3.283560698
3.293405015, 3.293522452
3.303405021, 3.303562825
3.313405014, 3.313580415
3.323405014, 3.323537737
3.333405014, 3.333552355
3.343405033, 3.343551977
3.353405022, 3.353557282
3.363405022, 3.363583033
3.373405017, 3.373552642
3.383405014, 3.383592009
3.393405017, 3.393590124
3.403405013, 3.403551246
3.413405036, 3.413570820
3.423405014, 3.423575897
3.433405022, 3.433580690
3.443405022, 3.443566498
3.453405017, 3.453557868
3.463405021, 3.463553064
3.473405014, 3.473550672
3.483405024, 3.483599336
3.493405014, 3.493549847
3.503405014, 3.503651843
3.513405020, 3.513537087
3.523405019, 3.523596647
3.533405015, 3.533583923
3.543405032, 3.543549338
3.553405018, 3.553571943
3.563405014, 3.563573948
3.573405033, 3.573573679
3.583405027, 3.583556216
3.593405022, 3.593601847
3.603405022, 3.603554842
3.613405022, 3.613589069
3.623405018, 3.623530459
3.633405017, 3.633540860
3.643405018, 3.643565288
3.653405020, 3.653552820
3.663405018, 3.663538205
3.673405031, 3.673548534
3.683405014, 3.683545265
3.693405017, 3.693550864
3.703405016, 3.703568252
3.713405015, 3.713546260
3.723405019, 3.723556797
3.733405022, 3.733502242
3.743405016, 3.743508210
3.753405015, 3.753509203
3.763405022, 3.763507580
3.773405022, 3.773504865
3.783405018, 3.783525827
3.793405023, 3.793501307
3.803405019, 3.803499878
3.813405806, 3.813507942
3.823405018, 3.823504398
3.833405029, 3.833509554
3.843405019, 3.843514255
3.853405022, 3.853513836
3.863405016, 3.863564259
3.873405007, 3.873504950
3.883405010, 3.883496309
3.893405009, 3.893504407
3.903405018, 3.903495242
3.913405014, 3.913498724
3.923405014, 3.923497058
3.933405006, 3.933502938
3.943405013, 3.943510287
3.953405011, 3.953495448
3.963405010, 3.963493646
3.973405009, 3.973503789
3.983405011, 3.983497847
3.993405004, 3.993495317
4.003405016, 4.003497795
4.013405007, 4.013500733
4.023405010, 4.023496646
4.033405009, 4.033500167
4.043405008, 4.043499965
4.053405014, 4.053499389
4.063405014, 4.063495119
4.073405011, 4.073500958
4.083405011, 4.083495711
4.093405015, 4.093498017
4.103405013, 4.103494539
4.113405004, 4.113499501
4.123405008, 4.123501927
4.133405017, 4.133501211
4.143405010, 4.143567598
4.153405012, 4.153543240
4.163405018, 4.163565332
4.173405006, 4.173548982
4.183405016, 4.183568114
4.193405014, 4.193557702
4.203405008, 4.203526124
4.213405014, 4.213534333
4.223405010, 4.223494712
4.233405004, 4.233581072
4.243405014, 4.243580897
4.253405014, 4.253560865
4.263405013, 4.263558237
4.273405009, 4.273584320
4.283405017, 4.283541977
4.293405015, 4.293555638
4.303405019, 4.303546753
4.313405015, 4.313560034
4.323405012, 4.323568533
4.333405015, 4.333569331
4.343405008, 4.343571569
4.353405003, 4.353546895
4.363405010, 4.363555788
4.373405014, 4.373562254
4.383405010, 4.383540770
4.393405012, 4.393543666
4.403405010, 4.403583766
4.413405009, 4.413560014
4.423405014, 4.423584732
4.433405010, 4.433529816
4.443405017, 4.443569355
4.453405012, 4.453546032
4.463405009, 4.463586870
4.473405012, 4.473558714
4.483405014, 4.483566164
4.493405014, 4.493545549
4.503405012, 4.503565683
4.513405018, 4.513528445
4.523405008, 4.523570980
4.533405009, 4.533547518
4.543405011, 4.543577652
4.553405016, 4.553563656
4.563405012, 4.563558134
4.573405013, 4.573546034
4.583405011, 4.583564400
4.593405011, 4.593566541
4.603405012, 4.603549956
4.613405014, 4.613537419
4.623405013, 4.623557980
4.633405017, 4.633590135
4.643405013, 4.643542221
4.653405012, 4.653559189
4.663405010, 4.663548126
4.673405011, 4.673537498
4.683405015, 4.683550963
4.693405016, 4.693558436
4.703405014, 4.703554316
4.713405007, 4.713580999
4.723405014, 4.723552501
4.733405012, 4.733583799
4.743405018, 4.743569997
4.753405009, 4.753573562
4.763405010, 4.763557844
4.773405003, 4.773569249
4.783405014, 4.783618075
4.793405010, 4.793562088
4.803405012, 4.803554561
4.813405015, 4.813510553
4.823405011, 4.823499255
4.833405007, 4.833501111
4.843405012, 4.843493192
4.853405009, 4.853500404
4.863405014, 4.863496928
4.873405016, 4.873505741
4.883405012, 4.883500160
4.893405009, 4.893500745
4.903405008, 4.903497954
4.913405013, 4.913494762
4.923405017, 4.923501009
4.933405012, 4.933499087
4.943405011, 4.943495982
4.953405009, 4.953495902
4.963405014, 4.963490304
4.973405053, 4.973498778
4.983405014, 4.983502129
4.993405016, 4.993496856
5.003405009, 5.003487789
5.013405012, 5.013510588
5.023405008, 5.023495578
5.033405015, 5.033504190
5.043405017, 5.043495194
5.053405012, 5.053501664
5.063405009, 5.063499039
5.073405015, 5.073498315
5.083405011, 5.083502746
5.093405015, 5.093493924
5.103405011, 5.103498654
5.113405013, 5.113501040
5.123405016, 5.123495046
5.133405010, 5.133495456
5.143405017, 5.143573176
5.153405013, 5.153549384
5.163405012, 5.163543902
5.173405010, 5.173559497
5.183405011, 5.183549928
5.193405007, 5.193558468
5.203405012, 5.203530612
5.213405015, 5.213563658
5.223405017, 5.223538964
5.233405014, 5.233541694
5.243405013, 5.243567732
5.253405012, 5.253574194
5.263405016, 5.263576915
5.273405014, 5.273562311
5.283405008, 5.283543653
5.293405011, 5.293566502
5.303405008, 5.303620044
5.313405006, 5.313557175
5.323405068, 5.323538252
5.333405013, 5.333522546
5.343405014, 5.343553973
5.353405015, 5.353597754
5.363405014, 5.363505664
5.373405010, 5.373579982
5.383405014, 5.383610344
5.393405007, 5.393595275
5.403405017, 5.403591427
5.413405010, 5.413574468
5.423405016, 5.423521796
5.433405007, 5.433546097
5.443405007, 5.443553195
5.453405015, 5.453580094
5.463405009, 5.463601185
5.473405013, 5.473535564
5.483405011, 5.483559708
5.493405007, 5.493545310
5.503405015, 5.503563850
5.513405017, 5.513530912
5.523405014, 5.523579317
5.533405014, 5.533547318
5.543405011, 5.543605825
5.553405014, 5.553555265
5.563405013, 5.563553868
5.573405007, 5.573593021
5.583405012, 5.583562691
5.593405017, 5.593558896
5.603405013, 5.603611291
5.613405013, 5.613594279
5.623405011, 5.623570615
5.633405010, 5.633553584
5.643405014, 5.643616684
5.653405012, 5.653573466
5.663405009, 5.663566704
5.673405009, 5.673584572
5.683405014, 5.683554845
5.693405016, 5.693562284
5.703405016, 5.703536260
5.713405015, 5.713511374
5.723405010, 5.723593944
5.733405007, 5.733571847
5.743405012, 5.743559489
5.753405015, 5.753512233
5.763405012, 5.763492205
5.773405015, 5.773540260
5.783405016, 5.783499018
5.793405010, 5.793500015
5.803405011, 5.803493014
5.813405010, 5.813590807
5.823405016, 5.823532586
5.833405016, 5.833515114
5.843405017, 5.843500078
5.853405013, 5.853504089
5.863405012, 5.863501189
5.873405010, 5.873498018
5.883405012, 5.883495332
5.893405016, 5.893497818
5.903405012, 5.903498681
5.913405012, 5.913509069
5.923405011, 5.923495354
5.933405013, 5.933506828
5.943405016, 5.943502670
5.953405015, 5.953497786
5.963405016, 5.963515859
5.973405007, 5.973494313
5.983405009, 5.983494312
5.993405010, 5.993496847
6.003405014, 6.003493508
6.013405015, 6.013495985
6.023405014, 6.023501224
6.033405013, 6.033514690
6.043405016, 6.043496210
6.053405018, 6.053492814
6.063405014, 6.063493860
6.073405012, 6.073499436
6.083405014, 6.083498249
6.093405007, 6.093497297
6.103405009, 6.103495496
6.113405009, 6.113496005
6.123405017, 6.123498984
6.133405016, 6.133493883
6.143405011, 6.143495760
6.153405012, 6.153492931
6.163405016, 6.163494026
6.173405010, 6.173498002
6.183405016, 6.183495306
6.193405015, 6.193498601
6.203405012, 6.203495594
6.213405007, 6.213503210
6.223405009, 6.223522583
6.233405016, 6.233497903
6.243405008, 6.243495188
6.253405015, 6.253499324
6.263405012, 6.263498341
6.273405015, 6.273499387
6.283405009, 6.283497380
6.293405018, 6.293512816
6.303405019, 6.303499686
6.313405010, 6.313489088
6.323405009, 6.323501559
6.333405012, 6.333503276
6.343405016, 6.343497795
6.353405012, 6.353504972
6.363405017, 6.363500045
6.373405016, 6.373518613
6.383405009, 6.383501153
6.393405005, 6.393508360
6.403405016, 6.403516695
6.413405012, 6.413549168
6.423405016, 6.423495818
6.433405013, 6.433498242
6.443405009, 6.443577670
6.453405015, 6.453581104
6.463405016, 6.463561085
6.473405015, 6.473544043
6.483405016, 6.483576514
6.493405013, 6.493532186
6.503405008, 6.503567028
6.513405013, 6.513570433
6.523405009, 6.523583922
6.533405013, 6.533535517
6.543405007, 6.543556081
6.553405008, 6.553460150
6.563405015, 6.563569994
6.573405010, 6.573479305
6.583405016, 6.583477040
6.593405012, 6.593503614
6.603405014, 6.603493721
6.613405013, 6.613483249
6.623405009, 6.623475313
6.633405009, 6.633494508
6.643405014, 6.643489758
6.653405016, 6.653478824
6.663405009, 6.663516655
6.673405010, 6.673559898
6.683405003, 6.683509929
6.693405007, 6.693555653
6.703405009, 6.703485331
6.713405016, 6.713465127
6.723405006, 6.723489179
6.733405007, 6.733513935
6.743405008, 6.743469079
6.753405013, 6.753486589
6.763405011, 6.763473188
6.773405010, 6.773484236
6.783405014, 6.783476533
6.793405012, 6.793479071
6.803405017, 6.803496944
6.813405007, 6.813507405
6.823405016, 6.823485797
6.833405015, 6.833523296
6.843405017, 6.843518044
6.853405015, 6.853484642
6.863405011, 6.863501409
6.873405010, 6.873474456
6.883405017, 6.883486337
6.893405010, 6.893465177
6.903405008, 6.903495436
6.913405010, 6.913507256
6.923405017, 6.923501860
6.933405010, 6.933497797
6.943405009, 6.943482347
6.953405012, 6.953489626
6.963405009, 6.963494433
6.973405016, 6.973483720
6.983405009, 6.983481071
6.993405004, 6.993490935
7.003405016, 7.003507276
7.013405015, 7.013494183
7.023405016, 7.023478325
7.033405016, 7.033487357
7.043405008, 7.043504417
7.053405004, 7.053475652
7.063405012, 7.063491329
7.073405009, 7.073553218
7.083405016, 7.083479789
7.093405009, 7.093493888
7.103405012, 7.103491354
7.113405015, 7.113476032
7.123405011, 7.123483610
7.133405009, 7.133519741
7.143405012, 7.143473229
7.153405013, 7.153486652
7.163405016, 7.163478041
7.173405005, 7.173482692
7.183405014, 7.183485279
7.193405015, 7.193486952
7.203405009, 7.203477384
7.213405018, 7.213511265
7.223405014, 7.223476728
7.233405016, 7.233487503
7.243405014, 7.243474588
7.253405016, 7.253486780
7.263405014, 7.263498958
7.273405010, 7.273487212
7.283405014, 7.283570775
7.293405009, 7.293559039
7.303405009, 7.303580969
7.313405016, 7.313582371
7.323405009, 7.323586005
7.333405010, 7.333570256
7.343405017, 7.343511496
7.353405013, 7.353503311
7.363405012, 7.363512970
7.373405015, 7.373515304
7.383405014, 7.383509897
7.393405010, 7.393491654
7.403405011, 7.403551945
7.413405004, 7.413494399
7.423405012, 7.423498303
7.433405016, 7.433527332
7.443405012, 7.443480702
7.453405012, 7.453495704
7.463405009, 7.463491634
7.473405015, 7.473483991
7.483405011, 7.483496699
7.493405018, 7.493490402
7.503405016, 7.503522808
7.513405012, 7.513478855
7.523405019, 7.523475280
7.533405012, 7.533489832
7.543405012, 7.543507009
7.553405012, 7.553476971
7.563405012, 7.563491114
7.573405013, 7.573494450
7.583405006, 7.583477596
7.593405015, 7.593514030
7.603405017, 7.603479053
7.613405016, 7.613485692
7.623405014, 7.623493244
7.633405010, 7.633478771
7.643405017, 7.643512518
7.653405010, 7.653477685
7.663405012, 7.663483836
7.673405012, 7.673497537
7.683405011, 7.683505561
7.693405018, 7.693508813
7.703405014, 7.703487816
7.713405012, 7.713476683
7.723405016, 7.723485121
7.733405010, 7.733479141
7.743405009, 7.743532998
7.753405009, 7.753499671
7.763405009, 7.763552999
7.773405007, 7.773556663
7.783405012, 7.783542999
7.793405013, 7.793531574
7.803405009, 7.803503585
7.813405016, 7.813563159
7.823405003, 7.823550142
7.833405005, 7.833553076
7.843405011, 7.843572336
7.853405010, 7.853547422
7.863405016, 7.863540643
7.873405010, 7.873561336
7.883405011, 7.883541676
7.893405009, 7.893550043
7.903405011, 7.903553571
7.913405009, 7.913551476
7.923405007, 7.923573868
7.933405012, 7.933574664
7.943405012, 7.943575424
7.953405009, 7.953553144
7.963405008, 7.963572445
7.973405010, 7.973585432
7.983405006, 7.983558835
7.993405013, 7.993538929
8.003405006, 8.003547320
8.013405013, 8.013542805
8.023405016, 8.023550241
8.033405015, 8.033564603
8.043405016, 8.043553100
8.053405018, 8.053544426
8.063405016, 8.063569715
8.073405004, 8.073599892
8.083405011, 8.083550436
8.093405012, 8.093542043
8.103405016, 8.103547080
8.113405009, 8.113559858
8.123405011, 8.123548206
8.133405007, 8.133543911
8.143405013, 8.143568591
8.153405018, 8.153545370
8.163405016, 8.163585350
8.173405009, 8.173572515
8.183405017, 8.183567460
8.193405007, 8.193539592
8.203405011, 8.203543580
8.213405013, 8.213559131
8.223405014, 8.223546409
8.233405016, 8.233550456
8.243405016, 8.243542449
8.253405013, 8.253543214
8.263405016, 8.263563272
8.273405010, 8.273561537
8.283405014, 8.283549674
8.293405015, 8.293550281
8.303405017, 8.303556206
8.313405010, 8.313582748
8.323405012, 8.323545757
8.333405013, 8.333547223
8.343405014, 8.343555529
8.353405010, 8.353565718
8.363405009, 8.363571701
8.373405012, 8.373541597
8.383405014, 8.383573978
8.393405013, 8.393543432
8.403405017, 8.403550423
8.413405012, 8.413545974
8.423405008, 8.423549295
8.433405015, 8.433569987
8.443405009, 8.443546570
8.453405012, 8.453558051
8.463405016, 8.463548187
8.473405007, 8.473543562
8.483405013, 8.483571779
8.493405012, 8.493572700
8.503405011, 8.503576391
8.513405017, 8.513579914
8.523405011, 8.523552667
8.533405009, 8.533551635
8.543405010, 8.543562391
8.553405008, 8.553556609
8.563405013, 8.563535642
8.573405009, 8.573567467
8.583405015, 8.583606840
8.593405012, 8.593532450
8.603405023, 8.603545871
8.613405008, 8.613573587
8.623405018, 8.623548574
8.633405017, 8.633554940
8.643405010, 8.643543902
8.653405014, 8.653544952
8.663405013, 8.663521766
8.673405012, 8.673523616
8.683405013, 8.683553586
8.693405009, 8.693568471
8.703405016, 8.703572655
8.713405010, 8.713562233
8.723405012, 8.723570462
8.733405010, 8.733543072
8.743405009, 8.743540444
8.753405009, 8.753581455
8.763405014, 8.763526903
8.773405009, 8.773582674
8.783405005, 8.783560207
8.793405005, 8.793538923
8.803405011, 8.803512187
8.813405014, 8.813502010
8.823405014, 8.823495526
8.833405012, 8.833523897
8.843405014, 8.843493514
8.853405007, 8.853494887
8.863405011, 8.863499078
8.873405013, 8.873499003
8.883405011, 8.883494937
8.893405010, 8.893497641
8.903405011, 8.903514635
8.913405010, 8.913503382
8.923405011, 8.923496997
8.933405010, 8.933494218
8.943405012, 8.943495730
8.953405015, 8.953491494
8.963405009, 8.963495354
8.973405005, 8.973504867
8.983405014, 8.983497681
8.993405015, 8.993497792
9.003405012, 9.003497741
9.013405012, 9.013500680
9.023405012, 9.023493890
9.033405013, 9.033497246
9.043405014, 9.043508037
9.053405018, 9.053499180
9.063405017, 9.063532510
9.073405009, 9.073495835
9.083405009, 9.083493844
9.093405013, 9.093518007
9.103405009, 9.103516948
9.113405016, 9.113527341
9.123405016, 9.123497098
9.133405012, 9.133499667
9.143405011, 9.143495234
9.153405005, 9.153529121
9.163405014, 9.163502206
9.173405016, 9.173502048
9.183405006, 9.183494449
9.193405016, 9.193493924
9.203405011, 9.203491293
9.213405007, 9.213497672
9.223405011, 9.223498009
9.233405010, 9.233501765
9.243405017, 9.243501747
9.253405015, 9.253493090
9.263405014, 9.263500062
9.273405010, 9.273501272
9.283405011, 9.283545588
9.293405015, 9.293509928
9.303405012, 9.303510794
9.313405015, 9.313496788
9.323405014, 9.323499457
9.333405010, 9.333500023
9.343405009, 9.343499689
9.353405007, 9.353510629
9.363405008, 9.363519318
9.373405018, 9.373504179
9.383405014, 9.383494021
9.393405013, 9.393495392
9.403405008, 9.403497796
9.413405009, 9.413500448
9.423405012, 9.423552725
9.433405015, 9.433546304
9.443405017, 9.443547194
9.453405007, 9.453501759
9.463405008, 9.463496904
9.473405015, 9.473500336
9.483405009, 9.483496290
9.493405013, 9.493514813
9.503405011, 9.503517411
9.513405012, 9.513513861
9.523405014, 9.523493866
9.533405013, 9.533500429
9.543405016, 9.543494261
9.553405009, 9.553554284
9.563405016, 9.563497893
9.573405007, 9.573497900
9.583405009, 9.583498223
9.593405009, 9.593560415
9.603405016, 9.603510781
9.613405015, 9.613532324
9.623405008, 9.623508677
9.633405012, 9.633526219
9.643405009, 9.643540078
9.653405012, 9.653528740
9.663405011, 9.663520247
9.673405013, 9.673521632
9.683405014, 9.683518324
9.693405012, 9.693564583
9.703405012, 9.703519877
9.713405016, 9.713499472
9.723405011, 9.723533868
9.733405016, 9.733527352
9.743405016, 9.743538780
9.753405009, 9.753583605
9.763405102, 9.763542305
9.773405016, 9.773550275
9.783405016, 9.783556287
9.793405010, 9.793560591
9.803405013, 9.803586442
9.813405006, 9.813554725
9.823405010, 9.823577651
9.833405007, 9.833565989
9.843405015, 9.843569791
9.853405013, 9.853578881
9.863405009, 9.863537722
9.873405247, 9.873509228
9.883405008, 9.883532470
9.893405091, 9.893518945
9.903405194, 9.903538968
9.913405081, 9.913510957
9.923405068, 9.923533483
9.933405010, 9.933507896
9.943405069, 9.943526655
9.953405007, 9.953547892
9.963405012, 9.963522795
9.973405069, 9.973542685
9.983405016, 9.983529771
9.993405006, 9.993524899
10.003405010, 10.003567080
10.013405009, 10.013568379
10.023405007, 10.023579584
10.033405012, 10.033578135
10.043405010, 10.043578306
10.053405007, 10.053576166
10.063405016, 10.063577711
10.073405020, 10.073577983
10.083405011, 10.083577400
10.093405006, 10.093580814
10.103405007, 10.103576067
10.113405011, 10.113580282
10.123405011, 10.123578470
10.133405009, 10.133577672
10.143405011, 10.143577973
10.153405011, 10.153578872
10.163405019, 10.163576552
10.173405007, 10.173580068
10.183405016, 10.183575418
10.193405011, 10.193576794
10.203405010, 10.203575553
10.213405015, 10.213578190
10.223405013, 10.223576741
10.233405009, 10.233577751
10.243405008, 10.243582339
10.253405014, 10.253563432
10.263405010, 10.263575603
10.273405011, 10.273578872
10.283405014, 10.283577965
10.293405009, 10.293577860
10.303405008, 10.303575172
10.313405007, 10.313576644
10.323405008, 10.323578927
10.333405007, 10.333580146
10.343405014, 10.343578998
10.353405007, 10.353578175
10.363405013, 10.363577897
10.373405011, 10.373574545
10.383405013, 10.383575965
10.393405006, 10.393579528
10.403405013, 10.403580418
10.413405011, 10.413579256
10.423405007, 10.423576663
10.433405015, 10.433579632
10.443405018, 10.443577793
10.453405012, 10.453577904
10.463405008, 10.463575565
10.473405011, 10.473576218
10.483405008, 10.483579738
10.493405012, 10.493579720
10.503405008, 10.503578849
10.513405007, 10.513577647
10.523405008, 10.523577387
10.533405011, 10.533582259
10.543405011, 10.543577799
10.553405007, 10.553576776
10.563405010, 10.563579255
10.573405009, 10.573582325
10.583405008, 10.583581404
10.593405004, 10.593576063
10.603405014, 10.603580041
10.613405011, 10.613576327
10.623405007, 10.623577337
10.633405012, 10.633578091
10.643405010, 10.643581445
10.653405006, 10.653578664
10.663405010, 10.663580196
10.673405017, 10.673579738
10.683405014, 10.683579064
10.693405007, 10.693576760
10.703405003, 10.703576425
10.713405004, 10.713576488
10.723405013, 10.723577907
10.733405007, 10.733578662
10.743405014, 10.743578965
10.753405012, 10.753577702
10.763405016, 10.763581699
10.773405011, 10.773576633
10.783405010, 10.783576382
10.793405009, 10.793576356
10.803405016, 10.803579496
10.813405015, 10.813577459
10.823405011, 10.823576743
10.833405011, 10.833575476
10.843405016, 10.843574042
10.853405007, 10.853578168
10.863405007, 10.863578663
10.873405011, 10.873576891
10.883405016, 10.883580960
10.893405007, 10.893581707
10.903405011, 10.903576416
10.913405007, 10.913578582
10.923405013, 10.923575856
10.933405009, 10.933576711
10.943405003, 10.943576596
10.953405004, 10.953577726
10.963405011, 10.963578413
10.973405012, 10.973579513
10.983405014, 10.983576857
10.993405014, 10.993576763
11.003405011, 11.003579520
11.013405007, 11.013575940
11.023405011, 11.023575518
11.033405015, 11.033576635
11.043405013, 11.043579626
11.053405007, 11.053582158
11.063405014, 11.063576964
11.073405006, 11.073577590
11.083405013, 11.083577168
11.093405014, 11.093578219
11.103405007, 11.103576396
11.113405012, 11.113577570
11.123405010, 11.123582358
11.133405004, 11.133579466
11.143405014, 11.143577452
11.153405048, 11.153576902
11.163405008, 11.163578205
11.173405007, 11.173576229
11.183405016, 11.183575836
11.193405006, 11.193578784
11.203405010, 11.203581429
11.213405012, 11.213580052
11.223405016, 11.223579980
11.233405011, 11.233578318
11.243405018, 11.243574170
11.253405003, 11.253575750
11.263405010, 11.263571337
11.273405017, 11.273575842
11.283405016, 11.283577095
11.293405009, 11.293576654
11.303405008, 11.303577143
11.313405007, 11.313577570
11.323405013, 11.323579017
11.333405007, 11.333577394
11.343405013, 11.343577725
11.353405015, 11.353578553
11.363405018, 11.363578739
11.373405006, 11.373580300
11.383405008, 11.383575853
11.393405007, 11.393578904
11.403405014, 11.403576824
11.413405014, 11.413579322
11.423405011, 11.423574703
11.433405011, 11.433572745
11.443405010, 11.443576821
11.453405009, 11.453576635
11.463405014, 11.463575729
11.473405009, 11.473578116
11.483405044, 11.483580378
11.493405006, 11.493576389
11.503405008, 11.503577904
11.513405015, 11.513576599
11.523405010, 11.523578981
11.533405007, 11.533578662
11.543405013, 11.543577342
11.553405004, 11.553578149
11.563405013, 11.563576350
11.573405009, 11.573578358
11.583405007, 11.583571812
11.593405006, 11.593577570
11.603405007, 11.603581122
11.613405004, 11.613582014
11.623405013, 11.623576835
11.633405006, 11.633580068
11.643405010, 11.643578294
11.653405015, 11.653577072
11.663405014, 11.663580032
11.673405009, 11.673577761
11.683405008, 11.683580161
11.693405011, 11.693582346
11.703405011, 11.703576710
11.713405011, 11.713577469
11.723405016, 11.723577822
11.733405003, 11.733577443
11.743405013, 11.743575377
11.753405015, 11.753579720
11.763405014, 11.763582781
11.773405007, 11.773580139
11.783405010, 11.783579891
11.793405006, 11.793575381
11.803405008, 11.803575178
11.813405006, 11.813576206
11.823405013, 11.823577528
11.833405007, 11.833575574
11.843405007, 11.843580510
11.853405003, 11.853580235
11.863405010, 11.863577536
11.873405014, 11.873575939
11.883405007, 11.883581870
11.893405015, 11.893579234
11.903405041, 11.903583643
11.913405006, 11.913583843
11.923405016, 11.923579882
11.933405012, 11.933588313
11.943405022, 11.943585886
11.953405011, 11.953586146
11.963405013, 11.963578619
11.973405004, 11.973578310
11.983405010, 11.983581813
11.993405014, 11.993578841
12.003405010, 12.003581578
12.013405009, 12.013582404
12.023405016, 12.023582597
12.033405006, 12.033585582
12.043405010, 12.043585270
12.053405012, 12.053583555
------------------------------
