------------------------------
test was performed using the following parameters: --mps=100 --burst=1 --reply-every=1 --msg-size=12 --time=10
------------------------------
sockperf: [Total Run] RunTime=10.100 sec; SentMessages=1011; ReceivedMessages=1010
sockperf: ========= Printing statistics for Server No: 0
sockperf: [Valid Duration] RunTime=9.990 sec; SentMessages=1000; ReceivedMessages=1000
sockperf: [2;35m====> avg-lat= 83.433 (std-dev=29.470)[0m
sockperf: # dropped messages = 0; # duplicated messages = 0; # out-of-order messages = 0
sockperf: [2;35mTotal 1000 observations[0m; each percentile contains 10.00 observations
sockperf: ---> <MAX> observation =  140.475
sockperf: ---> percentile  99.99 =  140.475
sockperf: ---> percentile  99.90 =  140.400
sockperf: ---> percentile  99.50 =  139.737
sockperf: ---> percentile  99.00 =  139.246
sockperf: ---> percentile  95.00 =  137.666
sockperf: ---> percentile  90.00 =  132.974
sockperf: ---> percentile  75.00 =   93.689
sockperf: ---> percentile  50.00 =   75.906
sockperf: ---> percentile  25.00 =   64.846
sockperf: ---> <MIN> observation =   25.264
------------------------------
txTime, rxTime
2.062753541, 2.062976176
2.072753544, 2.072926523
2.082753563, 2.082925217
2.092753545, 2.092930089
2.102753560, 2.102923244
2.112753545, 2.112898069
2.122753549, 2.122859237
2.132753542, 2.132895837
2.142753556, 2.142859109
2.152753537, 2.152854404
2.162753608, 2.162854868
2.172753540, 2.172885821
2.182753539, 2.182860202
2.192753544, 2.192846847
2.202753546, 2.202844002
2.212753539, 2.212846870
2.222753612, 2.222857578
2.232753538, 2.232855203
2.242753546, 2.242840985
2.252753541, 2.252854824
2.262753609, 2.262843887
2.272753539, 2.272863145
2.282753542, 2.282843478
2.292753613, 2.292852558
2.302753546, 2.302889377
2.312753541, 2.312879250
2.322753612, 2.322883691
2.332753541, 2.332918801
2.342753612, 2.342889072
2.352753541, 2.352907222
2.362753544, 2.362907729
2.372753544, 2.372895446
2.382753538, 2.382896425
2.392753603, 2.392905064
2.402753673, 2.402901768
2.412753546, 2.412914755
2.422753544, 2.422923341
2.432753543, 2.432874385
2.442753536, 2.442885304
2.452753602, 2.452967780
2.462753609, 2.462910823
2.472753538, 2.472902785
2.482753599, 2.482913183
2.492753541, 2.492929220
2.502753606, 2.502908413
2.512753596, 2.512912798
2.522753692, 2.522922465
2.532753641, 2.532924198
2.542753685, 2.542908250
2.552753540, 2.552892043
2.562753541, 2.562916388
2.572753536, 2.572891293
2.582753604, 2.582931281
2.592753613, 2.592922230
2.602753859, 2.602842509
2.612753616, 2.612927434
2.622753535, 2.622913768
2.632753540, 2.632859580
2.642753602, 2.642848396
2.652753545, 2.652908818
2.662753545, 2.662877845
2.672753535, 2.672888100
2.682753731, 2.682934285
2.692753543, 2.692867194
2.702753535, 2.702895014
2.712753542, 2.712891575
2.722753611, 2.722886464
2.732753676, 2.732872336
2.742753609, 2.742928968
2.752753537, 2.752912954
2.762753545, 2.762900515
2.772753540, 2.772899925
2.782753608, 2.782897888
2.792753537, 2.792905965
2.802753540, 2.802922084
2.812753543, 2.812893205
2.822753603, 2.822875729
2.832753546, 2.832915213
2.842753848, 2.842915337
2.852753536, 2.852942584
2.862753538, 2.862918366
2.872753540, 2.872900076
2.882753537, 2.882918783
2.892753615, 2.892916408
2.902753544, 2.902910709
2.912753547, 2.912924813
2.922753544, 2.922898061
2.932753541, 2.932896409
2.942753544, 2.942915841
2.952753536, 2.952912414
2.962753617, 2.962926129
2.972753610, 2.972889249
2.982753615, 2.982884722
2.992753534, 2.992927973
3.002753541, 3.002883797
3.012753609, 3.012911735
3.022753564, 3.022898703
3.032753550, 3.032919701
3.042753560, 3.042910989
3.052757182, 3.052920260
3.062753688, 3.062928162
3.072763600, 3.072927678
3.082753825, 3.082916422
3.092753549, 3.092886544
3.102753645, 3.102956129
3.112753637, 3.112935545
3.122753642, 3.122898858
3.132753634, 3.132897821
3.142753697, 3.142926937
3.152753667, 3.152932530
3.162753609, 3.162935856
3.172753626, 3.172896908
3.182753716, 3.182908758
3.192753564, 3.192955607
3.202756951, 3.202983699
3.212760567, 3.212898578
3.222753645, 3.222941024
3.232753552, 3.232916130
3.242753564, 3.242954688
3.252753613, 3.252908425
3.262753640, 3.262889613
3.272753563, 3.272932291
3.282756111, 3.282945589
3.292753609, 3.292907526
3.302756282, 3.302950928
3.312753558, 3.312876766
3.322753651, 3.322935179
3.332753568, 3.332913196
3.342753566, 3.342905327
3.352753560, 3.352925159
3.362753669, 3.362922305
3.372758210, 3.372922919
3.382753564, 3.382892629
3.392757635, 3.392947878
3.402758219, 3.402943097
3.412757635, 3.412921640
3.422756508, 3.422904316
3.432753639, 3.432895894
3.442753558, 3.442941878
3.452757796, 3.452896232
3.462753626, 3.462906356
3.472756465, 3.472910313
3.482753563, 3.482879087
3.492753623, 3.492910040
3.502757389, 3.502929467
3.512753552, 3.512911533
3.522753623, 3.522904694
3.532753558, 3.532919736
3.542753550, 3.542899741
3.552755218, 3.552924619
3.562753564, 3.562921071
3.572753640, 3.572937879
3.582753560, 3.582911461
3.592753624, 3.592939224
3.602771455, 3.602933671
3.612756487, 3.612945810
3.622753576, 3.622910319
3.632753613, 3.632933194
3.642753629, 3.642939733
3.652753555, 3.652919581
3.662753628, 3.662877352
3.672753558, 3.672871429
3.682757583, 3.682908570
3.692753561, 3.692898432
3.702753609, 3.702901318
3.712753684, 3.712870408
3.722753564, 3.722910752
3.732753636, 3.732889852
3.742754608, 3.742887283
3.752753564, 3.752948843
3.762753642, 3.762919188
3.772753741, 3.772883538
3.782753561, 3.782860532
3.792764891, 3.792904019
3.802760739, 3.802859959
3.812753621, 3.812864820
3.822753628, 3.822829072
3.832753547, 3.832886801
3.842753639, 3.842907842
3.852753607, 3.852924420
3.862753643, 3.862858632
3.872753544, 3.872886149
3.882753696, 3.882865831
3.892753596, 3.892935580
3.902753675, 3.902819823
3.912753555, 3.912875615
3.922753591, 3.922813056
3.932753617, 3.932824681
3.942753615, 3.942860552
3.952753555, 3.952859180
3.962753697, 3.962817636
3.972753609, 3.972832656
3.982756959, 3.982817107
3.992753604, 3.992843917
4.002760275, 4.002842870
4.012753620, 4.012833593
4.022753626, 4.022849993
4.032753547, 4.032823728
4.042755342, 4.042924629
4.052755554, 4.052884602
4.062756958, 4.062862343
4.072753555, 4.072832923
4.082753645, 4.082836289
4.092753555, 4.092829260
4.102753825, 4.102869407
4.112753642, 4.112920168
4.122753590, 4.122833420
4.132756646, 4.132866214
4.142753677, 4.142896362
4.152753560, 4.152818454
4.162753568, 4.162816558
4.172753588, 4.172825439
4.182757924, 4.182865734
4.192753613, 4.192861992
4.202757460, 4.202910804
4.212753555, 4.212850146
4.222753721, 4.222891604
4.232753568, 4.232860276
4.242754327, 4.242873348
4.252753647, 4.252862251
4.262753631, 4.262847359
4.272753546, 4.272846757
4.282753564, 4.282839843
4.292753564, 4.292809500
4.302753566, 4.302878269
4.312754771, 4.312819521
4.322753560, 4.322892036
4.332764595, 4.332883154
4.342760695, 4.342905147
4.352758562, 4.352899919
4.362753606, 4.362858084
4.372753598, 4.372865215
4.382753612, 4.382912315
4.392762313, 4.392924997
4.402753568, 4.402846481
4.412753549, 4.412893978
4.422753624, 4.422862076
4.432753557, 4.432929531
4.442753596, 4.442884168
4.452753666, 4.452901316
4.462753550, 4.462875388
4.472753564, 4.472945263
4.482753678, 4.482853711
4.492753552, 4.492892064
4.502753572, 4.502878272
4.512753607, 4.512879970
4.522753629, 4.522884332
4.532753643, 4.532857966
4.542753558, 4.542885229
4.552753661, 4.552907195
4.562753609, 4.562872067
4.572753568, 4.572901746
4.582753561, 4.582872034
4.592753680, 4.592873782
4.602753613, 4.602917077
4.612764363, 4.612918964
4.622753621, 4.622895694
4.632753563, 4.632895365
4.642753563, 4.642873815
4.652753558, 4.652872883
4.662753656, 4.662891860
4.672753555, 4.672901016
4.682753561, 4.682885879
4.692761535, 4.692928336
4.702753626, 4.702853324
4.712753587, 4.712892088
4.722754697, 4.722916527
4.732753550, 4.732910496
4.742759308, 4.742868257
4.752753636, 4.752846347
4.762753669, 4.762895746
4.772753555, 4.772873477
4.782753561, 4.782893321
4.792753561, 4.792932100
4.802753612, 4.802876930
4.812754337, 4.812897139
4.822754613, 4.822878609
4.832753607, 4.832903584
4.842753566, 4.842917539
4.852753568, 4.852893663
4.862762686, 4.862905374
4.872753722, 4.872834848
4.882758756, 4.882855334
4.892757430, 4.892894608
4.902753558, 4.902873427
4.912760448, 4.912899171
4.922753643, 4.922924135
4.932765090, 4.932868349
4.942753572, 4.942890531
4.952753642, 4.952894118
4.962753710, 4.962856982
4.972753631, 4.972877502
4.982761271, 4.982869800
4.992753557, 4.992870859
5.002757756, 5.002881877
5.012753626, 5.012919807
5.022753576, 5.022879112
5.032753574, 5.032905387
5.042759830, 5.042879095
5.052753555, 5.052864305
5.062754253, 5.062910914
5.072757144, 5.072905611
5.082766117, 5.082909388
5.092753552, 5.092878113
5.102753618, 5.102823677
5.112760573, 5.112907736
5.122753571, 5.122805554
5.132753549, 5.132901369
5.142753548, 5.142921163
5.152753552, 5.152886184
5.162761656, 5.162888732
5.172754853, 5.172883459
5.182753587, 5.182848219
5.192753623, 5.192835700
5.202753579, 5.202833578
5.212753552, 5.212866020
5.222753564, 5.222833529
5.232758781, 5.232857848
5.242753558, 5.242866386
5.252753558, 5.252849023
5.262759818, 5.262862921
5.272753553, 5.272822755
5.282757561, 5.282844831
5.292753566, 5.292847182
5.302758333, 5.302896834
5.312753553, 5.312839510
5.322753552, 5.322870403
5.332763472, 5.332859239
5.342753568, 5.342834294
5.352753568, 5.352844302
5.362753631, 5.362826386
5.372756062, 5.372886331
5.382753566, 5.382860093
5.392753666, 5.392836858
5.402759027, 5.402884376
5.412753713, 5.412904679
5.422759462, 5.422893499
5.432754355, 5.432928287
5.442760853, 5.442910125
5.452753566, 5.452847733
5.462753550, 5.462909435
5.472753610, 5.472940438
5.482753564, 5.482872685
5.492755235, 5.492911301
5.502759001, 5.502922822
5.512760524, 5.512942785
5.522753678, 5.522894260
5.532753552, 5.532914620
5.542753560, 5.542927869
5.552753563, 5.552913136
5.562755371, 5.562987575
5.572753566, 5.572893542
5.582753549, 5.582908125
5.592757772, 5.592940285
5.602757237, 5.602941504
5.612753563, 5.612892176
5.622753550, 5.622873641
5.632753612, 5.632876629
5.642753585, 5.642851761
5.652753552, 5.652922106
5.662759375, 5.662878628
5.672753558, 5.672957956
5.682753564, 5.682886670
5.692753555, 5.692933496
5.702753560, 5.702929778
5.712753557, 5.712886067
5.722753563, 5.722912923
5.732760745, 5.732895386
5.742755806, 5.742927835
5.752753596, 5.752876630
5.762753654, 5.762899117
5.772764156, 5.772905440
5.782760690, 5.782893524
5.792753568, 5.792920429
5.802758102, 5.802941795
5.812753631, 5.812943193
5.822762283, 5.822909973
5.832753637, 5.832872770
5.842753576, 5.842890136
5.852753615, 5.852895493
5.862753624, 5.862892542
5.872753557, 5.872890673
5.882753615, 5.882876114
5.892756249, 5.892908347
5.902753564, 5.902895568
5.912757149, 5.912920078
5.922753599, 5.922890761
5.932753550, 5.932865437
5.942753563, 5.942874904
5.952754419, 5.952883732
5.962753677, 5.962899272
5.972753609, 5.972918618
5.982753610, 5.982925380
5.992753561, 5.992884482
6.002753547, 6.002851559
6.012757802, 6.012907444
6.022753664, 6.022877748
6.032753555, 6.032864307
6.042753558, 6.042848126
6.052753547, 6.052865040
6.062754700, 6.062890202
6.072757681, 6.072907229
6.082753662, 6.082851153
6.092753631, 6.092913873
6.102753571, 6.102882595
6.112753558, 6.112860276
6.122754959, 6.122897939
6.132753553, 6.132906656
6.142754586, 6.142904384
6.152757300, 6.152891279
6.162753566, 6.162859330
6.172753550, 6.172890758
6.182758427, 6.182873335
6.192753585, 6.192816349
6.202753560, 6.202853491
6.212753547, 6.212886552
6.222753613, 6.222884627
6.232753552, 6.232848442
6.242753555, 6.242838945
6.252753557, 6.252804086
6.262753618, 6.262853668
6.272759795, 6.272877259
6.282753566, 6.282880480
6.292753549, 6.292852284
6.302753546, 6.302855388
6.312753547, 6.312863123
6.322753609, 6.322851605
6.332753536, 6.332882812
6.342753544, 6.342842932
6.352753547, 6.352874090
6.362753534, 6.362856695
6.372753615, 6.372855342
6.382753538, 6.382851306
6.392753542, 6.392869102
6.402753544, 6.402875718
6.412753542, 6.412809192
6.422753544, 6.422855849
6.432753552, 6.432837663
6.442753544, 6.442871769
6.452753607, 6.452854949
6.462753558, 6.462844250
6.472753552, 6.472852959
6.482753546, 6.482868251
6.492753538, 6.492860904
6.502753547, 6.502854882
6.512753550, 6.512890398
6.522753610, 6.522885437
6.532753539, 6.532852732
6.542753547, 6.542876685
6.552753541, 6.552900195
6.562753547, 6.562828834
6.572753541, 6.572875956
6.582753539, 6.582908083
6.592753550, 6.592838279
6.602753546, 6.602847410
6.612753544, 6.612867256
6.622753555, 6.622856665
6.632753550, 6.632875043
6.642753547, 6.642906081
6.652753546, 6.652862554
6.662753550, 6.662835490
6.672753544, 6.672880873
6.682753544, 6.682840865
6.692753541, 6.692860393
6.702753816, 6.702872879
6.712755538, 6.712853913
6.722753558, 6.722853138
6.732753557, 6.732863090
6.742753623, 6.742861155
6.752754097, 6.752853597
6.762753546, 6.762849615
6.772753546, 6.772852198
6.782753774, 6.782875276
6.792753546, 6.792852599
6.802753992, 6.802855789
6.812753546, 6.812860134
6.822753610, 6.822870348
6.832755044, 6.832892950
6.842754190, 6.842900634
6.852753542, 6.852917625
6.862753549, 6.862903704
6.872753542, 6.872899294
6.882753609, 6.882897514
6.892753542, 6.892919483
6.902753541, 6.902897707
6.912753552, 6.912879480
6.922753541, 6.922939909
6.932753546, 6.932948191
6.942753544, 6.942903142
6.952753542, 6.952907883
6.962753601, 6.962899240
6.972753538, 6.972897440
6.982753549, 6.982906732
6.992753536, 6.992940421
7.002753613, 7.002918918
7.012753590, 7.012904651
7.022753555, 7.022901343
7.032753549, 7.032883243
7.042753601, 7.042905581
7.052753669, 7.052907855
7.062753601, 7.062889419
7.072753536, 7.072905464
7.082753546, 7.082935095
7.092753550, 7.092900285
7.102753541, 7.102890600
7.112753547, 7.112882998
7.122753558, 7.122894140
7.132753541, 7.132891960
7.142753615, 7.142922044
7.152753609, 7.152931170
7.162753542, 7.162876993
7.172753546, 7.172908134
7.182753844, 7.182827474
7.192753604, 7.192849653
7.202753544, 7.202835696
7.212753549, 7.212896024
7.222753538, 7.222918215
7.232753547, 7.232914532
7.242753599, 7.242913273
7.252753612, 7.252897401
7.262753544, 7.262905257
7.272753553, 7.272900735
7.282753606, 7.282904114
7.292753607, 7.292896212
7.302753598, 7.302899622
7.312753604, 7.312892951
7.322753555, 7.322916497
7.332753596, 7.332877789
7.342753620, 7.342891743
7.352753550, 7.352884518
7.362753602, 7.362886036
7.372753602, 7.372908993
7.382753544, 7.382938586
7.392753672, 7.392911971
7.402753547, 7.402895984
7.412753552, 7.412899103
7.422753539, 7.422904411
7.432753602, 7.432901978
7.442753667, 7.442888832
7.452753667, 7.452889002
7.462753669, 7.462941662
7.472753598, 7.472902409
7.482753552, 7.482902889
7.492753546, 7.492905963
7.502753552, 7.502905492
7.512753601, 7.512906176
7.522753666, 7.522911270
7.532753538, 7.532935970
7.542753550, 7.542886735
7.552753602, 7.552925469
7.562753887, 7.562922999
7.572753547, 7.572890179
7.582753539, 7.582904719
7.592753555, 7.592894197
7.602753553, 7.602912880
7.612753549, 7.612891821
7.622753561, 7.622900934
7.632753558, 7.632911192
7.642753542, 7.642878070
7.652753538, 7.652911267
7.662753536, 7.662921706
7.672754925, 7.672913002
7.682753606, 7.682911336
7.692753552, 7.692905985
7.702753561, 7.702918559
7.712753542, 7.712904900
7.722753541, 7.722897060
7.732753599, 7.732932673
7.742753538, 7.742898037
7.752753549, 7.752934295
7.762753617, 7.762905987
7.772753538, 7.772925113
7.782753546, 7.782949267
7.792754757, 7.792898638
7.802753670, 7.802914742
7.812753542, 7.812929547
7.822753555, 7.822908042
7.832753538, 7.832931391
7.842753612, 7.842808221
7.852753536, 7.852837132
7.862753546, 7.862840953
7.872753672, 7.872809454
7.882753601, 7.882811614
7.892753542, 7.892883047
7.902753541, 7.902883009
7.912753539, 7.912901973
7.922753547, 7.922860833
7.932754644, 7.932857355
7.942753550, 7.942872850
7.952753629, 7.952864500
7.962753546, 7.962864250
7.972753542, 7.972876270
7.982753546, 7.982867776
7.992753544, 7.992868748
8.002753544, 8.002881457
8.012753610, 8.012886528
8.022753733, 8.022884840
8.032753542, 8.032866825
8.042753602, 8.042900713
8.052753542, 8.052912896
8.062753547, 8.062892086
8.072753542, 8.072905744
8.082753541, 8.082892966
8.092753542, 8.092861324
8.102753555, 8.102877375
8.112753672, 8.112889407
8.122753801, 8.122863124
8.132753546, 8.132898858
8.142753609, 8.142867842
8.152753654, 8.152885963
8.162753610, 8.162860315
8.172753538, 8.172889988
8.182753542, 8.182904953
8.192753673, 8.192877761
8.202753593, 8.202923148
8.212753544, 8.212921191
8.222753557, 8.222951446
8.232754537, 8.232894353
8.242753604, 8.242918135
8.252753547, 8.252897328
8.262753555, 8.262894884
8.272753538, 8.272917167
8.282753610, 8.282913488
8.292753541, 8.292923045
8.302753684, 8.302898727
8.312753612, 8.312883781
8.322753621, 8.322904305
8.332753730, 8.332899150
8.342753542, 8.342909779
8.352753546, 8.352910376
8.362753541, 8.362889269
8.372753542, 8.372907641
8.382753553, 8.382894180
8.392753547, 8.392904563
8.402753544, 8.402891259
8.412753541, 8.412932547
8.422753542, 8.422905867
8.432753596, 8.432891481
8.442753618, 8.442909749
8.452753541, 8.452910141
8.462753618, 8.462907117
8.472753550, 8.472885276
8.482753553, 8.482915195
8.492753539, 8.492906639
8.502753598, 8.502876804
8.512753541, 8.512935504
8.522753651, 8.522899174
8.532753549, 8.532892358
8.542753542, 8.542906609
8.552753538, 8.552916842
8.562753612, 8.562926157
8.572753598, 8.572917607
8.582753613, 8.582894663
8.592753555, 8.592894462
8.602753615, 8.602919636
8.612753549, 8.612900814
8.622753546, 8.622890555
8.632753541, 8.632897743
8.642753544, 8.642899548
8.652753542, 8.652892970
8.662753546, 8.662900795
8.672753539, 8.672878427
8.682753539, 8.682893239
8.692753596, 8.692938169
8.702753547, 8.702907921
8.712753538, 8.712915665
8.722753612, 8.722898159
8.732753538, 8.732896068
8.742753541, 8.742938008
8.752753538, 8.752890706
8.762753593, 8.762899887
8.772753544, 8.772899401
8.782753538, 8.782895051
8.792753594, 8.792909582
8.802753560, 8.802892838
8.812753602, 8.812901774
8.822753539, 8.822896220
8.832753542, 8.832945099
8.842753598, 8.842895418
8.852753546, 8.852918896
8.862753546, 8.862897439
8.872753539, 8.872917551
8.882753550, 8.882890217
8.892753541, 8.892889092
8.902753546, 8.902922387
8.912753542, 8.912924547
8.922753539, 8.922910493
8.932753538, 8.932914877
8.942753615, 8.942914101
8.952753654, 8.952890959
8.962753670, 8.962943152
8.972753552, 8.972930207
8.982753542, 8.982899892
8.992753542, 8.992964490
9.002753538, 9.002935970
9.012753550, 9.012915241
9.022753699, 9.022966376
9.032753654, 9.032964535
9.042753549, 9.042930760
9.052753604, 9.052909250
9.062753612, 9.062932792
9.072753880, 9.072920880
9.082755186, 9.082942106
9.092753538, 9.092897077
9.102753681, 9.102920563
9.112753542, 9.112913821
9.122753672, 9.122899597
9.132753542, 9.132921485
9.142753538, 9.142898749
9.152753550, 9.152924206
9.162753612, 9.162892296
9.172753598, 9.172916393
9.182753850, 9.182906254
9.192753547, 9.192895173
9.202753546, 9.202882382
9.212753542, 9.212907831
9.222753538, 9.222934426
9.232753558, 9.232889819
9.242753613, 9.242944630
9.252753672, 9.252917157
9.262753552, 9.262928407
9.272753542, 9.272928317
9.282753599, 9.282924509
9.292753553, 9.292888172
9.302753552, 9.302918522
9.312753558, 9.312899515
9.322753670, 9.322917920
9.332753539, 9.332890479
9.342753550, 9.342885347
9.352753541, 9.352905275
9.362753557, 9.362885572
9.372753618, 9.372944389
9.382754580, 9.382900539
9.392753539, 9.392897277
9.402753553, 9.402907829
9.412753546, 9.412908881
9.422753560, 9.422891503
9.432753555, 9.432919033
9.442753542, 9.442919482
9.452753542, 9.452901267
9.462753534, 9.462904784
9.472753542, 9.472913112
9.482753542, 9.482901990
9.492753550, 9.492912937
9.502753544, 9.502901441
9.512753544, 9.512892313
9.522753547, 9.522890215
9.532753544, 9.532895940
9.542753547, 9.542916505
9.552753929, 9.552933985
9.562753555, 9.562897423
9.572753541, 9.572903606
9.582753542, 9.582893021
9.592753549, 9.592887640
9.602753609, 9.602902324
9.612753547, 9.612896333
9.622753609, 9.622882570
9.632753536, 9.632890105
9.642753536, 9.642912381
9.652753544, 9.652911944
9.662753552, 9.662886827
9.672753550, 9.672914633
9.682753613, 9.682885098
9.692753541, 9.692923871
9.702753557, 9.702901488
9.712753549, 9.712918010
9.722753550, 9.722916467
9.732753557, 9.732899234
9.742753549, 9.742902807
9.752753552, 9.752907128
9.762753546, 9.762896534
9.772753539, 9.772952836
9.782753538, 9.782912634
9.792753610, 9.792877284
9.802753550, 9.802912208
9.812754782, 9.812881492
9.822753599, 9.822912252
9.832755563, 9.832947867
9.842753699, 9.842929133
9.852753618, 9.852943381
9.862753610, 9.862882000
9.872753536, 9.872943546
9.882753536, 9.882953409
9.892753539, 9.892987561
9.902753544, 9.902985988
9.912753544, 9.912959440
9.922753536, 9.922954250
9.932753539, 9.932988454
9.942753541, 9.942967243
9.952753538, 9.953014532
9.962753557, 9.963030909
9.972753546, 9.973031549
9.982753550, 9.983026411
9.992753550, 9.993028369
10.002753563, 10.003027259
10.012753539, 10.013006884
10.022753561, 10.023010761
10.032753546, 10.033027213
10.042753546, 10.043013713
10.052753557, 10.053024986
10.062753539, 10.063024485
10.072753546, 10.073023875
10.082753563, 10.082980139
10.092753550, 10.093028860
10.102753547, 10.103029342
10.112753564, 10.113019172
10.122753561, 10.123034512
10.132753538, 10.133032427
10.142753564, 10.143028502
10.152753542, 10.153028362
10.162753550, 10.163030871
10.172753563, 10.173018034
10.182753557, 10.183030666
10.192753541, 10.193017229
10.202753564, 10.203012059
10.212753546, 10.213028236
10.222753547, 10.223030016
10.232753563, 10.233018581
10.242753564, 10.243027860
10.252753538, 10.253028360
10.262753558, 10.263027508
10.272753547, 10.273012953
10.282753546, 10.283030890
10.292753558, 10.293020840
10.302753560, 10.303017310
10.312753538, 10.313016850
10.322753560, 10.323029217
10.332753550, 10.333013415
10.342753544, 10.343027972
10.352753560, 10.353014827
10.362753560, 10.363009437
10.372753542, 10.373014719
10.382753560, 10.383013379
10.392753544, 10.393031016
10.402753541, 10.403032033
10.412753564, 10.413029873
10.422753563, 10.423030788
10.432753536, 10.433028128
10.442753563, 10.443033038
10.452753544, 10.453034345
10.462753547, 10.463027723
10.472753563, 10.473014855
10.482753557, 10.483011433
10.492753544, 10.493013415
10.502753561, 10.503028895
10.512753546, 10.513031757
10.522753542, 10.523017967
10.532753557, 10.533014935
10.542753564, 10.543031086
10.552753542, 10.553022511
10.562753557, 10.563013592
10.572753542, 10.573031256
10.582753550, 10.583029973
10.592753560, 10.593019509
10.602753547, 10.603033231
10.612753538, 10.613018993
10.622753558, 10.623027883
10.632753542, 10.633020153
10.642753542, 10.643030988
10.652753566, 10.653022873
10.662753561, 10.663011075
10.672753546, 10.673029732
10.682753558, 10.683034342
10.692753550, 10.693008888
10.702753553, 10.703014897
10.712753557, 10.713013455
10.722753563, 10.723011005
10.732753538, 10.733013949
10.742753555, 10.743029826
10.752753546, 10.753014407
10.762753546, 10.763031823
10.772753557, 10.773016299
10.782753541, 10.783006544
10.792753547, 10.793017839
10.802753558, 10.803012984
10.812753550, 10.813011883
10.822753547, 10.823030598
10.832753563, 10.833020740
10.842753560, 10.843009428
10.852753544, 10.853009643
10.862753561, 10.863031105
10.872753550, 10.873014862
10.882753546, 10.883013822
10.892753560, 10.893027909
10.902753555, 10.903032852
10.912753541, 10.913027884
10.922753564, 10.923033741
10.932753549, 10.933020869
10.942753542, 10.943031094
10.952753564, 10.953016317
10.962753557, 10.963012017
10.972753544, 10.973012444
10.982753557, 10.983013301
10.992753544, 10.993011151
11.002753549, 11.003013476
11.012753557, 11.013029590
11.022753539, 11.023014956
11.032753546, 11.033016093
11.042753563, 11.043011613
11.052753550, 11.053018290
11.062753542, 11.063014255
11.072753563, 11.073011135
11.082753557, 11.083025243
11.092753541, 11.093028532
11.102753558, 11.103031729
11.112753542, 11.113019697
11.122753542, 11.123013554
11.132753557, 11.133031009
11.142753564, 11.143030739
11.152753547, 11.153029586
11.162753561, 11.163031023
11.172753550, 11.173028776
11.182753544, 11.183028123
11.192753561, 11.193018806
11.202753560, 11.203009353
11.212753546, 11.213015886
11.222753557, 11.223014441
11.232753549, 11.233027825
11.242753542, 11.243012513
11.252753561, 11.253013103
11.262753557, 11.263013605
11.272753544, 11.273011020
11.282753557, 11.283029572
11.292753544, 11.293013955
11.302753550, 11.303013822
11.312753561, 11.313012997
11.322753560, 11.323011767
11.332753539, 11.333017517
11.342753557, 11.343027841
11.352753542, 11.353028608
11.362753550, 11.363019131
11.372753558, 11.373017208
11.382753561, 11.383012151
11.392753542, 11.393008648
11.402753557, 11.403030993
11.412753547, 11.413009763
11.422753544, 11.423015535
11.432753558, 11.433024480
11.442753558, 11.443021407
11.452753541, 11.453015005
11.462753561, 11.463031797
11.472753547, 11.473030552
11.482753550, 11.483016910
11.492753591, 11.493011982
11.502753539, 11.503009270
11.512753541, 11.513021261
11.522753561, 11.523013392
11.532753547, 11.533028254
11.542753546, 11.543028006
11.552753557, 11.553029636
11.562753563, 11.563012299
11.572753547, 11.573017583
11.582753557, 11.583015693
11.592753549, 11.593012881
11.602753547, 11.603014360
11.612753558, 11.613013016
11.622753560, 11.623012083
11.632753544, 11.633030112
11.642753544, 11.643031499
11.652753550, 11.653028550
11.662753549, 11.663020117
11.672753557, 11.673011487
11.682753560, 11.683027316
11.692753538, 11.693017974
11.702753557, 11.703017687
11.712753542, 11.713017476
11.722753577, 11.723008214
11.732753564, 11.733013879
11.742753561, 11.743014976
11.752753547, 11.753011376
11.762753560, 11.763027698
11.772753541, 11.773028685
11.782753542, 11.783019566
11.792753558, 11.793032755
11.802753566, 11.803008256
11.812753546, 11.813012693
11.822753563, 11.823015125
11.832753546, 11.833020792
11.842753555, 11.843008980
11.852753550, 11.853031209
11.862753560, 11.863027784
11.872753541, 11.873014597
11.882753557, 11.883008614
11.892753544, 11.893027889
11.902753550, 11.903031984
11.912753596, 11.913017649
11.922753564, 11.923029418
11.932753546, 11.933018239
11.942753561, 11.943013554
11.952753550, 11.953015056
11.962753546, 11.963030405
11.972753557, 11.973020628
11.982753564, 11.983012468
11.992753547, 11.993014855
12.002753564, 12.003010800
12.012753546, 12.013016335
12.022753544, 12.023011778
12.032753558, 12.033010250
12.042753564, 12.043032714
12.052753544, 12.053018857
------------------------------
