------------------------------
test was performed using the following parameters: --mps=100 --burst=1 --reply-every=1 --msg-size=12 --time=10
------------------------------
sockperf: [Total Run] RunTime=10.100 sec; SentMessages=1011; ReceivedMessages=1010
sockperf: ========= Printing statistics for Server No: 0
sockperf: [Valid Duration] RunTime=9.990 sec; SentMessages=1000; ReceivedMessages=1000
sockperf: [2;35m====> avg-lat= 54.991 (std-dev=14.279)[0m
sockperf: # dropped messages = 0; # duplicated messages = 0; # out-of-order messages = 0
sockperf: [2;35mTotal 1000 observations[0m; each percentile contains 10.00 observations
sockperf: ---> <MAX> observation =  119.348
sockperf: ---> percentile  99.99 =  119.348
sockperf: ---> percentile  99.90 =  117.237
sockperf: ---> percentile  99.50 =  115.090
sockperf: ---> percentile  99.00 =  110.372
sockperf: ---> percentile  95.00 =   76.617
sockperf: ---> percentile  90.00 =   71.789
sockperf: ---> percentile  75.00 =   65.076
sockperf: ---> percentile  50.00 =   50.489
sockperf: ---> percentile  25.00 =   44.278
sockperf: ---> <MIN> observation =   30.649
------------------------------
txTime, rxTime
2.063217904, 2.063309196
2.073217907, 2.073306891
2.083217910, 2.083365663
2.093218474, 2.093306297
2.103217899, 2.103311250
2.113217896, 2.113319939
2.123217896, 2.123298491
2.133217917, 2.133289130
2.143217934, 2.143304406
2.153217915, 2.153301758
2.163217917, 2.163301362
2.173217907, 2.173307291
2.183217912, 2.183310126
2.193217893, 2.193328963
2.203217904, 2.203381981
2.213217909, 2.213304769
2.223218563, 2.223315864
2.233217917, 2.233314364
2.243217906, 2.243329400
2.253217912, 2.253310560
2.263217914, 2.263299519
2.273217910, 2.273318889
2.283217912, 2.283350123
2.293217917, 2.293319810
2.303217914, 2.303302233
2.313217920, 2.313303901
2.323217898, 2.323308573
2.333217914, 2.333303103
2.343217909, 2.343305364
2.353217917, 2.353314849
2.363217920, 2.363308882
2.373217899, 2.373294160
2.383217901, 2.383316469
2.393217912, 2.393321253
2.403217901, 2.403315965
2.413217898, 2.413305461
2.423217899, 2.423297745
2.433217895, 2.433315458
2.443217910, 2.443299715
2.453217937, 2.453299819
2.463218173, 2.463307071
2.473217952, 2.473299331
2.483217901, 2.483306845
2.493217907, 2.493304456
2.503217901, 2.503323732
2.513217903, 2.513306327
2.523217910, 2.523280050
2.533217909, 2.533338101
2.543217904, 2.543299102
2.553217914, 2.553297334
2.563217910, 2.563312946
2.573217904, 2.573306278
2.583217917, 2.583325917
2.593217910, 2.593299600
2.603217915, 2.603292686
2.613217917, 2.613299573
2.623217899, 2.623325083
2.633217914, 2.633314585
2.643217901, 2.643318458
2.653217909, 2.653327808
2.663217918, 2.663298757
2.673217910, 2.673337669
2.683217898, 2.683324846
2.693217917, 2.693298266
2.703217917, 2.703302713
2.713217914, 2.713301264
2.723217912, 2.723317195
2.733217898, 2.733297312
2.743217909, 2.743320725
2.753217918, 2.753316110
2.763217910, 2.763298935
2.773217896, 2.773296538
2.783217904, 2.783312258
2.793217915, 2.793304022
2.803217901, 2.803311388
2.813217895, 2.813313691
2.823218739, 2.823292900
2.833217895, 2.833302606
2.843217912, 2.843310823
2.853217893, 2.853304480
2.863217915, 2.863314752
2.873217909, 2.873297936
2.883217899, 2.883302783
2.893217898, 2.893295823
2.903218113, 2.903311430
2.913217896, 2.913298359
2.923217912, 2.923301663
2.933217956, 2.933295654
2.943217901, 2.943294304
2.953217899, 2.953291053
2.963217917, 2.963341071
2.973217909, 2.973289236
2.983217893, 2.983284546
2.993217901, 2.993343899
3.003217903, 3.003312324
3.013217912, 3.013296857
3.023217909, 3.023297828
3.033217901, 3.033313906
3.043219369, 3.043312180
3.053217896, 3.053320452
3.063217915, 3.063307183
3.073217899, 3.073320059
3.083217912, 3.083306866
3.093217904, 3.093313723
3.103217914, 3.103297696
3.113219481, 3.113321194
3.123217917, 3.123291468
3.133217953, 3.133314754
3.143217895, 3.143307237
3.153217899, 3.153308263
3.163217912, 3.163289116
3.173217915, 3.173302437
3.183217901, 3.183319652
3.193217898, 3.193289242
3.203217917, 3.203314170
3.213217896, 3.213306509
3.223217895, 3.223325969
3.233217914, 3.233315278
3.243217953, 3.243298300
3.253217914, 3.253298362
3.263217909, 3.263305971
3.273217895, 3.273305328
3.283217918, 3.283309623
3.293218299, 3.293306380
3.303217917, 3.303325154
3.313217909, 3.313356308
3.323217903, 3.323315834
3.333217958, 3.333294329
3.343217912, 3.343286081
3.353217910, 3.353296477
3.363218252, 3.363315553
3.373217914, 3.373323144
3.383217899, 3.383298248
3.393217904, 3.393290771
3.403217920, 3.403388479
3.413217912, 3.413367240
3.423217898, 3.423313137
3.433217953, 3.433326166
3.443219368, 3.443302642
3.453217970, 3.453313603
3.463217978, 3.463308072
3.473217899, 3.473329956
3.483217914, 3.483393081
3.493217901, 3.493348359
3.503217917, 3.503331149
3.513217903, 3.513297942
3.523217955, 3.523299756
3.533217901, 3.533307928
3.543217899, 3.543365830
3.553217910, 3.553328742
3.563217898, 3.563316644
3.573217898, 3.573370807
3.583217895, 3.583321111
3.593217912, 3.593315430
3.603217905, 3.603292086
3.613217909, 3.613301735
3.623217895, 3.623313556
3.633217911, 3.633317622
3.643217901, 3.643297819
3.653217912, 3.653310109
3.663218462, 3.663306014
3.673217912, 3.673293796
3.683217903, 3.683305883
3.693217908, 3.693324507
3.703217898, 3.703295181
3.713217898, 3.713304345
3.723217911, 3.723297390
3.733217898, 3.733308991
3.743217912, 3.743315437
3.753217903, 3.753300180
3.763217903, 3.763288174
3.773217916, 3.773305486
3.783217894, 3.783332547
3.793217897, 3.793305913
3.803217898, 3.803341373
3.813218754, 3.813322908
3.823217898, 3.823315817
3.833217914, 3.833321635
3.843217911, 3.843325643
3.853217908, 3.853313131
3.863217912, 3.863301905
3.873217906, 3.873316507
3.883217917, 3.883301458
3.893217914, 3.893299509
3.903217901, 3.903315757
3.913217916, 3.913303888
3.923217903, 3.923295378
3.933217898, 3.933293692
3.943217894, 3.943311813
3.953217911, 3.953320986
3.963217909, 3.963365167
3.973217909, 3.973351702
3.983217901, 3.983362423
3.993217911, 3.993367738
4.003217905, 4.003354276
4.013217916, 4.013340064
4.023217905, 4.023343814
4.033217900, 4.033304157
4.043217909, 4.043366697
4.053217920, 4.053364761
4.063217901, 4.063388687
4.073217901, 4.073387564
4.083217917, 4.083296226
4.093217897, 4.093308919
4.103217911, 4.103313138
4.113217903, 4.113303467
4.123217901, 4.123300630
4.133217901, 4.133314177
4.143217914, 4.143292004
4.153217911, 4.153320990
4.163217903, 4.163297806
4.173217916, 4.173326909
4.183217901, 4.183308121
4.193217912, 4.193307364
4.203217909, 4.203296373
4.213217905, 4.213303184
4.223217906, 4.223312463
4.233217912, 4.233308895
4.243217890, 4.243332080
4.253217901, 4.253318850
4.263217903, 4.263311333
4.273217911, 4.273322965
4.283217912, 4.283315200
4.293217952, 4.293310720
4.303217903, 4.303318173
4.313217901, 4.313307281
4.323217909, 4.323308868
4.333218613, 4.333310765
4.343217908, 4.343310627
4.353217914, 4.353309876
4.363217909, 4.363313982
4.373217898, 4.373290471
4.383217898, 4.383312809
4.393217897, 4.393296858
4.403217909, 4.403303922
4.413217911, 4.413299329
4.423217946, 4.423311161
4.433217911, 4.433355190
4.443217909, 4.443346168
4.453217901, 4.453361174
4.463217908, 4.463347577
4.473217897, 4.473309571
4.483217914, 4.483395825
4.493217898, 4.493304905
4.503217909, 4.503320789
4.513217911, 4.513337797
4.523217919, 4.523284245
4.533217912, 4.533302783
4.543217894, 4.543289295
4.553217911, 4.553283786
4.563217903, 4.563294537
4.573217900, 4.573279199
4.583217911, 4.583295533
4.593217916, 4.593349036
4.603217901, 4.603296057
4.613217912, 4.613289375
4.623217901, 4.623339739
4.633217908, 4.633305447
4.643217914, 4.643304529
4.653217925, 4.653320426
4.663217911, 4.663302944
4.673217894, 4.673296711
4.683217912, 4.683318542
4.693217909, 4.693326650
4.703217908, 4.703316395
4.713217916, 4.713302853
4.723217898, 4.723299899
4.733217912, 4.733316905
4.743217897, 4.743310753
4.753217898, 4.753306640
4.763217946, 4.763300803
4.773217905, 4.773293788
4.783217901, 4.783301670
4.793217903, 4.793297953
4.803217911, 4.803321201
4.813217917, 4.813328377
4.823217901, 4.823312182
4.833217909, 4.833298275
4.843217905, 4.843316062
4.853217917, 4.853314301
4.863217944, 4.863413188
4.873217905, 4.873350577
4.883217906, 4.883371462
4.893217892, 4.893303893
4.903217911, 4.903319742
4.913217925, 4.913301561
4.923217911, 4.923335800
4.933217916, 4.933322996
4.943217900, 4.943293757
4.953217909, 4.953301242
4.963217919, 4.963311423
4.973217900, 4.973324904
4.983217908, 4.983341900
4.993217914, 4.993297990
5.003217919, 5.003330524
5.013217909, 5.013305553
5.023217900, 5.023293881
5.033217900, 5.033309217
5.043217911, 5.043310750
5.053217912, 5.053312397
5.063217897, 5.063330941
5.073217911, 5.073311524
5.083217958, 5.083293785
5.093217914, 5.093329013
5.103217912, 5.103304645
5.113217914, 5.113299027
5.123217905, 5.123326243
5.133217906, 5.133329872
5.143217894, 5.143302065
5.153217903, 5.153302965
5.163217898, 5.163299539
5.173217912, 5.173320402
5.183217919, 5.183333052
5.193217890, 5.193303442
5.203217916, 5.203299592
5.213217905, 5.213314413
5.223217901, 5.223317131
5.233217900, 5.233299426
5.243217917, 5.243285633
5.253217909, 5.253302739
5.263217916, 5.263310384
5.273217901, 5.273305170
5.283217911, 5.283324201
5.293217912, 5.293308966
5.303217901, 5.303299038
5.313217914, 5.313284640
5.323217898, 5.323301425
5.333217968, 5.333322950
5.343217919, 5.343293651
5.353217912, 5.353312217
5.363217912, 5.363310417
5.373217901, 5.373304623
5.383217897, 5.383304970
5.393217958, 5.393308511
5.403217903, 5.403309342
5.413217905, 5.413320547
5.423217898, 5.423307588
5.433217916, 5.433317176
5.443217903, 5.443321804
5.453217916, 5.453319384
5.463217914, 5.463414644
5.473217911, 5.473354931
5.483217897, 5.483330453
5.493217916, 5.493431254
5.503217898, 5.503337421
5.513217906, 5.513362278
5.523217911, 5.523351696
5.533217908, 5.533348191
5.543217897, 5.543335534
5.553217901, 5.553300974
5.563217895, 5.563326637
5.573217916, 5.573305696
5.583217912, 5.583305308
5.593217957, 5.593299384
5.603217903, 5.603327509
5.613217909, 5.613296597
5.623217909, 5.623297049
5.633217912, 5.633302848
5.643217911, 5.643293796
5.653217905, 5.653308158
5.663217903, 5.663340287
5.673217894, 5.673300457
5.683217903, 5.683317879
5.693217914, 5.693293949
5.703217917, 5.703313005
5.713217905, 5.713380571
5.723217900, 5.723382647
5.733217901, 5.733343732
5.743217900, 5.743336935
5.753217917, 5.753322011
5.763217897, 5.763383272
5.773217903, 5.773325804
5.783217912, 5.783368028
5.793217898, 5.793334200
5.803217912, 5.803327866
5.813217900, 5.813318724
5.823217900, 5.823291309
5.833217906, 5.833307585
5.843217897, 5.843329730
5.853217912, 5.853286181
5.863217916, 5.863323042
5.873217912, 5.873313902
5.883217916, 5.883294447
5.893217903, 5.893310253
5.903217911, 5.903309449
5.913217911, 5.913301470
5.923217889, 5.923304746
5.933217912, 5.933369517
5.943217897, 5.943291620
5.953217912, 5.953310836
5.963217916, 5.963310232
5.973217908, 5.973324968
5.983217903, 5.983308680
5.993217909, 5.993299393
6.003217905, 6.003314246
6.013217903, 6.013294750
6.023217919, 6.023316038
6.033217914, 6.033297821
6.043217909, 6.043310351
6.053217901, 6.053304940
6.063217919, 6.063326015
6.073217905, 6.073315672
6.083217917, 6.083328952
6.093217889, 6.093327141
6.103217897, 6.103321086
6.113217908, 6.113334421
6.123217914, 6.123303118
6.133217909, 6.133296202
6.143217914, 6.143315757
6.153217894, 6.153318365
6.163217894, 6.163302264
6.173218846, 6.173314999
6.183217905, 6.183315403
6.193217912, 6.193300604
6.203217908, 6.203302082
6.213217897, 6.213309064
6.223217897, 6.223310172
6.233217895, 6.233361060
6.243217903, 6.243346527
6.253217911, 6.253345638
6.263217905, 6.263335815
6.273217911, 6.273321455
6.283217942, 6.283310834
6.293217900, 6.293329658
6.303217905, 6.303312239
6.313217898, 6.313305905
6.323217908, 6.323312392
6.333217901, 6.333334971
6.343217895, 6.343288074
6.353217898, 6.353306014
6.363217901, 6.363337004
6.373217900, 6.373342502
6.383217897, 6.383446226
6.393217898, 6.393358989
6.403217897, 6.403340230
6.413217900, 6.413330903
6.423217900, 6.423301462
6.433217911, 6.433376144
6.443217905, 6.443333597
6.453217903, 6.453363320
6.463217928, 6.463367104
6.473217898, 6.473334634
6.483217897, 6.483339112
6.493217897, 6.493357263
6.503217903, 6.503335381
6.513217916, 6.513338381
6.523217890, 6.523331082
6.533217897, 6.533346730
6.543217903, 6.543338572
6.553217900, 6.553331742
6.563217897, 6.563344084
6.573217903, 6.573358803
6.583217905, 6.583344386
6.593217917, 6.593310791
6.603217897, 6.603320170
6.613217895, 6.613306252
6.623217916, 6.623312391
6.633217894, 6.633315815
6.643217914, 6.643304501
6.653217905, 6.653311993
6.663217914, 6.663400636
6.673217900, 6.673333648
6.683217897, 6.683345451
6.693217898, 6.693313602
6.703217895, 6.703300956
6.713217939, 6.713300385
6.723217946, 6.723311845
6.733217911, 6.733301623
6.743217897, 6.743298561
6.753217912, 6.753302141
6.763217914, 6.763315340
6.773217933, 6.773340022
6.783217919, 6.783320432
6.793219307, 6.793329996
6.803217909, 6.803316172
6.813217903, 6.813323072
6.823218972, 6.823291548
6.833217909, 6.833316701
6.843217908, 6.843319684
6.853217903, 6.853304968
6.863217898, 6.863320465
6.873217897, 6.873300047
6.883217898, 6.883298676
6.893217905, 6.893312876
6.903217916, 6.903319827
6.913217905, 6.913305325
6.923217895, 6.923320148
6.933217916, 6.933326310
6.943217901, 6.943373864
6.953217898, 6.953345041
6.963217920, 6.963305548
6.973217903, 6.973312462
6.983217898, 6.983330681
6.993217903, 6.993301495
7.003217912, 7.003323650
7.013217901, 7.013313172
7.023217905, 7.023306377
7.033217903, 7.033299076
7.043217900, 7.043306036
7.053217911, 7.053314083
7.063217909, 7.063317146
7.073217903, 7.073305988
7.083217909, 7.083330526
7.093217912, 7.093326257
7.103217916, 7.103305690
7.113217909, 7.113304660
7.123217905, 7.123310442
7.133217914, 7.133395117
7.143217897, 7.143355670
7.153217917, 7.153311704
7.163217916, 7.163336325
7.173217901, 7.173302478
7.183217903, 7.183328297
7.193217954, 7.193313169
7.203217898, 7.203313510
7.213217901, 7.213333461
7.223217897, 7.223315318
7.233217895, 7.233334467
7.243217898, 7.243342327
7.253217916, 7.253321961
7.263217906, 7.263315958
7.273217898, 7.273313747
7.283217905, 7.283315473
7.293217914, 7.293329310
7.303217900, 7.303298151
7.313217912, 7.313314156
7.323217916, 7.323305316
7.333217900, 7.333320879
7.343217912, 7.343306064
7.353217900, 7.353303997
7.363217909, 7.363298253
7.373217897, 7.373336272
7.383217919, 7.383322712
7.393217898, 7.393339065
7.403217897, 7.403314371
7.413217908, 7.413318097
7.423217897, 7.423352009
7.433217911, 7.433317358
7.443217919, 7.443310573
7.453217897, 7.453315268
7.463217911, 7.463329939
7.473217897, 7.473311470
7.483217903, 7.483312018
7.493217897, 7.493305840
7.503217916, 7.503302049
7.513217897, 7.513307117
7.523217912, 7.523286712
7.533217898, 7.533297055
7.543217901, 7.543305564
7.553217900, 7.553308281
7.563217916, 7.563291620
7.573217911, 7.573302655
7.583217911, 7.583341567
7.593217949, 7.593307381
7.603217917, 7.603304586
7.613217946, 7.613321889
7.623217914, 7.623308846
7.633217906, 7.633316518
7.643217911, 7.643293660
7.653217911, 7.653316082
7.663217908, 7.663306268
7.673217908, 7.673304537
7.683217914, 7.683366195
7.693217916, 7.693369301
7.703217909, 7.703306023
7.713217897, 7.713319491
7.723217900, 7.723310542
7.733217905, 7.733292198
7.743217914, 7.743318948
7.753217912, 7.753312852
7.763217894, 7.763360050
7.773217911, 7.773300625
7.783217903, 7.783308226
7.793217897, 7.793304261
7.803217895, 7.803328150
7.813217905, 7.813297230
7.823219015, 7.823304413
7.833217900, 7.833307507
7.843218140, 7.843311766
7.853217914, 7.853290777
7.863217911, 7.863302791
7.873217906, 7.873302594
7.883217900, 7.883323031
7.893217914, 7.893293112
7.903217900, 7.903346858
7.913217916, 7.913301435
7.923217898, 7.923312430
7.933217905, 7.933311781
7.943217914, 7.943297952
7.953217906, 7.953297956
7.963217927, 7.963316987
7.973217912, 7.973292607
7.983217914, 7.983334391
7.993217917, 7.993310294
8.003217905, 8.003319017
8.013218260, 8.013322483
8.023218067, 8.023350371
8.033217912, 8.033304007
8.043217911, 8.043300625
8.053217946, 8.053324526
8.063217898, 8.063309980
8.073217912, 8.073321321
8.083217900, 8.083313081
8.093217912, 8.093327299
8.103217908, 8.103295561
8.113217903, 8.113329470
8.123217901, 8.123299753
8.133217901, 8.133320399
8.143217903, 8.143292730
8.153217914, 8.153314819
8.163217903, 8.163299453
8.173217897, 8.173309350
8.183217908, 8.183302949
8.193217911, 8.193315234
8.203217900, 8.203315452
8.213217916, 8.213290056
8.223217911, 8.223320424
8.233217912, 8.233296594
8.243217912, 8.243321190
8.253217903, 8.253310681
8.263217898, 8.263296485
8.273217894, 8.273309899
8.283218822, 8.283309784
8.293217905, 8.293321792
8.303217919, 8.303307979
8.313217901, 8.313319406
8.323217919, 8.323304207
8.333217895, 8.333345800
8.343217911, 8.343313895
8.353217903, 8.353309863
8.363217912, 8.363282089
8.373217914, 8.373382462
8.383217903, 8.383306460
8.393217912, 8.393302657
8.403217901, 8.403310730
8.413217912, 8.413293060
8.423217906, 8.423343085
8.433217905, 8.433313158
8.443217897, 8.443315272
8.453217903, 8.453337732
8.463217922, 8.463337161
8.473217955, 8.473336597
8.483217903, 8.483285407
8.493217901, 8.493343261
8.503217892, 8.503305657
8.513217897, 8.513302404
8.523217905, 8.523326200
8.533217911, 8.533292621
8.543217911, 8.543292831
8.553217900, 8.553304604
8.563217908, 8.563357802
8.573217950, 8.573377099
8.583217909, 8.583370970
8.593217895, 8.593353944
8.603217911, 8.603372702
8.613217912, 8.613363004
8.623217903, 8.623349752
8.633217909, 8.633366317
8.643217901, 8.643363506
8.653217914, 8.653352353
8.663217908, 8.663356493
8.673217911, 8.673350655
8.683217909, 8.683368063
8.693217912, 8.693347706
8.703217914, 8.703358713
8.713217906, 8.713371353
8.723217898, 8.723361321
8.733217916, 8.733355883
8.743217895, 8.743356235
8.753217917, 8.753354972
8.763217917, 8.763352789
8.773217917, 8.773380151
8.783217909, 8.783355477
8.793217895, 8.793339905
8.803217917, 8.803371151
8.813217908, 8.813373818
8.823217916, 8.823379489
8.833217911, 8.833359374
8.843217898, 8.843363801
8.853217901, 8.853353684
8.863217909, 8.863353613
8.873217900, 8.873350155
8.883217900, 8.883342769
8.893217911, 8.893352035
8.903217954, 8.903365715
8.913217906, 8.913350518
8.923217894, 8.923359949
8.933217905, 8.933354836
8.943217908, 8.943368098
8.953217901, 8.953370654
8.963217924, 8.963355174
8.973217900, 8.973366967
8.983217916, 8.983372394
8.993217916, 8.993362919
9.003217906, 9.003350682
9.013217901, 9.013365450
9.023217897, 9.023348333
9.033217917, 9.033350416
9.043217911, 9.043349460
9.053217952, 9.053352986
9.063217911, 9.063408532
9.073217905, 9.073364730
9.083217912, 9.083343107
9.093217916, 9.093357238
9.103217916, 9.103364136
9.113217912, 9.113345867
9.123217909, 9.123365286
9.133217917, 9.133355149
9.143217911, 9.143354655
9.153217912, 9.153326874
9.163217903, 9.163334311
9.173217911, 9.173353063
9.183217906, 9.183351467
9.193217901, 9.193330499
9.203217919, 9.203368074
9.213217912, 9.213358316
9.223217969, 9.223339253
9.233217916, 9.233365946
9.243217905, 9.243366593
9.253217909, 9.253368352
9.263217901, 9.263348859
9.273217895, 9.273359699
9.283217958, 9.283336275
9.293217917, 9.293362406
9.303217911, 9.303352716
9.313217905, 9.313360573
9.323217919, 9.323362745
9.333217900, 9.333330848
9.343217914, 9.343357012
9.353217909, 9.353338874
9.363217911, 9.363346871
9.373217903, 9.373360352
9.383217901, 9.383344547
9.393217897, 9.393343937
9.403217905, 9.403352498
9.413217909, 9.413352937
9.423217912, 9.423362238
9.433217903, 9.433357884
9.443217916, 9.443355684
9.453217909, 9.453372125
9.463217914, 9.463354399
9.473217914, 9.473357691
9.483217914, 9.483363955
9.493217912, 9.493359308
9.503217912, 9.503310979
9.513217914, 9.513308799
9.523217900, 9.523304654
9.533217912, 9.533300595
9.543217917, 9.543309816
9.553217909, 9.553370989
9.563217898, 9.563364154
9.573217898, 9.573345725
9.583217954, 9.583359447
9.593217914, 9.593358495
9.603217914, 9.603357740
9.613217901, 9.613345519
9.623217914, 9.623368728
9.633217901, 9.633356134
9.643217903, 9.643346342
9.653217954, 9.653336186
9.663217912, 9.663360879
9.673217908, 9.673366091
9.683217919, 9.683358716
9.693217908, 9.693329977
9.703217895, 9.703351115
9.713217903, 9.713351390
9.723217908, 9.723359548
9.733219311, 9.733362309
9.743217911, 9.743356101
9.753217906, 9.753349490
9.763217898, 9.763361531
9.773217911, 9.773349151
9.783217916, 9.783375026
9.793217900, 9.793347081
9.803217917, 9.803361496
9.813217895, 9.813355995
9.823217900, 9.823344899
9.833217909, 9.833370758
9.843219160, 9.843360712
9.853217917, 9.853358111
9.863217916, 9.863301931
9.873217914, 9.873302608
9.883217903, 9.883336054
9.893217914, 9.893363812
9.903217912, 9.903364924
9.913217906, 9.913348336
9.923217954, 9.923316654
9.933217916, 9.933390089
9.943217912, 9.943358572
9.953217900, 9.953346080
9.963217922, 9.963353215
9.973217912, 9.973342153
9.983217901, 9.983351717
9.993217909, 9.993337206
10.003217903, 10.003327883
10.013217892, 10.013320982
10.023217895, 10.023322878
10.033217895, 10.033314502
10.043217890, 10.043320446
10.053217889, 10.053313998
10.063217892, 10.063316682
10.073217897, 10.073317939
10.083217894, 10.083314570
10.093217897, 10.093318582
10.103217895, 10.103314789
10.113217892, 10.113314568
10.123217889, 10.123315326
10.133217922, 10.133315032
10.143217895, 10.143317516
10.153217898, 10.153319355
10.163217898, 10.163311049
10.173217894, 10.173323047
10.183217887, 10.183321348
10.193217900, 10.193312304
10.203217898, 10.203320108
10.213217898, 10.213315146
10.223217889, 10.223322793
10.233217892, 10.233317274
10.243217889, 10.243316878
10.253217890, 10.253315048
10.263217900, 10.263311969
10.273217890, 10.273316796
10.283217894, 10.283317786
10.293217898, 10.293315662
10.303217892, 10.303317868
10.313217908, 10.313316048
10.323217890, 10.323316229
10.333217890, 10.333315689
10.343217897, 10.343320189
10.353217894, 10.353316412
10.363217894, 10.363315155
10.373217897, 10.373319455
10.383217892, 10.383375735
10.393217890, 10.393313559
10.403217892, 10.403319190
10.413217890, 10.413315825
10.423217894, 10.423316659
10.433217894, 10.433316616
10.443217890, 10.443312992
10.453217892, 10.453315359
10.463217901, 10.463331586
10.473217903, 10.473321889
10.483217892, 10.483317344
10.493217892, 10.493315189
10.503217894, 10.503315552
10.513217925, 10.513317440
10.523217890, 10.523316816
10.533217901, 10.533314415
10.543217894, 10.543316404
10.553217898, 10.553313030
10.563217889, 10.563319857
10.573217898, 10.573315437
10.583217895, 10.583313253
10.593217898, 10.593317345
10.603217894, 10.603317199
10.613217890, 10.613314663
10.623217890, 10.623322077
10.633217890, 10.633316524
10.643217897, 10.643318326
10.653217892, 10.653315743
10.663217886, 10.663315195
10.673217894, 10.673313436
10.683217890, 10.683313551
10.693217892, 10.693311429
10.703217894, 10.703322172
10.713217894, 10.713316198
10.723217892, 10.723321166
10.733217897, 10.733315898
10.743217894, 10.743317487
10.753217922, 10.753313376
10.763217894, 10.763316946
10.773217900, 10.773315394
10.783217900, 10.783371279
10.793217892, 10.793345095
10.803217897, 10.803345745
10.813217898, 10.813351630
10.823217894, 10.823347652
10.833217886, 10.833348164
10.843217890, 10.843349114
10.853217905, 10.853350180
10.863217895, 10.863351116
10.873217896, 10.873348986
10.883217890, 10.883352131
10.893217895, 10.893347848
10.903217890, 10.903346434
10.913217894, 10.913345803
10.923217897, 10.923346451
10.933217895, 10.933352378
10.943217899, 10.943353671
10.953217893, 10.953345537
10.963217919, 10.963360457
10.973217889, 10.973346512
10.983217894, 10.983352535
10.993217890, 10.993345919
11.003217894, 11.003344737
11.013217896, 11.013348679
11.023217892, 11.023353955
11.033217894, 11.033347345
11.043217891, 11.043350015
11.053217889, 11.053346573
11.063217894, 11.063350080
11.073217895, 11.073348325
11.083217887, 11.083349325
11.093217897, 11.093342728
11.103217894, 11.103355609
11.113217891, 11.113345971
11.123217897, 11.123347525
11.133217896, 11.133352056
11.143217894, 11.143351355
11.153217895, 11.153343299
11.163217898, 11.163346460
11.173217895, 11.173348592
11.183217891, 11.183351345
11.193217893, 11.193345241
11.203217892, 11.203347512
11.213217890, 11.213347616
11.223217895, 11.223345699
11.233217895, 11.233348646
11.243217890, 11.243347780
11.253217890, 11.253344581
11.263217887, 11.263352016
11.273217896, 11.273354517
11.283217896, 11.283349848
11.293217892, 11.293342975
11.303217897, 11.303349124
11.313217894, 11.313348140
11.323217894, 11.323433674
11.333217920, 11.333452396
11.343217899, 11.343434819
11.353217898, 11.353448080
11.363217901, 11.363449980
11.373217895, 11.373368368
11.383217887, 11.383435957
11.393217912, 11.393456610
11.403217903, 11.403443283
11.413217906, 11.413356784
11.423217893, 11.423427927
11.433217893, 11.433438638
11.443217899, 11.443433226
11.453217909, 11.453448569
11.463217904, 11.463360223
11.473217892, 11.473450103
11.483217896, 11.483442916
11.493217901, 11.493441472
11.503217899, 11.503361887
11.513217904, 11.513393154
11.523217898, 11.523389592
11.533217901, 11.533391096
11.543217917, 11.543352202
11.553217890, 11.553348008
11.563217888, 11.563346127
11.573217894, 11.573351542
11.583217892, 11.583352768
11.593217894, 11.593349768
11.603217894, 11.603352748
11.613217899, 11.613353408
11.623217921, 11.623358530
11.633217895, 11.633352245
11.643217890, 11.643343128
11.653217896, 11.653352070
11.663217893, 11.663351205
11.673217890, 11.673346184
11.683217900, 11.683351147
11.693217897, 11.693345516
11.703217890, 11.703347234
11.713217903, 11.713354442
11.723217890, 11.723348401
11.733217905, 11.733352609
11.743217897, 11.743354489
11.753217898, 11.753345871
11.763217906, 11.763350556
11.773217904, 11.773349656
11.783217897, 11.783349924
11.793217895, 11.793343685
11.803217892, 11.803346006
11.813217889, 11.813346331
11.823217892, 11.823356311
11.833217893, 11.833349402
11.843217890, 11.843353837
11.853217898, 11.853350210
11.863217919, 11.863348071
11.873217897, 11.873344531
11.883217895, 11.883352280
11.893217898, 11.893348041
11.903217897, 11.903349445
11.913217894, 11.913351323
11.923217886, 11.923352226
11.933217896, 11.933346568
11.943217898, 11.943343737
11.953217910, 11.953350225
11.963217900, 11.963345789
11.973217907, 11.973351343
11.983217893, 11.983352080
11.993217890, 11.993346134
12.003217894, 12.003353943
12.013217897, 12.013346117
12.023217896, 12.023349278
12.033217894, 12.033348350
12.043217893, 12.043346233
12.053217896, 12.053350039
------------------------------
