------------------------------
test was performed using the following parameters: --mps=100 --burst=1 --reply-every=1 --msg-size=12 --time=10
------------------------------
sockperf: [Total Run] RunTime=10.100 sec; SentMessages=1011; ReceivedMessages=1010
sockperf: ========= Printing statistics for Server No: 0
sockperf: [Valid Duration] RunTime=9.990 sec; SentMessages=1000; ReceivedMessages=1000
sockperf: [2;35m====> avg-lat= 87.565 (std-dev=57.008)[0m
sockperf: # dropped messages = 0; # duplicated messages = 0; # out-of-order messages = 0
sockperf: [2;35mTotal 1000 observations[0m; each percentile contains 10.00 observations
sockperf: ---> <MAX> observation =  595.470
sockperf: ---> percentile  99.99 =  595.470
sockperf: ---> percentile  99.90 =  566.740
sockperf: ---> percentile  99.50 =  507.904
sockperf: ---> percentile  99.00 =  432.367
sockperf: ---> percentile  95.00 =  120.718
sockperf: ---> percentile  90.00 =  105.154
sockperf: ---> percentile  75.00 =   90.919
sockperf: ---> percentile  50.00 =   85.297
sockperf: ---> percentile  25.00 =   66.688
sockperf: ---> <MIN> observation =   27.562
------------------------------
txTime, rxTime
2.062875852, 2.062984665
2.072875834, 2.072957542
2.082875835, 2.083029170
2.092875828, 2.093137706
2.102875850, 2.103073157
2.112875842, 2.113255436
2.122875828, 2.123124117
2.132875837, 2.133108638
2.142875836, 2.143115111
2.152875836, 2.153087979
2.162875847, 2.163052765
2.172875835, 2.173105116
2.182875833, 2.183004778
2.192875854, 2.193169084
2.202875838, 2.203108053
2.212875831, 2.213112794
2.222875850, 2.223086117
2.232875840, 2.233072042
2.242875831, 2.243133182
2.252875853, 2.253055899
2.262875854, 2.263069770
2.272875837, 2.273007300
2.282875852, 2.283062967
2.292875838, 2.293054265
2.302875836, 2.303125484
2.312875835, 2.313005404
2.322875846, 2.323057728
2.332875832, 2.333092177
2.342875850, 2.343023295
2.352875837, 2.353134361
2.362875835, 2.363032548
2.372875854, 2.373053780
2.382875855, 2.383027353
2.392875829, 2.393022706
2.402875832, 2.402994434
2.412875889, 2.413017742
2.422875832, 2.423033814
2.432875851, 2.433041835
2.442875854, 2.443087024
2.452875837, 2.453053758
2.462875850, 2.463033300
2.472875839, 2.473065353
2.482875850, 2.483094296
2.492875839, 2.493055444
2.502875847, 2.503039154
2.512875831, 2.513058103
2.522875849, 2.523026882
2.532875861, 2.533052420
2.542875854, 2.543065893
2.552875847, 2.553048164
2.562875830, 2.563119774
2.572875837, 2.573044375
2.582875828, 2.583058968
2.592875834, 2.593042735
2.602875828, 2.603043250
2.612875834, 2.613086020
2.622875849, 2.623084628
2.632875839, 2.633103450
2.642875850, 2.643029923
2.652875832, 2.653016692
2.662875830, 2.663054412
2.672875826, 2.673030618
2.682875825, 2.683091705
2.692875835, 2.693071651
2.702875847, 2.703120536
2.712875835, 2.713073946
2.722875841, 2.723086720
2.732875847, 2.733075428
2.742875854, 2.743063999
2.752875823, 2.753091755
2.762875841, 2.763018807
2.772875834, 2.772996656
2.782875836, 2.783045929
2.792875854, 2.793032666
2.802875855, 2.803013563
2.812875839, 2.813071586
2.822875855, 2.823049857
2.832875839, 2.832986438
2.842875827, 2.843003430
2.852875830, 2.852964757
2.862875831, 2.863075757
2.872875829, 2.872998461
2.882875828, 2.883009205
2.892875839, 2.893017535
2.902875837, 2.903061300
2.912875853, 2.913009363
2.922875835, 2.922995815
2.932875835, 2.932950150
2.942875832, 2.942983328
2.952875839, 2.952961729
2.962875832, 2.962994562
2.972875837, 2.973050732
2.982875835, 2.983023121
2.992875824, 2.992961453
3.002875828, 3.003023950
3.012875832, 3.012999130
3.022875835, 3.022967878
3.032875924, 3.032950608
3.042875828, 3.043032106
3.052875829, 3.052994455
3.062875830, 3.062973259
3.072875831, 3.072982672
3.082875906, 3.083005358
3.092875828, 3.092973353
3.102875827, 3.103053966
3.112875826, 3.113036869
3.122875828, 3.123005864
3.132875832, 3.133024467
3.142875832, 3.142994794
3.152875843, 3.153025836
3.162875827, 3.163045923
3.172875854, 3.173089492
3.182875832, 3.182970531
3.192875828, 3.192982026
3.202875832, 3.203018526
3.212875834, 3.213024088
3.222875825, 3.223054235
3.232875829, 3.233060982
3.242875827, 3.243061492
3.252875834, 3.253038623
3.262875828, 3.263043820
3.272875828, 3.273031986
3.282875832, 3.283071002
3.292875823, 3.293052808
3.302875835, 3.303045601
3.312875834, 3.313006644
3.322875833, 3.322991969
3.332875829, 3.333198439
3.342875824, 3.343028054
3.352875828, 3.353080544
3.362875832, 3.363019381
3.372875828, 3.373167317
3.382875829, 3.383028670
3.392875832, 3.393039186
3.402875826, 3.403035998
3.412875821, 3.413100208
3.422875827, 3.423090870
3.432875832, 3.433049262
3.442875830, 3.443025788
3.452875902, 3.453073726
3.462875822, 3.463052343
3.472875834, 3.473084677
3.482875833, 3.483025247
3.492875826, 3.493079057
3.502875858, 3.503040819
3.512875831, 3.513001188
3.522875830, 3.522973138
3.532875828, 3.532948373
3.542875835, 3.542992774
3.552875831, 3.552979418
3.562875833, 3.562988488
3.572875826, 3.572980946
3.582875824, 3.583001463
3.592875829, 3.592961199
3.602875833, 3.603006607
3.612875826, 3.613017506
3.622875830, 3.622977776
3.632875826, 3.632999397
3.642875828, 3.643001492
3.652875835, 3.653006881
3.662875825, 3.662974330
3.672875829, 3.673002497
3.682875833, 3.682972481
3.692875839, 3.693016705
3.702875833, 3.702984001
3.712875826, 3.712977505
3.722875828, 3.722972214
3.732875832, 3.733024476
3.742875828, 3.743047993
3.752875824, 3.752990034
3.762875824, 3.762959922
3.772875835, 3.772987501
3.782875825, 3.782992798
3.792875829, 3.792988910
3.802875831, 3.802997691
3.812875829, 3.812958598
3.822875834, 3.822979671
3.832875919, 3.832955981
3.842875832, 3.842969441
3.852875832, 3.852978592
3.862875826, 3.863123361
3.872875835, 3.872967974
3.882875825, 3.882986756
3.892875824, 3.892988672
3.902875835, 3.902965115
3.912875826, 3.912965571
3.922875830, 3.922970528
3.932875992, 3.933023415
3.942875904, 3.942976621
3.952875834, 3.952992196
3.962875827, 3.962951862
3.972875828, 3.972949452
3.982875828, 3.983015828
3.992875834, 3.992966240
4.002875827, 4.002950667
4.012875821, 4.012951103
4.022875833, 4.022957003
4.032875831, 4.032952152
4.042875825, 4.042962614
4.052875824, 4.052972055
4.062875828, 4.062947149
4.072875824, 4.072960891
4.082875832, 4.082976335
4.092875828, 4.093064497
4.102875835, 4.103063613
4.112875832, 4.113012515
4.122875926, 4.123065911
4.132875832, 4.133023018
4.142875832, 4.143068232
4.152875826, 4.153005618
4.162875833, 4.163036182
4.172875829, 4.173046913
4.182875828, 4.183029287
4.192875821, 4.193033595
4.202875835, 4.203043869
4.212875834, 4.213028187
4.222875880, 4.223033333
4.232875944, 4.232988713
4.242875825, 4.242969762
4.252875829, 4.253001513
4.262875835, 4.262969434
4.272875829, 4.273030633
4.282875827, 4.282987545
4.292875828, 4.293001854
4.302875820, 4.303027866
4.312875828, 4.312985795
4.322875836, 4.323052493
4.332875831, 4.332994291
4.342875828, 4.343044381
4.352875828, 4.353025689
4.362875838, 4.363057003
4.372875834, 4.372969461
4.382875833, 4.383003568
4.392875828, 4.393040493
4.402875830, 4.403004727
4.412875832, 4.412988687
4.422875835, 4.422977360
4.432875922, 4.433041170
4.442875827, 4.443013226
4.452875905, 4.453014689
4.462875832, 4.463007456
4.472875829, 4.473024601
4.482875828, 4.483005314
4.492875830, 4.492979135
4.502875836, 4.503002124
4.512875829, 4.512988837
4.522875830, 4.523010147
4.532875834, 4.533030362
4.542875823, 4.542999023
4.552875824, 4.553020704
4.562875823, 4.563005803
4.572875834, 4.573018716
4.582875835, 4.583019720
4.592875826, 4.592992445
4.602875926, 4.602999850
4.612875820, 4.613020210
4.622875830, 4.622944093
4.632875827, 4.633016983
4.642875828, 4.643058349
4.652875829, 4.652951071
4.662875834, 4.662944996
4.672875827, 4.672963677
4.682875826, 4.682972785
4.692875826, 4.693034088
4.702875833, 4.702976090
4.712875834, 4.712943936
4.722875831, 4.723036802
4.732875832, 4.733031821
4.742875826, 4.742966342
4.752875824, 4.752951802
4.762875836, 4.763010361
4.772875834, 4.773083563
4.782875830, 4.783004502
4.792875827, 4.792946480
4.802875836, 4.802943097
4.812875827, 4.813008636
4.822875905, 4.822978938
4.832875889, 4.832931015
4.842875833, 4.842944490
4.852875822, 4.852953001
4.862875962, 4.862947573
4.872875898, 4.872963223
4.882875826, 4.882949842
4.892875829, 4.892949256
4.902875834, 4.902974427
4.912875819, 4.912963281
4.922875926, 4.922934890
4.932875830, 4.932957286
4.942875828, 4.942958223
4.952875827, 4.952945607
4.962875834, 4.962964494
4.972875903, 4.972974812
4.982875830, 4.982957004
4.992875827, 4.992959638
5.002875830, 5.002941578
5.012875827, 5.012968712
5.022875833, 5.022957375
5.032875829, 5.032963519
5.042875828, 5.042973774
5.052875826, 5.052941336
5.062875828, 5.062961461
5.072875834, 5.072956335
5.082875836, 5.082980776
5.092875822, 5.093036206
5.102875833, 5.103067166
5.112875892, 5.113009788
5.122875826, 5.123027576
5.132875827, 5.133002127
5.142875932, 5.143009935
5.152875832, 5.153045215
5.162875830, 5.163006037
5.172875826, 5.172989773
5.182875828, 5.183000388
5.192875837, 5.193028907
5.202875839, 5.203057085
5.212875824, 5.213130558
5.222875833, 5.223031722
5.232875834, 5.232992553
5.242875839, 5.243068877
5.252875837, 5.253103675
5.262875822, 5.262967301
5.272875834, 5.273045878
5.282875841, 5.283003298
5.292875831, 5.293184927
5.302875832, 5.303014434
5.312875831, 5.313030387
5.322875928, 5.323044986
5.332875829, 5.333026136
5.342875833, 5.343014263
5.352875831, 5.353043632
5.362875825, 5.363116191
5.372875854, 5.373001153
5.382875832, 5.383111459
5.392875832, 5.392999352
5.402875828, 5.403037180
5.412875833, 5.413018054
5.422875832, 5.423026149
5.432875826, 5.433051320
5.442875829, 5.443035822
5.452875893, 5.452982544
5.462875827, 5.463016874
5.472875830, 5.472966492
5.482875830, 5.483071303
5.492875830, 5.493014962
5.502875831, 5.502984021
5.512875827, 5.513033690
5.522875890, 5.523057530
5.532875832, 5.533039077
5.542875833, 5.543013142
5.552875832, 5.553005081
5.562875827, 5.563020808
5.572875826, 5.573033148
5.582875920, 5.582989053
5.592875828, 5.593035151
5.602875836, 5.603057386
5.612875832, 5.613033854
5.622875833, 5.622974904
5.632875824, 5.633059332
5.642875827, 5.643065317
5.652875834, 5.653026675
5.662875831, 5.663032578
5.672875830, 5.673113469
5.682875837, 5.683046477
5.692875818, 5.693048456
5.702875828, 5.703016742
5.712875924, 5.712997677
5.722875826, 5.723001566
5.732875829, 5.732998398
5.742875835, 5.743003044
5.752875824, 5.753045484
5.762875830, 5.763037743
5.772875828, 5.772990189
5.782875833, 5.783019137
5.792875840, 5.793032159
5.802875832, 5.803019392
5.812875853, 5.813085968
5.822875836, 5.823052309
5.832875832, 5.832999148
5.842875832, 5.843107678
5.852875834, 5.853025665
5.862875827, 5.863031795
5.872875892, 5.873095587
5.882875832, 5.883070082
5.892875829, 5.893104416
5.902875826, 5.903065944
5.912875829, 5.913037390
5.922875830, 5.923049995
5.932875826, 5.933059487
5.942875830, 5.943059822
5.952875828, 5.953082675
5.962875827, 5.963067483
5.972875824, 5.973068611
5.982875828, 5.983050670
5.992875828, 5.993031690
6.002875830, 6.003053340
6.012876079, 6.013068398
6.022875827, 6.023041763
6.032875824, 6.033048278
6.042875827, 6.043081079
6.052875828, 6.053199881
6.062875828, 6.063111461
6.072875832, 6.073042593
6.082875826, 6.083021064
6.092875829, 6.093188126
6.102875825, 6.103101878
6.112875823, 6.113024944
6.122875830, 6.123043920
6.132875826, 6.133076312
6.142875827, 6.143076911
6.152875829, 6.153068337
6.162875835, 6.163170306
6.172875831, 6.173117267
6.182875852, 6.183114259
6.192875846, 6.193087671
6.202875836, 6.203058280
6.212875851, 6.213084322
6.222875852, 6.223118024
6.232875829, 6.233106855
6.242875849, 6.243135973
6.252875840, 6.253069008
6.262875840, 6.263096852
6.272875853, 6.273119879
6.282875854, 6.283109255
6.292875832, 6.293066164
6.302875832, 6.303086987
6.312875839, 6.313071133
6.322875833, 6.323038120
6.332875834, 6.333046429
6.342875926, 6.343086234
6.352875826, 6.353144072
6.362875828, 6.363116067
6.372875835, 6.373099259
6.382875828, 6.383067054
6.392875853, 6.393036898
6.402875832, 6.402966487
6.412875831, 6.412972444
6.422875834, 6.423020213
6.432875826, 6.432989807
6.442875832, 6.442995039
6.452875830, 6.453004666
6.462875832, 6.463021921
6.472875825, 6.473034113
6.482875834, 6.483007244
6.492875833, 6.493054779
6.502875830, 6.503044659
6.512875831, 6.513034449
6.522875827, 6.523013967
6.532875828, 6.533011917
6.542875826, 6.543003538
6.552875831, 6.553015534
6.562875827, 6.563048905
6.572875927, 6.573025736
6.582875899, 6.583032084
6.592875823, 6.592998279
6.602875835, 6.603007906
6.612875829, 6.612996331
6.622875832, 6.623013878
6.632875831, 6.632978268
6.642875827, 6.643003986
6.652875824, 6.653051376
6.662875833, 6.662974482
6.672875828, 6.673001764
6.682875901, 6.683054574
6.692875829, 6.693090012
6.702875828, 6.703011301
6.712875824, 6.713029136
6.722875835, 6.723062930
6.732875831, 6.733032923
6.742875832, 6.743033772
6.752875829, 6.753067887
6.762875828, 6.763034066
6.772875823, 6.773015530
6.782875920, 6.783032482
6.792875835, 6.793112593
6.802875832, 6.803075386
6.812875828, 6.813054720
6.822875827, 6.823026988
6.832875823, 6.833028517
6.842875827, 6.843054163
6.852875826, 6.853073932
6.862875831, 6.863014034
6.872875830, 6.873028987
6.882875822, 6.883042017
6.892875835, 6.893037402
6.902875848, 6.903037699
6.912875833, 6.913028377
6.922875834, 6.922976383
6.932875826, 6.932979486
6.942875832, 6.943018084
6.952875821, 6.952980712
6.962875832, 6.962971436
6.972875833, 6.973053656
6.982875830, 6.983007125
6.992875919, 6.992967192
7.002875886, 7.002976268
7.012875824, 7.013002146
7.022875834, 7.022964346
7.032875834, 7.032994490
7.042875834, 7.042965783
7.052875830, 7.052978953
7.062875831, 7.062999396
7.072875838, 7.073148072
7.082875831, 7.083017242
7.092875827, 7.092979476
7.102875833, 7.102963093
7.112875827, 7.112970760
7.122875835, 7.122983725
7.132875824, 7.132974783
7.142875834, 7.142939115
7.152875827, 7.152935149
7.162875829, 7.162968365
7.172875830, 7.172957612
7.182875823, 7.182968989
7.192875832, 7.192998473
7.202875828, 7.202953596
7.212875832, 7.213014947
7.222875840, 7.223002934
7.232875833, 7.233004278
7.242875935, 7.243008446
7.252875825, 7.252990457
7.262875831, 7.263022189
7.272875827, 7.273004986
7.282875824, 7.283001203
7.292875888, 7.293011902
7.302875896, 7.303000988
7.312875894, 7.313015578
7.322875835, 7.323003882
7.332876087, 7.333017753
7.342900276, 7.343050881
7.352875843, 7.353039354
7.362877316, 7.363025649
7.372880406, 7.373040248
7.382875844, 7.383005920
7.392876638, 7.393017378
7.402878274, 7.402998801
7.412878216, 7.413017063
7.422875863, 7.422999718
7.432884226, 7.433020273
7.442875855, 7.442997915
7.452875858, 7.453053748
7.462875843, 7.463057726
7.472875839, 7.473052655
7.482875841, 7.483063847
7.492875837, 7.493042519
7.502875860, 7.503063786
7.512875847, 7.513043791
7.522875839, 7.523047242
7.532879271, 7.533069815
7.542875843, 7.543036472
7.552880386, 7.553060665
7.562884883, 7.563074603
7.572880021, 7.573066161
7.582875873, 7.583028161
7.592875847, 7.593050628
7.602875838, 7.603036074
7.612878199, 7.613029824
7.622881364, 7.623076740
7.632875858, 7.633039950
7.642875865, 7.643074202
7.652882598, 7.653075805
7.662875841, 7.663037487
7.672875854, 7.673060450
7.682875850, 7.683079633
7.692875861, 7.693052414
7.702880966, 7.703076884
7.712875842, 7.713061287
7.722875844, 7.723023718
7.732876980, 7.733053741
7.742875841, 7.743016842
7.752875842, 7.753004375
7.762884797, 7.763049730
7.772880668, 7.772997844
7.782881261, 7.783037838
7.792876739, 7.793032933
7.802875855, 7.803007052
7.812891238, 7.813124053
7.822875844, 7.823034173
7.832875842, 7.833010389
7.842879274, 7.843028352
7.852875861, 7.852980978
7.862875843, 7.863044112
7.872875858, 7.873045891
7.882875846, 7.883005071
7.892876440, 7.893001428
7.902875893, 7.903014911
7.912875842, 7.913009962
7.922875847, 7.923063269
7.932875864, 7.932957724
7.942875841, 7.943011298
7.952875845, 7.953002296
7.962875977, 7.962979982
7.972879058, 7.972980117
7.982875939, 7.982947667
7.992875853, 7.992967772
8.002875841, 8.002971470
8.012875840, 8.013059413
8.022875839, 8.023035746
8.032875878, 8.033115600
8.042875847, 8.043037738
8.052875839, 8.053037210
8.062875844, 8.063037216
8.072875842, 8.073073249
8.082875841, 8.082990381
8.092875835, 8.093228996
8.102875838, 8.103052168
8.112875847, 8.113057665
8.122875843, 8.123037731
8.132875840, 8.133040995
8.142875839, 8.143066454
8.152875840, 8.153079441
8.162875869, 8.163028713
8.172875853, 8.173062482
8.182875839, 8.183015159
8.192882359, 8.193256618
8.202875830, 8.203030213
8.212875837, 8.213051090
8.222890158, 8.223122807
8.232875832, 8.233038694
8.242875847, 8.243031724
8.252875839, 8.253046921
8.262875844, 8.263071306
8.272875834, 8.273114423
8.282875836, 8.283075398
8.292875855, 8.293039538
8.302876158, 8.303081404
8.312875844, 8.313095818
8.322875848, 8.323047514
8.332875841, 8.333105107
8.342877833, 8.343076989
8.352875864, 8.353065205
8.362875837, 8.363053625
8.372875837, 8.373063756
8.382875852, 8.383046784
8.392877485, 8.393073188
8.402879489, 8.403143837
8.412880592, 8.413068180
8.422875842, 8.423058422
8.432875838, 8.433026671
8.442876167, 8.443042743
8.452879709, 8.453083685
8.462875844, 8.463065268
8.472879824, 8.473128572
8.482875860, 8.483018771
8.492875843, 8.493034761
8.502875844, 8.503056740
8.512875835, 8.513070418
8.522875844, 8.523061585
8.532875839, 8.533105460
8.542875852, 8.543028464
8.552875840, 8.553048016
8.562875847, 8.563039884
8.572875839, 8.573054303
8.582880005, 8.583091138
8.592875867, 8.593072147
8.602880211, 8.603057680
8.612884060, 8.613077041
8.622881607, 8.623072185
8.632875835, 8.633061734
8.642875849, 8.643069481
8.652893046, 8.653113533
8.662875865, 8.663054672
8.672876983, 8.673050625
8.682875858, 8.683036051
8.692886043, 8.693060073
8.702891494, 8.703111363
8.712880773, 8.713034373
8.722881970, 8.723134152
8.732875847, 8.733016244
8.742879427, 8.743035413
8.752881891, 8.753057613
8.762875839, 8.763062140
8.772875837, 8.773090894
8.782875833, 8.783058482
8.792875867, 8.793026837
8.802875868, 8.803058327
8.812880105, 8.813054450
8.822875846, 8.823060040
8.832875839, 8.833022171
8.842875933, 8.843048465
8.852875845, 8.853056141
8.862875828, 8.862996488
8.872875832, 8.873030604
8.882875839, 8.883042952
8.892875843, 8.893042907
8.902875854, 8.903035455
8.912878774, 8.913057180
8.922880901, 8.923084329
8.932887930, 8.933059967
8.942883952, 8.943067423
8.952875842, 8.953054272
8.962888777, 8.963085418
8.972887643, 8.973045956
8.982875844, 8.983080936
8.992875854, 8.993044146
9.002875862, 9.003048216
9.012878070, 9.013035415
9.022879837, 9.023080653
9.032875858, 9.033029573
9.042875849, 9.043035380
9.052875839, 9.053053962
9.062875841, 9.063045017
9.072875845, 9.073061210
9.082885139, 9.083023149
9.092881856, 9.093046505
9.102880308, 9.103057955
9.112875843, 9.113041721
9.122881986, 9.123069987
9.132876532, 9.133056241
9.142885250, 9.143062750
9.152883034, 9.153061667
9.162883148, 9.163102705
9.172904303, 9.173095884
9.182875849, 9.183069250
9.192875854, 9.193056379
9.202875829, 9.203093890
9.212875854, 9.213058756
9.222879862, 9.223109897
9.232875859, 9.233054982
9.242875886, 9.243072363
9.252875929, 9.252972684
9.262885460, 9.263063830
9.272875932, 9.273055647
9.282875847, 9.282996646
9.292885445, 9.293001873
9.302877576, 9.303018751
9.312881303, 9.312991490
9.322890198, 9.323029522
9.332875848, 9.332999779
9.342881280, 9.343016681
9.352875888, 9.353015661
9.362875862, 9.363011317
9.372875848, 9.372972707
9.382875841, 9.383074892
9.392875840, 9.393003002
9.402875857, 9.402949167
9.412875837, 9.413016334
9.422875844, 9.423012002
9.432875837, 9.433032518
9.442875866, 9.442949246
9.452885950, 9.453008612
9.462875843, 9.462972088
9.472875835, 9.473044661
9.482875835, 9.482945712
9.492875840, 9.493018436
9.502875844, 9.502968028
9.512893745, 9.513012002
9.522876023, 9.523052100
9.532875835, 9.532984170
9.542875940, 9.543026883
9.552875856, 9.553200076
9.562875854, 9.563239770
9.572875856, 9.573374159
9.582875862, 9.583478407
9.592875888, 9.593470791
9.602875865, 9.603436348
9.612876205, 9.613512881
9.622894063, 9.623577281
9.632875853, 9.633629079
9.642877403, 9.643657388
9.652880804, 9.653745539
9.662875910, 9.663706356
9.672875859, 9.673719043
9.682878895, 9.683805618
9.692875842, 9.693851448
9.702877594, 9.703877400
9.712875962, 9.713872665
9.722875910, 9.723891719
9.732875867, 9.733929502
9.742875866, 9.744004160
9.752875850, 9.753986260
9.762875854, 9.764066795
9.772875839, 9.774009319
9.782875854, 9.782942777
9.792875834, 9.793011277
9.802875833, 9.803051364
9.812875824, 9.813049804
9.822875832, 9.823050996
9.832875826, 9.833051624
9.842875833, 9.843054612
9.852875829, 9.853052491
9.862875832, 9.863051552
9.872875826, 9.873059371
9.882875828, 9.883058901
9.892875824, 9.893056587
9.902875827, 9.903057467
9.912875828, 9.913054468
9.922875838, 9.923059093
9.932875835, 9.933057557
9.942875830, 9.943053943
9.952875835, 9.953054330
9.962875841, 9.963055454
9.972875839, 9.973055676
9.982875835, 9.983060840
9.992875824, 9.993057419
10.002875833, 10.003058746
10.012875828, 10.013059770
10.022875827, 10.023052492
10.032875837, 10.033054091
10.042875835, 10.043053418
10.052875839, 10.053055138
10.062875830, 10.063057644
10.072875826, 10.073051901
10.082875824, 10.083057307
10.092875828, 10.093054952
10.102875838, 10.103058848
10.112875828, 10.113056202
10.122875830, 10.123053154
10.132875824, 10.133053206
10.142875830, 10.143055118
10.152875829, 10.153035303
10.162875833, 10.163036879
10.172875837, 10.173034691
10.182875835, 10.183031040
10.192875828, 10.193036769
10.202875832, 10.203054933
10.212875824, 10.213052862
10.222875830, 10.223060119
10.232875831, 10.233055421
10.242875832, 10.243056142
10.252875826, 10.253052577
10.262875825, 10.263054301
10.272875826, 10.273057867
10.282875825, 10.283059179
10.292875826, 10.293055846
10.302875857, 10.303057807
10.312875824, 10.313056324
10.322875825, 10.323056079
10.332875824, 10.333048501
10.342875833, 10.343054605
10.352875826, 10.353057919
10.362875833, 10.363055535
10.372875829, 10.373057625
10.382875836, 10.383059721
10.392875832, 10.393058398
10.402875841, 10.403058387
10.412875842, 10.413054499
10.422875827, 10.423054708
10.432875829, 10.433058447
10.442875830, 10.443056692
10.452875837, 10.453052078
10.462875836, 10.463058662
10.472875828, 10.473053549
10.482875828, 10.483057441
10.492875829, 10.493052553
10.502875827, 10.503052174
10.512875832, 10.513053151
10.522875832, 10.523054610
10.532875823, 10.533057299
10.542875833, 10.543056554
10.552875824, 10.553057128
10.562875828, 10.563054674
10.572875831, 10.573053614
10.582875836, 10.583052910
10.592875829, 10.593058640
10.602875833, 10.603056274
10.612875823, 10.613053918
10.622875828, 10.623057130
10.632875829, 10.633055177
10.642875828, 10.643040609
10.652875837, 10.653056945
10.662875828, 10.663053557
10.672875835, 10.673053968
10.682875835, 10.683053940
10.692875828, 10.693055917
10.702875828, 10.703060668
10.712875826, 10.713056003
10.722875827, 10.723059182
10.732875826, 10.733062203
10.742875830, 10.743054563
10.752875829, 10.753054192
10.762875825, 10.763051759
10.772875824, 10.773055196
10.782875832, 10.783057902
10.792875828, 10.793053434
10.802875827, 10.803059410
10.812875834, 10.813055160
10.822875828, 10.823058941
10.832875832, 10.833055708
10.842875825, 10.843052117
10.852875821, 10.853058512
10.862875828, 10.863055869
10.872875829, 10.873053643
10.882875835, 10.883056314
10.892875837, 10.893055121
10.902875832, 10.903052945
10.912875823, 10.913058472
10.922875833, 10.923057671
10.932875826, 10.933055298
10.942875827, 10.943057932
10.952875828, 10.953047173
10.962875830, 10.963058918
10.972875823, 10.973056282
10.982875830, 10.983055222
10.992875828, 10.993053351
11.002875832, 11.003059905
11.012875837, 11.013057951
11.022875832, 11.023058458
11.032875832, 11.033058050
11.042875832, 11.043057369
11.052875832, 11.053054264
11.062875832, 11.063055710
11.072875826, 11.073054784
11.082875828, 11.083053081
11.092875823, 11.092991532
11.102875830, 11.103058352
11.112875831, 11.113053369
11.122875833, 11.123057250
11.132875832, 11.133054520
11.142875830, 11.143053549
11.152875826, 11.153056060
11.162875832, 11.163055492
11.172875826, 11.173053594
11.182875830, 11.183063675
11.192875829, 11.193055757
11.202875832, 11.203056581
11.212875834, 11.213050348
11.222875832, 11.223054615
11.232875834, 11.233053704
11.242875830, 11.243051891
11.252875824, 11.253053915
11.262875827, 11.263053419
11.272875824, 11.273057501
11.282875827, 11.283049268
11.292875824, 11.293046995
11.302875838, 11.303046234
11.312875826, 11.313047061
11.322875827, 11.323047340
11.332875821, 11.333050402
11.342875828, 11.343067620
11.352875837, 11.353050277
11.362875825, 11.363057889
11.372875832, 11.373053186
11.382875830, 11.383049958
11.392875821, 11.393049812
11.402875827, 11.403046709
11.412875826, 11.413049458
11.422875825, 11.423052214
11.432875831, 11.433056559
11.442875824, 11.443050583
11.452875824, 11.453051862
11.462875827, 11.463050504
11.472875823, 11.473050511
11.482875830, 11.483050052
11.492875823, 11.493049999
11.502875839, 11.503053295
11.512875828, 11.513049900
11.522875832, 11.523054296
11.532875829, 11.533050913
11.542875828, 11.543055505
11.552875828, 11.553050374
11.562875830, 11.563053453
11.572875820, 11.573052140
11.582875832, 11.583049447
11.592875823, 11.593053066
11.602875833, 11.603053780
11.612875834, 11.613052972
11.622875833, 11.623051649
11.632875835, 11.633052895
11.642875833, 11.643054944
11.652875831, 11.653049409
11.662875825, 11.663051988
11.672875832, 11.673049610
11.682875828, 11.683057359
11.692875820, 11.693052448
11.702875827, 11.703052142
11.712875829, 11.713050789
11.722875825, 11.723056386
11.732875831, 11.733047065
11.742875835, 11.743052064
11.752875826, 11.753048258
11.762875828, 11.763046575
11.772875833, 11.773048494
11.782875827, 11.783052696
11.792875832, 11.793052425
11.802875830, 11.803046624
11.812875826, 11.813055661
11.822875833, 11.823055278
11.832875828, 11.833046587
11.842875833, 11.843056298
11.852875831, 11.853054783
11.862875828, 11.863049695
11.872875834, 11.873049594
11.882875828, 11.883029844
11.892875832, 11.893047035
11.902875830, 11.903052356
11.912875826, 11.913048521
11.922875820, 11.923048615
11.932875824, 11.933047314
11.942875828, 11.943044836
11.952875840, 11.953045323
11.962875825, 11.963046282
11.972875826, 11.973048196
11.982875827, 11.983048343
11.992875824, 11.993049024
12.002875828, 12.003048466
12.012875832, 12.013046231
12.022875830, 12.023045739
12.032875831, 12.033045746
12.042875832, 12.043045018
12.052875821, 12.053044202
------------------------------
