------------------------------
test was performed using the following parameters: --mps=100 --burst=1 --reply-every=1 --msg-size=12 --time=10
------------------------------
sockperf: [Total Run] RunTime=10.100 sec; SentMessages=1011; ReceivedMessages=1010
sockperf: ========= Printing statistics for Server No: 0
sockperf: [Valid Duration] RunTime=9.990 sec; SentMessages=1000; ReceivedMessages=1000
sockperf: [2;35m====> avg-lat= 79.951 (std-dev=30.458)[0m
sockperf: # dropped messages = 0; # duplicated messages = 0; # out-of-order messages = 0
sockperf: [2;35mTotal 1000 observations[0m; each percentile contains 10.00 observations
sockperf: ---> <MAX> observation =  438.995
sockperf: ---> percentile  99.99 =  438.995
sockperf: ---> percentile  99.90 =  427.460
sockperf: ---> percentile  99.50 =  298.319
sockperf: ---> percentile  99.00 =  145.978
sockperf: ---> percentile  95.00 =  105.579
sockperf: ---> percentile  90.00 =   97.074
sockperf: ---> percentile  75.00 =   88.338
sockperf: ---> percentile  50.00 =   79.335
sockperf: ---> percentile  25.00 =   67.087
sockperf: ---> <MIN> observation =   27.446
------------------------------
txTime, rxTime
2.063694738, 2.063892849
2.073694767, 2.073875060
2.083694781, 2.083806022
2.093694768, 2.093818322
2.103694771, 2.103853099
2.113694768, 2.113826201
2.123694800, 2.123835675
2.133694870, 2.133833254
2.143694802, 2.143911986
2.153694739, 2.153807605
2.163694789, 2.163852818
2.173694846, 2.173873969
2.183694783, 2.183872747
2.193694810, 2.193855959
2.203694761, 2.203834822
2.213694815, 2.213930756
2.223695028, 2.223854061
2.233694859, 2.233826950
2.243694961, 2.243834906
2.253694946, 2.253839998
2.263694780, 2.263826004
2.273695002, 2.273834203
2.283694862, 2.283850848
2.293694764, 2.293808781
2.303694875, 2.303814983
2.313694788, 2.313828440
2.323694764, 2.323843165
2.333694867, 2.333835858
2.343694780, 2.343834383
2.353694799, 2.353839698
2.363694774, 2.363859754
2.373694763, 2.373829751
2.383694895, 2.383856635
2.393694780, 2.393824507
2.403694766, 2.403834282
2.413695091, 2.413871019
2.423694840, 2.423846334
2.433694746, 2.433845133
2.443694850, 2.443817423
2.453694763, 2.453847724
2.463696934, 2.463832064
2.473694749, 2.473856635
2.483702710, 2.483836264
2.493712180, 2.493859531
2.503699233, 2.503927226
2.513694755, 2.513878587
2.523694754, 2.523808250
2.533694746, 2.533897952
2.543694757, 2.543857742
2.553694743, 2.553854584
2.563695564, 2.563829355
2.573694741, 2.573850888
2.583694749, 2.583844547
2.593694744, 2.593860560
2.603694749, 2.603847042
2.613694749, 2.613911038
2.623694762, 2.623813994
2.633694755, 2.633815619
2.643694757, 2.643794193
2.653698770, 2.653792672
2.663694746, 2.663819991
2.673694755, 2.673818303
2.683694744, 2.683753304
2.693694751, 2.693807052
2.703694762, 2.703788634
2.713695002, 2.713807025
2.723717643, 2.723870558
2.733694880, 2.733814243
2.743695407, 2.743866958
2.753707470, 2.753862321
2.763694921, 2.763855418
2.773694807, 2.773842222
2.783694766, 2.783830154
2.793694842, 2.793819043
2.803694864, 2.803846335
2.813694763, 2.813802825
2.823694762, 2.823830904
2.833694777, 2.833809095
2.843694912, 2.843812685
2.853694845, 2.853827898
2.863694806, 2.863852167
2.873694838, 2.873891785
2.883694751, 2.883851828
2.893694774, 2.893815628
2.903694790, 2.903844222
2.913694768, 2.913893619
2.923694823, 2.923804214
2.933694760, 2.933834062
2.943694845, 2.943838191
2.953694754, 2.953818547
2.963694788, 2.963872096
2.973694763, 2.973828596
2.983694967, 2.983838072
2.993694760, 2.993843395
3.003694937, 3.003816269
3.013694763, 3.013758083
3.023694773, 3.023835704
3.033694754, 3.033770855
3.043694781, 3.043796294
3.053694782, 3.053758106
3.063694779, 3.063776741
3.073694788, 3.073827512
3.083694855, 3.083773051
3.093694855, 3.093783464
3.103694788, 3.103766327
3.113694856, 3.113804881
3.123694781, 3.123867749
3.133694798, 3.133901620
3.143694823, 3.143884217
3.153694872, 3.153855609
3.163694795, 3.163845596
3.173694795, 3.173888944
3.183695093, 3.183862392
3.193694991, 3.193860785
3.203694805, 3.203853599
3.213694934, 3.213844778
3.223694896, 3.223869030
3.233694974, 3.233816440
3.243694819, 3.243833729
3.253694835, 3.253892895
3.263694920, 3.263863011
3.273694809, 3.273841110
3.283694764, 3.283864337
3.293694919, 3.293849846
3.303694976, 3.303881139
3.313694890, 3.313908962
3.323694863, 3.323816901
3.333694770, 3.333850382
3.343694784, 3.343795336
3.353694796, 3.353800764
3.363694790, 3.363786542
3.373694778, 3.373852855
3.383694865, 3.383806245
3.393694761, 3.393814718
3.403694762, 3.403802803
3.413695111, 3.413799144
3.423694889, 3.423807488
3.433694895, 3.433802082
3.443694766, 3.443823593
3.453694762, 3.453828685
3.463694762, 3.463851636
3.473694767, 3.473816175
3.483694961, 3.483799197
3.493694767, 3.493861621
3.503694792, 3.503816753
3.513694796, 3.513832700
3.523694748, 3.523814333
3.533694794, 3.533800244
3.543694767, 3.543811053
3.553694767, 3.553798905
3.563694764, 3.563802759
3.573694979, 3.573834945
3.583694794, 3.583824250
3.593694766, 3.593813761
3.603694908, 3.603863147
3.613694838, 3.613797033
3.623694750, 3.623834636
3.633694869, 3.633811807
3.643694760, 3.643797046
3.653694768, 3.653808675
3.663694760, 3.663884514
3.673694782, 3.673813527
3.683694779, 3.683886069
3.693694855, 3.693930927
3.703694918, 3.703986876
3.713694765, 3.713955885
3.723694875, 3.723939799
3.733694847, 3.733939103
3.743694773, 3.743951250
3.753694743, 3.753864303
3.763694821, 3.763853733
3.773694837, 3.773854006
3.783694780, 3.783873503
3.793694805, 3.793872555
3.803694775, 3.803848650
3.813694819, 3.813880700
3.823694838, 3.823859061
3.833694769, 3.833869624
3.843694800, 3.843864103
3.853694961, 3.853841635
3.863694794, 3.863876677
3.873694769, 3.873806042
3.883694846, 3.883869034
3.893694875, 3.893878703
3.903694769, 3.903858510
3.913694893, 3.913863080
3.923694917, 3.923874151
3.933694830, 3.933856568
3.943694832, 3.943891699
3.953694782, 3.953861517
3.963694748, 3.963838187
3.973694837, 3.973865476
3.983694799, 3.983847335
3.993694882, 3.993835244
4.003694838, 4.003878600
4.013694901, 4.013822450
4.023694759, 4.023842494
4.033694742, 4.033815919
4.043694761, 4.043803582
4.053694931, 4.053814972
4.063694777, 4.063813275
4.073694745, 4.073843178
4.083694769, 4.083846667
4.093694841, 4.093820117
4.103694796, 4.103807243
4.113694753, 4.113884830
4.123694747, 4.123823401
4.133694872, 4.133815342
4.143694907, 4.143817029
4.153694901, 4.153806459
4.163694763, 4.163814933
4.173694800, 4.173830193
4.183695090, 4.183838416
4.193694765, 4.193810748
4.203694746, 4.203814065
4.213694837, 4.213859049
4.223694787, 4.223803807
4.233694746, 4.233816271
4.243694762, 4.243806507
4.253694913, 4.253826434
4.263694785, 4.263831839
4.273695049, 4.273817507
4.283694975, 4.283807508
4.293694860, 4.293809946
4.303694749, 4.303868687
4.313694768, 4.313866927
4.323694839, 4.323877560
4.333694809, 4.333872573
4.343694790, 4.343851205
4.353694790, 4.353863008
4.363694782, 4.363858936
4.373695111, 4.373872551
4.383694752, 4.383854261
4.393694807, 4.393862300
4.403694817, 4.403897406
4.413694766, 4.413847088
4.423694757, 4.423927045
4.433694871, 4.433882185
4.443694758, 4.443840163
4.453694743, 4.453851886
4.463694826, 4.463856384
4.473694931, 4.473858843
4.483694831, 4.483863486
4.493694763, 4.493857425
4.503694762, 4.503860821
4.513694809, 4.513877553
4.523694757, 4.523867111
4.533695000, 4.533857540
4.543694800, 4.543871379
4.553695046, 4.553844686
4.563694830, 4.563853983
4.573694836, 4.573848521
4.583694825, 4.583842983
4.593694790, 4.593894973
4.603694763, 4.603846860
4.613694768, 4.613859362
4.623694768, 4.623862173
4.633694781, 4.633885747
4.643694931, 4.643855862
4.653694747, 4.653877041
4.663694945, 4.663868019
4.673694894, 4.673873470
4.683694774, 4.683842949
4.693694793, 4.693861195
4.703694826, 4.703893067
4.713694770, 4.713857554
4.723694782, 4.723863234
4.733694766, 4.733838909
4.743694776, 4.743835023
4.753694814, 4.753868749
4.763694765, 4.763870271
4.773694885, 4.773815582
4.783694837, 4.783872281
4.793695028, 4.793879815
4.803694869, 4.803859259
4.813694842, 4.813847910
4.823694839, 4.823863530
4.833694896, 4.833845005
4.843694837, 4.843848676
4.853694763, 4.853894494
4.863694762, 4.863862395
4.873694768, 4.873860379
4.883694848, 4.883844261
4.893694762, 4.893871006
4.903695175, 4.903892761
4.913694782, 4.913869129
4.923694762, 4.923876763
4.933694803, 4.933871918
4.943694805, 4.943851652
4.953694797, 4.953853136
4.963694824, 4.963869965
4.973694764, 4.973835683
4.983694792, 4.983851827
4.993694766, 4.993877649
5.003694763, 5.003858237
5.013694794, 5.013869021
5.023694783, 5.023859504
5.033694829, 5.033918582
5.043694890, 5.043896622
5.053694788, 5.053853808
5.063694770, 5.063857087
5.073694776, 5.073850128
5.083694755, 5.083881290
5.093694745, 5.093865219
5.103694875, 5.103876385
5.113694766, 5.113861166
5.123694766, 5.123843143
5.133694794, 5.133853208
5.143694742, 5.143863802
5.153695023, 5.153831374
5.163694792, 5.163818029
5.173694793, 5.173807976
5.183694751, 5.183796245
5.193694756, 5.193791647
5.203694863, 5.203785767
5.213694767, 5.213825341
5.223694762, 5.223799196
5.233694792, 5.233762952
5.243694796, 5.243799299
5.253694763, 5.253849717
5.263694811, 5.263762225
5.273694770, 5.273799607
5.283694842, 5.283872120
5.293694766, 5.293792137
5.303694747, 5.303815276
5.313694850, 5.313778428
5.323694844, 5.323802342
5.333695062, 5.333829238
5.343694844, 5.343795219
5.353694844, 5.353802921
5.363694934, 5.363828209
5.373694787, 5.373821064
5.383694964, 5.383814447
5.393694987, 5.393843297
5.403694931, 5.403844418
5.413694786, 5.413833244
5.423695026, 5.423843065
5.433694781, 5.433829014
5.443694895, 5.443830369
5.453695055, 5.453826897
5.463694851, 5.463796306
5.473694830, 5.473825184
5.483694979, 5.483848952
5.493694976, 5.493824559
5.503694871, 5.503814056
5.513694857, 5.513806634
5.523694767, 5.523788974
5.533694961, 5.533814909
5.543694999, 5.543807310
5.553694862, 5.553815724
5.563694838, 5.563860429
5.573694747, 5.573795501
5.583694761, 5.583811985
5.593694808, 5.593798469
5.603694791, 5.603802436
5.613694797, 5.613806490
5.623694826, 5.623865128
5.633694766, 5.633884397
5.643694765, 5.643876490
5.653694867, 5.653811152
5.663694765, 5.663875882
5.673694782, 5.673847113
5.683694763, 5.683819523
5.693694760, 5.693837608
5.703694822, 5.703834876
5.713694853, 5.713849113
5.723694773, 5.723868117
5.733694795, 5.733856488
5.743694796, 5.743851826
5.753694861, 5.753860033
5.763694763, 5.763892486
5.773695082, 5.773893512
5.783694882, 5.783905843
5.793694766, 5.793859293
5.803694758, 5.803836249
5.813694760, 5.813843103
5.823694839, 5.823837736
5.833694891, 5.833856763
5.843694860, 5.843851055
5.853695019, 5.853855498
5.863694842, 5.863878746
5.873694842, 5.873856012
5.883694869, 5.883854280
5.893694850, 5.893890459
5.903694770, 5.903861247
5.913694833, 5.913898244
5.923694749, 5.923906405
5.933694794, 5.933885790
5.943694880, 5.943861676
5.953694916, 5.953861510
5.963694853, 5.963871732
5.973694857, 5.973867124
5.983695055, 5.983838189
5.993694803, 5.993841458
6.003694955, 6.003855706
6.013694796, 6.013860624
6.023694870, 6.023878221
6.033694766, 6.033798530
6.043694786, 6.043878796
6.053694762, 6.053854618
6.063694760, 6.063851425
6.073694753, 6.073845680
6.083694839, 6.083867925
6.093694815, 6.093811495
6.103694752, 6.103852695
6.113694933, 6.113819400
6.123694794, 6.123825572
6.133694816, 6.133808246
6.143694807, 6.143843570
6.153694811, 6.153826205
6.163694795, 6.163859485
6.173694744, 6.173856683
6.183694784, 6.183830967
6.193694837, 6.193824315
6.203694763, 6.203823406
6.213694818, 6.213819217
6.223695052, 6.223797739
6.233694946, 6.233844080
6.243694825, 6.243814719
6.253694752, 6.253791946
6.263694864, 6.263836454
6.273694804, 6.273848960
6.283694817, 6.283905769
6.293694931, 6.293833609
6.303694770, 6.303792759
6.313694770, 6.313811040
6.323694934, 6.323859957
6.333695046, 6.333841050
6.343694948, 6.343823101
6.353694837, 6.353825113
6.363694897, 6.363826805
6.373701592, 6.373830501
6.383694753, 6.383824975
6.393696975, 6.393889197
6.403694744, 6.403808867
6.413695693, 6.413848619
6.423696249, 6.423862480
6.433694745, 6.433855801
6.443697403, 6.443896523
6.453694761, 6.453827604
6.463698830, 6.463922674
6.473694747, 6.473805022
6.483698483, 6.483897775
6.493700160, 6.493876698
6.503694810, 6.503755527
6.513694760, 6.513818778
6.523695990, 6.523846342
6.533696346, 6.533834090
6.543696050, 6.543892474
6.553694755, 6.553871303
6.563694761, 6.563871971
6.573708832, 6.573923276
6.583694805, 6.583867370
6.593694753, 6.593850163
6.603694753, 6.603888631
6.613694760, 6.613904184
6.623694741, 6.623915564
6.633694755, 6.633867349
6.643700670, 6.643876507
6.653699728, 6.653855088
6.663694760, 6.663841588
6.673696523, 6.673922486
6.683694757, 6.683814301
6.693694741, 6.693801748
6.703695110, 6.703774767
6.713694761, 6.713773043
6.723694761, 6.723795252
6.733694755, 6.733769173
6.743694744, 6.743784877
6.753694744, 6.753789018
6.763704467, 6.763840600
6.773694758, 6.773841279
6.783694766, 6.783819633
6.793694747, 6.793772135
6.803694826, 6.803830586
6.813694749, 6.813768423
6.823694763, 6.823791068
6.833694763, 6.833796523
6.843694761, 6.843786603
6.853694761, 6.853821923
6.863694764, 6.863765425
6.873694741, 6.873818861
6.883696571, 6.883810312
6.893694758, 6.893877222
6.903694892, 6.903824362
6.913694755, 6.913853967
6.923694761, 6.923833848
6.933694745, 6.933749638
6.943694745, 6.943803963
6.953694826, 6.953798865
6.963694744, 6.963875774
6.973699713, 6.973867299
6.983694763, 6.983839894
6.993697332, 6.993889744
7.003694758, 7.003885655
7.013694757, 7.013908214
7.023704388, 7.023905652
7.033694763, 7.033862731
7.043694749, 7.043897378
7.053705488, 7.053882868
7.063694755, 7.063836580
7.073694755, 7.073842992
7.083694739, 7.083867634
7.093694748, 7.093932610
7.103694742, 7.103873003
7.113694759, 7.113867385
7.123697443, 7.123859717
7.133694763, 7.133831160
7.143694744, 7.143853203
7.153694751, 7.153870718
7.163694844, 7.163847530
7.173694757, 7.173852674
7.183697263, 7.183906213
7.193695791, 7.193882903
7.203694755, 7.203870076
7.213694760, 7.213891823
7.223705557, 7.223899567
7.233694744, 7.233875854
7.243694746, 7.243849038
7.253696165, 7.253940519
7.263694746, 7.263866113
7.273694763, 7.273887301
7.283694744, 7.283861257
7.293701035, 7.293866421
7.303695889, 7.303883747
7.313694758, 7.313851883
7.323694760, 7.323875366
7.333694837, 7.333923951
7.343694734, 7.343919279
7.353694755, 7.353953082
7.363694743, 7.363915260
7.373694738, 7.373915899
7.383694741, 7.383848271
7.393701052, 7.393924465
7.403694762, 7.403872342
7.413698354, 7.413879059
7.423694749, 7.423869041
7.433694760, 7.433871038
7.443698723, 7.443876168
7.453694844, 7.453855151
7.463694746, 7.463869551
7.473694760, 7.473857819
7.483694804, 7.483871111
7.493694744, 7.493865002
7.503710750, 7.503896138
7.513694768, 7.513841159
7.523694740, 7.523813966
7.533710825, 7.533837838
7.543694749, 7.543889631
7.553703076, 7.553819894
7.563694744, 7.563790224
7.573696075, 7.573904932
7.583694749, 7.583774389
7.593694744, 7.593840572
7.603695081, 7.603815830
7.613694762, 7.613787165
7.623694740, 7.623766074
7.633694834, 7.633831010
7.643694758, 7.643898928
7.653694766, 7.653808174
7.663694743, 7.663861104
7.673694890, 7.673851711
7.683700708, 7.683880215
7.693694758, 7.693858685
7.703709548, 7.703883161
7.713703046, 7.713863316
7.723694749, 7.723868791
7.733694803, 7.733887519
7.743694744, 7.743887924
7.753694762, 7.753836533
7.763704462, 7.763881149
7.773694760, 7.773828256
7.783694741, 7.783763436
7.793694749, 7.793775567
7.803700564, 7.803863582
7.813696791, 7.813793550
7.823698703, 7.823790233
7.833694749, 7.833777453
7.843694751, 7.843873285
7.853694760, 7.853860077
7.863694757, 7.863830061
7.873698879, 7.873873494
7.883707576, 7.883887337
7.893694768, 7.893859262
7.903694760, 7.903845406
7.913709758, 7.913862665
7.923694752, 7.923768801
7.933694755, 7.933881526
7.943694763, 7.943879507
7.953710996, 7.953922155
7.963694744, 7.963861135
7.973696586, 7.973872263
7.983694766, 7.983904547
7.993697583, 7.993833441
8.003694785, 8.003861572
8.013694757, 8.013861435
8.023696380, 8.023870526
8.033694891, 8.033854124
8.043697834, 8.043838651
8.053694747, 8.053830116
8.063705157, 8.063871263
8.073696489, 8.073860877
8.083697464, 8.083844379
8.093694750, 8.093866306
8.103699621, 8.103900378
8.113694749, 8.113904482
8.123694741, 8.123865605
8.133694742, 8.133856929
8.143694810, 8.143882373
8.153694744, 8.153858714
8.163698555, 8.163898951
8.173695713, 8.173874626
8.183694744, 8.183870439
8.193698783, 8.193855553
8.203694744, 8.203871421
8.213694749, 8.213841894
8.223694804, 8.223862782
8.233694742, 8.233862194
8.243694742, 8.243940402
8.253694742, 8.253892062
8.263694755, 8.263868663
8.273694754, 8.273863799
8.283694765, 8.283900473
8.293699784, 8.293894650
8.303694760, 8.303836057
8.313694741, 8.313774649
8.323706297, 8.323802015
8.333694762, 8.333916730
8.343699876, 8.343862387
8.353694739, 8.353886752
8.363694856, 8.363829032
8.373694757, 8.373829977
8.383694762, 8.383796061
8.393694824, 8.393797135
8.403694790, 8.403828632
8.413694764, 8.413803544
8.423695051, 8.423786071
8.433700486, 8.433863368
8.443702023, 8.443845995
8.453704526, 8.453805874
8.463694806, 8.463794152
8.473694749, 8.473853626
8.483694743, 8.483750328
8.493694742, 8.493809812
8.503694743, 8.503783195
8.513694745, 8.513794735
8.523694745, 8.523756361
8.533694748, 8.533809902
8.543694745, 8.543840621
8.553694765, 8.553804257
8.563694743, 8.563788211
8.573696464, 8.573785250
8.583694751, 8.583777623
8.593698272, 8.593854978
8.603694753, 8.603833341
8.613694745, 8.613836473
8.623694742, 8.623811970
8.633704217, 8.633864698
8.643694800, 8.643860166
8.653694803, 8.653853980
8.663694749, 8.663822279
8.673710554, 8.673894128
8.683694746, 8.683812379
8.693694749, 8.693853588
8.703694743, 8.703817301
8.713694809, 8.713817970
8.723694746, 8.723831432
8.733695446, 8.733838709
8.743697697, 8.743870018
8.753700397, 8.753831417
8.763694742, 8.763824183
8.773696248, 8.773831937
8.783694808, 8.783844424
8.793697394, 8.793850860
8.803701254, 8.803828705
8.813698135, 8.813816748
8.823695204, 8.823814687
8.833694798, 8.833847292
8.843694740, 8.843826919
8.853696061, 8.853821423
8.863694757, 8.863788724
8.873696038, 8.873847186
8.883701423, 8.883872496
8.893694765, 8.893788595
8.903694762, 8.903823572
8.913694743, 8.913783498
8.923694745, 8.923822110
8.933694749, 8.933826779
8.943694748, 8.943841868
8.953697465, 8.953799923
8.963694746, 8.963784352
8.973694759, 8.973785604
8.983703351, 8.983817714
8.993697107, 8.993839642
9.003701297, 9.003826796
9.013694748, 9.013750363
9.023694743, 9.023832614
9.033694732, 9.033795725
9.043698525, 9.043895908
9.053694742, 9.053857315
9.063698163, 9.063868571
9.073694748, 9.073899553
9.083694760, 9.083836208
9.093694759, 9.093902346
9.103694746, 9.103826944
9.113694749, 9.113826333
9.123700612, 9.123902247
9.133698929, 9.133885125
9.143694742, 9.143885073
9.153699988, 9.153885459
9.163698973, 9.163885375
9.173694743, 9.173883970
9.183694876, 9.183866128
9.193697978, 9.193871785
9.203694746, 9.203864390
9.213696407, 9.213849561
9.223697277, 9.223852049
9.233694871, 9.233865547
9.243694760, 9.243943455
9.253694764, 9.253837728
9.263694757, 9.263880289
9.273694762, 9.273833551
9.283699383, 9.283860959
9.293694756, 9.293896850
9.303694760, 9.303863158
9.313694746, 9.313873473
9.323694764, 9.323872692
9.333699540, 9.333876896
9.343694743, 9.343869404
9.353694760, 9.353903600
9.363694757, 9.363873988
9.373699025, 9.373893127
9.383695274, 9.383872974
9.393699653, 9.393917737
9.403694802, 9.403892218
9.413695064, 9.413883281
9.423694747, 9.423862994
9.433699580, 9.433878148
9.443694768, 9.443876550
9.453700668, 9.453885918
9.463697758, 9.463898056
9.473694826, 9.473868297
9.483694744, 9.483872475
9.493694806, 9.493888150
9.503699978, 9.503866200
9.513712368, 9.513888884
9.523694844, 9.523887514
9.533703514, 9.533868607
9.543694818, 9.543875655
9.553694744, 9.553903843
9.563702498, 9.563891916
9.573694872, 9.573806325
9.583694747, 9.583790348
9.593694807, 9.593802089
9.603700989, 9.603873817
9.613694740, 9.613838195
9.623704210, 9.623828054
9.633694760, 9.633818911
9.643694752, 9.643833770
9.653694811, 9.653908703
9.663694741, 9.663886975
9.673698380, 9.673858176
9.683694746, 9.683849350
9.693700997, 9.693853571
9.703694755, 9.703871865
9.713694757, 9.713859588
9.723701483, 9.723895052
9.733694741, 9.733904422
9.743694746, 9.743843854
9.753694806, 9.753866317
9.763694752, 9.763873152
9.773694763, 9.773892483
9.783694746, 9.783886360
9.793694744, 9.793842717
9.803694755, 9.803911954
9.813694754, 9.813870523
9.823694766, 9.823858634
9.833694762, 9.833862550
9.843696557, 9.843890490
9.853694765, 9.853842529
9.863715103, 9.863973161
9.873694744, 9.873898514
9.883694746, 9.883840300
9.893694749, 9.893958024
9.903694747, 9.904130841
9.913702925, 9.914207467
9.923700671, 9.924225913
9.933696762, 9.934293400
9.943694744, 9.944388556
9.953695190, 9.954408267
9.963694831, 9.964484307
9.973699609, 9.974554530
9.983696721, 9.984574712
9.993694743, 9.993770056
10.003694732, 10.003809466
10.013694735, 10.013882493
10.023694739, 10.023862894
10.033694738, 10.034009140
10.043694743, 10.043915568
10.053694770, 10.053943388
10.063694744, 10.063851657
10.073694743, 10.073935541
10.083694735, 10.083861606
10.093694736, 10.093908137
10.103694740, 10.103859494
10.113694728, 10.113921585
10.123694744, 10.123855630
10.133694728, 10.133849158
10.143694735, 10.143859492
10.153694732, 10.153815839
10.163694732, 10.163854176
10.173694735, 10.173854684
10.183694732, 10.183853174
10.193694728, 10.193851324
10.203694733, 10.203848939
10.213694730, 10.213852082
10.223694722, 10.223847227
10.233694735, 10.233853228
10.243694738, 10.243846905
10.253694728, 10.253852930
10.263694733, 10.263852636
10.273694735, 10.273851203
10.283694725, 10.283845179
10.293694732, 10.293845867
10.303694728, 10.303857247
10.313694736, 10.313848212
10.323694732, 10.323854897
10.333694735, 10.333850465
10.343694732, 10.343853245
10.353694736, 10.353852733
10.363694735, 10.363854061
10.373694736, 10.373849231
10.383694732, 10.383848067
10.393694738, 10.393850379
10.403694728, 10.403853317
10.413694732, 10.413846772
10.423694735, 10.423851785
10.433694733, 10.433853258
10.443694736, 10.443846558
10.453694735, 10.453849479
10.463694743, 10.463850699
10.473694728, 10.473853249
10.483694736, 10.483850609
10.493694740, 10.493851224
10.503694738, 10.503857823
10.513694727, 10.513853840
10.523694723, 10.523849680
10.533694730, 10.533850566
10.543694735, 10.543855090
10.553694741, 10.553848971
10.563694738, 10.563849116
10.573694735, 10.573852456
10.583694725, 10.583852979
10.593694736, 10.593853092
10.603694733, 10.603850977
10.613694733, 10.613853405
10.623694728, 10.623850733
10.633694735, 10.633854793
10.643694728, 10.643852553
10.653694730, 10.653851188
10.663694734, 10.663851059
10.673694735, 10.673857749
10.683694728, 10.683854214
10.693694732, 10.693851435
10.703694738, 10.703851552
10.713694732, 10.713848123
10.723694730, 10.723849133
10.733694733, 10.733848266
10.743694735, 10.743847156
10.753694733, 10.753853959
10.763694727, 10.763849497
10.773694736, 10.773848467
10.783694733, 10.783851715
10.793694730, 10.793851920
10.803694728, 10.803850255
10.813694728, 10.813859711
10.823694725, 10.823847808
10.833694727, 10.833850784
10.843694730, 10.843853204
10.853694728, 10.853850969
10.863694730, 10.863848404
10.873694728, 10.873847745
10.883694724, 10.883853742
10.893694730, 10.893856057
10.903694728, 10.903853375
10.913694732, 10.913858768
10.923694733, 10.923850468
10.933694735, 10.933854183
10.943694722, 10.943852469
10.953694736, 10.953850639
10.963694730, 10.963851329
10.973694733, 10.973854409
10.983694730, 10.983850915
10.993694733, 10.993854635
11.003694728, 11.003850143
11.013694727, 11.013850416
11.023694728, 11.023852268
11.033694728, 11.033850951
11.043694730, 11.043850176
11.053694732, 11.053854407
11.063694722, 11.063854412
11.073694728, 11.073845875
11.083694733, 11.083867765
11.093694727, 11.093864702
11.103694732, 11.103866710
11.113694727, 11.113886615
11.123694743, 11.123871363
11.133694736, 11.133869424
11.143694728, 11.143867732
11.153694735, 11.153867252
11.163694730, 11.163864438
11.173694736, 11.173869677
11.183694730, 11.183864981
11.193694733, 11.193864279
11.203694744, 11.203865935
11.213694728, 11.213867414
11.223694730, 11.223867326
11.233694730, 11.233864604
11.243694732, 11.243868076
11.253694735, 11.253868365
11.263694733, 11.263868035
11.273694733, 11.273865682
11.283694730, 11.283864617
11.293694728, 11.293866805
11.303694722, 11.303867462
11.313694727, 11.313868658
11.323694741, 11.323866611
11.333694733, 11.333868959
11.343694741, 11.343865783
11.353694735, 11.353869174
11.363694732, 11.363867187
11.373694728, 11.373866027
11.383694736, 11.383867456
11.393694736, 11.393868496
11.403694730, 11.403870013
11.413694730, 11.413867101
11.423694730, 11.423864266
11.433694730, 11.433865539
11.443694736, 11.443868949
11.453694727, 11.453869919
11.463694738, 11.463865542
11.473694738, 11.473866882
11.483694722, 11.483863552
11.493694728, 11.493864497
11.503694733, 11.503872985
11.513694732, 11.513875262
11.523694740, 11.523872475
11.533694735, 11.533879331
11.543694722, 11.543873869
11.553694736, 11.553874337
11.563694735, 11.563877837
11.573694735, 11.573872631
11.583694732, 11.583874062
11.593694733, 11.593870898
11.603694730, 11.603874550
11.613694730, 11.613873607
11.623694733, 11.623871914
11.633694733, 11.633875371
11.643694730, 11.643873529
11.653694727, 11.653871642
11.663694728, 11.663872949
11.673694732, 11.673871875
11.683694733, 11.683873450
11.693694732, 11.693852055
11.703694736, 11.703872991
11.713694733, 11.713875121
11.723694725, 11.723872354
11.733694732, 11.733873299
11.743694730, 11.743873567
11.753694727, 11.753872867
11.763694730, 11.763872802
11.773694732, 11.773879890
11.783694724, 11.783874155
11.793694735, 11.793876528
11.803694733, 11.803871769
11.813694730, 11.813871458
11.823694735, 11.823874426
11.833694735, 11.833866548
11.843694726, 11.843870672
11.853694727, 11.853876059
11.863694728, 11.863872877
11.873694728, 11.873874560
11.883694728, 11.883875210
11.893694733, 11.893877273
11.903694728, 11.903875198
11.913694732, 11.913872511
11.923694738, 11.923871314
11.933694736, 11.933876201
11.943694735, 11.943875004
11.953694730, 11.953875247
11.963694728, 11.963874030
11.973694728, 11.973870059
11.983694736, 11.983873037
11.993694730, 11.993871906
12.003694732, 12.003870448
12.013694733, 12.013876656
12.023694735, 12.023871366
12.033694727, 12.033876989
12.043694735, 12.043875882
12.053694733, 12.053873785
------------------------------
