------------------------------
test was performed using the following parameters: --mps=100 --burst=1 --reply-every=1 --msg-size=12 --time=10
------------------------------
sockperf: [Total Run] RunTime=10.100 sec; SentMessages=1011; ReceivedMessages=1010
sockperf: ========= Printing statistics for Server No: 0
sockperf: [Valid Duration] RunTime=9.990 sec; SentMessages=1000; ReceivedMessages=1000
sockperf: [2;35m====> avg-lat= 58.107 (std-dev=34.564)[0m
sockperf: # dropped messages = 0; # duplicated messages = 0; # out-of-order messages = 0
sockperf: [2;35mTotal 1000 observations[0m; each percentile contains 10.00 observations
sockperf: ---> <MAX> observation =  277.495
sockperf: ---> percentile  99.99 =  277.495
sockperf: ---> percentile  99.90 =  170.396
sockperf: ---> percentile  99.50 =  154.914
sockperf: ---> percentile  99.00 =  152.715
sockperf: ---> percentile  95.00 =  118.936
sockperf: ---> percentile  90.00 =  116.410
sockperf: ---> percentile  75.00 =   57.701
sockperf: ---> percentile  50.00 =   43.329
sockperf: ---> percentile  25.00 =   36.498
sockperf: ---> <MIN> observation =   24.169
------------------------------
txTime, rxTime
2.062699568, 2.062784741
2.072699666, 2.072799953
2.082699660, 2.082767650
2.092699631, 2.092777081
2.102699557, 2.102759802
2.112699620, 2.112779386
2.122699634, 2.122775081
2.132699601, 2.132759660
2.142699617, 2.142790481
2.152699601, 2.152773860
2.162699638, 2.162773197
2.172699633, 2.172792209
2.182699688, 2.182796821
2.192699676, 2.192775228
2.202699781, 2.202789357
2.212699701, 2.212786943
2.222699560, 2.222775798
2.232699576, 2.232784512
2.242699559, 2.242793819
2.252699639, 2.252788228
2.262699740, 2.262787084
2.272699688, 2.272771096
2.282699573, 2.282780312
2.292699758, 2.292779778
2.302699827, 2.302778949
2.312699570, 2.312790295
2.322699690, 2.322780424
2.332699617, 2.332790848
2.342699559, 2.342808404
2.352699554, 2.352767114
2.362699543, 2.362774191
2.372699638, 2.372776202
2.382699561, 2.382776606
2.392706393, 2.392796695
2.402699534, 2.402798844
2.412705748, 2.412799769
2.422699543, 2.422801525
2.432699553, 2.432763760
2.442700776, 2.442775378
2.452699553, 2.452780794
2.462699550, 2.462784373
2.472704612, 2.472801962
2.482699539, 2.482787116
2.492699539, 2.492767038
2.502699557, 2.502775394
2.512699561, 2.512791150
2.522699562, 2.522777003
2.532699597, 2.532778916
2.542703611, 2.542801578
2.552700813, 2.552806669
2.562699542, 2.562778638
2.572699539, 2.572786550
2.582706159, 2.582811904
2.592699542, 2.592761433
2.602699543, 2.602781278
2.612700480, 2.612766366
2.622702628, 2.622789542
2.632699556, 2.632760622
2.642706910, 2.642776898
2.652704073, 2.652795173
2.662699539, 2.662780486
2.672699543, 2.672783435
2.682701029, 2.682782339
2.692705717, 2.692795844
2.702699550, 2.702775795
2.712706745, 2.712795458
2.722699539, 2.722772484
2.732699535, 2.732766542
2.742706865, 2.742799208
2.752699554, 2.752797233
2.762699543, 2.762788604
2.772699556, 2.772752422
2.782703243, 2.782769754
2.792703116, 2.792802134
2.802699561, 2.802790349
2.812699540, 2.812788379
2.822699550, 2.822755987
2.832707228, 2.832806007
2.842699810, 2.842776029
2.852700677, 2.852795577
2.862706026, 2.862798296
2.872699539, 2.872765777
2.882700020, 2.882784932
2.892704583, 2.892785668
2.902699550, 2.902753801
2.912699543, 2.912783277
2.922700259, 2.922783571
2.932699543, 2.932779570
2.942699682, 2.942775564
2.952699537, 2.952759807
2.962700161, 2.962782058
2.972705360, 2.972779586
2.982704201, 2.982785360
2.992702281, 2.992794991
3.002699545, 3.002761323
3.012699546, 3.012751107
3.022699537, 3.022770084
3.032706048, 3.032780682
3.042699537, 3.042838911
3.052699553, 3.052767945
3.062699553, 3.062760489
3.072699556, 3.072784774
3.082699550, 3.082771873
3.092699553, 3.092777993
3.102699556, 3.102766522
3.112699554, 3.112749925
3.122705156, 3.122783036
3.132699542, 3.132776366
3.142701094, 3.142838204
3.152701046, 3.152805019
3.162699539, 3.162765816
3.172699535, 3.172776220
3.182699553, 3.182773572
3.192699557, 3.192762208
3.202699553, 3.202766577
3.212699550, 3.212790289
3.222706377, 3.222772560
3.232699534, 3.232770383
3.242699533, 3.242775391
3.252699537, 3.252774927
3.262699536, 3.262772037
3.272699536, 3.272768932
3.282699659, 3.282776514
3.292699534, 3.292769933
3.302699779, 3.302788488
3.312701916, 3.312790846
3.322699554, 3.322787279
3.332699540, 3.332826564
3.342699538, 3.342780748
3.352699528, 3.352796145
3.362707911, 3.362812332
3.372700379, 3.372791154
3.382706456, 3.382791240
3.392699550, 3.392793752
3.402699554, 3.402751844
3.412699540, 3.412761037
3.422699543, 3.422754822
3.432699556, 3.432789830
3.442699551, 3.442781866
3.452699553, 3.452809965
3.462699543, 3.462766295
3.472699559, 3.472812931
3.482706214, 3.482824253
3.492707758, 3.492817217
3.502699562, 3.502859126
3.512699537, 3.512755009
3.522699537, 3.522765494
3.532699556, 3.532766017
3.542700148, 3.542782725
3.552699542, 3.552762666
3.562699534, 3.562785104
3.572699539, 3.572791675
3.582699539, 3.582787823
3.592699554, 3.592763903
3.602699556, 3.602832976
3.612706895, 3.612793608
3.622699534, 3.622828799
3.632699551, 3.632758054
3.642699540, 3.642820396
3.652699537, 3.652752347
3.662699553, 3.662768826
3.672699551, 3.672772973
3.682710457, 3.682814986
3.692699535, 3.692784329
3.702699535, 3.702774825
3.712699537, 3.712800148
3.722699539, 3.722787370
3.732699545, 3.732770943
3.742699532, 3.742752476
3.752699556, 3.752818921
3.762699550, 3.762840544
3.772699556, 3.772770929
3.782699554, 3.782789121
3.792699617, 3.792780925
3.802699548, 3.802761379
3.812699542, 3.812763437
3.822699554, 3.822791675
3.832699548, 3.832781670
3.842699540, 3.842765425
3.852709734, 3.852785069
3.862701092, 3.862822054
3.872699554, 3.872769482
3.882699535, 3.882785049
3.892701577, 3.892805773
3.902699564, 3.902793005
3.912702538, 3.912788312
3.922699540, 3.922763160
3.932699540, 3.932778555
3.942702167, 3.942778114
3.952702952, 3.952794118
3.962699600, 3.962797885
3.972699557, 3.972765251
3.982699548, 3.982790133
3.992699551, 3.992785840
4.002699561, 4.002752154
4.012701523, 4.012776917
4.022702265, 4.022791033
4.032699542, 4.032776396
4.042699550, 4.042758008
4.052699545, 4.052772503
4.062699537, 4.062767761
4.072699535, 4.072764703
4.082699539, 4.082787899
4.092699537, 4.092790103
4.102699553, 4.102782022
4.112699554, 4.112768377
4.122699548, 4.122788316
4.132699551, 4.132860928
4.142700926, 4.142794614
4.152702253, 4.152805576
4.162703903, 4.162794148
4.172699548, 4.172765835
4.182699557, 4.182771731
4.192700227, 4.192798105
4.202699554, 4.202772855
4.212699539, 4.212778790
4.222699540, 4.222751213
4.232699554, 4.232775182
4.242699551, 4.242756172
4.252701711, 4.252793728
4.262699548, 4.262790069
4.272701445, 4.272776368
4.282699543, 4.282791062
4.292703856, 4.292891061
4.302699587, 4.302783606
4.312699546, 4.312779840
4.322699559, 4.322768677
4.332704259, 4.332780772
4.342706806, 4.342791601
4.352699553, 4.352834907
4.362706808, 4.362769469
4.372699538, 4.372801002
4.382706064, 4.382810739
4.392699551, 4.392763470
4.402699540, 4.402774220
4.412699579, 4.412782115
4.422699552, 4.422774700
4.432699541, 4.432779988
4.442700367, 4.442804835
4.452699551, 4.452781515
4.462699549, 4.462765154
4.472704385, 4.472785876
4.482699575, 4.482783283
4.492699544, 4.492786114
4.502699548, 4.502772287
4.512699542, 4.512769891
4.522699616, 4.522794874
4.532699553, 4.532776276
4.542701184, 4.542794589
4.552699553, 4.552754325
4.562699557, 4.562777210
4.572699556, 4.572776714
4.582699559, 4.582783626
4.592699554, 4.592785333
4.602699539, 4.602794579
4.612699540, 4.612780778
4.622699952, 4.622843647
4.632704785, 4.632784877
4.642703521, 4.642793524
4.652699545, 4.652798572
4.662699603, 4.662790318
4.672699550, 4.672788646
4.682699540, 4.682797868
4.692702055, 4.692788571
4.702699545, 4.702787676
4.712699557, 4.712778605
4.722699616, 4.722775580
4.732699535, 4.732752553
4.742699548, 4.742797159
4.752699633, 4.752786279
4.762699556, 4.762766599
4.772699554, 4.772778140
4.782699534, 4.782774887
4.792699551, 4.792788598
4.802699543, 4.802758818
4.812699540, 4.812786920
4.822703025, 4.822799309
4.832706156, 4.832799692
4.842705815, 4.842821196
4.852699556, 4.852796243
4.862699554, 4.862760952
4.872700546, 4.872792457
4.882699553, 4.882754748
4.892699556, 4.892786997
4.902705262, 4.902809339
4.912699537, 4.912765624
4.922705936, 4.922803265
4.932699553, 4.932786064
4.942702147, 4.942795664
4.952716025, 4.952808778
4.962699550, 4.962777247
4.972699554, 4.972774637
4.982699556, 4.982785448
4.992699550, 4.992764574
5.002700019, 5.002774622
5.012699539, 5.012793036
5.022699539, 5.022781673
5.032699554, 5.032774495
5.042699539, 5.042780841
5.052699550, 5.052765142
5.062699542, 5.062761629
5.072699679, 5.072764169
5.082699550, 5.082763702
5.092699546, 5.092758299
5.102699551, 5.102755301
5.112699554, 5.112766274
5.122699554, 5.122781353
5.132699551, 5.132760912
5.142700033, 5.142778386
5.152703814, 5.152789667
5.162699531, 5.162779275
5.172699556, 5.172780036
5.182699559, 5.182766839
5.192699551, 5.192766948
5.202699540, 5.202761948
5.212699539, 5.212769651
5.222699553, 5.222791003
5.232699537, 5.232788859
5.242700301, 5.242770051
5.252699543, 5.252814945
5.262699622, 5.262786475
5.272699557, 5.272777776
5.282699600, 5.282754480
5.292699554, 5.292771597
5.302699557, 5.302770818
5.312699529, 5.312778338
5.322699545, 5.322792202
5.332699542, 5.332784336
5.342699541, 5.342779363
5.352699554, 5.352757383
5.362703505, 5.362788492
5.372699553, 5.372750667
5.382699559, 5.382785971
5.392699557, 5.392748972
5.402702627, 5.402772913
5.412701672, 5.412773096
5.422699561, 5.422769264
5.432705518, 5.432797047
5.442716543, 5.442882549
5.452699562, 5.452775754
5.462699553, 5.462771608
5.472699548, 5.472771682
5.482703948, 5.482780323
5.492699542, 5.492765567
5.502704773, 5.502791931
5.512706290, 5.512787662
5.522699532, 5.522776995
5.532712893, 5.532805879
5.542699559, 5.542786217
5.552699540, 5.552771799
5.562701978, 5.562780197
5.572699562, 5.572791374
5.582699535, 5.582801236
5.592699540, 5.592800892
5.602699554, 5.602769394
5.612699614, 5.612760154
5.622699539, 5.622770599
5.632702602, 5.632781997
5.642707817, 5.642781994
5.652699559, 5.652760176
5.662699556, 5.662783896
5.672699862, 5.672777408
5.682699543, 5.682803165
5.692699548, 5.692772763
5.702699537, 5.702775337
5.712699546, 5.712797404
5.722705286, 5.722796406
5.732699554, 5.732775656
5.742699551, 5.742789602
5.752709446, 5.752792460
5.762699562, 5.762827821
5.772699557, 5.772778572
5.782702388, 5.782790861
5.792700012, 5.792783914
5.802699600, 5.802766028
5.812699554, 5.812765420
5.822699537, 5.822773880
5.832699553, 5.832786272
5.842701814, 5.842795084
5.852699557, 5.852764515
5.862699542, 5.862779382
5.872705002, 5.872793665
5.882699537, 5.882769178
5.892699554, 5.892749372
5.902707199, 5.902770037
5.912699557, 5.912758825
5.922705444, 5.922779249
5.932699553, 5.932754456
5.942699556, 5.942796602
5.952703787, 5.952799087
5.962699540, 5.962763951
5.972699551, 5.972777721
5.982702347, 5.982781051
5.992699550, 5.992796857
6.002704822, 6.002757803
6.012699553, 6.012774961
6.022699540, 6.022804270
6.032699556, 6.032771325
6.042699535, 6.042794817
6.052699537, 6.052756381
6.062699554, 6.062757822
6.072699551, 6.072755149
6.082699551, 6.082747891
6.092699542, 6.092760350
6.102699537, 6.102765770
6.112699554, 6.112754167
6.122699551, 6.122792195
6.132699561, 6.132768072
6.142701863, 6.142752012
6.152699556, 6.152790379
6.162699551, 6.162750212
6.172699554, 6.172781739
6.182699551, 6.182775168
6.192699559, 6.192775740
6.202699553, 6.202764509
6.212701059, 6.212779932
6.222703232, 6.222791464
6.232699546, 6.232805527
6.242704608, 6.242795384
6.252699562, 6.252783440
6.262699561, 6.262764075
6.272706285, 6.272794672
6.282699553, 6.282754716
6.292705845, 6.292777334
6.302700926, 6.302840671
6.312699555, 6.312790572
6.322699556, 6.322755927
6.332699544, 6.332790436
6.342699540, 6.342771646
6.352711369, 6.352847713
6.362699534, 6.362833212
6.372699556, 6.372781057
6.382709985, 6.382794795
6.392699534, 6.392783822
6.402705927, 6.402831543
6.412701297, 6.412797524
6.422699548, 6.422780590
6.432699540, 6.432791279
6.442699614, 6.442755853
6.452706246, 6.452797443
6.462704049, 6.462780487
6.472699557, 6.472798493
6.482704447, 6.482781561
6.492699543, 6.492782925
6.502700876, 6.502805298
6.512705747, 6.512880440
6.522699545, 6.522775814
6.532699553, 6.532788120
6.542699690, 6.542761829
6.552699539, 6.552791156
6.562699537, 6.562775132
6.572704672, 6.572782804
6.582699553, 6.582779846
6.592699545, 6.592763713
6.602699545, 6.602796114
6.612699554, 6.612764053
6.622699539, 6.622766950
6.632699537, 6.632809917
6.642699542, 6.642768696
6.652701455, 6.652755924
6.662699542, 6.662783746
6.672699545, 6.672791669
6.682706244, 6.682770805
6.692699556, 6.692765841
6.702699537, 6.702754538
6.712701992, 6.712814337
6.722699540, 6.722751300
6.732699550, 6.732771712
6.742699553, 6.742794142
6.752704537, 6.752779568
6.762706459, 6.762788796
6.772705153, 6.772783915
6.782699539, 6.782798105
6.792701406, 6.792794879
6.802699534, 6.802758874
6.812699551, 6.812780299
6.822699535, 6.822759545
6.832705044, 6.832813239
6.842699542, 6.842772073
6.852699750, 6.852772781
6.862699554, 6.862764349
6.872699543, 6.872757107
6.882699534, 6.882781796
6.892699554, 6.892765412
6.902699550, 6.902802425
6.912703244, 6.912800981
6.922699556, 6.922764706
6.932699535, 6.932775335
6.942699532, 6.942775387
6.952699554, 6.952763678
6.962699550, 6.962766958
6.972699540, 6.972801007
6.982702123, 6.982803146
6.992699557, 6.992787810
7.002699557, 7.002818798
7.012699537, 7.012776685
7.022700206, 7.022783074
7.032707073, 7.032797071
7.042700233, 7.042790455
7.052699535, 7.052774388
7.062703017, 7.062781962
7.072702319, 7.072795447
7.082699554, 7.082781526
7.092702655, 7.092796057
7.102699553, 7.102771732
7.112699551, 7.112791150
7.122702403, 7.122792852
7.132699546, 7.132776299
7.142699801, 7.142766187
7.152699551, 7.152765944
7.162699557, 7.162798815
7.172699562, 7.172763066
7.182699545, 7.182792940
7.192701517, 7.192764280
7.202699553, 7.202763607
7.212699638, 7.212799455
7.222699551, 7.222817129
7.232699534, 7.232778989
7.242699606, 7.242794824
7.252702087, 7.252796846
7.262699553, 7.262778027
7.272699551, 7.272782693
7.282699543, 7.282776837
7.292699546, 7.292786988
7.302706787, 7.302796291
7.312699543, 7.312777454
7.322699556, 7.322762853
7.332699553, 7.332780094
7.342699557, 7.342787397
7.352699539, 7.352784112
7.362704460, 7.362795103
7.372699553, 7.372765756
7.382699550, 7.382786655
7.392699560, 7.392803173
7.402699551, 7.402766113
7.412699551, 7.412757526
7.422699555, 7.422779076
7.432704796, 7.432794429
7.442706607, 7.442784098
7.452701852, 7.452781405
7.462699537, 7.462778582
7.472699545, 7.472768008
7.482699543, 7.482778100
7.492699554, 7.492792474
7.502699543, 7.502794399
7.512699554, 7.512777489
7.522699537, 7.522764580
7.532699553, 7.532770258
7.542699543, 7.542797539
7.552699561, 7.552787738
7.562701046, 7.562791626
7.572699556, 7.572798691
7.582706710, 7.582804645
7.592705325, 7.592780421
7.602699556, 7.602773706
7.612699556, 7.612831555
7.622699539, 7.622771919
7.632707409, 7.632792830
7.642699550, 7.642767782
7.652699556, 7.652790122
7.662704144, 7.662801681
7.672699564, 7.672785671
7.682699550, 7.682757715
7.692699557, 7.692762584
7.702701555, 7.702801449
7.712699542, 7.712760533
7.722699540, 7.722784555
7.732699554, 7.732780494
7.742699539, 7.742771871
7.752699551, 7.752832228
7.762701151, 7.762775907
7.772699553, 7.772756873
7.782699540, 7.782768166
7.792699554, 7.792768205
7.802702087, 7.802778619
7.812699535, 7.812785680
7.822699548, 7.822769386
7.832699540, 7.832772642
7.842699539, 7.842764083
7.852706069, 7.852787949
7.862699535, 7.862754581
7.872705415, 7.872783947
7.882699864, 7.882766656
7.892699554, 7.892775166
7.902703716, 7.902795523
7.912699635, 7.912766890
7.922699576, 7.922773378
7.932699553, 7.932757778
7.942699619, 7.942775015
7.952708384, 7.952794150
7.962699537, 7.962799527
7.972699556, 7.972779352
7.982699643, 7.982767343
7.992702085, 7.992887485
8.002699537, 8.002778398
8.012699540, 8.012772129
8.022699564, 8.022755249
8.032701771, 8.032795331
8.042699545, 8.042770731
8.052699539, 8.052787758
8.062699542, 8.062775634
8.072699556, 8.072761615
8.082699671, 8.082769015
8.092699550, 8.092750458
8.102703437, 8.102795099
8.112699553, 8.112782873
8.122699636, 8.122792681
8.132699564, 8.132768603
8.142699548, 8.142770152
8.152699553, 8.152759393
8.162699551, 8.162781111
8.172701913, 8.172784278
8.182699553, 8.182781829
8.192699537, 8.192795818
8.202701987, 8.202789795
8.212699561, 8.212758430
8.222702725, 8.222785594
8.232699556, 8.232794492
8.242701397, 8.242795735
8.252699534, 8.252772399
8.262699539, 8.262778689
8.272699540, 8.272765358
8.282699553, 8.282789116
8.292699550, 8.292789280
8.302699616, 8.302759182
8.312705423, 8.312806214
8.322699539, 8.322776055
8.332708491, 8.332775435
8.342699554, 8.342779757
8.352699534, 8.352798705
8.362703530, 8.362833319
8.372699532, 8.372785207
8.382699537, 8.382819303
8.392699535, 8.392767705
8.402699550, 8.402770016
8.412702846, 8.412837909
8.422699554, 8.422771323
8.432700994, 8.432809615
8.442699545, 8.442793543
8.452699548, 8.452758103
8.462699674, 8.462770873
8.472699554, 8.472769103
8.482699557, 8.482755214
8.492699545, 8.492780137
8.502699540, 8.502786683
8.512699556, 8.512775699
8.522699553, 8.522767067
8.532699551, 8.532803411
8.542702104, 8.542779704
8.552699532, 8.552797929
8.562699537, 8.562807616
8.572699540, 8.572768098
8.582699558, 8.582812289
8.592699535, 8.592823323
8.602699532, 8.602788167
8.612699543, 8.612755448
8.622699537, 8.622843956
8.632699737, 8.632776360
8.642699553, 8.642798983
8.652699543, 8.652762589
8.662699559, 8.662799758
8.672699550, 8.672775372
8.682700773, 8.682768150
8.692704402, 8.692801765
8.702699543, 8.702757367
8.712709291, 8.712780909
8.722699556, 8.722782327
8.732699542, 8.732801258
8.742703309, 8.742792222
8.752699537, 8.752751990
8.762701697, 8.762804750
8.772705254, 8.772796171
8.782699556, 8.782772553
8.792700055, 8.792835147
8.802704796, 8.802801370
8.812699548, 8.812801075
8.822699537, 8.822783700
8.832699537, 8.832777906
8.842699556, 8.842780652
8.852699553, 8.852762273
8.862699543, 8.862793036
8.872699554, 8.872789009
8.882699535, 8.882800925
8.892699546, 8.892786958
8.902700802, 8.902767903
8.912699556, 8.912772757
8.922700489, 8.922763126
8.932699553, 8.932785267
8.942699633, 8.942793824
8.952699561, 8.952790597
8.962702280, 8.962772512
8.972706495, 8.972799635
8.982699543, 8.982769384
8.992699534, 8.992791162
9.002699548, 9.002770780
9.012706224, 9.012798062
9.022699546, 9.022784735
9.032699550, 9.032776172
9.042699551, 9.042792132
9.052699586, 9.052764676
9.062701165, 9.062791819
9.072699550, 9.072786699
9.082699557, 9.082768554
9.092701038, 9.092761397
9.102700865, 9.102773302
9.112699548, 9.112765208
9.122699557, 9.122774860
9.132699553, 9.132761889
9.142699539, 9.142775817
9.152699537, 9.152798942
9.162705191, 9.162780061
9.172699543, 9.172780847
9.182701214, 9.182794091
9.192702960, 9.192794876
9.202699554, 9.202784758
9.212699554, 9.212760808
9.222700439, 9.222770393
9.232699559, 9.232779013
9.242699548, 9.242760326
9.252700221, 9.252785684
9.262699572, 9.262763039
9.272699550, 9.272756014
9.282699539, 9.282780165
9.292704004, 9.292789749
9.302704755, 9.302797129
9.312699551, 9.312769320
9.322704572, 9.322786359
9.332699548, 9.332760713
9.342699554, 9.342829773
9.352699532, 9.352807308
9.362700335, 9.362810715
9.372699557, 9.372770697
9.382699559, 9.382799682
9.392699524, 9.392794232
9.402699546, 9.402765683
9.412699532, 9.412836651
9.422699535, 9.422812242
9.432699546, 9.432786931
9.442702130, 9.442793782
9.452699551, 9.452790381
9.462699557, 9.462799338
9.472700688, 9.472766937
9.482699553, 9.482778089
9.492699638, 9.492787051
9.502699553, 9.502790712
9.512699551, 9.512776878
9.522706388, 9.522795021
9.532699553, 9.532771949
9.542699535, 9.542797748
9.552699530, 9.552783601
9.562699556, 9.562784945
9.572699559, 9.572767924
9.582699576, 9.582775902
9.592699562, 9.592779973
9.602699616, 9.602780187
9.612703192, 9.612780661
9.622699537, 9.622775485
9.632699557, 9.632776248
9.642702073, 9.642792487
9.652700145, 9.652789419
9.662699562, 9.662770656
9.672699556, 9.672771895
9.682699556, 9.682787785
9.692699546, 9.692789576
9.702699557, 9.702780159
9.712702483, 9.712790826
9.722699698, 9.722782685
9.732700544, 9.732794566
9.742699554, 9.742767806
9.752705714, 9.752774710
9.762699554, 9.762803514
9.772699550, 9.772790313
9.782699573, 9.782783615
9.792700764, 9.792781026
9.802701724, 9.802779021
9.812699535, 9.812760764
9.822699550, 9.822801555
9.832699553, 9.832771595
9.842699602, 9.842788121
9.852701921, 9.852775992
9.862699534, 9.862774806
9.872699535, 9.872768762
9.882699543, 9.882770648
9.892699534, 9.892766332
9.902699535, 9.902783808
9.912699641, 9.912840914
9.922699636, 9.922987011
9.932699557, 9.932984243
9.942699557, 9.942990578
9.952699540, 9.952939184
9.962699529, 9.962937643
9.972699523, 9.972934448
9.982699521, 9.982938956
9.992699518, 9.992933215
10.002699523, 10.002932575
10.012699521, 10.012935990
10.022699527, 10.022933980
10.032699531, 10.032938836
10.042699524, 10.042887966
10.052699527, 10.052939046
10.062699528, 10.062939899
10.072699527, 10.072913428
10.082699524, 10.082932345
10.092699531, 10.092933453
10.102699526, 10.102930035
10.112699531, 10.112932972
10.122699526, 10.122932432
10.132699523, 10.132935324
10.142699524, 10.142932737
10.152699527, 10.152934163
10.162699530, 10.162933344
10.172699529, 10.172913244
10.182699521, 10.182930984
10.192699530, 10.192920589
10.202699529, 10.202912495
10.212699528, 10.212925364
10.222699529, 10.222936228
10.232699529, 10.232921408
10.242699523, 10.242918379
10.252699523, 10.252939037
10.262699531, 10.262930997
10.272699524, 10.272932627
10.282699527, 10.282917029
10.292699524, 10.292936615
10.302699525, 10.302914432
10.312699527, 10.312935680
10.322699525, 10.322916290
10.332699528, 10.332923086
10.342699527, 10.342934477
10.352699524, 10.352912860
10.362699526, 10.362933818
10.372699523, 10.372937953
10.382699532, 10.382939465
10.392699524, 10.392935359
10.402699529, 10.402912720
10.412699525, 10.412917186
10.422699521, 10.422934961
10.432699522, 10.432917973
10.442699527, 10.442917599
10.452699527, 10.452920734
10.462699527, 10.462917705
10.472699531, 10.472918295
10.482699522, 10.482912399
10.492699524, 10.492929737
10.502699522, 10.502926499
10.512699530, 10.512930625
10.522699529, 10.522908289
10.532699527, 10.532930030
10.542699527, 10.542886959
10.552699529, 10.552926774
10.562699527, 10.562912057
10.572699525, 10.572930598
10.582699521, 10.582929084
10.592699527, 10.592930561
10.602699525, 10.602911923
10.612699526, 10.612931599
10.622699531, 10.622916949
10.632699531, 10.632932066
10.642699523, 10.642927027
10.652699528, 10.652930480
10.662699528, 10.662926443
10.672699525, 10.672927600
10.682699526, 10.682908891
10.692699526, 10.692930199
10.702699525, 10.702934355
10.712699528, 10.712927762
10.722699522, 10.722926402
10.732699525, 10.732926483
10.742699526, 10.742907224
10.752699527, 10.752928001
10.762699529, 10.762909630
10.772699530, 10.772933118
10.782699529, 10.782935377
10.792699526, 10.792928633
10.802699526, 10.802929895
10.812699528, 10.812927586
10.822699527, 10.822926119
10.832699527, 10.832927892
10.842699520, 10.842929903
10.852699526, 10.852930272
10.862699523, 10.862917380
10.872699529, 10.872910391
10.882699525, 10.882926739
10.892699532, 10.892930557
10.902699524, 10.902925969
10.912699522, 10.912926605
10.922699524, 10.922933309
10.932699526, 10.932933601
10.942699530, 10.942938191
10.952699525, 10.952928759
10.962699518, 10.962911180
10.972699525, 10.972927289
10.982699527, 10.982925982
10.992699524, 10.993254515
11.002699550, 11.002977505
11.012699539, 11.013007100
11.022699535, 11.023009364
11.032699551, 11.033040344
11.042699550, 11.042921359
11.052699535, 11.052935154
11.062699532, 11.062983604
11.072699553, 11.072989507
11.082699526, 11.083001058
11.092699548, 11.093004521
11.102699535, 11.103010605
11.112699532, 11.112983959
11.122699539, 11.123006577
11.132699546, 11.133001823
11.142699527, 11.143001004
11.152699551, 11.153000900
11.162699532, 11.163001816
11.172699534, 11.173007567
11.182699535, 11.182990541
11.192699548, 11.193013499
11.202699529, 11.202983888
11.212699548, 11.213004979
11.222699534, 11.223004145
11.232699534, 11.233004264
11.242699535, 11.242982155
11.252699531, 11.253010603
11.262699534, 11.263004672
11.272699553, 11.273000335
11.282699526, 11.282989827
11.292699532, 11.293001640
11.302699535, 11.303006524
11.312699548, 11.312983473
11.322699526, 11.322945742
11.332699523, 11.332937396
11.342699529, 11.342918030
11.352699529, 11.352933933
11.362699532, 11.362917222
11.372699523, 11.372936328
11.382699521, 11.382933109
11.392699535, 11.392917183
11.402699526, 11.402911079
11.412699525, 11.412937404
11.422699526, 11.422937004
11.432699529, 11.432943501
11.442699523, 11.442926790
11.452699526, 11.452933161
11.462699524, 11.462911035
11.472699524, 11.472929125
11.482699526, 11.482930037
11.492699529, 11.492930434
11.502699520, 11.502935165
11.512699526, 11.512927735
11.522699520, 11.522932983
11.532699522, 11.532934174
11.542699520, 11.542932668
11.552699525, 11.552923440
11.562699520, 11.562926249
11.572699520, 11.572950198
11.582699533, 11.582934587
11.592699524, 11.592925760
11.602699528, 11.602926051
11.612699523, 11.612923064
11.622699520, 11.622925864
11.632699526, 11.632933937
11.642699527, 11.642930586
11.652699529, 11.652936615
11.662699525, 11.662918036
11.672699525, 11.672934821
11.682699524, 11.682929678
11.692699528, 11.692927035
11.702699518, 11.702934901
11.712699531, 11.712933943
11.722699526, 11.722930557
11.732699522, 11.732920951
11.742699524, 11.742933043
11.752699523, 11.752934359
11.762699530, 11.762930416
11.772699527, 11.772928378
11.782699524, 11.782930892
11.792699521, 11.792933985
11.802699524, 11.802931636
11.812699522, 11.812933636
11.822699531, 11.822933534
11.832699533, 11.832928791
11.842699528, 11.842924145
11.852699522, 11.852931460
11.862699526, 11.862923638
11.872699529, 11.872926871
11.882699559, 11.882923998
11.892699530, 11.892930834
11.902699526, 11.902931129
11.912699523, 11.912932341
11.922699521, 11.922930559
11.932699531, 11.932931633
11.942699527, 11.942926819
11.952699526, 11.952933056
11.962699524, 11.962932076
11.972699524, 11.972930335
11.982699518, 11.982930780
11.992699526, 11.992934640
12.002699526, 12.002931334
12.012699527, 12.012963034
12.022699521, 12.022927722
12.032699531, 12.032933607
12.042699524, 12.042928149
12.052699529, 12.052937987
------------------------------
