------------------------------
test was performed using the following parameters: --mps=100 --burst=1 --reply-every=1 --msg-size=12 --time=10
------------------------------
sockperf: [Total Run] RunTime=10.100 sec; SentMessages=1011; ReceivedMessages=1010
sockperf: ========= Printing statistics for Server No: 0
sockperf: [Valid Duration] RunTime=9.980 sec; SentMessages=999; ReceivedMessages=999
sockperf: [2;35m====> avg-lat= 74.359 (std-dev=19.475)[0m
sockperf: # dropped messages = 0; # duplicated messages = 0; # out-of-order messages = 0
sockperf: [2;35mTotal 999 observations[0m; each percentile contains 9.99 observations
sockperf: ---> <MAX> observation =  132.412
sockperf: ---> percentile  99.99 =  132.412
sockperf: ---> percentile  99.90 =  131.665
sockperf: ---> percentile  99.50 =  128.825
sockperf: ---> percentile  99.00 =  123.069
sockperf: ---> percentile  95.00 =  102.274
sockperf: ---> percentile  90.00 =   94.526
sockperf: ---> percentile  75.00 =   88.712
sockperf: ---> percentile  50.00 =   76.160
sockperf: ---> percentile  25.00 =   60.375
sockperf: ---> <MIN> observation =   26.380
------------------------------
txTime, rxTime
2.062686348, 2.062844063
2.072686347, 2.072883449
2.082686333, 2.082870312
2.092695716, 2.092866060
2.102686346, 2.102860308
2.112686347, 2.112863880
2.122686344, 2.122828304
2.132686328, 2.132828106
2.142686349, 2.142858375
2.152686394, 2.152860072
2.162686330, 2.162849030
2.172686345, 2.172837419
2.182686330, 2.182832829
2.192691865, 2.192856418
2.202686351, 2.202829816
2.212686350, 2.212844130
2.222686348, 2.222863080
2.232686350, 2.232844081
2.242686351, 2.242847356
2.252686344, 2.252839268
2.262686344, 2.262845397
2.272686351, 2.272838670
2.282686333, 2.282823869
2.292686345, 2.292848334
2.302686327, 2.302865793
2.312686337, 2.312860688
2.322686344, 2.322833702
2.332686351, 2.332861914
2.342690102, 2.342890872
2.352686347, 2.352838158
2.362686335, 2.362828683
2.372686328, 2.372854051
2.382686351, 2.382835383
2.392686350, 2.392900417
2.402686344, 2.402834225
2.412686355, 2.412835719
2.422686348, 2.422856904
2.432691639, 2.432871827
2.442686346, 2.442851850
2.452686350, 2.452876110
2.462686335, 2.462830172
2.472686351, 2.472863694
2.482688959, 2.482871516
2.492690829, 2.492883389
2.502686346, 2.502830219
2.512686347, 2.512828969
2.522693628, 2.522898177
2.532686345, 2.532880117
2.542686336, 2.542854954
2.552686347, 2.552834739
2.562686330, 2.562832720
2.572686345, 2.572857459
2.582686348, 2.582896392
2.592686347, 2.592869698
2.602686349, 2.602888131
2.612686348, 2.612843795
2.622686352, 2.622832294
2.632695392, 2.632958722
2.642686352, 2.642884530
2.652686345, 2.652855221
2.662686330, 2.662829774
2.672686348, 2.672838054
2.682686344, 2.682856361
2.692686348, 2.692881166
2.702691051, 2.702886832
2.712686345, 2.712862884
2.722686332, 2.722873171
2.732686347, 2.732838942
2.742692194, 2.742816988
2.752686344, 2.752856221
2.762688733, 2.762848394
2.772690450, 2.772884942
2.782686340, 2.782842503
2.792686348, 2.792814627
2.802686349, 2.802833044
2.812686351, 2.812867769
2.822686329, 2.822840652
2.832686347, 2.832832105
2.842686346, 2.842827453
2.852688991, 2.852890125
2.862686344, 2.862834106
2.872693957, 2.872861245
2.882686341, 2.882827781
2.892686348, 2.892813468
2.902686335, 2.902823569
2.912686344, 2.912854129
2.922686352, 2.922870749
2.932690158, 2.932887183
2.942689965, 2.942889757
2.952686348, 2.952842211
2.962686333, 2.962852647
2.972686350, 2.972865530
2.982694201, 2.982854722
2.992686351, 2.992822401
3.002686344, 3.002909165
3.012686348, 3.012897409
3.022686341, 3.022928868
3.032686336, 3.032882860
3.042686330, 3.042820443
3.052686329, 3.052898057
3.062686329, 3.062915769
3.072686326, 3.072900393
3.082686325, 3.082904105
3.092686340, 3.092911136
3.102686327, 3.102856293
3.112686334, 3.112915579
3.122686335, 3.122876221
3.132686325, 3.132846970
3.142686322, 3.142906616
3.152686345, 3.152868139
3.162686346, 3.162836115
3.172686321, 3.172852194
3.182686327, 3.182796421
3.192686321, 3.192812231
3.202686376, 3.202783751
3.212686395, 3.212822068
3.222686330, 3.222747825
3.232686328, 3.232796566
3.242686341, 3.242822324
3.252686342, 3.252822010
3.262686352, 3.262756925
3.272686321, 3.272813334
3.282686330, 3.282818265
3.292686329, 3.292815862
3.302686346, 3.302788213
3.312686347, 3.312756078
3.322686319, 3.322751461
3.332686323, 3.332761912
3.342686329, 3.342751693
3.352686328, 3.352786455
3.362686321, 3.362863099
3.372686336, 3.372770388
3.382686330, 3.382849969
3.392686323, 3.392860572
3.402686325, 3.402822257
3.412686328, 3.412876588
3.422686332, 3.422878735
3.432686325, 3.432830392
3.442686346, 3.442885435
3.452686340, 3.452759527
3.462686327, 3.462822349
3.472686328, 3.472812361
3.482686348, 3.482772468
3.492686325, 3.492786953
3.502686332, 3.502938837
3.512686348, 3.512872702
3.522686330, 3.522843407
3.532686325, 3.532868476
3.542686351, 3.542884116
3.552686348, 3.552850726
3.562686325, 3.562812398
3.572686326, 3.572885593
3.582686327, 3.582836912
3.592686328, 3.592866213
3.602686318, 3.602834152
3.612686328, 3.612831639
3.622686332, 3.622845054
3.632686323, 3.632841858
3.642686325, 3.642838375
3.652686327, 3.652839795
3.662686320, 3.662840124
3.672686326, 3.672843903
3.682686329, 3.682845282
3.692686329, 3.692951154
3.702686328, 3.702826575
3.712686319, 3.712854302
3.722686321, 3.722861422
3.732686328, 3.732827851
3.742686327, 3.742868051
3.752686400, 3.752855286
3.762686325, 3.762754420
3.772686321, 3.772818038
3.782686344, 3.782754900
3.792686328, 3.792778201
3.802686327, 3.802798201
3.812686399, 3.812860158
3.822686322, 3.822835469
3.832686326, 3.832845153
3.842686329, 3.842855780
3.852686321, 3.852838086
3.862686325, 3.862838045
3.872686326, 3.872845794
3.882686325, 3.882821513
3.892686324, 3.892860120
3.902686328, 3.902842926
3.912686396, 3.912839538
3.922686392, 3.922857463
3.932686321, 3.932822043
3.942686325, 3.942851779
3.952686358, 3.952893141
3.962686331, 3.962856851
3.972686340, 3.972881535
3.982686330, 3.982875383
3.992686320, 3.992849966
4.002686322, 4.002811154
4.012686325, 4.012850586
4.022686327, 4.022838979
4.032686328, 4.032861653
4.042686321, 4.042833173
4.052686328, 4.052856715
4.062686322, 4.062892146
4.072686329, 4.072841158
4.082686329, 4.082862264
4.092686321, 4.092887601
4.102686329, 4.102850147
4.112686326, 4.112922592
4.122686327, 4.122865699
4.132686325, 4.132849272
4.142686319, 4.142833585
4.152686323, 4.152854386
4.162686321, 4.162868063
4.172686331, 4.172836842
4.182686321, 4.182813512
4.192686319, 4.192843079
4.202686321, 4.202834139
4.212686347, 4.212829021
4.222686324, 4.222886149
4.232686321, 4.232848738
4.242686329, 4.242844635
4.252686326, 4.252892058
4.262686332, 4.262866014
4.272686325, 4.272826603
4.282686333, 4.282866672
4.292686333, 4.292874019
4.302686322, 4.302851425
4.312686328, 4.312826210
4.322686327, 4.322838647
4.332686328, 4.332942073
4.342686392, 4.342865243
4.352686326, 4.352850196
4.362686324, 4.362858999
4.372686325, 4.372842266
4.382686322, 4.382857359
4.392686330, 4.392854051
4.402686344, 4.402864430
4.412686320, 4.412868665
4.422686319, 4.422842918
4.432686320, 4.432851230
4.442686324, 4.442853030
4.452686324, 4.452861427
4.462686330, 4.462887223
4.472686323, 4.472827343
4.482686324, 4.482836663
4.492686329, 4.492826797
4.502686398, 4.502837625
4.512686325, 4.512841009
4.522686329, 4.522876001
4.532686328, 4.532819821
4.542686321, 4.542853194
4.552686405, 4.552868945
4.562686321, 4.562859543
4.572686395, 4.572846033
4.582686321, 4.582817542
4.592686396, 4.592851073
4.602686321, 4.602839623
4.612686325, 4.612877832
4.622686390, 4.622844311
4.632686321, 4.632846649
4.642686328, 4.642899670
4.652686325, 4.652842627
4.662686327, 4.662845720
4.672686328, 4.672824028
4.682686329, 4.682840348
4.692686321, 4.692884711
4.702686340, 4.702919424
4.712686340, 4.712888138
4.722686329, 4.722940327
4.732686333, 4.732844429
4.742686324, 4.742831037
4.752686326, 4.752837256
4.762686330, 4.762850308
4.772686391, 4.772832856
4.782686322, 4.782819814
4.792686325, 4.792834156
4.802686324, 4.802830650
4.812686394, 4.812807871
4.822686327, 4.822946382
4.832686325, 4.832809584
4.842686327, 4.842865332
4.852686326, 4.852819684
4.862686321, 4.862795553
4.872686320, 4.872803374
4.882686391, 4.882813473
4.892686325, 4.892807076
4.902686321, 4.902830136
4.912686328, 4.912882750
4.922686338, 4.922898074
4.932686336, 4.932833647
4.942686393, 4.942842529
4.952686353, 4.952785146
4.962686327, 4.962817377
4.972686322, 4.972802247
4.982686325, 4.982843033
4.992686320, 4.992841577
5.002686346, 5.002795382
5.012686323, 5.012777533
5.022686326, 5.022823791
5.032686509, 5.032815879
5.042686325, 5.042851878
5.052686323, 5.052820739
5.062686322, 5.062795209
5.072686407, 5.072836441
5.082686327, 5.082808656
5.092686331, 5.092883109
5.102686324, 5.102826199
5.112686319, 5.112840170
5.122686397, 5.122802252
5.132686320, 5.132927658
5.142686327, 5.142884078
5.152686318, 5.152918166
5.162686348, 5.162845328
5.172686321, 5.172883772
5.182686341, 5.182869697
5.192686328, 5.192942171
5.202686325, 5.202837358
5.212686323, 5.212836896
5.222686324, 5.222857482
5.232686329, 5.232810146
5.242686325, 5.242860731
5.252686340, 5.252860893
5.262686327, 5.262853436
5.272686395, 5.272831396
5.282686320, 5.282833721
5.292686323, 5.292912032
5.302686329, 5.302870075
5.312686321, 5.312815291
5.322686324, 5.322913421
5.332686326, 5.332878812
5.342686329, 5.342833556
5.352686320, 5.352948538
5.362686322, 5.362870498
5.372686326, 5.372921080
5.382686321, 5.382943971
5.392686329, 5.392848062
5.402686325, 5.402867639
5.412686325, 5.412839013
5.422686322, 5.422803066
5.432686323, 5.432795942
5.442686327, 5.442795605
5.452686320, 5.452833852
5.462686327, 5.462871210
5.472686320, 5.472792361
5.482686327, 5.482820513
5.492686323, 5.492828181
5.502686322, 5.502851250
5.512686328, 5.512815260
5.522686325, 5.522874669
5.532686323, 5.532850088
5.542686325, 5.542819237
5.552686394, 5.552829503
5.562686324, 5.562858654
5.572686323, 5.572820916
5.582686320, 5.582810747
5.592686325, 5.592816714
5.602686396, 5.602887784
5.612686334, 5.612836884
5.622686319, 5.622802494
5.632686329, 5.632851268
5.642686325, 5.642854882
5.652686327, 5.652811370
5.662686323, 5.662818350
5.672686342, 5.672758228
5.682686327, 5.682837976
5.692686325, 5.692789840
5.702686329, 5.702917045
5.712686336, 5.712811919
5.722686329, 5.722811699
5.732686396, 5.732816585
5.742686329, 5.742772881
5.752686329, 5.752833311
5.762686327, 5.762852548
5.772686323, 5.772860022
5.782686398, 5.782804164
5.792686325, 5.792823804
5.802686326, 5.802821406
5.812686318, 5.812802742
5.822686401, 5.822813416
5.832686325, 5.832794602
5.842686324, 5.842818120
5.852686325, 5.852819738
5.862686324, 5.862879520
5.872686329, 5.872878436
5.882686335, 5.882861676
5.892686321, 5.892824645
5.902686321, 5.902793050
5.912686329, 5.912849386
5.922686325, 5.922782874
5.932686325, 5.932809987
5.942686329, 5.942810731
5.952686351, 5.952850380
5.962686341, 5.962815338
5.972686329, 5.972861337
5.982686327, 5.982889116
5.992686329, 5.992800136
6.002686323, 6.002806254
6.012686325, 6.012808853
6.022686325, 6.022829765
6.032686315, 6.032804135
6.042686327, 6.042861407
6.052686328, 6.052864331
6.062686324, 6.062796143
6.072686329, 6.072781022
6.082686321, 6.082788863
6.092686329, 6.092818727
6.102686322, 6.102829149
6.112686344, 6.112855958
6.122686323, 6.122793433
6.132686326, 6.132786156
6.142686327, 6.142839552
6.152686325, 6.152788161
6.162686327, 6.162799540
6.172686326, 6.172810459
6.182686327, 6.182834985
6.192686324, 6.192838228
6.202686319, 6.202840975
6.212686326, 6.212768370
6.222686322, 6.222777451
6.232686326, 6.232775113
6.242686323, 6.242761341
6.252686330, 6.252895535
6.262686325, 6.262774519
6.272686323, 6.272762067
6.282686324, 6.282793764
6.292686328, 6.292774433
6.302686330, 6.302839664
6.312686323, 6.312790613
6.322686324, 6.322806772
6.332686326, 6.332772055
6.342686329, 6.342804240
6.352686328, 6.352789838
6.362686336, 6.362945660
6.372686324, 6.372740868
6.382686325, 6.382769875
6.392686324, 6.392782142
6.402686321, 6.402853230
6.412686324, 6.412816052
6.422686325, 6.422824583
6.432686488, 6.432802613
6.442686327, 6.442806113
6.452686323, 6.452781397
6.462686338, 6.462785238
6.472686331, 6.472809370
6.482686325, 6.482822077
6.492686325, 6.492850601
6.502686398, 6.502839675
6.512686329, 6.512867572
6.522686325, 6.522821414
6.532686323, 6.532820251
6.542686395, 6.542790022
6.552686321, 6.552824104
6.562686323, 6.562831903
6.572686329, 6.572834098
6.582686324, 6.582826343
6.592686324, 6.592824998
6.602686329, 6.602739089
6.612686393, 6.612882093
6.622686330, 6.622883778
6.632686328, 6.632850106
6.642686322, 6.642858896
6.652686320, 6.652810285
6.662686322, 6.662790828
6.672686329, 6.672757529
6.682686327, 6.682769566
6.692686318, 6.692832071
6.702686329, 6.702815262
6.712686329, 6.712843410
6.722686396, 6.722851963
6.732686325, 6.732842618
6.742686327, 6.742779977
6.752686399, 6.752800999
6.762686324, 6.762826459
6.772686322, 6.772819061
6.782686327, 6.782823128
6.792686329, 6.792869699
6.802686322, 6.802863431
6.812686391, 6.812816145
6.822686330, 6.822876563
6.832686331, 6.832835652
6.842686327, 6.842841529
6.852686328, 6.852822832
6.862686389, 6.862842884
6.872686327, 6.872824972
6.882686324, 6.882865625
6.892686325, 6.892867517
6.902686324, 6.902893196
6.912686323, 6.912859302
6.922686324, 6.922843213
6.932686326, 6.932823078
6.942686322, 6.942840313
6.952686327, 6.952820000
6.962686345, 6.962749008
6.972686339, 6.972765148
6.982686327, 6.982803184
6.992686329, 6.992814840
7.002686327, 7.002797741
7.012686326, 7.012760476
7.022686325, 7.022756975
7.032686323, 7.032829459
7.042686330, 7.042766260
7.052686320, 7.052754387
7.062686336, 7.062805456
7.072695222, 7.072802717
7.082686348, 7.082777640
7.092686329, 7.092783475
7.102697250, 7.102802457
7.112686348, 7.112769470
7.122686344, 7.122809461
7.132686348, 7.132774239
7.142686348, 7.142809537
7.152686347, 7.152779830
7.162686355, 7.162774232
7.172686345, 7.172788660
7.182686348, 7.182781231
7.192686348, 7.192783556
7.202686348, 7.202799180
7.212686344, 7.212788245
7.222686355, 7.222761343
7.232686339, 7.232773746
7.242686341, 7.242782417
7.252686344, 7.252764510
7.262686349, 7.262844626
7.272686345, 7.272756388
7.282686351, 7.282858099
7.292686350, 7.292778756
7.302686349, 7.302770883
7.312688219, 7.312812833
7.322686344, 7.322780722
7.332686348, 7.332783864
7.342686351, 7.342782807
7.352686351, 7.352777859
7.362686344, 7.362753111
7.372686351, 7.372763911
7.382686346, 7.382779759
7.392686350, 7.392785090
7.402686348, 7.402831293
7.412686348, 7.412752924
7.422686348, 7.422755918
7.432696161, 7.432783853
7.442686352, 7.442762133
7.452686344, 7.452752832
7.462686333, 7.462775245
7.472686351, 7.472747740
7.482686351, 7.482803831
7.492686347, 7.492812831
7.502703872, 7.502889651
7.512686347, 7.512848961
7.522686351, 7.522852835
7.532686350, 7.532793796
7.542686351, 7.542841491
7.552686345, 7.552810057
7.562686344, 7.562817018
7.572686350, 7.572842169
7.582686348, 7.582772255
7.592686347, 7.592838626
7.602686346, 7.602779379
7.612686350, 7.612835522
7.622686348, 7.622771825
7.632686350, 7.632781037
7.642686327, 7.642749216
7.652686340, 7.652804001
7.662686349, 7.662836694
7.672686348, 7.672761120
7.682687116, 7.682833386
7.692686337, 7.692785501
7.702686343, 7.702790166
7.712688672, 7.712785078
7.722686351, 7.722813003
7.732686348, 7.732789170
7.742686343, 7.742769713
7.752686350, 7.752831327
7.762686351, 7.762806397
7.772686350, 7.772799850
7.782686348, 7.782782467
7.792686351, 7.792762898
7.802686344, 7.802798036
7.812686331, 7.812762779
7.822686329, 7.822754901
7.832686347, 7.832759959
7.842686349, 7.842785153
7.852686345, 7.852820036
7.862686343, 7.862756325
7.872686351, 7.872846323
7.882693216, 7.882840763
7.892686353, 7.892801351
7.902686351, 7.902793216
7.912686351, 7.912815520
7.922686351, 7.922780939
7.932686328, 7.932790211
7.942686332, 7.942809596
7.952686347, 7.952792157
7.962686348, 7.962759834
7.972686347, 7.972829520
7.982686348, 7.982794811
7.992686351, 7.992835141
8.002699580, 8.002821409
8.012686347, 8.012809678
8.022689379, 8.022815281
8.032686351, 8.032797268
8.042686354, 8.042787411
8.052686348, 8.052810097
8.062691042, 8.062829853
8.072686345, 8.072788232
8.082686352, 8.082776502
8.092686345, 8.092768523
8.102686352, 8.102784022
8.112686354, 8.112768706
8.122686349, 8.122752589
8.132686342, 8.132750828
8.142686342, 8.142841798
8.152686348, 8.152818401
8.162686350, 8.162743555
8.172686332, 8.172770487
8.182686327, 8.182779487
8.192686351, 8.192823219
8.202686346, 8.202838055
8.212686348, 8.212852911
8.222686350, 8.222805561
8.232686331, 8.232827161
8.242686335, 8.242887996
8.252686351, 8.252867506
8.262686352, 8.262840439
8.272686348, 8.272836931
8.282686342, 8.282809954
8.292686345, 8.292819188
8.302686342, 8.302896726
8.312686353, 8.312823897
8.322688708, 8.322841869
8.332686350, 8.332821805
8.342686342, 8.342850128
8.352686351, 8.352833595
8.362686341, 8.362824645
8.372686348, 8.372817192
8.382686349, 8.382896364
8.392686343, 8.392824602
8.402686346, 8.402864877
8.412686342, 8.412815052
8.422686319, 8.422856983
8.432686344, 8.432863883
8.442694190, 8.442878403
8.452686353, 8.452833952
8.462686349, 8.462892540
8.472686346, 8.472810927
8.482686344, 8.482828951
8.492686345, 8.492860730
8.502686354, 8.502825223
8.512687635, 8.512798887
8.522686346, 8.522837671
8.532686344, 8.532827011
8.542686349, 8.542820921
8.552686350, 8.552885343
8.562686330, 8.562833407
8.572691366, 8.572832369
8.582686346, 8.582828834
8.592686347, 8.592832203
8.602686343, 8.602801346
8.612686345, 8.612813182
8.622686344, 8.622842128
8.632686350, 8.632810591
8.642686348, 8.642839795
8.652686358, 8.652772548
8.662686346, 8.662846894
8.672686347, 8.672833073
8.682686344, 8.682850452
8.692686326, 8.692837492
8.702686327, 8.702838739
8.712686393, 8.712826887
8.722686333, 8.722862730
8.732686345, 8.732852132
8.742686344, 8.742862919
8.752686336, 8.752839205
8.762686343, 8.762814877
8.772686325, 8.772818883
8.782686324, 8.782817496
8.792686337, 8.792852967
8.802686340, 8.802849931
8.812686328, 8.812809345
8.822686343, 8.822849249
8.832686326, 8.832835218
8.842686325, 8.842800610
8.852686339, 8.852849075
8.862686329, 8.862857695
8.872686334, 8.872838037
8.882686333, 8.882811748
8.892686328, 8.892789634
8.902686434, 8.902782287
8.912686320, 8.912775537
8.922686329, 8.922811686
8.932686334, 8.932819175
8.942686341, 8.942799863
8.952686323, 8.952806300
8.962686330, 8.962784002
8.972686340, 8.972779763
8.982686335, 8.982792809
8.992686334, 8.992781487
9.002686335, 9.002788085
9.012686334, 9.012791936
9.022686330, 9.022797493
9.032686331, 9.032811698
9.042686344, 9.042780004
9.052686426, 9.052787999
9.062686349, 9.062779740
9.072686331, 9.072818940
9.082686327, 9.082777381
9.092686336, 9.092775620
9.102686333, 9.102780329
9.112687133, 9.112791982
9.122686378, 9.122790474
9.132686334, 9.132787894
9.142686332, 9.142790013
9.152686348, 9.152778457
9.162686340, 9.162825822
9.172686334, 9.172776684
9.182686329, 9.182781254
9.192686340, 9.192782392
9.202686325, 9.202798466
9.212686356, 9.212820562
9.222686327, 9.222786542
9.232686350, 9.232791065
9.242686340, 9.242863646
9.252686326, 9.252785979
9.262686330, 9.262784603
9.272686344, 9.272791366
9.282686327, 9.282819304
9.292686347, 9.292782392
9.302686330, 9.302781439
9.312686361, 9.312821548
9.322686343, 9.322822940
9.332686350, 9.332792645
9.342686327, 9.342819217
9.352686333, 9.352814102
9.362686351, 9.362784419
9.372686334, 9.372807964
9.382687574, 9.382798949
9.392686345, 9.392824035
9.402686338, 9.402778555
9.412686386, 9.412781527
9.422686327, 9.422782597
9.432686331, 9.432792489
9.442686330, 9.442779450
9.452686339, 9.452781476
9.462686332, 9.462785753
9.472686320, 9.472816428
9.482686333, 9.482851251
9.492686334, 9.492784514
9.502686330, 9.502826959
9.512686336, 9.512791456
9.522687547, 9.522790960
9.532686325, 9.532784162
9.542686325, 9.542786487
9.552686326, 9.552788513
9.562686324, 9.562785900
9.572686336, 9.572782114
9.582686341, 9.582782939
9.592686432, 9.592806641
9.602686332, 9.602804297
9.612686345, 9.612790594
9.622686332, 9.622785121
9.632686329, 9.632834612
9.642686330, 9.642796091
9.652686347, 9.652815493
9.662686329, 9.662834329
9.672686331, 9.672801223
9.682686327, 9.682818216
9.692686321, 9.692801991
9.702686322, 9.702813677
9.712686326, 9.712793962
9.722686335, 9.722823657
9.732686344, 9.732813659
9.742686330, 9.742781218
9.752686347, 9.752801917
9.762686419, 9.762784431
9.772686328, 9.772780428
9.782686343, 9.782808893
9.792686348, 9.792784181
9.802686335, 9.802785811
9.812686336, 9.812820396
9.822686335, 9.822785952
9.832686331, 9.832800593
9.842686349, 9.842784021
9.852686328, 9.852780777
9.862686322, 9.862783980
9.872686372, 9.872797039
9.882686340, 9.882793485
9.892686329, 9.892819801
9.902686332, 9.902788443
9.912686334, 9.912835656
9.922686335, 9.922844086
9.932686331, 9.932842161
9.942686336, 9.942811078
9.952686326, 9.952782642
9.962686332, 9.962780415
9.972686318, 9.972782106
9.982686333, 9.982828657
9.992686381, 9.992801201
10.002686333, 10.002825348
10.012686334, 10.012836813
10.022686332, 10.022838311
10.032686326, 10.032867636
10.042686321, 10.042906593
10.052686323, 10.052895524
10.062686332, 10.062896477
10.072686331, 10.072883282
10.082686324, 10.082920081
10.092686325, 10.092876327
10.102686325, 10.102896852
10.112686326, 10.112895474
10.122686325, 10.122886007
10.132686321, 10.132886967
10.142686321, 10.142874277
10.152686321, 10.152874837
10.162686325, 10.162866564
10.172686325, 10.172875559
10.182686327, 10.182863516
10.192686328, 10.192872896
10.202686324, 10.202871049
10.212686328, 10.212868784
10.222686327, 10.222865371
10.232686325, 10.232866014
10.242686319, 10.242863588
10.252686326, 10.252865633
10.262686327, 10.262868523
10.272686323, 10.272873347
10.282686324, 10.282867388
10.292686323, 10.292868310
10.302686324, 10.302863963
10.312686321, 10.312874217
10.322686333, 10.322862586
10.332686334, 10.332862807
10.342686322, 10.342866149
10.352686328, 10.352871969
10.362686327, 10.362870792
10.372686325, 10.372872674
10.382686333, 10.382870296
10.392686329, 10.392861291
10.402686325, 10.402860807
10.412686328, 10.412866971
10.422686327, 10.422867848
10.432686326, 10.432868681
10.442686325, 10.442873035
10.452686320, 10.452874630
10.462686325, 10.462875203
10.472686320, 10.472870228
10.482686325, 10.482866615
10.492686336, 10.492870715
10.502686333, 10.502863052
10.512686318, 10.512870762
10.522686324, 10.522871022
10.532686325, 10.532873594
10.542686324, 10.542873542
10.552686331, 10.552875469
10.562686321, 10.562862136
10.572686321, 10.572870859
10.582686332, 10.582867040
10.592686325, 10.592863154
10.602686327, 10.602862336
10.612686328, 10.612868141
10.622686330, 10.622873795
10.632686328, 10.632864438
10.642686321, 10.642864141
10.652686325, 10.652865945
10.662686330, 10.662862198
10.672686321, 10.672867635
10.682686355, 10.682868552
10.692686320, 10.692871657
10.702686332, 10.702865167
10.712686321, 10.712867187
10.722686322, 10.722868292
10.732686328, 10.732872599
10.742686325, 10.742866129
10.752686331, 10.752872129
10.762686329, 10.762867134
10.772686320, 10.772865981
10.782686318, 10.782866104
10.792686329, 10.792862354
10.802686322, 10.802865377
10.812686329, 10.812866313
10.822686332, 10.822870523
10.832686326, 10.832867338
10.842686335, 10.842867735
10.852686320, 10.852861739
10.862686333, 10.862865645
10.872686328, 10.872868582
10.882686332, 10.882868630
10.892686326, 10.892862382
10.902686336, 10.902862420
10.912686334, 10.912872999
10.922686333, 10.922865382
10.932686331, 10.932863919
10.942686324, 10.942865179
10.952686325, 10.952861987
10.962686333, 10.962860636
10.972686333, 10.972856878
10.982686329, 10.982787206
10.992686328, 10.992930748
11.002686351, 11.002873113
11.012686323, 11.012932463
11.022686349, 11.022869956
11.032686318, 11.032918496
11.042686348, 11.042875987
11.052686355, 11.052923868
11.062686343, 11.062871157
11.072686325, 11.072867570
11.082686322, 11.082862670
11.092686325, 11.092865832
11.102686341, 11.102858965
11.112686329, 11.112863754
11.122686322, 11.122860234
11.132686320, 11.132858877
11.142686327, 11.142858222
11.152686331, 11.152860174
11.162686330, 11.162865969
11.172686325, 11.172862835
11.182686319, 11.182860486
11.192686326, 11.192860005
11.202686321, 11.202858434
11.212686336, 11.212859855
11.222686332, 11.222856481
11.232686325, 11.232864524
11.242686330, 11.242863793
11.252686321, 11.252866570
11.262686322, 11.262861788
11.272686333, 11.272860329
11.282686332, 11.282860652
11.292686333, 11.292860975
11.302686335, 11.302861176
11.312686331, 11.312862662
11.322686335, 11.322865373
11.332686333, 11.332862877
11.342686340, 11.342861381
11.352686333, 11.352859747
11.362686333, 11.362867191
11.372686328, 11.372859474
11.382686321, 11.382857898
11.392686334, 11.392861240
11.402686322, 11.402856809
11.412686326, 11.412867193
11.422686321, 11.422856415
11.432686321, 11.432859915
11.442686321, 11.442864985
11.452686318, 11.452867527
11.462686335, 11.462858112
11.472686333, 11.472842818
11.482686330, 11.482863215
11.492686320, 11.492864717
11.502686318, 11.502856364
11.512686353, 11.512858897
11.522686322, 11.522868244
11.532686340, 11.532858586
11.542686338, 11.542865866
11.552686320, 11.552859401
11.562686321, 11.562866636
11.572686323, 11.572867056
11.582686330, 11.582864692
11.592686320, 11.592857274
11.602686330, 11.602863365
11.612686323, 11.612857040
11.622686327, 11.622859823
11.632686323, 11.632870642
11.642686324, 11.642864632
11.652686326, 11.652866425
11.662686327, 11.662864366
11.672686321, 11.672857159
11.682686333, 11.682864974
11.692686328, 11.692856516
11.702686327, 11.702856248
11.712686328, 11.712867306
11.722686321, 11.722867934
11.732686325, 11.732868921
11.742686321, 11.742863244
11.752686326, 11.752862494
11.762686336, 11.762858318
11.772686333, 11.772859050
11.782686327, 11.782866018
11.792686321, 11.792863746
11.802686324, 11.802865621
11.812686329, 11.812863230
11.822686329, 11.822862487
11.832686331, 11.832862077
11.842686332, 11.842856485
11.852686325, 11.852864095
11.862686327, 11.862863211
11.872686328, 11.872869244
11.882686322, 11.882868092
11.892686331, 11.892857416
11.902686327, 11.902863526
11.912686326, 11.912862579
11.922686327, 11.922866066
11.932686328, 11.932864328
11.942686335, 11.942866503
11.952686334, 11.952864281
11.962686324, 11.962868916
11.972686320, 11.972864705
11.982686332, 11.982861381
11.992686323, 11.992865205
12.002686319, 12.002862948
12.012686325, 12.012864925
12.022686325, 12.022863765
12.032686328, 12.032866522
12.042686327, 12.042858245
------------------------------
