------------------------------
test was performed using the following parameters: --mps=100 --burst=1 --reply-every=1 --msg-size=12 --time=10
------------------------------
sockperf: [Total Run] RunTime=10.100 sec; SentMessages=1011; ReceivedMessages=1010
sockperf: ========= Printing statistics for Server No: 0
sockperf: [Valid Duration] RunTime=9.990 sec; SentMessages=1000; ReceivedMessages=1000
sockperf: [2;35m====> avg-lat= 79.955 (std-dev=37.792)[0m
sockperf: # dropped messages = 0; # duplicated messages = 0; # out-of-order messages = 0
sockperf: [2;35mTotal 1000 observations[0m; each percentile contains 10.00 observations
sockperf: ---> <MAX> observation =  158.177
sockperf: ---> percentile  99.99 =  158.177
sockperf: ---> percentile  99.90 =  157.132
sockperf: ---> percentile  99.50 =  155.625
sockperf: ---> percentile  99.00 =  155.143
sockperf: ---> percentile  95.00 =  153.281
sockperf: ---> percentile  90.00 =  150.596
sockperf: ---> percentile  75.00 =   90.237
sockperf: ---> percentile  50.00 =   71.812
sockperf: ---> percentile  25.00 =   50.111
sockperf: ---> <MIN> observation =   24.142
------------------------------
txTime, rxTime
2.062544944, 2.062649366
2.072544918, 2.072618385
2.082544926, 2.082677180
2.092544926, 2.092714183
2.102544933, 2.102609767
2.112544928, 2.112635200
2.122544926, 2.122626334
2.132544931, 2.132634849
2.142544933, 2.142681964
2.152544945, 2.152645168
2.162544929, 2.162626600
2.172544942, 2.172639611
2.182544929, 2.182664932
2.192544923, 2.192620892
2.202544928, 2.202615786
2.212544922, 2.212667766
2.222544923, 2.222658323
2.232544926, 2.232629368
2.242544928, 2.242636979
2.252544934, 2.252610133
2.262544929, 2.262624110
2.272544967, 2.272610553
2.282544920, 2.282614401
2.292544920, 2.292610569
2.302544920, 2.302622712
2.312544928, 2.312645692
2.322544926, 2.322637819
2.332544933, 2.332642223
2.342544922, 2.342676765
2.352544928, 2.352656784
2.362544928, 2.362630244
2.372544925, 2.372616591
2.382544926, 2.382624151
2.392544929, 2.392623387
2.402544922, 2.402642746
2.412544926, 2.412622046
2.422544931, 2.422602807
2.432544925, 2.432630730
2.442544928, 2.442617542
2.452544952, 2.452657292
2.462544925, 2.462608048
2.472544923, 2.472622008
2.482544929, 2.482628139
2.492544923, 2.492638284
2.502544926, 2.502623862
2.512544920, 2.512648027
2.522544928, 2.522670905
2.532544928, 2.532626328
2.542544931, 2.542628122
2.552544931, 2.552648036
2.562544928, 2.562629881
2.572544925, 2.572675438
2.582544933, 2.582618194
2.592544918, 2.592640715
2.602544931, 2.602643208
2.612544934, 2.612639240
2.622544922, 2.622611681
2.632544929, 2.632649901
2.642544937, 2.642602244
2.652544926, 2.652655876
2.662544931, 2.662604912
2.672546257, 2.672635263
2.682544931, 2.682617930
2.692544944, 2.692631733
2.702544926, 2.702611477
2.712544934, 2.712648461
2.722544922, 2.722639637
2.732544925, 2.732624842
2.742544934, 2.742642717
2.752544923, 2.752663985
2.762544915, 2.762646923
2.772544928, 2.772612660
2.782544922, 2.782629813
2.792546357, 2.792628603
2.802544931, 2.802610351
2.812544926, 2.812648324
2.822544920, 2.822620115
2.832544929, 2.832646488
2.842544925, 2.842624422
2.852544928, 2.852616323
2.862544926, 2.862634831
2.872544928, 2.872631578
2.882545529, 2.882630028
2.892544925, 2.892621647
2.902544922, 2.902641921
2.912544925, 2.912605976
2.922544942, 2.922622989
2.932544934, 2.932619291
2.942544923, 2.942632667
2.952544922, 2.952603224
2.962544937, 2.962607926
2.972544929, 2.972607435
2.982544926, 2.982644945
2.992544929, 2.992642487
3.002544923, 3.002620834
3.012544923, 3.012620331
3.022544923, 3.022699351
3.032544937, 3.032704740
3.042544929, 3.042697369
3.052544922, 3.052691954
3.062544933, 3.062682117
3.072544917, 3.072678029
3.082544937, 3.082701092
3.092544923, 3.092709293
3.102544929, 3.102700622
3.112544937, 3.112673473
3.122544925, 3.122714952
3.132544925, 3.132692860
3.142544922, 3.142685747
3.152544926, 3.152687310
3.162544948, 3.162696949
3.172544941, 3.172698163
3.182544923, 3.182683541
3.192544929, 3.192708079
3.202544925, 3.202686023
3.212544926, 3.212689565
3.222544928, 3.222691720
3.232544925, 3.232697491
3.242544929, 3.242645401
3.252544928, 3.252630010
3.262544939, 3.262606832
3.272544937, 3.272637320
3.282544933, 3.282621235
3.292544923, 3.292643396
3.302544928, 3.302615071
3.312544925, 3.312624126
3.322544933, 3.322618412
3.332544920, 3.332641508
3.342544931, 3.342612393
3.352544925, 3.352647635
3.362544926, 3.362614808
3.372544928, 3.372621227
3.382544956, 3.382627879
3.392544925, 3.392671780
3.402544955, 3.402612230
3.412544929, 3.412627809
3.422544920, 3.422646047
3.432544920, 3.432632743
3.442544925, 3.442634717
3.452544922, 3.452620785
3.462544929, 3.462620431
3.472544922, 3.472631043
3.482544929, 3.482627983
3.492544925, 3.492645768
3.502544934, 3.502690795
3.512544923, 3.512615887
3.522544922, 3.522623169
3.532544922, 3.532636754
3.542544928, 3.542625313
3.552544929, 3.552632271
3.562544933, 3.562646600
3.572544925, 3.572621476
3.582544952, 3.582613839
3.592544923, 3.592642363
3.602544923, 3.602603058
3.612544931, 3.612625938
3.622544928, 3.622612039
3.632544928, 3.632647418
3.642544937, 3.642671564
3.652544926, 3.652638097
3.662544922, 3.662702379
3.672544928, 3.672700544
3.682544926, 3.682668690
3.692544934, 3.692679179
3.702544923, 3.702686931
3.712544922, 3.712687601
3.722544925, 3.722687201
3.732544929, 3.732684953
3.742544929, 3.742695490
3.752544936, 3.752692059
3.762544926, 3.762686361
3.772544931, 3.772688540
3.782544923, 3.782692492
3.792544925, 3.792692568
3.802544937, 3.802686151
3.812544925, 3.812712901
3.822544928, 3.822688156
3.832544925, 3.832689197
3.842545651, 3.842693872
3.852544941, 3.852696730
3.862544931, 3.862709639
3.872544928, 3.872703180
3.882544922, 3.882695189
3.892544915, 3.892679817
3.902544920, 3.902705796
3.912544920, 3.912677551
3.922544923, 3.922694845
3.932544934, 3.932684986
3.942545098, 3.942679889
3.952544929, 3.952727507
3.962544944, 3.962682144
3.972544917, 3.972663470
3.982544926, 3.982680758
3.992544928, 3.992713038
4.002544933, 4.002680952
4.012544926, 4.012707354
4.022544926, 4.022680207
4.032544922, 4.032679258
4.042544936, 4.042695454
4.052544928, 4.052683715
4.062544925, 4.062690850
4.072544933, 4.072726310
4.082544941, 4.082681155
4.092544925, 4.092691783
4.102544929, 4.102706863
4.112544925, 4.112709366
4.122544941, 4.122697317
4.132544923, 4.132716379
4.142544937, 4.142706326
4.152544923, 4.152701204
4.162544928, 4.162685013
4.172544926, 4.172681285
4.182544926, 4.182670721
4.192544929, 4.192706487
4.202544925, 4.202694605
4.212544920, 4.212684793
4.222544939, 4.222644478
4.232544936, 4.232641255
4.242544925, 4.242637570
4.252544926, 4.252643657
4.262544929, 4.262636736
4.272544933, 4.272642406
4.282544948, 4.282661744
4.292544925, 4.292637715
4.302544929, 4.302646251
4.312544923, 4.312649426
4.322544937, 4.322635232
4.332544933, 4.332638969
4.342544934, 4.342639994
4.352544941, 4.352648564
4.362544933, 4.362652258
4.372544928, 4.372646792
4.382544917, 4.382641816
4.392545001, 4.392635628
4.402544928, 4.402637796
4.412544931, 4.412646772
4.422544929, 4.422642834
4.432546117, 4.432649042
4.442546270, 4.442646102
4.452544923, 4.452645491
4.462544928, 4.462646063
4.472544939, 4.472707921
4.482544941, 4.482698550
4.492544936, 4.492697543
4.502544937, 4.502712994
4.512544928, 4.512712595
4.522544922, 4.522687612
4.532544933, 4.532719981
4.542545109, 4.542722439
4.552544929, 4.552685714
4.562544928, 4.562675028
4.572544933, 4.572679918
4.582544931, 4.582675729
4.592544929, 4.592683022
4.602544934, 4.602651643
4.612544925, 4.612666281
4.622544925, 4.622683683
4.632544933, 4.632682499
4.642544936, 4.642661099
4.652546403, 4.652656940
4.662546081, 4.662707926
4.672544945, 4.672708838
4.682544931, 4.682684001
4.692544920, 4.692676706
4.702544937, 4.702721247
4.712544928, 4.712710187
4.722544931, 4.722700011
4.732544923, 4.732714860
4.742544933, 4.742677762
4.752544922, 4.752680931
4.762544925, 4.762692550
4.772546431, 4.772693821
4.782544937, 4.782689922
4.792544941, 4.792648335
4.802544939, 4.802644306
4.812544929, 4.812644427
4.822544936, 4.822654115
4.832544931, 4.832656067
4.842544926, 4.842642267
4.852544928, 4.852643712
4.862544929, 4.862629315
4.872544923, 4.872647124
4.882544952, 4.882643308
4.892544936, 4.892663994
4.902544942, 4.902645433
4.912544923, 4.912646988
4.922544931, 4.922648106
4.932544933, 4.932663603
4.942544941, 4.942645949
4.952544934, 4.952651819
4.962544922, 4.962648441
4.972544931, 4.972638446
4.982544937, 4.982641021
4.992544934, 4.992665949
5.002545970, 5.002644868
5.012544931, 5.012644519
5.022544929, 5.022643159
5.032544944, 5.032649882
5.042544923, 5.042640510
5.052544929, 5.052646950
5.062544931, 5.062659668
5.072544926, 5.072645256
5.082544952, 5.082649975
5.092544926, 5.092634161
5.102544928, 5.102644800
5.112544920, 5.112648711
5.122544931, 5.122641484
5.132544936, 5.132645319
5.142544936, 5.142644954
5.152544933, 5.152649031
5.162544923, 5.162656750
5.172544931, 5.172644456
5.182544929, 5.182646129
5.192544933, 5.192645528
5.202545804, 5.202646175
5.212544929, 5.212655274
5.222544923, 5.222674241
5.232544922, 5.232659330
5.242544985, 5.242708199
5.252544929, 5.252697822
5.262544922, 5.262697761
5.272544928, 5.272697865
5.282544936, 5.282681798
5.292544920, 5.292678702
5.302544920, 5.302675855
5.312544931, 5.312659033
5.322544929, 5.322722330
5.332544931, 5.332674958
5.342544941, 5.342668349
5.352544929, 5.352680458
5.362545231, 5.362678928
5.372544922, 5.372689435
5.382544928, 5.382677298
5.392544931, 5.392667495
5.402544934, 5.402681752
5.412544923, 5.412684389
5.422544926, 5.422693840
5.432544923, 5.432656850
5.442544928, 5.442684039
5.452544934, 5.452670809
5.462544922, 5.462707376
5.472544917, 5.472704874
5.482544920, 5.482717554
5.492544926, 5.492698340
5.502544926, 5.502717551
5.512544931, 5.512683799
5.522544925, 5.522688549
5.532544929, 5.532711838
5.542544920, 5.542713111
5.552544928, 5.552690247
5.562544917, 5.562704853
5.572544931, 5.572687340
5.582544923, 5.582694170
5.592544918, 5.592687931
5.602544928, 5.602709475
5.612544923, 5.612700015
5.622544923, 5.622690266
5.632544942, 5.632689713
5.642544922, 5.642680019
5.652544939, 5.652687957
5.662544929, 5.662705723
5.672544934, 5.672716805
5.682544925, 5.682700434
5.692544926, 5.692690144
5.702544925, 5.702703405
5.712544937, 5.712712713
5.722544931, 5.722709637
5.732544936, 5.732686262
5.742544929, 5.742681891
5.752544931, 5.752678959
5.762544925, 5.762692975
5.772544923, 5.772682038
5.782544925, 5.782695827
5.792544920, 5.792695184
5.802544931, 5.802716177
5.812544923, 5.812681335
5.822544931, 5.822687282
5.832544929, 5.832698193
5.842544933, 5.842701178
5.852544920, 5.852704114
5.862544939, 5.862694145
5.872544928, 5.872710206
5.882544926, 5.882724353
5.892544931, 5.892689636
5.902544937, 5.902680443
5.912544931, 5.912714810
5.922544929, 5.922693709
5.932544931, 5.932698443
5.942544918, 5.942721918
5.952544942, 5.952680341
5.962544923, 5.962691238
5.972544947, 5.972709907
5.982544922, 5.982694450
5.992544925, 5.992685543
6.002544925, 6.002678149
6.012544925, 6.012705906
6.022544922, 6.022709751
6.032544925, 6.032679098
6.042544928, 6.042688474
6.052544931, 6.052716232
6.062544922, 6.062687452
6.072544922, 6.072691215
6.082544922, 6.082697363
6.092544942, 6.092716441
6.102544928, 6.102704473
6.112544936, 6.112737274
6.122544928, 6.122694508
6.132544923, 6.132696581
6.142544941, 6.142691429
6.152544923, 6.152704942
6.162544923, 6.162689121
6.172544928, 6.172695595
6.182544922, 6.182684009
6.192544923, 6.192704372
6.202544922, 6.202655206
6.212544925, 6.212657704
6.222544942, 6.222640068
6.232544925, 6.232644831
6.242544937, 6.242636177
6.252544929, 6.252641100
6.262544925, 6.262643731
6.272544931, 6.272643064
6.282544939, 6.282647111
6.292544928, 6.292652053
6.302544923, 6.302640598
6.312544931, 6.312641028
6.322544931, 6.322650001
6.332544941, 6.332642472
6.342544929, 6.342651714
6.352544925, 6.352640461
6.362544929, 6.362638454
6.372544917, 6.372640226
6.382544925, 6.382640684
6.392545378, 6.392640361
6.402544923, 6.402646896
6.412544928, 6.412641440
6.422544929, 6.422656815
6.432544926, 6.432642294
6.442544926, 6.442642251
6.452544923, 6.452644894
6.462544923, 6.462698632
6.472544931, 6.472684637
6.482544922, 6.482721525
6.492544923, 6.492683825
6.502544920, 6.502701001
6.512544920, 6.512726320
6.522544941, 6.522708289
6.532544929, 6.532733510
6.542544931, 6.542722617
6.552544925, 6.552704525
6.562544926, 6.562666727
6.572544925, 6.572697429
6.582544920, 6.582689593
6.592544925, 6.592713930
6.602544933, 6.602705496
6.612544918, 6.612681896
6.622545921, 6.622690692
6.632547195, 6.632690185
6.642544925, 6.642689105
6.652544926, 6.652711390
6.662544944, 6.662637434
6.672544926, 6.672703977
6.682544929, 6.682715487
6.692544936, 6.692691947
6.702544922, 6.702669151
6.712544925, 6.712684560
6.722544928, 6.722683135
6.732544923, 6.732698238
6.742544934, 6.742722897
6.752544925, 6.752697445
6.762544931, 6.762701034
6.772544933, 6.772686873
6.782544926, 6.782712675
6.792544922, 6.792696967
6.802544933, 6.802689473
6.812544917, 6.812765415
6.822544921, 6.822755390
6.832544924, 6.832764158
6.842544934, 6.842784674
6.852544918, 6.852762988
6.862544929, 6.862751972
6.872544923, 6.872794283
6.882544924, 6.882731580
6.892544935, 6.892736079
6.902544934, 6.902724638
6.912544926, 6.912748707
6.922544937, 6.922754555
6.932544929, 6.932780734
6.942544927, 6.942705705
6.952544940, 6.952698317
6.962544935, 6.962635736
6.972544922, 6.972686776
6.982544933, 6.982656071
6.992544922, 6.992655173
7.002544938, 7.002726875
7.012544930, 7.012685899
7.022544938, 7.022654596
7.032544926, 7.032624466
7.042544922, 7.042627729
7.052544924, 7.052600375
7.062544916, 7.062634809
7.072544921, 7.072640009
7.082544921, 7.082627309
7.092544918, 7.092623948
7.102544927, 7.102627682
7.112544927, 7.112633211
7.122544919, 7.122615471
7.132544916, 7.132596628
7.142544921, 7.142625167
7.152544921, 7.152599540
7.162544913, 7.162633300
7.172544919, 7.172625311
7.182544914, 7.182715892
7.192545014, 7.192666262
7.202544921, 7.202655704
7.212545012, 7.212690491
7.222544922, 7.222693810
7.232544927, 7.232723287
7.242544927, 7.242674691
7.252544921, 7.252663831
7.262544918, 7.262677141
7.272544919, 7.272645664
7.282544918, 7.282672655
7.292544926, 7.292674838
7.302544916, 7.302682588
7.312544918, 7.312687941
7.322544921, 7.322684429
7.332544916, 7.332683784
7.342544916, 7.342697825
7.352544922, 7.352699394
7.362544916, 7.362704181
7.372544921, 7.372680282
7.382544916, 7.382701415
7.392544922, 7.392693786
7.402544921, 7.402692900
7.412544919, 7.412707120
7.422544916, 7.422690064
7.432544995, 7.432677916
7.442544927, 7.442699888
7.452544922, 7.452721990
7.462544922, 7.462678201
7.472544918, 7.472697833
7.482544916, 7.482683501
7.492544916, 7.492673109
7.502544919, 7.502690927
7.512544924, 7.512698694
7.522544985, 7.522694961
7.532544917, 7.532696015
7.542544914, 7.542720555
7.552544914, 7.552701542
7.562544920, 7.562707435
7.572544912, 7.572684086
7.582544915, 7.582729302
7.592544915, 7.592658978
7.602544918, 7.602688319
7.612544917, 7.612719349
7.622544920, 7.622697811
7.632544911, 7.632693160
7.642544914, 7.642685780
7.652544923, 7.652700715
7.662544923, 7.662685036
7.672544920, 7.672692901
7.682544915, 7.682706971
7.692544914, 7.692674926
7.702544916, 7.702684485
7.712544921, 7.712680231
7.722544919, 7.722689540
7.732544921, 7.732716888
7.742544918, 7.742688610
7.752544919, 7.752667609
7.762544913, 7.762697108
7.772544913, 7.772720094
7.782544916, 7.782713127
7.792544918, 7.792704256
7.802544924, 7.802708209
7.812544921, 7.812697940
7.822544922, 7.822704499
7.832544922, 7.832697694
7.842544924, 7.842664043
7.852544916, 7.852701971
7.862544921, 7.862694054
7.872544919, 7.872691725
7.882544914, 7.882715076
7.892544919, 7.892708002
7.902544913, 7.902677672
7.912544921, 7.912699765
7.922544921, 7.922716096
7.932544919, 7.932696352
7.942544927, 7.942728921
7.952544918, 7.952675471
7.962544914, 7.962672955
7.972544919, 7.972679955
7.982544921, 7.982668133
7.992544919, 7.992708312
8.002544921, 8.002690802
8.012544914, 8.012704192
8.022544918, 8.022725392
8.032544914, 8.032702501
8.042544922, 8.042705162
8.052544911, 8.052710983
8.062544919, 8.062679693
8.072544919, 8.072717362
8.082544914, 8.082660882
8.092544927, 8.092700334
8.102544919, 8.102698542
8.112545004, 8.112735625
8.122544916, 8.122683438
8.132544918, 8.132709258
8.142544919, 8.142696956
8.152544921, 8.152660536
8.162544922, 8.162688062
8.172544921, 8.172690216
8.182544921, 8.182677413
8.192544921, 8.192690530
8.202544921, 8.202688553
8.212544914, 8.212689607
8.222544918, 8.222722652
8.232544915, 8.232694225
8.242544921, 8.242701649
8.252544915, 8.252708467
8.262544916, 8.262699401
8.272544918, 8.272736006
8.282544921, 8.282679251
8.292544913, 8.292671021
8.302545011, 8.302703791
8.312544919, 8.312709221
8.322544918, 8.322686901
8.332544921, 8.332668332
8.342544918, 8.342673769
8.352544922, 8.352695916
8.362544921, 8.362679885
8.372544922, 8.372687808
8.382544929, 8.382695605
8.392544929, 8.392708402
8.402544921, 8.402701799
8.412544921, 8.412679153
8.422544921, 8.422677023
8.432544919, 8.432666725
8.442544922, 8.442679101
8.452544926, 8.452691009
8.462544919, 8.462708389
8.472544978, 8.472750778
8.482545011, 8.482741670
8.492544929, 8.492718264
8.502544926, 8.502755106
8.512544940, 8.512737673
8.522544938, 8.522748203
8.532544919, 8.532716635
8.542544940, 8.542749171
8.552544921, 8.552759738
8.562544982, 8.562745920
8.572544941, 8.572744080
8.582544935, 8.582736530
8.592544926, 8.592763853
8.602544940, 8.602760687
8.612544930, 8.612754235
8.622544927, 8.622764262
8.632544940, 8.632770824
8.642544918, 8.642680509
8.652544927, 8.652714482
8.662544937, 8.662703208
8.672544926, 8.672635772
8.682544914, 8.682648263
8.692544937, 8.692619434
8.702544916, 8.702624381
8.712544921, 8.712614716
8.722544914, 8.722630710
8.732544918, 8.732701478
8.742544919, 8.742623558
8.752544927, 8.752626091
8.762544918, 8.762596507
8.772544916, 8.772628568
8.782544919, 8.782654040
8.792544914, 8.792611969
8.802544924, 8.802615761
8.812544922, 8.812668996
8.822544922, 8.822690243
8.832544914, 8.832610512
8.842544919, 8.842609319
8.852544921, 8.852614258
8.862544924, 8.862618393
8.872544921, 8.872638267
8.882544918, 8.882639372
8.892544987, 8.892643113
8.902545183, 8.902603754
8.912544927, 8.912620380
8.922544916, 8.922627853
8.932544918, 8.932651648
8.942545017, 8.942633071
8.952544918, 8.952622243
8.962544987, 8.962621592
8.972544987, 8.972610096
8.982544914, 8.982616262
8.992544924, 8.992669764
9.002544929, 9.002685628
9.012544921, 9.012701819
9.022544922, 9.022691203
9.032544914, 9.032721235
9.042544922, 9.042693508
9.052544919, 9.052692546
9.062544916, 9.062693161
9.072544910, 9.072713528
9.082544914, 9.082714520
9.092544927, 9.092727137
9.102544921, 9.102674913
9.112544930, 9.112704079
9.122544919, 9.122714803
9.132544921, 9.132716168
9.142544919, 9.142714697
9.152544921, 9.152737583
9.162544919, 9.162676800
9.172544922, 9.172687132
9.182544918, 9.182704139
9.192544919, 9.192671463
9.202544916, 9.202725962
9.212544919, 9.212685377
9.222544922, 9.222716059
9.232544919, 9.232694788
9.242544921, 9.242700976
9.252544918, 9.252732141
9.262544919, 9.262680965
9.272544916, 9.272689128
9.282544919, 9.282647853
9.292544918, 9.292634514
9.302544919, 9.302622879
9.312545011, 9.312632345
9.322544922, 9.322619025
9.332544919, 9.332620994
9.342544918, 9.342610210
9.352544922, 9.352640924
9.362544921, 9.362655546
9.372544918, 9.372627000
9.382544914, 9.382631666
9.392544922, 9.392624688
9.402544918, 9.402646007
9.412544922, 9.412642568
9.422544921, 9.422651552
9.432544919, 9.432626889
9.442544914, 9.442626918
9.452544924, 9.452648471
9.462544918, 9.462617162
9.472544919, 9.472630938
9.482544918, 9.482623795
9.492544914, 9.492652146
9.502544918, 9.502608989
9.512544914, 9.512604990
9.522544918, 9.522628194
9.532544916, 9.532629408
9.542544918, 9.542617857
9.552544924, 9.552606648
9.562544922, 9.562626154
9.572544919, 9.572658892
9.582544921, 9.582633554
9.592544918, 9.592596578
9.602544924, 9.602593208
9.612544919, 9.612609583
9.622544924, 9.622667955
9.632544919, 9.632638546
9.642544926, 9.642610150
9.652544914, 9.652616822
9.662544932, 9.662617233
9.672544913, 9.672609902
9.682544921, 9.682600504
9.692544924, 9.692608089
9.702544916, 9.702612510
9.712544919, 9.712617943
9.722544916, 9.722616961
9.732545009, 9.732612812
9.742544921, 9.742606031
9.752544919, 9.752599123
9.762544924, 9.762620018
9.772544921, 9.772638239
9.782544921, 9.782632057
9.792544922, 9.792637084
9.802544918, 9.802626462
9.812544919, 9.812618108
9.822544924, 9.822640062
9.832544919, 9.832622486
9.842544918, 9.842619172
9.852544916, 9.852666668
9.862544968, 9.862655327
9.872545080, 9.872639303
9.882544916, 9.882654725
9.892544993, 9.892707848
9.902545061, 9.902664938
9.912544974, 9.912676609
9.922544921, 9.922659639
9.932544918, 9.932752999
9.942544984, 9.942779834
9.952544924, 9.952781707
9.962544914, 9.962756828
9.972544918, 9.972783412
9.982544921, 9.982784335
9.992544919, 9.992784500
10.002544921, 10.002788968
10.012544922, 10.012850121
10.022544940, 10.022850064
10.032544916, 10.032853597
10.042544938, 10.042850242
10.052544929, 10.052852187
10.062544924, 10.062854920
10.072544938, 10.072851813
10.082544938, 10.082854123
10.092544922, 10.092855123
10.102544943, 10.102854086
10.112544921, 10.112851124
10.122544921, 10.122851499
10.132544943, 10.132829550
10.142544938, 10.142855699
10.152544924, 10.152851110
10.162544941, 10.162834373
10.172544924, 10.172855058
10.182544926, 10.182857158
10.192544935, 10.192838501
10.202544941, 10.202851204
10.212544918, 10.212851492
10.222544940, 10.222838797
10.232544926, 10.232850032
10.242544926, 10.242849222
10.252544943, 10.252838375
10.262544935, 10.262849483
10.272544916, 10.272854758
10.282544937, 10.282824947
10.292544921, 10.292851869
10.302544929, 10.302850956
10.312544935, 10.312847907
10.322544940, 10.322835422
10.332544916, 10.332801873
10.342544938, 10.342804384
10.352544922, 10.352829673
10.362544929, 10.362806769
10.372544943, 10.372819264
10.382544938, 10.382821357
10.392544921, 10.392822919
10.402544938, 10.402822082
10.412544921, 10.412820478
10.422544926, 10.422848797
10.432544941, 10.432855157
10.442544940, 10.442837291
10.452544924, 10.452852593
10.462544935, 10.462861290
10.472544929, 10.472852236
10.482544927, 10.482849769
10.492544935, 10.492858589
10.502544943, 10.502849124
10.512544926, 10.512855372
10.522544938, 10.522850425
10.532544919, 10.532852482
10.542544926, 10.542858603
10.552544943, 10.552829214
10.562544940, 10.562853643
10.572544919, 10.572849113
10.582544937, 10.582851486
10.592544929, 10.592834407
10.602544929, 10.602852262
10.612544937, 10.612855912
10.622544937, 10.622850215
10.632544921, 10.632851950
10.642544940, 10.642851178
10.652544924, 10.652850560
10.662544919, 10.662852668
10.672544935, 10.672835731
10.682544943, 10.682859209
10.692544916, 10.692854134
10.702544940, 10.702852682
10.712544927, 10.712851705
10.722544927, 10.722856177
10.732544940, 10.732838361
10.742544922, 10.742840156
10.752544922, 10.752840861
10.762544935, 10.762845309
10.772544926, 10.772843204
10.782544921, 10.782844919
10.792544935, 10.792844617
10.802544933, 10.802838032
10.812544922, 10.812845512
10.822544933, 10.822839515
10.832544924, 10.832853470
10.842544927, 10.842843791
10.852544941, 10.852852888
10.862544943, 10.862850569
10.872544922, 10.872844059
10.882544937, 10.882846797
10.892544924, 10.892842952
10.902544929, 10.902847040
10.912544940, 10.912853375
10.922544940, 10.922824166
10.932544922, 10.932841773
10.942544944, 10.942854836
10.952544926, 10.952850298
10.962544929, 10.962851491
10.972544943, 10.972850804
10.982544937, 10.982850062
10.992544922, 10.992847145
11.002544943, 11.002844603
11.012544924, 11.012848788
11.022544933, 11.022848433
11.032544941, 11.032852746
11.042544940, 11.042845006
11.052544918, 11.052845346
11.062544941, 11.062843507
11.072544924, 11.072854509
11.082544926, 11.082848015
11.092544937, 11.092851022
11.102544943, 11.102848363
11.112544919, 11.112842263
11.122544940, 11.122850143
11.132544921, 11.132845403
11.142544935, 11.142852518
11.152544940, 11.152851676
11.162544940, 11.162853194
11.172544921, 11.172847192
11.182544924, 11.182847742
11.192544943, 11.192853230
11.202544922, 11.202840171
11.212544938, 11.212855225
11.222544935, 11.222848253
11.232544941, 11.232847266
11.242544937, 11.242851326
11.252544927, 11.252841747
11.262544929, 11.262837765
11.272544940, 11.272845729
11.282544938, 11.282852912
11.292544921, 11.292848910
11.302544941, 11.302848960
11.312544927, 11.312847426
11.322544921, 11.322846018
11.332544944, 11.332851711
11.342544940, 11.342848169
11.352544922, 11.352845872
11.362544941, 11.362845142
11.372544926, 11.372843832
11.382544919, 11.382846112
11.392544937, 11.392855103
11.402544938, 11.402843518
11.412544916, 11.412850578
11.422544944, 11.422853716
11.432544921, 11.432850739
11.442544926, 11.442848547
11.452544938, 11.452839904
11.462544938, 11.462852092
11.472544916, 11.472855367
11.482544941, 11.482852437
11.492544921, 11.492844428
11.502544927, 11.502807294
11.512544940, 11.512810147
11.522544935, 11.522810700
11.532544919, 11.532810105
11.542544938, 11.542809325
11.552544926, 11.552810291
11.562544938, 11.562813028
11.572544938, 11.572809033
11.582544938, 11.582806844
11.592544919, 11.592808874
11.602544935, 11.602810187
11.612544929, 11.612830724
11.622544926, 11.622811242
11.632544935, 11.632809978
11.642544943, 11.642813778
11.652544924, 11.652809321
11.662544938, 11.662808606
11.672544944, 11.672839825
11.682544921, 11.682841488
11.692544927, 11.692839326
11.702544935, 11.702827079
11.712544922, 11.712846604
11.722544938, 11.722841907
11.732544926, 11.732847484
11.742544924, 11.742844802
11.752544938, 11.752836843
11.762544937, 11.762840595
11.772544918, 11.772849300
11.782544941, 11.782837298
11.792544927, 11.792848586
11.802544927, 11.802843241
11.812544940, 11.812845146
11.822544943, 11.822837159
11.832544921, 11.832841217
11.842544941, 11.842841310
11.852544926, 11.852786911
11.862544921, 11.862784057
11.872544941, 11.872784832
11.882544944, 11.882783857
11.892544919, 11.892795637
11.902544943, 11.902786880
11.912544924, 11.912680514
11.922544924, 11.922726645
11.932544938, 11.932790794
11.942544938, 11.942783409
11.952544916, 11.952794464
11.962544941, 11.962785392
11.972544921, 11.972788900
11.982544922, 11.982787207
11.992544941, 11.992787443
12.002544918, 12.002728655
12.012544918, 12.012723363
12.022544921, 12.022716925
12.032544922, 12.032727825
12.042544924, 12.042721486
12.052544918, 12.052727246
------------------------------
