------------------------------
test was performed using the following parameters: --mps=100 --burst=1 --reply-every=1 --msg-size=12 --time=10
------------------------------
sockperf: [Total Run] RunTime=10.100 sec; SentMessages=1011; ReceivedMessages=1010
sockperf: ========= Printing statistics for Server No: 0
sockperf: [Valid Duration] RunTime=9.990 sec; SentMessages=1000; ReceivedMessages=1000
sockperf: [2;35m====> avg-lat= 69.800 (std-dev=20.403)[0m
sockperf: # dropped messages = 0; # duplicated messages = 0; # out-of-order messages = 0
sockperf: [2;35mTotal 1000 observations[0m; each percentile contains 10.00 observations
sockperf: ---> <MAX> observation =  113.402
sockperf: ---> percentile  99.99 =  113.402
sockperf: ---> percentile  99.90 =  113.213
sockperf: ---> percentile  99.50 =  112.417
sockperf: ---> percentile  99.00 =  111.409
sockperf: ---> percentile  95.00 =  101.403
sockperf: ---> percentile  90.00 =   90.012
sockperf: ---> percentile  75.00 =   84.567
sockperf: ---> percentile  50.00 =   72.456
sockperf: ---> percentile  25.00 =   60.319
sockperf: ---> <MIN> observation =   23.558
------------------------------
txTime, rxTime
2.062747163, 2.062942856
2.072747160, 2.072886470
2.082747161, 2.082893552
2.092747180, 2.092953759
2.102747166, 2.102942041
2.112747164, 2.112946184
2.122747167, 2.122887722
2.132747165, 2.132939884
2.142747167, 2.142931327
2.152747179, 2.152942120
2.162747164, 2.162961168
2.172747165, 2.172899141
2.182747162, 2.182897161
2.192747156, 2.192830688
2.202747183, 2.202889934
2.212747164, 2.212832513
2.222747153, 2.222852444
2.232747179, 2.232824662
2.242747156, 2.242812116
2.252747164, 2.252809413
2.262747165, 2.262803427
2.272747176, 2.272902197
2.282747165, 2.282887758
2.292747165, 2.292882610
2.302747167, 2.302938492
2.312747182, 2.312950389
2.322747178, 2.322972013
2.332747178, 2.332937205
2.342747175, 2.342937065
2.352747177, 2.352925158
2.362747164, 2.362896882
2.372747164, 2.372909345
2.382747162, 2.382887600
2.392747170, 2.392900360
2.402747158, 2.402940539
2.412747164, 2.412935201
2.422747182, 2.422973610
2.432747182, 2.432942070
2.442747162, 2.442923329
2.452747179, 2.452911189
2.462747159, 2.462901559
2.472747169, 2.472933792
2.482747183, 2.482898567
2.492747153, 2.492890305
2.502747161, 2.502904084
2.512747156, 2.512926434
2.522747162, 2.522943652
2.532747177, 2.532938261
2.542747180, 2.542925088
2.552747181, 2.552941901
2.562747175, 2.562922436
2.572747177, 2.572937977
2.582747183, 2.582933695
2.592747166, 2.592893723
2.602747164, 2.602885740
2.612747153, 2.612892044
2.622747161, 2.622949968
2.632747171, 2.632892407
2.642747160, 2.642889369
2.652747160, 2.652905712
2.662747166, 2.662919687
2.672747155, 2.672901474
2.682747156, 2.682881816
2.692747161, 2.692879179
2.702747164, 2.702904171
2.712747160, 2.712890924
2.722747155, 2.722904364
2.732747156, 2.732876637
2.742747163, 2.742917135
2.752747160, 2.752903467
2.762747161, 2.762924588
2.772747169, 2.772938235
2.782747163, 2.782893617
2.792747164, 2.792890495
2.802747155, 2.802901972
2.812747163, 2.812897490
2.822747161, 2.822887586
2.832747160, 2.832930998
2.842747163, 2.842895793
2.852747156, 2.852876891
2.862747160, 2.862888554
2.872747159, 2.872940421
2.882747156, 2.882898167
2.892747156, 2.892875187
2.902747161, 2.902899149
2.912747161, 2.912936475
2.922747152, 2.922898029
2.932747162, 2.932908230
2.942747154, 2.942892984
2.952747162, 2.952891056
2.962747162, 2.962878024
2.972747162, 2.972900426
2.982747156, 2.982891105
2.992747159, 2.992896338
3.002747159, 3.002891018
3.012747160, 3.012881860
3.022747156, 3.022906536
3.032747151, 3.032890106
3.042747157, 3.042898124
3.052747151, 3.052890875
3.062747167, 3.062915345
3.072747156, 3.072890913
3.082747159, 3.082890493
3.092747157, 3.092886752
3.102747160, 3.102923599
3.112747168, 3.112894254
3.122747160, 3.122890829
3.132747168, 3.132883564
3.142747160, 3.142899070
3.152747157, 3.152887652
3.162747165, 3.162889720
3.172747160, 3.172894499
3.182747154, 3.182885773
3.192747159, 3.192892430
3.202747198, 3.202881462
3.212747159, 3.212886305
3.222747156, 3.222901199
3.232747167, 3.232911714
3.242747151, 3.242904185
3.252747167, 3.252902311
3.262747162, 3.262878194
3.272747154, 3.272896953
3.282747162, 3.282878737
3.292747156, 3.292893240
3.302747161, 3.302893026
3.312747153, 3.312897818
3.322747159, 3.322905931
3.332747161, 3.332904547
3.342747167, 3.342888492
3.352747159, 3.352892091
3.362747156, 3.362896610
3.372747153, 3.372864514
3.382747158, 3.382929954
3.392747151, 3.392890062
3.402747154, 3.402884568
3.412747159, 3.412890521
3.422747161, 3.422919552
3.432747153, 3.432895446
3.442747156, 3.442893717
3.452747165, 3.452880764
3.462747159, 3.462903493
3.472747158, 3.472886692
3.482747159, 3.482881775
3.492747154, 3.492884507
3.502747162, 3.502890621
3.512747161, 3.512878750
3.522747164, 3.522880744
3.532747161, 3.532899059
3.542747159, 3.542892760
3.552747161, 3.552879736
3.562747169, 3.562892188
3.572747161, 3.572886214
3.582747155, 3.582874523
3.592747164, 3.592891168
3.602747163, 3.602882912
3.612747163, 3.612900789
3.622747156, 3.622908218
3.632747163, 3.632884504
3.642747153, 3.642884507
3.652747166, 3.652883789
3.662747167, 3.662888306
3.672747169, 3.672919167
3.682747164, 3.682935692
3.692747160, 3.692885633
3.702747160, 3.702893366
3.712747163, 3.712898640
3.722747167, 3.722864036
3.732747161, 3.732882186
3.742747161, 3.742882355
3.752747158, 3.752973964
3.762747161, 3.762899159
3.772747156, 3.772905410
3.782747162, 3.782901281
3.792747161, 3.792906012
3.802747159, 3.802868236
3.812747150, 3.812885854
3.822747158, 3.822888862
3.832747158, 3.832890668
3.842747154, 3.842926835
3.852747162, 3.852877706
3.862747169, 3.862897809
3.872747159, 3.872911805
3.882747156, 3.882900694
3.892747161, 3.892885783
3.902747166, 3.902891239
3.912747160, 3.912875129
3.922747160, 3.922906767
3.932747161, 3.932886391
3.942747167, 3.942885035
3.952747161, 3.952911831
3.962747155, 3.962896671
3.972747160, 3.972899437
3.982747164, 3.982929373
3.992747152, 3.992904864
4.002747153, 4.002883506
4.012747161, 4.012899871
4.022747155, 4.022932231
4.032747155, 4.032874704
4.042747156, 4.042932780
4.052747153, 4.052884518
4.062747160, 4.062911544
4.072747155, 4.072907999
4.082747163, 4.082916110
4.092747163, 4.092906121
4.102747155, 4.102910366
4.112747158, 4.112885557
4.122747156, 4.122950914
4.132747155, 4.132882472
4.142747156, 4.142872143
4.152747166, 4.152904363
4.162747161, 4.162873581
4.172747153, 4.172834407
4.182747148, 4.182816037
4.192747156, 4.192817190
4.202747159, 4.202807860
4.212747158, 4.212811640
4.222747159, 4.222819207
4.232747150, 4.232803719
4.242747148, 4.242807403
4.252747161, 4.252806639
4.262747167, 4.262886318
4.272747154, 4.272888274
4.282747159, 4.282897376
4.292747153, 4.292895988
4.302747158, 4.302891102
4.312747161, 4.312874448
4.322747162, 4.322906972
4.332747148, 4.332886128
4.342747154, 4.342897224
4.352747158, 4.352905720
4.362747158, 4.362904011
4.372747158, 4.372889326
4.382747156, 4.382902971
4.392747162, 4.392893228
4.402747169, 4.402895988
4.412747159, 4.412908208
4.422747154, 4.422897660
4.432747167, 4.432900720
4.442747167, 4.442890679
4.452747165, 4.452881835
4.462747172, 4.462893945
4.472747161, 4.472909222
4.482747161, 4.482898665
4.492747156, 4.492859979
4.502747151, 4.502899456
4.512747151, 4.512877895
4.522747164, 4.522891996
4.532747156, 4.532902348
4.542747158, 4.542876814
4.552747161, 4.552904311
4.562747161, 4.562893503
4.572747159, 4.572878514
4.582747177, 4.582900473
4.592747167, 4.592901998
4.602747164, 4.602885468
4.612747161, 4.612924427
4.622747161, 4.622897711
4.632747169, 4.632893765
4.642747175, 4.642915256
4.652747153, 4.652906009
4.662747154, 4.662885031
4.672747164, 4.672895216
4.682747178, 4.682879823
4.692747161, 4.692913910
4.702747161, 4.702899164
4.712747156, 4.712895172
4.722747167, 4.722903973
4.732747154, 4.732892558
4.742747156, 4.742900809
4.752747156, 4.752894229
4.762747158, 4.762877022
4.772747159, 4.772891140
4.782747167, 4.782898990
4.792747161, 4.792893397
4.802747158, 4.802900558
4.812747158, 4.812882080
4.822747164, 4.822890675
4.832747161, 4.832882348
4.842747161, 4.842881617
4.852747154, 4.852891297
4.862747167, 4.862902437
4.872747165, 4.872882113
4.882747169, 4.882927249
4.892747154, 4.892906467
4.902747148, 4.902887130
4.912747158, 4.912886002
4.922747159, 4.922944379
4.932747154, 4.932883420
4.942747156, 4.942916331
4.952747167, 4.952931886
4.962747153, 4.962892369
4.972747154, 4.972843004
4.982747156, 4.982820256
4.992747159, 4.992828451
5.002747167, 5.002825286
5.012747150, 5.012814222
5.022747158, 5.022811987
5.032747169, 5.032840720
5.042747159, 5.042820205
5.052747159, 5.052828035
5.062747173, 5.062825624
5.072747151, 5.072819988
5.082747167, 5.082804597
5.092747161, 5.092845010
5.102747159, 5.102806266
5.112747154, 5.112834962
5.122747156, 5.122808382
5.132747154, 5.132801177
5.142747156, 5.142817864
5.152747161, 5.152816947
5.162747154, 5.162825240
5.172747154, 5.172823688
5.182747156, 5.182807446
5.192747154, 5.192816222
5.202747158, 5.202856537
5.212747161, 5.212811303
5.222747158, 5.222870264
5.232747158, 5.232796972
5.242747165, 5.242804733
5.252747151, 5.252823956
5.262747165, 5.262814150
5.272747161, 5.272819854
5.282747158, 5.282813216
5.292747161, 5.292822744
5.302747165, 5.302817024
5.312747167, 5.312834004
5.322747158, 5.322833548
5.332747162, 5.332833439
5.342747167, 5.342816972
5.352747159, 5.352814965
5.362747153, 5.362812450
5.372747156, 5.372810351
5.382747162, 5.382803295
5.392747169, 5.392809448
5.402747162, 5.402825321
5.412747167, 5.412810894
5.422747158, 5.422808098
5.432747167, 5.432807012
5.442747151, 5.442841064
5.452747170, 5.452814694
5.462747159, 5.462809999
5.472747164, 5.472812785
5.482747165, 5.482810947
5.492747177, 5.492817318
5.502747165, 5.502806961
5.512747161, 5.512805782
5.522747153, 5.522818239
5.532747175, 5.532797923
5.542747159, 5.542821032
5.552747161, 5.552806486
5.562747158, 5.562836175
5.572747156, 5.572824274
5.582747162, 5.582800806
5.592747167, 5.592813909
5.602747156, 5.602815826
5.612747169, 5.612810828
5.622747164, 5.622800037
5.632747161, 5.632814998
5.642747158, 5.642810645
5.652747162, 5.652812415
5.662747172, 5.662821150
5.672747162, 5.672815763
5.682747161, 5.682825422
5.692747158, 5.692812462
5.702747169, 5.702805808
5.712747154, 5.712811390
5.722747167, 5.722817204
5.732747159, 5.732810107
5.742747158, 5.742810564
5.752747154, 5.752816491
5.762747162, 5.762807177
5.772747156, 5.772821967
5.782747154, 5.782819947
5.792747154, 5.792809846
5.802747153, 5.802818212
5.812747170, 5.812821580
5.822747156, 5.822806783
5.832747154, 5.832800579
5.842747156, 5.842814187
5.852747162, 5.852803781
5.862747158, 5.862803473
5.872747154, 5.872817953
5.882747165, 5.882810309
5.892749177, 5.892834378
5.902747164, 5.902814766
5.912747154, 5.912823712
5.922747159, 5.922824716
5.932747159, 5.932813538
5.942747169, 5.942846788
5.952747169, 5.952824651
5.962747162, 5.962812799
5.972747164, 5.972810894
5.982747164, 5.982807471
5.992747158, 5.992808752
6.002747156, 6.002809360
6.012747156, 6.012795346
6.022747158, 6.022813145
6.032747150, 6.032799026
6.042747164, 6.042884283
6.052747159, 6.052894599
6.062747173, 6.062939630
6.072747159, 6.072885487
6.082747165, 6.082901049
6.092747154, 6.092890959
6.102747156, 6.102896317
6.112747153, 6.112933168
6.122747161, 6.122899525
6.132747162, 6.132913828
6.142747159, 6.142897311
6.152747151, 6.152843605
6.162747154, 6.162856788
6.172747162, 6.172841891
6.182747161, 6.182863610
6.192747161, 6.192893983
6.202747159, 6.202850786
6.212747150, 6.212884819
6.222747150, 6.222866787
6.232747162, 6.232910403
6.242747167, 6.242900394
6.252747163, 6.252855915
6.262747161, 6.262877364
6.272747163, 6.272863544
6.282747161, 6.282852613
6.292747158, 6.292858590
6.302747156, 6.302919977
6.312747161, 6.312839343
6.322747160, 6.322867986
6.332747164, 6.332848219
6.342747161, 6.342908359
6.352747175, 6.352856218
6.362747155, 6.362895231
6.372747153, 6.372857063
6.382747158, 6.382860746
6.392747155, 6.392871062
6.402747167, 6.402817161
6.412747155, 6.412813347
6.422747161, 6.422866500
6.432747167, 6.432891318
6.442747158, 6.442863318
6.452747163, 6.452907601
6.462747156, 6.462893356
6.472747167, 6.472888755
6.482747167, 6.482893756
6.492747166, 6.492890217
6.502747163, 6.502876036
6.512747158, 6.512898970
6.522747156, 6.522895049
6.532747166, 6.532901209
6.542747158, 6.542905534
6.552747167, 6.552885074
6.562747166, 6.562890356
6.572747152, 6.572877108
6.582747152, 6.582902564
6.592747161, 6.592881119
6.602747156, 6.602897124
6.612747161, 6.612887725
6.622747158, 6.622889770
6.632747156, 6.632884862
6.642747150, 6.642892740
6.652747167, 6.652919810
6.662747167, 6.662889652
6.672747156, 6.672905548
6.682747161, 6.682893805
6.692747163, 6.692901529
6.702747158, 6.702891837
6.712747167, 6.712907950
6.722747156, 6.722900541
6.732747156, 6.732880196
6.742747163, 6.742898261
6.752747155, 6.752924606
6.762747158, 6.762891198
6.772747158, 6.772899363
6.782747156, 6.782881996
6.792747155, 6.792902684
6.802747158, 6.802888562
6.812747156, 6.812882216
6.822747158, 6.822887288
6.832747174, 6.832947835
6.842747166, 6.842898703
6.852747158, 6.852901274
6.862747160, 6.862887929
6.872747164, 6.872871076
6.882747160, 6.882908250
6.892747167, 6.892872750
6.902747163, 6.902883111
6.912747160, 6.912884506
6.922747160, 6.922901395
6.932747161, 6.932909042
6.942747161, 6.942901117
6.952747164, 6.952927189
6.962747163, 6.962893081
6.972747158, 6.972901934
6.982747164, 6.982890037
6.992747156, 6.992899011
7.002747153, 7.002890879
7.012747166, 7.012892079
7.022747167, 7.022906064
7.032747163, 7.032892355
7.042747166, 7.042898398
7.052747153, 7.052889919
7.062747161, 7.062895677
7.072747156, 7.072885464
7.082747163, 7.082880361
7.092747156, 7.092891742
7.102747164, 7.102896697
7.112747158, 7.112896255
7.122747150, 7.122888810
7.132747156, 7.132893847
7.142747160, 7.142890618
7.152747156, 7.152887728
7.162747153, 7.162886991
7.172747158, 7.172886148
7.182747158, 7.182890594
7.192747158, 7.192899661
7.202747160, 7.202943163
7.212747160, 7.212890253
7.222747156, 7.222902030
7.232747169, 7.232885775
7.242747160, 7.242820960
7.252747172, 7.252820492
7.262747163, 7.262884180
7.272747161, 7.272876277
7.282747167, 7.282862214
7.292747161, 7.292899983
7.302747155, 7.302833349
7.312747174, 7.312877703
7.322747161, 7.322917880
7.332747150, 7.332868087
7.342747163, 7.342866740
7.352747161, 7.352877921
7.362747152, 7.362833294
7.372747172, 7.372817536
7.382747161, 7.382818288
7.392747163, 7.392815441
7.402747167, 7.402814105
7.412747152, 7.412804160
7.422747161, 7.422817042
7.432747163, 7.432794280
7.442747163, 7.442858465
7.452747164, 7.452871208
7.462747164, 7.462869809
7.472747153, 7.472856662
7.482747153, 7.482872360
7.492747153, 7.492862044
7.502747158, 7.502862470
7.512747161, 7.512866162
7.522747163, 7.522850633
7.532747164, 7.532857434
7.542747166, 7.542828272
7.552747153, 7.552867856
7.562747161, 7.562873721
7.572747155, 7.572860793
7.582747164, 7.582863329
7.592747163, 7.592854668
7.602747167, 7.602868653
7.612747166, 7.612861300
7.622747164, 7.622886822
7.632747161, 7.632887297
7.642747155, 7.642861608
7.652747156, 7.652887302
7.662747155, 7.662861415
7.672747155, 7.672875483
7.682747158, 7.682864976
7.692747161, 7.692878624
7.702747158, 7.702864136
7.712747158, 7.712857992
7.722747166, 7.722870542
7.732747174, 7.732861933
7.742747161, 7.742885530
7.752747153, 7.752857957
7.762747167, 7.762857474
7.772747158, 7.772877029
7.782747149, 7.782871276
7.792747161, 7.792880447
7.802747160, 7.802848093
7.812747169, 7.812860716
7.822747163, 7.822865345
7.832747166, 7.832836941
7.842747152, 7.842870743
7.852747155, 7.852856430
7.862747161, 7.862870695
7.872747167, 7.872860307
7.882747161, 7.882864478
7.892747156, 7.892849121
7.902747160, 7.902859484
7.912747155, 7.912873542
7.922747161, 7.922921244
7.932747174, 7.932906573
7.942747160, 7.942903134
7.952747161, 7.952913503
7.962747158, 7.962912687
7.972747161, 7.972908425
7.982747163, 7.982893086
7.992747160, 7.992940917
8.002747169, 8.002927257
8.012747171, 8.012916306
8.022747160, 8.022895204
8.032747174, 8.032891902
8.042747152, 8.042911848
8.052747167, 8.052909810
8.062747163, 8.062885240
8.072747161, 8.072894264
8.082747153, 8.082917565
8.092747167, 8.092934559
8.102747160, 8.102915304
8.112747159, 8.112874588
8.122747168, 8.122902896
8.132747152, 8.132943704
8.142747152, 8.142905269
8.152747159, 8.152865809
8.162747154, 8.162912053
8.172747154, 8.172921902
8.182747156, 8.182919465
8.192747156, 8.192895811
8.202747154, 8.202889943
8.212747159, 8.212871683
8.222747162, 8.222885525
8.232747157, 8.232893523
8.242747156, 8.242942882
8.252747164, 8.252891877
8.262747152, 8.262928028
8.272747164, 8.272919555
8.282747162, 8.282884123
8.292747162, 8.292874950
8.302747160, 8.302896033
8.312747148, 8.312898563
8.322747156, 8.322946648
8.332747162, 8.332955616
8.342747159, 8.342882378
8.352747201, 8.352908205
8.362747162, 8.362934761
8.372747149, 8.372892604
8.382747154, 8.382891607
8.392747175, 8.392883369
8.402747154, 8.402907990
8.412747159, 8.412923867
8.422747160, 8.422929478
8.432747157, 8.432882046
8.442747159, 8.442891456
8.452747165, 8.452880533
8.462747160, 8.462923304
8.472747173, 8.472926154
8.482747165, 8.482907339
8.492747163, 8.492902082
8.502747160, 8.502901109
8.512747166, 8.512899177
8.522747156, 8.522892522
8.532747164, 8.532920584
8.542747161, 8.542879157
8.552747155, 8.552921070
8.562747158, 8.562888963
8.572747167, 8.572886508
8.582747166, 8.582893075
8.592747163, 8.592895407
8.602747153, 8.602928700
8.612747161, 8.612899368
8.622747149, 8.622898603
8.632747163, 8.632902747
8.642747155, 8.642895483
8.652747153, 8.652953381
8.662747163, 8.662873346
8.672747166, 8.672960379
8.682747164, 8.682911222
8.692747167, 8.692904459
8.702747155, 8.702897391
8.712747167, 8.712972722
8.722747160, 8.722894261
8.732747150, 8.732880986
8.742747153, 8.742891873
8.752747169, 8.752890850
8.762747167, 8.762912797
8.772747161, 8.772895586
8.782747155, 8.782881205
8.792747149, 8.792886006
8.802747166, 8.802880239
8.812747156, 8.812889723
8.822747166, 8.822896691
8.832747161, 8.832881764
8.842747156, 8.842899863
8.852747166, 8.852896120
8.862747161, 8.862897114
8.872747161, 8.872885717
8.882747166, 8.882901943
8.892747160, 8.892879809
8.902747160, 8.902919126
8.912747166, 8.912903186
8.922747164, 8.922937143
8.932747175, 8.932879154
8.942747166, 8.942900557
8.952747161, 8.952894869
8.962747160, 8.962867799
8.972747156, 8.972886610
8.982747161, 8.982907201
8.992747158, 8.992891273
9.002747156, 9.002887582
9.012747156, 9.012891564
9.022747163, 9.022891861
9.032747164, 9.032844391
9.042747166, 9.042828662
9.052747167, 9.052817178
9.062747161, 9.062820848
9.072747160, 9.072826310
9.082747161, 9.082820298
9.092747156, 9.092823998
9.102747156, 9.102821235
9.112747155, 9.112820303
9.122747153, 9.122828037
9.132747155, 9.132819019
9.142747161, 9.142812616
9.152747161, 9.152817574
9.162747164, 9.162816879
9.172747163, 9.172871646
9.182747161, 9.182860540
9.192747164, 9.192886952
9.202747160, 9.202884924
9.212747160, 9.212897168
9.222747156, 9.222883956
9.232747161, 9.232885513
9.242747167, 9.242883140
9.252747158, 9.252884196
9.262747167, 9.262880470
9.272747156, 9.272877840
9.282747155, 9.282877627
9.292747163, 9.292881150
9.302747158, 9.302899688
9.312747161, 9.312893948
9.322747158, 9.322891090
9.332747158, 9.332921561
9.342747158, 9.342880713
9.352747155, 9.352888212
9.362747160, 9.362889189
9.372747161, 9.372877793
9.382747164, 9.382866424
9.392747150, 9.392879239
9.402747156, 9.402876508
9.412747156, 9.412880211
9.422747156, 9.422879648
9.432747156, 9.432882950
9.442747155, 9.442876512
9.452747155, 9.452892256
9.462747149, 9.462878756
9.472747164, 9.472887348
9.482747202, 9.482891981
9.492747164, 9.492826223
9.502747166, 9.502824268
9.512747147, 9.512832042
9.522747158, 9.522828443
9.532747167, 9.532816286
9.542747158, 9.542825676
9.552747161, 9.552826979
9.562747163, 9.562840758
9.572747160, 9.572814925
9.582747164, 9.582829322
9.592747163, 9.592853035
9.602747163, 9.602809308
9.612747160, 9.612826848
9.622747160, 9.622810360
9.632747167, 9.632870637
9.642747152, 9.642808244
9.652747161, 9.652814542
9.662747152, 9.662827546
9.672747155, 9.672820919
9.682747164, 9.682824945
9.692747158, 9.692831765
9.702747152, 9.702822553
9.712747169, 9.712814884
9.722747164, 9.722811463
9.732747161, 9.732854265
9.742747160, 9.742818177
9.752747164, 9.752823821
9.762747160, 9.762824143
9.772747169, 9.772853262
9.782747169, 9.782815372
9.792747161, 9.792812753
9.802747163, 9.802814674
9.812747156, 9.812821996
9.822747153, 9.822815146
9.832747163, 9.832844461
9.842747161, 9.842827317
9.852747163, 9.852829460
9.862747160, 9.862816764
9.872747152, 9.872821315
9.882747152, 9.882866749
9.892748418, 9.892823469
9.902747229, 9.902877223
9.912747306, 9.912868094
9.922747499, 9.922861145
9.932747267, 9.932910427
9.942747190, 9.942858835
9.952747156, 9.952847602
9.962747158, 9.962877896
9.972747161, 9.972881055
9.982747153, 9.982879729
9.992747152, 9.992881259
10.002747163, 10.002880380
10.012747167, 10.012878793
10.022747156, 10.022879609
10.032747167, 10.032881838
10.042747161, 10.042883979
10.052747166, 10.052875207
10.062747158, 10.062879718
10.072747161, 10.072877276
10.082747161, 10.082919027
10.092747163, 10.092916245
10.102747167, 10.102916564
10.112747156, 10.112954247
10.122747180, 10.122961794
10.132747183, 10.132960262
10.142747167, 10.142929786
10.152747163, 10.152957159
10.162747167, 10.162959477
10.172747177, 10.172966826
10.182747160, 10.182968030
10.192747177, 10.192967598
10.202747169, 10.202960541
10.212747183, 10.212970003
10.222747179, 10.222970753
10.232747180, 10.232972847
10.242747161, 10.242831046
10.252747179, 10.252929884
10.262747163, 10.262970592
10.272747175, 10.272964900
10.282747183, 10.282967786
10.292747180, 10.292971435
10.302747164, 10.302958515
10.312747177, 10.312968302
10.322747167, 10.322969895
10.332747160, 10.332967368
10.342747177, 10.342972160
10.352747183, 10.352954184
10.362747161, 10.362965436
10.372747183, 10.372958166
10.382747167, 10.382959852
10.392747179, 10.392959236
10.402747160, 10.402969765
10.412747182, 10.412958100
10.422747160, 10.422961621
10.432747180, 10.432970043
10.442747166, 10.442967861
10.452747175, 10.452955729
10.462747163, 10.462957510
10.472747182, 10.472964071
10.482747185, 10.482962555
10.492747182, 10.492965250
10.502747169, 10.502960906
10.512747177, 10.512968007
10.522747161, 10.522963898
10.532747163, 10.532929159
10.542747156, 10.542920710
10.552747156, 10.552915255
10.562747169, 10.562914781
10.572747156, 10.572915092
10.582747153, 10.582925569
10.592747160, 10.592924802
10.602747155, 10.602923048
10.612747158, 10.612921619
10.622747156, 10.622916019
10.632747160, 10.632914463
10.642747155, 10.642914771
10.652747153, 10.652924125
10.662747160, 10.662925491
10.672747161, 10.672921947
10.682747164, 10.682922905
10.692747158, 10.692914991
10.702747156, 10.702915799
10.712747155, 10.712928346
10.722747153, 10.722915793
10.732747158, 10.732923785
10.742747153, 10.742924498
10.752747167, 10.752916211
10.762747152, 10.762921442
10.772747150, 10.772922524
10.782747153, 10.782915457
10.792747156, 10.792921033
10.802747156, 10.802924909
10.812747167, 10.812923050
10.822747156, 10.822918168
10.832747164, 10.832916819
10.842747150, 10.842925148
10.852747158, 10.852917136
10.862747161, 10.862922082
10.872747164, 10.872917843
10.882747166, 10.882922101
10.892747158, 10.892924285
10.902747161, 10.902915783
10.912747156, 10.912915433
10.922747167, 10.922926000
10.932747161, 10.932915348
10.942747164, 10.942913814
10.952747149, 10.952925008
10.962747155, 10.962914621
10.972747163, 10.972921885
10.982747167, 10.982923258
10.992747152, 10.992923459
11.002747153, 11.002918670
11.012747155, 11.012917620
11.022747161, 11.022924267
11.032747161, 11.032923790
11.042747161, 11.042924281
11.052747158, 11.052923740
11.062747158, 11.062922533
11.072747156, 11.072923799
11.082747161, 11.082920529
11.092747164, 11.092917068
11.102747164, 11.102895252
11.112747161, 11.112921535
11.122747166, 11.122923978
11.132747163, 11.132921722
11.142747158, 11.142915140
11.152747172, 11.152923376
11.162747163, 11.162921194
11.172747158, 11.172922115
11.182747164, 11.182920069
11.192747163, 11.192920357
11.202747155, 11.202918360
11.212747166, 11.212914776
11.222747169, 11.222923368
11.232747161, 11.232925004
11.242747163, 11.242917269
11.252747163, 11.252923953
11.262747163, 11.262914606
11.272747169, 11.272921322
11.282747164, 11.282915412
11.292747167, 11.292917176
11.302747166, 11.302918267
11.312747164, 11.312924108
11.322747155, 11.322922142
11.332747167, 11.332923950
11.342747161, 11.342920861
11.352747155, 11.352922104
11.362747158, 11.362916140
11.372747150, 11.372921404
11.382747156, 11.382921882
11.392747161, 11.392917078
11.402747161, 11.402924194
11.412747160, 11.412920765
11.422747160, 11.422922826
11.432747149, 11.432921914
11.442747153, 11.442919143
11.452747160, 11.452921849
11.462747161, 11.462922845
11.472747169, 11.472915103
11.482747164, 11.482924174
11.492747163, 11.492915492
11.502747156, 11.502925394
11.512747164, 11.512921254
11.522747156, 11.522923260
11.532747161, 11.532918511
11.542747161, 11.542923175
11.552747158, 11.552926311
11.562747152, 11.562914148
11.572747158, 11.572921540
11.582747152, 11.582918005
11.592747150, 11.592917021
11.602747161, 11.602922130
11.612747149, 11.612922324
11.622747153, 11.622922754
11.632747156, 11.632921430
11.642747160, 11.642922054
11.652747158, 11.652915374
11.662747153, 11.662922481
11.672747160, 11.672914688
11.682747156, 11.682915354
11.692747152, 11.692915005
11.702747158, 11.702924812
11.712747161, 11.712919250
11.722747156, 11.722924711
11.732747160, 11.732924600
11.742747158, 11.742917503
11.752747156, 11.752917436
11.762747169, 11.762917335
11.772747155, 11.772922055
11.782747160, 11.782921939
11.792747161, 11.792922225
11.802747160, 11.802922116
11.812747161, 11.812811490
11.822747153, 11.822809745
11.832747166, 11.832924819
11.842747161, 11.842922842
11.852747153, 11.852915038
11.862747161, 11.862925092
11.872747155, 11.872921595
11.882747166, 11.882917383
11.892747161, 11.892917409
11.902747160, 11.902911203
11.912747155, 11.912917816
11.922747160, 11.922918437
11.932747160, 11.932922115
11.942747164, 11.942915698
11.952747156, 11.952922772
11.962747161, 11.962922006
11.972747160, 11.972919274
11.982747161, 11.982923300
11.992747158, 11.992923781
12.002747160, 12.002922922
12.012747161, 12.012922078
12.022747160, 12.022924811
12.032747152, 12.032924282
12.042747152, 12.042922491
12.052747160, 12.052924231
------------------------------
