------------------------------
test was performed using the following parameters: --mps=100 --burst=1 --reply-every=1 --msg-size=12 --time=10
------------------------------
sockperf: [Total Run] RunTime=10.100 sec; SentMessages=1011; ReceivedMessages=1010
sockperf: ========= Printing statistics for Server No: 0
sockperf: [Valid Duration] RunTime=9.990 sec; SentMessages=1000; ReceivedMessages=1000
sockperf: [2;35m====> avg-lat= 86.342 (std-dev=15.315)[0m
sockperf: # dropped messages = 0; # duplicated messages = 0; # out-of-order messages = 0
sockperf: [2;35mTotal 1000 observations[0m; each percentile contains 10.00 observations
sockperf: ---> <MAX> observation =  158.034
sockperf: ---> percentile  99.99 =  158.034
sockperf: ---> percentile  99.90 =  150.415
sockperf: ---> percentile  99.50 =  133.000
sockperf: ---> percentile  99.00 =  127.792
sockperf: ---> percentile  95.00 =  110.596
sockperf: ---> percentile  90.00 =  103.855
sockperf: ---> percentile  75.00 =   93.883
sockperf: ---> percentile  50.00 =   86.803
sockperf: ---> percentile  25.00 =   78.689
sockperf: ---> <MIN> observation =   33.156
------------------------------
txTime, rxTime
2.062764047, 2.062959796
2.072764035, 2.073010811
2.082764036, 2.082920521
2.092764031, 2.092949124
2.102764034, 2.102986119
2.112764037, 2.112981516
2.122764035, 2.123049529
2.132764052, 2.132990229
2.142764053, 2.143019638
2.152764042, 2.152998654
2.162765740, 2.162937291
2.172764037, 2.172949232
2.182764137, 2.182946462
2.192764058, 2.193031286
2.202764054, 2.203023199
2.212764041, 2.213013867
2.222764102, 2.222985960
2.232764058, 2.233021414
2.242764053, 2.242960254
2.252764032, 2.253016727
2.262765392, 2.262934086
2.272764036, 2.273023515
2.282764832, 2.282941051
2.292764029, 2.292916020
2.302764166, 2.302967172
2.312764034, 2.312941468
2.322764031, 2.322929822
2.332764108, 2.332929126
2.342764039, 2.342949394
2.352764051, 2.352961284
2.362764039, 2.362934617
2.372764102, 2.372930524
2.382764056, 2.382947091
2.392764042, 2.392937219
2.402764038, 2.402957104
2.412764037, 2.412934272
2.422764039, 2.422920947
2.432764100, 2.432952609
2.442764036, 2.442926441
2.452764040, 2.452926834
2.462764120, 2.462948644
2.472764034, 2.472940441
2.482764153, 2.482931068
2.492764039, 2.492948556
2.502764039, 2.502912050
2.512764045, 2.512931744
2.522764043, 2.522917336
2.532764034, 2.532939084
2.542764031, 2.542940779
2.552764035, 2.552920569
2.562764035, 2.562936371
2.572764073, 2.572966556
2.582764035, 2.582956223
2.592764039, 2.592985542
2.602764027, 2.602947371
2.612764040, 2.612925152
2.622764090, 2.622925728
2.632764032, 2.632939643
2.642764036, 2.642959763
2.652764031, 2.652933934
2.662764033, 2.662980906
2.672764028, 2.672945097
2.682764039, 2.682971033
2.692764039, 2.692972981
2.702764042, 2.702941371
2.712764037, 2.712931975
2.722764032, 2.722931809
2.732764055, 2.732946084
2.742764038, 2.742980600
2.752764037, 2.752947611
2.762764039, 2.762978975
2.772764053, 2.772929369
2.782764084, 2.782901324
2.792764039, 2.793007151
2.802764033, 2.802943549
2.812764034, 2.812930588
2.822764036, 2.822923238
2.832764031, 2.832932995
2.842764035, 2.842943603
2.852764050, 2.852960729
2.862764044, 2.862964430
2.872764050, 2.872917286
2.882764041, 2.882956218
2.892764037, 2.892932707
2.902764055, 2.902908251
2.912764035, 2.912925452
2.922764041, 2.922932013
2.932764043, 2.932954051
2.942764041, 2.942978772
2.952764043, 2.952960551
2.962764049, 2.962967196
2.972764048, 2.972933018
2.982764044, 2.982976631
2.992764039, 2.992957633
3.002764050, 3.002991835
3.012764042, 3.012953522
3.022764038, 3.022935632
3.032764054, 3.032944631
3.042764041, 3.042924319
3.052764042, 3.052919854
3.062764035, 3.062949939
3.072764103, 3.072960921
3.082764041, 3.082940247
3.092764035, 3.092985542
3.102764054, 3.102926397
3.112764043, 3.112954234
3.122764044, 3.122962107
3.132764035, 3.132924780
3.142764046, 3.142945385
3.152764039, 3.152979923
3.162764046, 3.162948486
3.172764050, 3.172920438
3.182764038, 3.182932954
3.192764040, 3.192911449
3.202764036, 3.202941094
3.212764054, 3.212903780
3.222764036, 3.222926729
3.232764037, 3.232941544
3.242764041, 3.242912853
3.252764032, 3.252931885
3.262764038, 3.262989782
3.272764099, 3.272926948
3.282764039, 3.282966053
3.292764073, 3.292946643
3.302764071, 3.302905464
3.312764043, 3.313002322
3.322764052, 3.322929428
3.332764041, 3.332932582
3.342764041, 3.342937004
3.352764044, 3.352945115
3.362764041, 3.362924183
3.372764033, 3.372934644
3.382764033, 3.382993915
3.392764038, 3.392990590
3.402764059, 3.402967434
3.412764043, 3.412938088
3.422764054, 3.422963688
3.432764039, 3.433080108
3.442764052, 3.442924109
3.452764043, 3.453064874
3.462764057, 3.462968457
3.472764045, 3.472942751
3.482764043, 3.482933783
3.492764043, 3.492912968
3.502764039, 3.502970480
3.512764040, 3.512951543
3.522764041, 3.522953619
3.532764108, 3.532982098
3.542764035, 3.542956955
3.552764046, 3.552945042
3.562764036, 3.562966667
3.572764102, 3.572940852
3.582764033, 3.582933689
3.592764055, 3.592955479
3.602764037, 3.602944847
3.612764031, 3.612949826
3.622764040, 3.622917147
3.632764036, 3.632982683
3.642764106, 3.642938216
3.652764041, 3.652948547
3.662764037, 3.662961819
3.672764074, 3.672932341
3.682764047, 3.682907241
3.692764039, 3.692994079
3.702764033, 3.702986994
3.712764046, 3.712987870
3.722764036, 3.722935013
3.732764101, 3.732928946
3.742764036, 3.742926844
3.752764049, 3.752911226
3.762764041, 3.762943602
3.772764033, 3.772928929
3.782764072, 3.782938256
3.792764086, 3.792951218
3.802764055, 3.802945181
3.812764035, 3.812971959
3.822764039, 3.822984949
3.832764050, 3.832947942
3.842764035, 3.842956319
3.852764032, 3.852928819
3.862764106, 3.862993815
3.872764043, 3.872918128
3.882764036, 3.882921583
3.892764106, 3.892956381
3.902764041, 3.902950258
3.912764095, 3.912923534
3.922764085, 3.922934115
3.932764048, 3.932956642
3.942764043, 3.942938050
3.952764040, 3.952945280
3.962764044, 3.962926631
3.972764035, 3.972927347
3.982764082, 3.982908426
3.992764040, 3.992918534
4.002764039, 4.002929013
4.012764046, 4.012917162
4.022764041, 4.022935481
4.032764031, 4.032949223
4.042765503, 4.042961722
4.052764095, 4.052938025
4.062764036, 4.062953226
4.072764097, 4.072972712
4.082764039, 4.082922478
4.092764034, 4.092940346
4.102764055, 4.102958886
4.112764040, 4.112955608
4.122764036, 4.122943806
4.132764050, 4.132946326
4.142764039, 4.142934765
4.152764034, 4.152943493
4.162764052, 4.162935999
4.172764046, 4.172929261
4.182764043, 4.182985600
4.192764031, 4.192894899
4.202764050, 4.202924360
4.212764037, 4.212968372
4.222764036, 4.222920857
4.232764040, 4.232936439
4.242764879, 4.242930993
4.252764035, 4.252939340
4.262764037, 4.262955096
4.272764057, 4.272981818
4.282764034, 4.282946223
4.292764050, 4.292941713
4.302764040, 4.302944071
4.312764038, 4.312938171
4.322764056, 4.322948616
4.332764047, 4.332969247
4.342764043, 4.342971007
4.352764030, 4.352909097
4.362764042, 4.362942083
4.372764041, 4.372938443
4.382764051, 4.382967751
4.392764050, 4.392957538
4.402764039, 4.402951228
4.412764035, 4.412956076
4.422764043, 4.422912543
4.432764035, 4.432939212
4.442764039, 4.442935246
4.452764047, 4.452955413
4.462764031, 4.462977627
4.472764046, 4.472979207
4.482764035, 4.482946565
4.492764054, 4.492935970
4.502764037, 4.503004266
4.512764043, 4.512942418
4.522764029, 4.522947167
4.532764041, 4.532983544
4.542764035, 4.542924606
4.552764260, 4.552937150
4.562764050, 4.562916562
4.572764033, 4.572957337
4.582764043, 4.582935759
4.592764036, 4.592939810
4.602764040, 4.602937021
4.612764039, 4.612954017
4.622764039, 4.622934207
4.632764038, 4.632933496
4.642764034, 4.642964172
4.652764039, 4.652975746
4.662764054, 4.662964033
4.672764041, 4.672940592
4.682764042, 4.682949079
4.692764046, 4.692929983
4.702765741, 4.702901485
4.712764030, 4.712958106
4.722764042, 4.722934525
4.732764073, 4.732945625
4.742764040, 4.742981388
4.752764050, 4.752926877
4.762765256, 4.762943586
4.772764036, 4.772960678
4.782764051, 4.782964958
4.792764036, 4.792938801
4.802764043, 4.802918480
4.812764052, 4.812973870
4.822764043, 4.822955260
4.832764039, 4.832960359
4.842764050, 4.842951817
4.852764036, 4.852951762
4.862764051, 4.862927851
4.872764031, 4.872926086
4.882764058, 4.882955497
4.892764038, 4.892944753
4.902764055, 4.902941504
4.912764037, 4.912939326
4.922765802, 4.922928788
4.932764041, 4.932987824
4.942764038, 4.942913915
4.952764099, 4.952963793
4.962764035, 4.962937825
4.972764040, 4.972972751
4.982764035, 4.982903611
4.992764040, 4.992929434
5.002764036, 5.002924457
5.012764165, 5.012924004
5.022764038, 5.022898332
5.032764042, 5.032936525
5.042765716, 5.042909921
5.052764039, 5.052930798
5.062764039, 5.062925188
5.072764043, 5.072904336
5.082764050, 5.082919076
5.092764035, 5.092935240
5.102764039, 5.102919179
5.112764039, 5.112935417
5.122764027, 5.122933583
5.132764032, 5.132957471
5.142764052, 5.142941986
5.152764037, 5.152926493
5.162764033, 5.162950946
5.172764031, 5.172908088
5.182764055, 5.182944304
5.192764037, 5.192967717
5.202764039, 5.202969209
5.212764040, 5.212916142
5.222764044, 5.222912959
5.232764034, 5.232941863
5.242764030, 5.242920067
5.252764078, 5.252934959
5.262764033, 5.262958002
5.272764037, 5.272949084
5.282764039, 5.282951216
5.292764046, 5.292974854
5.302764029, 5.302943867
5.312764030, 5.312905427
5.322764038, 5.322921964
5.332764039, 5.332948495
5.342764033, 5.342922284
5.352764051, 5.352927071
5.362764035, 5.362953739
5.372764048, 5.372964173
5.382764044, 5.382965960
5.392764046, 5.392929190
5.402764037, 5.402940810
5.412764035, 5.412956518
5.422764076, 5.422963051
5.432764038, 5.432978258
5.442764056, 5.442928871
5.452764041, 5.452962181
5.462764035, 5.462964055
5.472764043, 5.472997440
5.482764040, 5.482961658
5.492764036, 5.492948979
5.502764034, 5.502919593
5.512764031, 5.512936445
5.522764039, 5.523006846
5.532764043, 5.532930071
5.542764034, 5.542922838
5.552764050, 5.552957716
5.562764045, 5.562932693
5.572764033, 5.572969883
5.582764113, 5.582940771
5.592764036, 5.592955331
5.602764032, 5.602910074
5.612764035, 5.612922947
5.622765564, 5.622953146
5.632764039, 5.632999448
5.642764035, 5.642958535
5.652764049, 5.652946978
5.662764037, 5.662919650
5.672764035, 5.672952747
5.682764087, 5.682950123
5.692764039, 5.692976393
5.702764042, 5.702923035
5.712764043, 5.712980553
5.722764031, 5.722948105
5.732764039, 5.732936903
5.742764050, 5.743003982
5.752764043, 5.752946351
5.762764040, 5.762925839
5.772764031, 5.772922688
5.782764035, 5.782918938
5.792764038, 5.792962666
5.802764037, 5.802945313
5.812764031, 5.812976256
5.822764037, 5.822918469
5.832764046, 5.832964708
5.842764050, 5.842968810
5.852764038, 5.852935594
5.862764037, 5.862971747
5.872764038, 5.872926320
5.882764040, 5.882967822
5.892764038, 5.892938354
5.902764032, 5.902976841
5.912764033, 5.912906761
5.922764034, 5.922982002
5.932764031, 5.932955247
5.942764037, 5.942946084
5.952764036, 5.952930322
5.962764037, 5.962929977
5.972764038, 5.972969811
5.982764039, 5.982951149
5.992764076, 5.992944439
6.002764061, 6.002905200
6.012764049, 6.012902178
6.022764080, 6.022969822
6.032764042, 6.032954626
6.042764031, 6.042933307
6.052764039, 6.052951984
6.062764037, 6.062904736
6.072764052, 6.072905460
6.082764039, 6.082951053
6.092764043, 6.092946553
6.102765715, 6.102936234
6.112764052, 6.112959662
6.122764047, 6.122929702
6.132764035, 6.132977665
6.142764035, 6.142922147
6.152764048, 6.152938743
6.162764037, 6.162985365
6.172764038, 6.172948644
6.182764039, 6.182936549
6.192764051, 6.192960112
6.202764041, 6.202927595
6.212764037, 6.212927523
6.222764055, 6.222950985
6.232764035, 6.232936768
6.242764037, 6.242938294
6.252764041, 6.252958975
6.262764034, 6.262951047
6.272764035, 6.272931671
6.282764039, 6.282934486
6.292764043, 6.292937842
6.302764045, 6.302939983
6.312764027, 6.312926104
6.322764052, 6.322958229
6.332764035, 6.332949062
6.342764033, 6.342977505
6.352764069, 6.352940621
6.362764046, 6.362936292
6.372764037, 6.372989850
6.382764052, 6.382973453
6.392764037, 6.392963351
6.402764058, 6.402975534
6.412764039, 6.413002942
6.422764033, 6.422915407
6.432764033, 6.432937130
6.442764033, 6.442936793
6.452764039, 6.452960297
6.462764043, 6.462932457
6.472764040, 6.472921611
6.482764036, 6.482926659
6.492765725, 6.492961367
6.502764036, 6.502932776
6.512764032, 6.512918813
6.522764044, 6.522950818
6.532764039, 6.532987257
6.542764046, 6.542948281
6.552764034, 6.552946316
6.562764035, 6.562954191
6.572764040, 6.572933484
6.582765096, 6.582921252
6.592764034, 6.592912523
6.602764050, 6.602935673
6.612764035, 6.612954736
6.622764036, 6.622907571
6.632764029, 6.632952532
6.642764035, 6.642952345
6.652764045, 6.652997579
6.662764036, 6.662931023
6.672764031, 6.673000028
6.682764035, 6.682926989
6.692764032, 6.692931432
6.702764043, 6.702932909
6.712764054, 6.713010803
6.722764035, 6.722956657
6.732764203, 6.732944249
6.742764031, 6.742935784
6.752764050, 6.752967743
6.762764044, 6.762923874
6.772764043, 6.772941300
6.782764039, 6.782919546
6.792764037, 6.792900681
6.802764043, 6.802954577
6.812764042, 6.812973416
6.822764031, 6.822953049
6.832764042, 6.832986297
6.842764035, 6.842908014
6.852764035, 6.852934173
6.862764031, 6.862930326
6.872764032, 6.872947839
6.882764043, 6.882921073
6.892764037, 6.892928380
6.902764039, 6.902919141
6.912764034, 6.912933874
6.922764031, 6.922927240
6.932764048, 6.932947754
6.942764044, 6.942911875
6.952764037, 6.952932442
6.962764031, 6.962896808
6.972764043, 6.972916695
6.982764039, 6.982935949
6.992764048, 6.992934946
7.002764037, 7.002935059
7.012764038, 7.012981823
7.022764034, 7.022932570
7.032764041, 7.032941800
7.042764026, 7.042930284
7.052764035, 7.052967430
7.062764031, 7.062933134
7.072764038, 7.072932912
7.082764042, 7.082933361
7.092764033, 7.092948771
7.102764050, 7.102952021
7.112764048, 7.112936079
7.122764036, 7.122959378
7.132764051, 7.132959351
7.142764041, 7.142951996
7.152764037, 7.152922953
7.162764034, 7.162952940
7.172764035, 7.172940497
7.182764037, 7.182956773
7.192764035, 7.192929486
7.202764041, 7.202920080
7.212765139, 7.212952151
7.222764041, 7.222948915
7.232764048, 7.232955211
7.242764042, 7.242943733
7.252764033, 7.252944961
7.262764034, 7.262933036
7.272764038, 7.272935187
7.282764039, 7.282940302
7.292764051, 7.292936203
7.302764047, 7.302949570
7.312764035, 7.312919149
7.322764037, 7.322915191
7.332765235, 7.332923905
7.342764042, 7.342953908
7.352764938, 7.352934698
7.362764042, 7.362949190
7.372764043, 7.372928944
7.382764037, 7.382931527
7.392764033, 7.392961887
7.402764145, 7.402949283
7.412764045, 7.412954618
7.422764047, 7.422966173
7.432764035, 7.432946418
7.442764036, 7.442933766
7.452764043, 7.452908364
7.462764048, 7.462922631
7.472764037, 7.472945368
7.482764042, 7.482918264
7.492764052, 7.492965420
7.502764138, 7.502920162
7.512764048, 7.512949492
7.522764033, 7.522932943
7.532764046, 7.532974306
7.542764033, 7.542964205
7.552764070, 7.552946530
7.562764036, 7.562990473
7.572764065, 7.572934047
7.582764053, 7.582923503
7.592764048, 7.592957449
7.602764034, 7.603011670
7.612764074, 7.613003351
7.622764046, 7.622948352
7.632764053, 7.632943475
7.642764035, 7.642934521
7.652764046, 7.652938453
7.662764041, 7.662952007
7.672764029, 7.672970940
7.682764038, 7.682967599
7.692764042, 7.692955184
7.702764033, 7.702932253
7.712764043, 7.712913912
7.722764055, 7.722953966
7.732764035, 7.732949677
7.742764050, 7.742957846
7.752764035, 7.752945187
7.762764036, 7.762942022
7.772764039, 7.772938680
7.782764038, 7.782947131
7.792764059, 7.792912523
7.802764035, 7.802923573
7.812764059, 7.812932655
7.822764043, 7.822917031
7.832764042, 7.832966865
7.842764056, 7.842910531
7.852764043, 7.852972022
7.862764050, 7.862930401
7.872764035, 7.872946365
7.882764043, 7.882967453
7.892764051, 7.892961196
7.902764052, 7.902965437
7.912764048, 7.912962983
7.922764036, 7.922921816
7.932764041, 7.932978993
7.942764049, 7.942944917
7.952765135, 7.952984073
7.962764036, 7.962909974
7.972764037, 7.972950711
7.982764033, 7.982926151
7.992764052, 7.992916023
8.002764033, 8.002935000
8.012764048, 8.012951538
8.022764037, 8.022941911
8.032764038, 8.032908262
8.042764042, 8.042929222
8.052764049, 8.052924104
8.062764078, 8.062924261
8.072764043, 8.072940944
8.082764036, 8.082931568
8.092764043, 8.092962786
8.102764037, 8.102941688
8.112764049, 8.112939498
8.122764034, 8.122942445
8.132764108, 8.132985644
8.142764036, 8.142925786
8.152764051, 8.152955553
8.162764041, 8.162938219
8.172764108, 8.172935608
8.182764037, 8.182930236
8.192764045, 8.192921603
8.202764035, 8.202934306
8.212764037, 8.212912722
8.222764052, 8.222924152
8.232764037, 8.232925211
8.242764033, 8.242912162
8.252764041, 8.252958313
8.262764037, 8.262899201
8.272764044, 8.272924767
8.282764054, 8.282861589
8.292764036, 8.292849827
8.302764041, 8.302838447
8.312764042, 8.312870037
8.322764037, 8.322853629
8.332764033, 8.332884397
8.342764033, 8.342873241
8.352764045, 8.352893900
8.362764030, 8.362864004
8.372764044, 8.372832102
8.382764037, 8.382862181
8.392764039, 8.392862044
8.402764068, 8.402904367
8.412764042, 8.412857701
8.422764037, 8.422881072
8.432764034, 8.432846099
8.442764037, 8.442865759
8.452764077, 8.452841064
8.462764033, 8.462870753
8.472764033, 8.472840298
8.482764041, 8.482889314
8.492764052, 8.492832704
8.502764043, 8.502840840
8.512764034, 8.512888462
8.522764141, 8.522846611
8.532764053, 8.532830365
8.542764030, 8.542908005
8.552764031, 8.552847229
8.562764054, 8.562912465
8.572764036, 8.572884933
8.582764044, 8.582885684
8.592764033, 8.592859785
8.602764026, 8.602850637
8.612764025, 8.612861957
8.622764037, 8.622909922
8.632764039, 8.632849768
8.642764043, 8.642850686
8.652764033, 8.652879385
8.662764041, 8.662924609
8.672764052, 8.672860230
8.682764046, 8.682862637
8.692764033, 8.692867438
8.702764114, 8.702875177
8.712764044, 8.712869866
8.722764106, 8.722859561
8.732764107, 8.732851117
8.742764044, 8.742887260
8.752764042, 8.752855716
8.762764056, 8.762843616
8.772764036, 8.772862545
8.782764037, 8.782849881
8.792764029, 8.792898364
8.802764041, 8.802899493
8.812764134, 8.812893194
8.822764037, 8.822883046
8.832764033, 8.832918586
8.842764038, 8.842925018
8.852764050, 8.852925284
8.862764046, 8.862936804
8.872764052, 8.872881930
8.882764041, 8.882918576
8.892764034, 8.892958125
8.902764040, 8.902908836
8.912764048, 8.912906201
8.922764033, 8.922948019
8.932764050, 8.932931675
8.942764037, 8.942938194
8.952764039, 8.952969851
8.962764035, 8.962931393
8.972764029, 8.972985223
8.982764049, 8.982945316
8.992764036, 8.992960460
9.002764037, 9.002933182
9.012764036, 9.012939347
9.022764027, 9.022921405
9.032764048, 9.033030050
9.042764040, 9.042950828
9.052764036, 9.052957804
9.062764040, 9.062923088
9.072764036, 9.072929536
9.082764027, 9.082930735
9.092764108, 9.092976131
9.102764043, 9.102912295
9.112764034, 9.112932985
9.122764047, 9.122949242
9.132764041, 9.132979250
9.142764039, 9.142937647
9.152764041, 9.152942378
9.162765059, 9.162954610
9.172764048, 9.172943012
9.182764031, 9.182919958
9.192764032, 9.192946069
9.202764034, 9.202911751
9.212764032, 9.212948079
9.222764034, 9.222925827
9.232764037, 9.232914775
9.242764042, 9.242947433
9.252764046, 9.252938899
9.262764040, 9.262937147
9.272764041, 9.272941237
9.282764042, 9.282920272
9.292764036, 9.292945110
9.302764051, 9.302925356
9.312764036, 9.312927002
9.322764037, 9.322929518
9.332764047, 9.332963238
9.342764040, 9.342946673
9.352764054, 9.353019820
9.362764033, 9.362963119
9.372764034, 9.372878015
9.382764038, 9.382950852
9.392764028, 9.392938799
9.402764081, 9.402955281
9.412764045, 9.413049250
9.422764039, 9.422982009
9.432764037, 9.432979863
9.442764038, 9.442948788
9.452764035, 9.452973531
9.462764036, 9.462982032
9.472764035, 9.472973589
9.482764031, 9.482918926
9.492764038, 9.492925405
9.502764042, 9.502980411
9.512764051, 9.512930550
9.522764048, 9.522971615
9.532764040, 9.532937279
9.542764033, 9.542933942
9.552764101, 9.552938129
9.562764049, 9.562965243
9.572764031, 9.572934893
9.582764041, 9.582948521
9.592764043, 9.592962171
9.602764041, 9.602939903
9.612764043, 9.612950574
9.622764030, 9.622960928
9.632764037, 9.633002615
9.642764049, 9.642939930
9.652764035, 9.652939138
9.662764035, 9.662926535
9.672764056, 9.672973449
9.682764039, 9.682937535
9.692764051, 9.692920892
9.702764044, 9.702952552
9.712764039, 9.712916569
9.722764033, 9.722972727
9.732764043, 9.732982948
9.742764057, 9.742955034
9.752764035, 9.752962021
9.762764128, 9.762930196
9.772764045, 9.772954945
9.782764170, 9.782957393
9.792764029, 9.792962878
9.802764327, 9.802932216
9.812764042, 9.812943169
9.822764129, 9.822949274
9.832764034, 9.832928230
9.842764035, 9.842928856
9.852764039, 9.852937903
9.862764035, 9.862883781
9.872764035, 9.872853783
9.882764036, 9.882839820
9.892764042, 9.892877683
9.902764125, 9.902863742
9.912764043, 9.912844065
9.922764025, 9.922843658
9.932764031, 9.932910420
9.942764028, 9.942910586
9.952764034, 9.952911564
9.962764033, 9.962902351
9.972764037, 9.972940101
9.982764041, 9.982902676
9.992764037, 9.992940261
10.002764043, 10.002955274
10.012764032, 10.012930705
10.022764030, 10.022955886
10.032764031, 10.032928572
10.042764035, 10.042941210
10.052764035, 10.052940712
10.062764041, 10.062966294
10.072764031, 10.072903987
10.082764036, 10.082933273
10.092764029, 10.092937491
10.102764030, 10.102950972
10.112764032, 10.112890927
10.122764029, 10.122937593
10.132764032, 10.132928959
10.142764036, 10.142935741
10.152764031, 10.152936201
10.162764031, 10.162900764
10.172764028, 10.172926794
10.182764033, 10.182917890
10.192764037, 10.192894966
10.202764040, 10.202892342
10.212764041, 10.212900777
10.222764034, 10.222895008
10.232764039, 10.232897828
10.242764032, 10.242900228
10.252764035, 10.252903875
10.262764028, 10.262879611
10.272764028, 10.272923948
10.282764028, 10.282897050
10.292764033, 10.292897536
10.302764029, 10.302898783
10.312764033, 10.312893436
10.322764048, 10.322897470
10.332764036, 10.332902024
10.342764036, 10.342894308
10.352764031, 10.352895729
10.362764042, 10.362902777
10.372764037, 10.372894430
10.382764026, 10.382892389
10.392764037, 10.392895035
10.402764036, 10.402914120
10.412764029, 10.412923862
10.422764031, 10.422917003
10.432764032, 10.432916703
10.442764033, 10.442917075
10.452764029, 10.452925723
10.462764031, 10.462915956
10.472764034, 10.472920531
10.482764028, 10.482918573
10.492764032, 10.492925673
10.502764030, 10.502914076
10.512764032, 10.512920536
10.522764038, 10.522923517
10.532764035, 10.532917017
10.542764028, 10.542912377
10.552764031, 10.552907040
10.562764028, 10.562919192
10.572764046, 10.572930232
10.582764038, 10.582923012
10.592764037, 10.592916735
10.602764038, 10.602914595
10.612764040, 10.612922980
10.622764036, 10.622924173
10.632764028, 10.632919835
10.642764028, 10.642923533
10.652764037, 10.652924968
10.662764033, 10.662920101
10.672764037, 10.672919311
10.682764036, 10.682922109
10.692764035, 10.692922549
10.702764033, 10.702916462
10.712764035, 10.712917389
10.722764031, 10.722919399
10.732764034, 10.732922964
10.742764036, 10.742918717
10.752764031, 10.752923369
10.762764031, 10.762919535
10.772764035, 10.772919138
10.782764028, 10.782919428
10.792764035, 10.792895480
10.802764030, 10.802922118
10.812764034, 10.812925335
10.822764035, 10.822918731
10.832764039, 10.832915873
10.842764028, 10.842920106
10.852764031, 10.852916061
10.862764035, 10.862918104
10.872764031, 10.872921861
10.882764031, 10.882921641
10.892764035, 10.892925961
10.902764031, 10.902914157
10.912764035, 10.912896165
10.922764029, 10.922913552
10.932764035, 10.932918185
10.942764031, 10.942917325
10.952764037, 10.952891040
10.962764039, 10.962920962
10.972764037, 10.972887642
10.982764033, 10.982917548
10.992764031, 10.992918948
11.002764035, 11.002914751
11.012764029, 11.012916981
11.022764036, 11.022917871
11.032764032, 11.032910414
11.042764031, 11.042908034
11.052764029, 11.052925185
11.062764031, 11.062913424
11.072764035, 11.072916579
11.082764033, 11.082918524
11.092764040, 11.092918239
11.102764033, 11.102904192
11.112764037, 11.112920434
11.122764028, 11.122915669
11.132764032, 11.132920462
11.142764027, 11.142919215
11.152764035, 11.152919332
11.162764033, 11.162913643
11.172764029, 11.172917505
11.182764035, 11.182914228
11.192764034, 11.192917068
11.202764031, 11.202920878
11.212764037, 11.212921201
11.222764033, 11.222913183
11.232764034, 11.232914259
11.242764031, 11.242939203
11.252764029, 11.252935382
11.262764027, 11.262930864
11.272764031, 11.272942056
11.282764036, 11.282939079
11.292764031, 11.292946663
11.302764033, 11.302939966
11.312764037, 11.312938511
11.322764030, 11.322940456
11.332764029, 11.332938818
11.342764031, 11.342934844
11.352764032, 11.352943377
11.362764035, 11.362943344
11.372764031, 11.372945147
11.382764036, 11.382942159
11.392764032, 11.392939138
11.402764031, 11.402942298
11.412764034, 11.412935894
11.422764035, 11.422939635
11.432764032, 11.432943070
11.442764033, 11.442939381
11.452764032, 11.452949483
11.462764035, 11.462940652
11.472764029, 11.472941676
11.482764035, 11.482941871
11.492764035, 11.492938471
11.502764031, 11.502942474
11.512764029, 11.512939467
11.522764030, 11.522940356
11.532764032, 11.532945399
11.542764030, 11.542940743
11.552764034, 11.552941775
11.562764028, 11.562934502
11.572764034, 11.572940067
11.582764035, 11.582934393
11.592764028, 11.592940935
11.602764035, 11.602942290
11.612764037, 11.612945957
11.622764028, 11.622939894
11.632764031, 11.632940722
11.642764027, 11.642939635
11.652764029, 11.652942621
11.662764028, 11.662933906
11.672764031, 11.672938664
11.682764035, 11.682940206
11.692764029, 11.692945998
11.702764030, 11.702941244
11.712764032, 11.712935486
11.722764046, 11.722934353
11.732764034, 11.732938903
11.742764033, 11.742940489
11.752764034, 11.752939497
11.762764030, 11.762940472
11.772764045, 11.772943903
11.782764038, 11.782939786
11.792764034, 11.792940372
11.802764030, 11.802939360
11.812764035, 11.812939278
11.822764033, 11.822938811
11.832764029, 11.832941117
11.842764031, 11.842938836
11.852764031, 11.852946718
11.862764035, 11.862941056
11.872764031, 11.872935529
11.882764028, 11.882940937
11.892764024, 11.892940578
11.902764033, 11.902939279
11.912764035, 11.912939227
11.922764044, 11.922942437
11.932764029, 11.932945902
11.942764036, 11.942942822
11.952764034, 11.952933593
11.962764028, 11.962942698
11.972764035, 11.972944120
11.982764030, 11.982941289
11.992764029, 11.992940393
12.002764038, 12.002942300
12.012764043, 12.012953752
12.022764030, 12.022941116
12.032764034, 12.032941816
12.042764033, 12.042935553
12.052764035, 12.052939465
------------------------------
