------------------------------
test was performed using the following parameters: --mps=100 --burst=1 --reply-every=1 --msg-size=12 --time=10
------------------------------
sockperf: [Total Run] RunTime=10.100 sec; SentMessages=1011; ReceivedMessages=1010
sockperf: ========= Printing statistics for Server No: 0
sockperf: [Valid Duration] RunTime=9.980 sec; SentMessages=999; ReceivedMessages=999
sockperf: [2;35m====> avg-lat= 70.488 (std-dev=35.775)[0m
sockperf: # dropped messages = 0; # duplicated messages = 0; # out-of-order messages = 0
sockperf: [2;35mTotal 999 observations[0m; each percentile contains 9.99 observations
sockperf: ---> <MAX> observation =  156.071
sockperf: ---> percentile  99.99 =  156.071
sockperf: ---> percentile  99.90 =  156.056
sockperf: ---> percentile  99.50 =  154.855
sockperf: ---> percentile  99.00 =  154.387
sockperf: ---> percentile  95.00 =  151.056
sockperf: ---> percentile  90.00 =  132.213
sockperf: ---> percentile  75.00 =   88.860
sockperf: ---> percentile  50.00 =   53.696
sockperf: ---> percentile  25.00 =   43.777
sockperf: ---> <MIN> observation =   28.381
------------------------------
txTime, rxTime
2.062989125, 2.063167484
2.072989146, 2.073189337
2.082989134, 2.083212705
2.092989152, 2.093171486
2.102989149, 2.103222803
2.112989149, 2.113142836
2.122989131, 2.123097423
2.132989157, 2.133157032
2.142989137, 2.143125898
2.152989146, 2.153124464
2.162989136, 2.163163255
2.172989149, 2.173147319
2.182989144, 2.183165430
2.192989149, 2.193103060
2.202989130, 2.203161612
2.212989145, 2.213177537
2.222989137, 2.223071168
2.232989151, 2.233105762
2.242989155, 2.243143732
2.252989138, 2.253190407
2.262989147, 2.263140430
2.272989146, 2.273098618
2.282989137, 2.283128828
2.292989148, 2.293144650
2.302989131, 2.303129471
2.312989137, 2.313112488
2.322989134, 2.323098088
2.332989126, 2.333135890
2.342989141, 2.343172601
2.352989135, 2.353114684
2.362989153, 2.363100676
2.372989189, 2.373066539
2.382989136, 2.383086507
2.392989135, 2.393154230
2.402989155, 2.403079065
2.412989301, 2.413138055
2.422989150, 2.423108819
2.432989124, 2.433143775
2.442989130, 2.443105049
2.452989134, 2.453083417
2.462989130, 2.463072902
2.472989130, 2.473077148
2.482989126, 2.483088286
2.492989125, 2.493097011
2.502989126, 2.503063811
2.512989201, 2.513078117
2.522989139, 2.523076960
2.532989133, 2.533073324
2.542989128, 2.543076683
2.552989126, 2.553111504
2.562989122, 2.563075928
2.572989135, 2.573069021
2.582989131, 2.583064012
2.592989138, 2.593061553
2.602989125, 2.603080290
2.612989132, 2.613154419
2.622989131, 2.623053377
2.632989135, 2.633073180
2.642989204, 2.643076798
2.652989140, 2.653091154
2.662989199, 2.663089214
2.672989130, 2.673127840
2.682989122, 2.683069328
2.692989127, 2.693097847
2.702989125, 2.703053005
2.712989134, 2.713079112
2.722989131, 2.723088613
2.732989140, 2.733070557
2.742989130, 2.743098694
2.752989134, 2.753073835
2.762989133, 2.763116905
2.772989134, 2.773105572
2.782989128, 2.783125520
2.792989127, 2.793073355
2.802989131, 2.803116878
2.812989126, 2.813192710
2.822989141, 2.823079289
2.832989134, 2.833072209
2.842989133, 2.843120655
2.852989129, 2.853109368
2.862989126, 2.863076662
2.872989137, 2.873154228
2.882989133, 2.883169804
2.892989140, 2.893092591
2.902989131, 2.903166673
2.912989134, 2.913082911
2.922989134, 2.923157181
2.932989130, 2.933106144
2.942989131, 2.943124051
2.952989146, 2.953160799
2.962989130, 2.963115643
2.972989129, 2.973102609
2.982989126, 2.983139276
2.992989157, 2.993113874
3.002989131, 3.003150812
3.012989135, 3.013084261
3.022989130, 3.023098898
3.032989130, 3.033145969
3.042989134, 3.043086109
3.052989137, 3.053114520
3.062989133, 3.063108317
3.072989127, 3.073093068
3.082989131, 3.083177142
3.092989140, 3.093155822
3.102989123, 3.103090114
3.112989134, 3.113084657
3.122989130, 3.123115181
3.132989135, 3.133117233
3.142989134, 3.143109217
3.152989127, 3.153116345
3.162989133, 3.163091065
3.172989203, 3.173090966
3.182989384, 3.183153463
3.192989127, 3.193106750
3.202989205, 3.203113798
3.212989124, 3.213073611
3.222989123, 3.223096293
3.232989132, 3.233096786
3.242989126, 3.243069944
3.252989138, 3.253084096
3.262989133, 3.263078579
3.272989134, 3.273073554
3.282989128, 3.283057813
3.292989130, 3.293081477
3.302989136, 3.303086173
3.312989134, 3.313086012
3.322989137, 3.323096240
3.332989233, 3.333094377
3.342989133, 3.343080848
3.352989140, 3.353090841
3.362989133, 3.363060590
3.372989132, 3.373067482
3.382989134, 3.383066023
3.392989124, 3.393104197
3.402989126, 3.403074900
3.412989130, 3.413054408
3.422989139, 3.423058102
3.432989140, 3.433073189
3.442989133, 3.443083317
3.452989134, 3.453134829
3.462989128, 3.463077374
3.472989203, 3.473086564
3.482989134, 3.483091270
3.492989132, 3.493148877
3.502989133, 3.503069118
3.512989129, 3.513083492
3.522989137, 3.523107503
3.532989134, 3.533170753
3.542989133, 3.543146972
3.552989127, 3.553077700
3.562989139, 3.563075948
3.572989129, 3.573147557
3.582989136, 3.583096668
3.592989135, 3.593181210
3.602989130, 3.603101901
3.612989129, 3.613108587
3.622989126, 3.623116929
3.632989132, 3.633119535
3.642989134, 3.643095364
3.652989129, 3.653142797
3.662989139, 3.663101457
3.672989127, 3.673137837
3.682989136, 3.683073820
3.692989138, 3.693090807
3.702989196, 3.703073784
3.712989130, 3.713051849
3.722989139, 3.723080314
3.732989137, 3.733075848
3.742989128, 3.743082247
3.752989132, 3.753076263
3.762989126, 3.763080399
3.772989135, 3.773147034
3.782989133, 3.783080810
3.792989135, 3.793091361
3.802989126, 3.803087511
3.812989134, 3.813097214
3.822989131, 3.823074805
3.832989135, 3.833144652
3.842989125, 3.843142666
3.852989129, 3.853103904
3.862989126, 3.863079338
3.872989132, 3.873066479
3.882989147, 3.883072679
3.892989135, 3.893078966
3.902989134, 3.903142235
3.912989132, 3.913148228
3.922989133, 3.923121268
3.932989135, 3.933098469
3.942989122, 3.943077669
3.952989135, 3.953096803
3.962989128, 3.963098392
3.972989129, 3.973072624
3.982989131, 3.983086912
3.992989127, 3.993075223
4.002989131, 4.003072604
4.012989132, 4.013082020
4.022989196, 4.023091496
4.032989132, 4.033084692
4.042989142, 4.043074305
4.052989124, 4.053067434
4.062989153, 4.063078547
4.072989198, 4.073086529
4.082989131, 4.083084329
4.092989137, 4.093087747
4.102989136, 4.103076008
4.112989134, 4.113063604
4.122989123, 4.123067703
4.132989137, 4.133149330
4.142989131, 4.143083949
4.152989130, 4.153057858
4.162989133, 4.163133976
4.172989129, 4.173105138
4.182989130, 4.183070594
4.192989126, 4.193070853
4.202989133, 4.203064991
4.212989127, 4.213060285
4.222989130, 4.223081201
4.232989130, 4.233045893
4.242989131, 4.243087435
4.252989130, 4.253061543
4.262989134, 4.263087034
4.272989132, 4.273061190
4.282989130, 4.283078389
4.292989129, 4.293074216
4.302989141, 4.303092961
4.312989132, 4.313072485
4.322989126, 4.323081962
4.332989137, 4.333067821
4.342989126, 4.343069435
4.352989129, 4.353091269
4.362989126, 4.363099292
4.372989129, 4.373082431
4.382989133, 4.383053676
4.392989135, 4.393088321
4.402989125, 4.403106519
4.412989141, 4.413074056
4.422989123, 4.423154656
4.432989129, 4.433142688
4.442989133, 4.443146072
4.452989137, 4.453174692
4.462989131, 4.463155304
4.472989130, 4.473144410
4.482989126, 4.483134268
4.492989143, 4.493101938
4.502989133, 4.503128216
4.512989127, 4.513105699
4.522989130, 4.523073561
4.532989132, 4.533105628
4.542989130, 4.543091395
4.552989141, 4.553146126
4.562989128, 4.563092844
4.572989134, 4.573127121
4.582989125, 4.583097068
4.592989130, 4.593124777
4.602989120, 4.603141563
4.612989129, 4.613129303
4.622989125, 4.623134006
4.632989130, 4.633070417
4.642989134, 4.643167368
4.652989127, 4.653054243
4.662989125, 4.663083717
4.672989140, 4.673075400
4.682989125, 4.683085962
4.692989130, 4.693072994
4.702989139, 4.703126917
4.712989129, 4.713068639
4.722989155, 4.723087823
4.732989143, 4.733080733
4.742989202, 4.743066156
4.752989130, 4.753076854
4.762989131, 4.763098017
4.772989134, 4.773070099
4.782989130, 4.783071253
4.792989135, 4.793072752
4.802989134, 4.803083371
4.812989124, 4.813091178
4.822989136, 4.823071371
4.832989148, 4.833088214
4.842989123, 4.843076247
4.852989143, 4.853069645
4.862989133, 4.863101050
4.872989140, 4.873082648
4.882989133, 4.883071033
4.892989132, 4.893083474
4.902989139, 4.903087002
4.912989126, 4.913070767
4.922989131, 4.923069415
4.932989132, 4.933073467
4.942989224, 4.943079343
4.952989127, 4.953081646
4.962989125, 4.963108139
4.972989134, 4.973136833
4.982989125, 4.983114028
4.992989149, 4.993078430
5.002989153, 5.003069492
5.012989135, 5.013089600
5.022989123, 5.023071807
5.032989140, 5.033056112
5.042989131, 5.043073817
5.052989143, 5.053086657
5.062989128, 5.063077475
5.072989127, 5.073078810
5.082989123, 5.083077810
5.092989132, 5.093119382
5.102989126, 5.103089986
5.112989137, 5.113129002
5.122989130, 5.123124585
5.132989132, 5.133104571
5.142989126, 5.143107902
5.152989141, 5.153137780
5.162989133, 5.163184889
5.172989132, 5.173072553
5.182989131, 5.183146088
5.192989134, 5.193080648
5.202989130, 5.203062659
5.212989146, 5.213121614
5.222989137, 5.223079409
5.232989130, 5.233075105
5.242989126, 5.243061497
5.252989130, 5.253087873
5.262989130, 5.263080174
5.272989129, 5.273093431
5.282989134, 5.283098803
5.292989132, 5.293088956
5.302989134, 5.303066597
5.312989154, 5.313073582
5.322989139, 5.323112852
5.332989134, 5.333085855
5.342989128, 5.343071153
5.352989134, 5.353080547
5.362989136, 5.363076067
5.372989122, 5.373076410
5.382989126, 5.383060767
5.392989126, 5.393110595
5.402989133, 5.403070986
5.412989132, 5.413077498
5.422989136, 5.423086800
5.432989129, 5.433062707
5.442989131, 5.443086284
5.452989134, 5.453086763
5.462989136, 5.463077589
5.472989130, 5.473072302
5.482989134, 5.483071059
5.492989134, 5.493095725
5.502989134, 5.503141912
5.512989138, 5.513158066
5.522989131, 5.523114995
5.532989135, 5.533143588
5.542989139, 5.543187245
5.552989130, 5.553160283
5.562989133, 5.563121598
5.572989140, 5.573089458
5.582989145, 5.583082542
5.592989132, 5.593085776
5.602989134, 5.603118433
5.612989129, 5.613114512
5.622989125, 5.623079894
5.632989126, 5.633066102
5.642989131, 5.643067501
5.652989137, 5.653069987
5.662989128, 5.663126680
5.672989137, 5.673103143
5.682989131, 5.683074208
5.692989135, 5.693081220
5.702989128, 5.703091946
5.712989135, 5.713093964
5.722989136, 5.723081272
5.732989132, 5.733075210
5.742989131, 5.743083245
5.752989195, 5.753097165
5.762989126, 5.763072767
5.772989135, 5.773080673
5.782989134, 5.783068125
5.792989137, 5.793106507
5.802989131, 5.803065640
5.812989134, 5.813071891
5.822989133, 5.823061863
5.832989129, 5.833103610
5.842989139, 5.843078539
5.852989135, 5.853067218
5.862989128, 5.863072252
5.872989127, 5.873062881
5.882989139, 5.883100848
5.892989129, 5.893113982
5.902989137, 5.903070026
5.912989130, 5.913086406
5.922989131, 5.923075508
5.932989132, 5.933161199
5.942989125, 5.943171920
5.952989124, 5.953133806
5.962989136, 5.963165813
5.972989129, 5.973106509
5.982989128, 5.983166328
5.992989140, 5.993073455
6.002989131, 6.003149615
6.012989127, 6.013192721
6.022989137, 6.023180039
6.032989132, 6.033115003
6.042989133, 6.043121672
6.052989141, 6.053147893
6.062989128, 6.063076503
6.072989127, 6.073065647
6.082989125, 6.083088352
6.092989127, 6.093060577
6.102989130, 6.103092475
6.112989141, 6.113060670
6.122989131, 6.123076567
6.132989134, 6.133091067
6.142989134, 6.143074395
6.152989134, 6.153110513
6.162989133, 6.163060308
6.172989132, 6.173053843
6.182989137, 6.183076296
6.192989132, 6.193079271
6.202989131, 6.203128257
6.212989138, 6.213111476
6.222989128, 6.223073989
6.232989135, 6.233122593
6.242989125, 6.243072233
6.252989129, 6.253086747
6.262989128, 6.263082725
6.272989134, 6.273065298
6.282989125, 6.283115279
6.292989132, 6.293083008
6.302989131, 6.303106912
6.312989137, 6.313068847
6.322989136, 6.323080856
6.332989129, 6.333097616
6.342989126, 6.343085000
6.352989127, 6.353057825
6.362989137, 6.363085600
6.372989134, 6.373059616
6.382989220, 6.383084620
6.392989122, 6.393098098
6.402989123, 6.403060813
6.412989140, 6.413062001
6.422989128, 6.423087249
6.432989127, 6.433064540
6.442989133, 6.443089472
6.452989132, 6.453067163
6.462989136, 6.463086338
6.472989134, 6.473063526
6.482989130, 6.483093487
6.492989146, 6.493118624
6.502989137, 6.503166858
6.512989129, 6.513160477
6.522989126, 6.523157881
6.532989130, 6.533090977
6.542989141, 6.543097567
6.552989135, 6.553097092
6.562989130, 6.563194839
6.572989132, 6.573098131
6.582989133, 6.583176226
6.592989124, 6.593100932
6.602989133, 6.603070391
6.612989197, 6.613073183
6.622989139, 6.623069990
6.632989134, 6.633057381
6.642989131, 6.643117118
6.652989126, 6.653116974
6.662989131, 6.663093972
6.672989132, 6.673135815
6.682989130, 6.683078574
6.692989134, 6.693082892
6.702989136, 6.703078306
6.712989126, 6.713079142
6.722989156, 6.723081634
6.732989126, 6.733062304
6.742989133, 6.743080401
6.752989137, 6.753081338
6.762989133, 6.763094436
6.772989132, 6.773089086
6.782989141, 6.783068250
6.792989127, 6.793079816
6.802989141, 6.803063655
6.812989130, 6.813103321
6.822989126, 6.823095642
6.832989137, 6.833125366
6.842989126, 6.843128483
6.852989124, 6.853080324
6.862989130, 6.863102286
6.872989135, 6.873100692
6.882989137, 6.883062990
6.892989132, 6.893068547
6.902989131, 6.903188369
6.912989137, 6.913153928
6.922989130, 6.923144229
6.932989146, 6.933121608
6.942989123, 6.943179377
6.952989135, 6.953085819
6.962989136, 6.963109659
6.972989129, 6.973110388
6.982989125, 6.983102905
6.992989203, 6.993112865
7.002989197, 7.003103645
7.012989200, 7.013080729
7.022989194, 7.023114530
7.032989143, 7.033093207
7.042989131, 7.043082286
7.052989122, 7.053072829
7.062989134, 7.063085782
7.072989138, 7.073095139
7.082989131, 7.083071019
7.092989134, 7.093085751
7.102989142, 7.103080035
7.112989132, 7.113065178
7.122989126, 7.123084214
7.132989195, 7.133077200
7.142989131, 7.143087478
7.152989129, 7.153065014
7.162989128, 7.163072063
7.172989134, 7.173069416
7.182989131, 7.183074715
7.192989132, 7.193069820
7.202989136, 7.203087623
7.212989134, 7.213076633
7.222989131, 7.223056948
7.232989135, 7.233077934
7.242989130, 7.243068526
7.252989127, 7.253063260
7.262989141, 7.263102352
7.272989126, 7.273071680
7.282989147, 7.283086126
7.292989134, 7.293073230
7.302989131, 7.303091816
7.312989135, 7.313065072
7.322989136, 7.323078541
7.332989132, 7.333069343
7.342989130, 7.343093578
7.352989124, 7.353070673
7.362989126, 7.363088829
7.372989127, 7.373072149
7.382989136, 7.383075819
7.392989127, 7.393076393
7.402989126, 7.403069243
7.412989127, 7.413072057
7.422989130, 7.423078741
7.432989126, 7.433075123
7.442989128, 7.443072615
7.452989130, 7.453157881
7.462989130, 7.463091996
7.472989130, 7.473121649
7.482989130, 7.483076613
7.492989149, 7.493081616
7.502989134, 7.503137462
7.512989135, 7.513100732
7.522989137, 7.523139221
7.532989137, 7.533193730
7.542989134, 7.543096201
7.552989134, 7.553160461
7.562989133, 7.563097196
7.572989134, 7.573074827
7.582989141, 7.583149380
7.592989132, 7.593080654
7.602989130, 7.603159450
7.612989129, 7.613116380
7.622989201, 7.623078258
7.632989132, 7.633176350
7.642989126, 7.643112642
7.652989140, 7.653089504
7.662989139, 7.663162976
7.672989130, 7.673093229
7.682989128, 7.683075614
7.692989135, 7.693141963
7.702989229, 7.703078464
7.712989134, 7.713087965
7.722989139, 7.723087001
7.732989140, 7.733073851
7.742989125, 7.743076594
7.752989130, 7.753081254
7.762989139, 7.763094696
7.772989132, 7.773084651
7.782989126, 7.783103584
7.792989132, 7.793069774
7.802989137, 7.803059673
7.812989137, 7.813059456
7.822989136, 7.823058311
7.832989130, 7.833081673
7.842989131, 7.843061423
7.852989138, 7.853075854
7.862989139, 7.863079976
7.872989137, 7.873055784
7.882989128, 7.883045970
7.892989137, 7.893079415
7.902989142, 7.903064784
7.912989129, 7.913080844
7.922989126, 7.923127627
7.932989132, 7.933093224
7.942989134, 7.943066606
7.952989129, 7.953098649
7.962989130, 7.963088216
7.972989129, 7.973062814
7.982989133, 7.983101233
7.992989152, 7.993071299
8.002989126, 8.003182917
8.012989129, 8.013083329
8.022989147, 8.023197419
8.032989134, 8.033112207
8.042989149, 8.043070899
8.052989200, 8.053087350
8.062989134, 8.063072246
8.072989130, 8.073145481
8.082989126, 8.083081336
8.092989134, 8.093074451
8.102989130, 8.103063166
8.112989127, 8.113071088
8.122989136, 8.123095228
8.132989132, 8.133063673
8.142989128, 8.143059286
8.152989146, 8.153059486
8.162989128, 8.163071936
8.172989132, 8.173073628
8.182989131, 8.183074212
8.192989135, 8.193103239
8.202989137, 8.203072949
8.212989132, 8.213131252
8.222989133, 8.223145068
8.232989129, 8.233066024
8.242989197, 8.243083011
8.252989132, 8.253084418
8.262989126, 8.263048967
8.272989135, 8.273078894
8.282989136, 8.283072680
8.292989134, 8.293077222
8.302989141, 8.303084833
8.312989127, 8.313056286
8.322989123, 8.323083593
8.332989127, 8.333067062
8.342989126, 8.343087460
8.352989127, 8.353098674
8.362989134, 8.363069208
8.372989126, 8.373069874
8.382989128, 8.383065970
8.392989134, 8.393078082
8.402989130, 8.403059499
8.412989134, 8.413077380
8.422989136, 8.423147945
8.432989134, 8.433170574
8.442989123, 8.443143697
8.452989135, 8.453110110
8.462989130, 8.463110916
8.472989137, 8.473088992
8.482989131, 8.483115539
8.492989152, 8.493111763
8.502989134, 8.503113473
8.512989132, 8.513147404
8.522989136, 8.523127021
8.532989130, 8.533171978
8.542989131, 8.543213279
8.552989134, 8.553095179
8.562989130, 8.563079343
8.572989132, 8.573084453
8.582989126, 8.583071496
8.592989134, 8.593089322
8.602989134, 8.603081342
8.612989132, 8.613072766
8.622989130, 8.623083019
8.632989137, 8.633066634
8.642989130, 8.643067893
8.652989127, 8.653069062
8.662989137, 8.663092225
8.672989129, 8.673087871
8.682989122, 8.683060775
8.692989130, 8.693076597
8.702989126, 8.703081456
8.712989134, 8.713068006
8.722989139, 8.723074245
8.732989135, 8.733083537
8.742989128, 8.743076446
8.752989135, 8.753078430
8.762989125, 8.763079395
8.772989138, 8.773078749
8.782989150, 8.783076632
8.792989141, 8.793079900
8.802989122, 8.803072279
8.812989134, 8.813064714
8.822989139, 8.823080259
8.832989135, 8.833092984
8.842989134, 8.843081999
8.852989148, 8.853083406
8.862989125, 8.863062193
8.872989132, 8.873087748
8.882989131, 8.883079946
8.892989127, 8.893072376
8.902989133, 8.903077598
8.912989134, 8.913071170
8.922989136, 8.923061797
8.932989132, 8.933083844
8.942989131, 8.943068278
8.952989132, 8.953070505
8.962989134, 8.963066271
8.972989135, 8.973077400
8.982989125, 8.983088049
8.992989186, 8.993083297
9.002989149, 9.003104634
9.012989130, 9.013071585
9.022989149, 9.023092312
9.032989134, 9.033197453
9.042989134, 9.043178765
9.052989127, 9.053124753
9.062989131, 9.063101978
9.072989152, 9.073130034
9.082989145, 9.083172312
9.092989121, 9.093161079
9.102989133, 9.103082768
9.112989129, 9.113085099
9.122989134, 9.123161402
9.132989129, 9.133160914
9.142989128, 9.143177061
9.152989137, 9.153088721
9.162989125, 9.163120371
9.172989140, 9.173085659
9.182989133, 9.183074461
9.192989129, 9.193089341
9.202989133, 9.203096526
9.212989127, 9.213079964
9.222989133, 9.223067354
9.232989132, 9.233078005
9.242989139, 9.243072530
9.252989129, 9.253085380
9.262989141, 9.263089229
9.272989127, 9.273070276
9.282989139, 9.283080103
9.292989132, 9.293066733
9.302989136, 9.303088311
9.312989130, 9.313076952
9.322989134, 9.323073841
9.332989132, 9.333062814
9.342989133, 9.343065668
9.352989134, 9.353067469
9.362989131, 9.363079349
9.372989151, 9.373082846
9.382989128, 9.383067364
9.392989132, 9.393175121
9.402989126, 9.403102505
9.412989135, 9.413116050
9.422989134, 9.423071959
9.432989151, 9.433066013
9.442989133, 9.443091248
9.452989126, 9.453089166
9.462989130, 9.463199797
9.472989135, 9.473068508
9.482989126, 9.483190218
9.492989135, 9.493205477
9.502989134, 9.503105123
9.512989140, 9.513146333
9.522989130, 9.523186383
9.532989129, 9.533100637
9.542989137, 9.543086775
9.552989129, 9.553106352
9.562989145, 9.563091420
9.572989127, 9.573116323
9.582989130, 9.583094620
9.592989129, 9.593074119
9.602989130, 9.603075947
9.612989134, 9.613076169
9.622989131, 9.623095506
9.632989124, 9.633080408
9.642989130, 9.643083510
9.652989137, 9.653090134
9.662989137, 9.663090631
9.672989140, 9.673066615
9.682989136, 9.683068727
9.692989135, 9.693066184
9.702989137, 9.703076645
9.712989134, 9.713058354
9.722989134, 9.723078675
9.732989127, 9.733074857
9.742989137, 9.743073882
9.752989132, 9.753062038
9.762989134, 9.763066350
9.772989138, 9.773147453
9.782989136, 9.783132541
9.792989134, 9.793142947
9.802989137, 9.803127953
9.812989134, 9.813136626
9.822989130, 9.823155580
9.832989137, 9.833131637
9.842989139, 9.843129486
9.852989135, 9.853149726
9.862989130, 9.863142898
9.872989129, 9.873131032
9.882989130, 9.883156723
9.892989134, 9.893119652
9.902989126, 9.903116877
9.912989135, 9.913090641
9.922989126, 9.923123892
9.932989149, 9.933147645
9.942989126, 9.943202352
9.952989129, 9.953195724
9.962989134, 9.963197988
9.972989126, 9.973202735
9.982989137, 9.983198551
9.992989129, 9.993207904
10.002989134, 10.003207954
10.012989132, 10.013210994
10.022989150, 10.023214505
10.032989137, 10.033213048
10.042989125, 10.043200640
10.052989124, 10.053201349
10.062989136, 10.063201210
10.072989134, 10.073212953
10.082989133, 10.083208693
10.092989132, 10.093195607
10.102989130, 10.103202505
10.112989127, 10.113201762
10.122989128, 10.123203911
10.132989140, 10.133207808
10.142989136, 10.143201769
10.152989126, 10.153214369
10.162989128, 10.163195558
10.172989124, 10.173198311
10.182989126, 10.183200109
10.192989127, 10.193205647
10.202989139, 10.203204650
10.212989130, 10.213205815
10.222989131, 10.223205936
10.232989132, 10.233167967
10.242989126, 10.243199189
10.252989140, 10.253199702
10.262989145, 10.263208375
10.272989132, 10.273197331
10.282989136, 10.283205674
10.292989126, 10.293204652
10.302989136, 10.303210580
10.312989130, 10.313211483
10.322989130, 10.323166602
10.332989138, 10.333202234
10.342989130, 10.343198192
10.352989126, 10.353200985
10.362989130, 10.363202703
10.372989140, 10.373208936
10.382989131, 10.383201477
10.392989127, 10.393208722
10.402989126, 10.403198855
10.412989140, 10.413209546
10.422989131, 10.423205961
10.432989129, 10.433231138
10.442989131, 10.443233761
10.452989127, 10.453247146
10.462989137, 10.463257389
10.472989154, 10.473264344
10.482989150, 10.483265567
10.492989151, 10.493265681
10.502989150, 10.503297225
10.512989149, 10.513293171
10.522989150, 10.523294401
10.532989146, 10.533298682
10.542989134, 10.543274820
10.552989151, 10.553298110
10.562989139, 10.563297006
10.572989149, 10.573293141
10.582989144, 10.583294517
10.592989149, 10.593298860
10.602989144, 10.603291533
10.612989154, 10.613294524
10.622989131, 10.623296941
10.632989151, 10.633296357
10.642989152, 10.643291110
10.652989148, 10.653294220
10.662989130, 10.663296228
10.672989151, 10.673287839
10.682989139, 10.683298924
10.692989154, 10.693299632
10.702989134, 10.703296036
10.712989146, 10.713296886
10.722989139, 10.723293047
10.732989149, 10.733282380
10.742989147, 10.743301290
10.752989151, 10.753295423
10.762989149, 10.763294956
10.772989151, 10.773301264
10.782989144, 10.783287000
10.792989148, 10.793296890
10.802989134, 10.803298191
10.812989146, 10.813299946
10.822989145, 10.823293212
10.832989152, 10.833295375
10.842989131, 10.843292570
10.852989145, 10.853294094
10.862989131, 10.863296112
10.872989149, 10.873295532
10.882989145, 10.883289213
10.892989148, 10.893296910
10.902989153, 10.903297493
10.912989152, 10.913259193
10.922989137, 10.923290332
10.932989152, 10.933288200
10.942989128, 10.943297903
10.952989145, 10.953298761
10.962989128, 10.963295082
10.972989146, 10.973293145
10.982989137, 10.983292735
10.992989152, 10.993291603
11.002989155, 11.003295344
11.012989132, 11.013293279
11.022989136, 11.023289662
11.032989152, 11.033294368
11.042989150, 11.043296348
11.052989138, 11.053295934
11.062989147, 11.063291260
11.072989154, 11.073293358
11.082989128, 11.083294113
11.092989152, 11.093293669
11.102989134, 11.103290769
11.112989148, 11.113294570
11.122989152, 11.123252119
11.132989151, 11.133254822
11.142989128, 11.143259295
11.152989149, 11.153252865
11.162989133, 11.163267826
11.172989152, 11.173256264
11.182989136, 11.183252840
11.192989152, 11.193253580
11.202989145, 11.203253503
11.212989151, 11.213250294
11.222989144, 11.223252567
11.232989151, 11.233253545
11.242989145, 11.243248960
11.252989149, 11.253257773
11.262989136, 11.263252757
11.272989160, 11.273231583
11.282989134, 11.283231066
11.292989154, 11.293252833
11.302989153, 11.303252144
11.312989151, 11.313249532
11.322989149, 11.323251135
11.332989148, 11.333255522
11.342989134, 11.343254548
11.352989149, 11.353252251
11.362989150, 11.363250759
11.372989151, 11.373240700
11.382989152, 11.383254685
11.392989149, 11.393201970
11.402989147, 11.403251411
11.412989146, 11.413254977
11.422989134, 11.423257237
11.432989156, 11.433253865
11.442989128, 11.443252856
11.452989148, 11.453248381
11.462989150, 11.463253179
11.472989148, 11.473251947
11.482989147, 11.483252983
11.492989152, 11.493258211
11.502989137, 11.503254856
11.512989156, 11.513252269
11.522989150, 11.523255875
11.532989140, 11.533256081
11.542989152, 11.543212815
11.552989154, 11.553251357
11.562989149, 11.563251917
11.572989151, 11.573255430
11.582989130, 11.583252651
11.592989154, 11.593253539
11.602989152, 11.603252479
11.612989151, 11.613254230
11.622989128, 11.623252603
11.632989152, 11.633221697
11.642989152, 11.643253276
11.652989149, 11.653258387
11.662989134, 11.663250700
11.672989148, 11.673253558
11.682989130, 11.683252759
11.692989146, 11.693251809
11.702989147, 11.703254549
11.712989149, 11.713251813
11.722989155, 11.723255786
11.732989132, 11.733256334
11.742989153, 11.743255702
11.752989148, 11.753251995
11.762989155, 11.763253613
11.772989149, 11.773253031
11.782989147, 11.783271403
11.792989145, 11.793252284
11.802989131, 11.803252492
11.812989151, 11.813254895
11.822989130, 11.823250948
11.832989132, 11.833230887
11.842989139, 11.843249395
11.852989127, 11.853253122
11.862989136, 11.863253258
11.872989146, 11.873254654
11.882989134, 11.883254684
11.892989152, 11.893264609
11.902989137, 11.903253107
11.912989127, 11.913251806
11.922989130, 11.923231809
11.932989151, 11.933250372
11.942989128, 11.943255422
11.952989148, 11.953253745
11.962989137, 11.963250901
11.972989152, 11.973255256
11.982989128, 11.983252809
11.992989154, 11.993253305
12.002989141, 12.003254760
12.012989152, 12.013255166
12.022989150, 12.023253654
12.032989130, 12.033212043
12.042989134, 12.043251350
------------------------------
