------------------------------
test was performed using the following parameters: --mps=100 --burst=1 --reply-every=1 --msg-size=12 --time=10
------------------------------
sockperf: [Total Run] RunTime=10.098 sec; SentMessages=1011; ReceivedMessages=1010
sockperf: ========= Printing statistics for Server No: 0
sockperf: [Valid Duration] RunTime=9.990 sec; SentMessages=1000; ReceivedMessages=1000
sockperf: [2;35m====> avg-lat= 79.288 (std-dev=17.569)[0m
sockperf: # dropped messages = 0; # duplicated messages = 0; # out-of-order messages = 0
sockperf: [2;35mTotal 1000 observations[0m; each percentile contains 10.00 observations
sockperf: ---> <MAX> observation =  144.173
sockperf: ---> percentile  99.99 =  144.173
sockperf: ---> percentile  99.90 =  139.068
sockperf: ---> percentile  99.50 =  126.494
sockperf: ---> percentile  99.00 =  123.160
sockperf: ---> percentile  95.00 =  110.100
sockperf: ---> percentile  90.00 =  103.917
sockperf: ---> percentile  75.00 =   91.262
sockperf: ---> percentile  50.00 =   76.812
sockperf: ---> percentile  25.00 =   65.656
sockperf: ---> <MIN> observation =   28.261
------------------------------
txTime, rxTime
2.063666930, 2.063861737
2.073666929, 2.073834153
2.083667101, 2.083863049
2.093673276, 2.093863994
2.103668351, 2.103859406
2.113670691, 2.113877114
2.123666924, 2.123870551
2.133666926, 2.133837503
2.143666927, 2.143870522
2.153666934, 2.153842428
2.163666930, 2.163840623
2.173669512, 2.173854072
2.183666930, 2.183859256
2.193673154, 2.193852989
2.203666933, 2.203851779
2.213666928, 2.213770099
2.223666990, 2.223815214
2.233666929, 2.233878671
2.243666938, 2.243874355
2.253666937, 2.253851584
2.263666927, 2.263850564
2.273672273, 2.273887118
2.283666935, 2.283844273
2.293670513, 2.293854921
2.303668815, 2.303852933
2.313666928, 2.313945065
2.323666912, 2.323858236
2.333666933, 2.333846930
2.343666932, 2.343850087
2.353666926, 2.353839978
2.363666935, 2.363859838
2.373666931, 2.373843254
2.383666924, 2.383851774
2.393666899, 2.393867123
2.403666936, 2.403845050
2.413666908, 2.413822390
2.423666941, 2.423837198
2.433666935, 2.433842928
2.443667099, 2.443842657
2.453668637, 2.453875838
2.463669650, 2.463845395
2.473666923, 2.473881098
2.483666938, 2.483836681
2.493675089, 2.493857763
2.503666931, 2.503846615
2.513666918, 2.513911016
2.523666900, 2.523882725
2.533666944, 2.533880411
2.543666909, 2.543840838
2.553666936, 2.553856603
2.563666930, 2.563867941
2.573666931, 2.573839167
2.583666905, 2.583833295
2.593666948, 2.593833886
2.603666903, 2.603851193
2.613666942, 2.613814820
2.623672653, 2.623894610
2.633667600, 2.633867311
2.643666933, 2.643857634
2.653666933, 2.653828616
2.663666924, 2.663878686
2.673666942, 2.673846754
2.683673156, 2.683832826
2.693666929, 2.693832830
2.703666935, 2.703920384
2.713666931, 2.713825405
2.723666933, 2.723836051
2.733668134, 2.733839028
2.743669934, 2.743828175
2.753666936, 2.753819006
2.763666933, 2.763761264
2.773666926, 2.773738731
2.783666938, 2.783764114
2.793666926, 2.793741096
2.803667075, 2.803807110
2.813666937, 2.813809376
2.823666933, 2.823806079
2.833666928, 2.833822655
2.843666925, 2.843813753
2.853674426, 2.853848263
2.863666924, 2.863834120
2.873669803, 2.873824299
2.883666938, 2.883830103
2.893666937, 2.893799749
2.903675284, 2.903814813
2.913666929, 2.913820554
2.923667304, 2.923847034
2.933666910, 2.933818551
2.943666930, 2.943803941
2.953666929, 2.953802330
2.963666935, 2.963804956
2.973666923, 2.973803776
2.983666925, 2.983800912
2.993666929, 2.993825057
3.003666930, 3.003802611
3.013667615, 3.013826075
3.023666929, 3.023866404
3.033666933, 3.033821239
3.043666929, 3.043817297
3.053666933, 3.053905039
3.063666929, 3.063830879
3.073666928, 3.073773062
3.083666929, 3.083783299
3.093666937, 3.093822436
3.103666925, 3.103849549
3.113666931, 3.113799007
3.123666989, 3.123805610
3.133666931, 3.133826782
3.143666929, 3.143800579
3.153666939, 3.153805412
3.163666929, 3.163828447
3.173666929, 3.173803795
3.183666932, 3.183827452
3.193666928, 3.193809693
3.203666924, 3.203767628
3.213672453, 3.213765736
3.223666932, 3.223788229
3.233666934, 3.233801397
3.243676723, 3.243864942
3.253666933, 3.253817108
3.263666929, 3.263819011
3.273666928, 3.273795117
3.283666930, 3.283805157
3.293667010, 3.293811295
3.303666935, 3.303850957
3.313666931, 3.313809862
3.323666930, 3.323808273
3.333666929, 3.333823623
3.343666935, 3.343805994
3.353666933, 3.353827284
3.363666925, 3.363816125
3.373666928, 3.373807657
3.383666906, 3.383813667
3.393666933, 3.393814197
3.403676116, 3.403841849
3.413667711, 3.413791431
3.423666935, 3.423819422
3.433669529, 3.433832658
3.443666935, 3.443812750
3.453666931, 3.453818576
3.463668962, 3.463800754
3.473666928, 3.473794036
3.483666932, 3.483811571
3.493673934, 3.493834816
3.503666927, 3.503796305
3.513666929, 3.513817844
3.523666922, 3.523824028
3.533666934, 3.533794000
3.543666899, 3.543906172
3.553666946, 3.553796858
3.563666912, 3.563809535
3.573672654, 3.573818977
3.583666933, 3.583808477
3.593666925, 3.593803175
3.603666935, 3.603816386
3.613666931, 3.613811120
3.623666930, 3.623794626
3.633666936, 3.633827898
3.643666932, 3.643858274
3.653666937, 3.653808522
3.663666933, 3.663787752
3.673677205, 3.673823775
3.683666932, 3.683801903
3.693666934, 3.693863918
3.703666930, 3.703833920
3.713666936, 3.713803707
3.723670676, 3.723834573
3.733666933, 3.733809878
3.743666914, 3.743862451
3.753666933, 3.753807737
3.763666933, 3.763810857
3.773683122, 3.773834025
3.783666929, 3.783827649
3.793671921, 3.793833097
3.803666925, 3.803809290
3.813666926, 3.813794472
3.823669750, 3.823820864
3.833666929, 3.833812467
3.843666924, 3.843825356
3.853673621, 3.853828017
3.863666932, 3.863828331
3.873666926, 3.873801028
3.883666933, 3.883785432
3.893674250, 3.893831166
3.903666932, 3.903812065
3.913674199, 3.913825025
3.923666930, 3.923805190
3.933666939, 3.933799549
3.943674920, 3.943819788
3.953666929, 3.953796090
3.963666932, 3.963798246
3.973681455, 3.973755850
3.983666933, 3.983745114
3.993666928, 3.993800270
4.003670495, 4.003820691
4.013666929, 4.013824442
4.023666930, 4.023793176
4.033672638, 4.033821044
4.043666930, 4.043805540
4.053666929, 4.053773711
4.063666932, 4.063805861
4.073666934, 4.073812877
4.083666935, 4.083798261
4.093666937, 4.093821435
4.103666933, 4.103802585
4.113666925, 4.113797580
4.123673606, 4.123834866
4.133675917, 4.133826779
4.143673736, 4.143823877
4.153666936, 4.153816372
4.163666929, 4.163832818
4.173666933, 4.173819039
4.183667072, 4.183839433
4.193666928, 4.193811179
4.203673655, 4.203812558
4.213666937, 4.213798030
4.223666932, 4.223833756
4.233666933, 4.233812852
4.243666933, 4.243785683
4.253666934, 4.253787139
4.263673297, 4.263761815
4.273666928, 4.273804398
4.283666938, 4.283827219
4.293667275, 4.293844948
4.303667009, 4.303800885
4.313666934, 4.313798903
4.323676118, 4.323845591
4.333674658, 4.333846357
4.343676296, 4.343823428
4.353666931, 4.353821722
4.363666922, 4.363852173
4.373666910, 4.373830983
4.383666936, 4.383828016
4.393666938, 4.393801818
4.403666927, 4.403802086
4.413666928, 4.413838623
4.423679247, 4.423866297
4.433666901, 4.433887406
4.443666930, 4.443875033
4.453666910, 4.453826638
4.463666937, 4.463854050
4.473666904, 4.473820516
4.483667432, 4.483849116
4.493666906, 4.493820488
4.503666948, 4.503842422
4.513666910, 4.513835355
4.523667024, 4.523849168
4.533666934, 4.533878159
4.543666925, 4.543857814
4.553666910, 4.553809701
4.563666941, 4.563883220
4.573666912, 4.573847307
4.583666926, 4.583850476
4.593666933, 4.593823569
4.603666922, 4.603748835
4.613666895, 4.613770066
4.623674861, 4.623779836
4.633667001, 4.633832899
4.643668289, 4.643830441
4.653673402, 4.653828212
4.663677251, 4.663871918
4.673666926, 4.673786937
4.683666938, 4.683822494
4.693666933, 4.693823653
4.703672405, 4.703850000
4.713666926, 4.713844114
4.723666930, 4.723818894
4.733670358, 4.733850896
4.743666930, 4.743825555
4.753666933, 4.753834786
4.763688330, 4.763835123
4.773674561, 4.773840927
4.783666933, 4.783827009
4.793667220, 4.793817975
4.803680745, 4.803833748
4.813672403, 4.813838003
4.823667783, 4.823845622
4.833671015, 4.833829944
4.843666921, 4.843805845
4.853666937, 4.853794192
4.863667871, 4.863807728
4.873666933, 4.873798508
4.883672410, 4.883828470
4.893670245, 4.893832806
4.903666927, 4.903820001
4.913666928, 4.913825462
4.923666919, 4.923786712
4.933666931, 4.933814704
4.943668128, 4.943837241
4.953671185, 4.953826566
4.963666932, 4.963799545
4.973668566, 4.973820453
4.983666924, 4.983832092
4.993666928, 4.993821966
5.003666921, 5.003792528
5.013669981, 5.013819937
5.023666929, 5.023785460
5.033666928, 5.033830061
5.043666908, 5.043830794
5.053666929, 5.053804930
5.063672683, 5.063817799
5.073673500, 5.073825557
5.083666935, 5.083791028
5.093666925, 5.093808347
5.103666922, 5.103813541
5.113666923, 5.113816114
5.123666916, 5.123814518
5.133666931, 5.133824105
5.143666924, 5.143808423
5.153669016, 5.153806577
5.163666937, 5.163824109
5.173684793, 5.173904763
5.183666914, 5.183889867
5.193671110, 5.193851343
5.203666933, 5.203816946
5.213666925, 5.213852792
5.223668212, 5.223843542
5.233672399, 5.233875152
5.243666911, 5.243855001
5.253666923, 5.253763009
5.263668384, 5.263774206
5.273670170, 5.273757377
5.283682071, 5.283779630
5.293666928, 5.293837544
5.303671886, 5.303800078
5.313667717, 5.313806327
5.323666929, 5.323806267
5.333666934, 5.333823947
5.343675038, 5.343832749
5.353666936, 5.353819763
5.363666924, 5.363835017
5.373666936, 5.373818333
5.383679340, 5.383823965
5.393666926, 5.393823642
5.403666937, 5.403813614
5.413666928, 5.413873317
5.423666907, 5.423817900
5.433669195, 5.433835880
5.443672064, 5.443830527
5.453666933, 5.453792569
5.463666905, 5.463870746
5.473666941, 5.473810742
5.483666932, 5.483851585
5.493666931, 5.493836256
5.503666901, 5.503808197
5.513666936, 5.513802615
5.523666901, 5.523812601
5.533666904, 5.533800246
5.543666929, 5.543797639
5.553666948, 5.553809631
5.563666935, 5.563826361
5.573666899, 5.573803065
5.583666905, 5.583793385
5.593666936, 5.593805314
5.603666924, 5.603812018
5.613670406, 5.613818854
5.623666930, 5.623784169
5.633666928, 5.633797372
5.643666932, 5.643812226
5.653667015, 5.653807390
5.663682366, 5.663838878
5.673666929, 5.673769024
5.683666929, 5.683769724
5.693666928, 5.693777954
5.703670640, 5.703757019
5.713666933, 5.713764978
5.723670470, 5.723842899
5.733673186, 5.733818153
5.743666935, 5.743794250
5.753674098, 5.753837438
5.763666919, 5.763800650
5.773666936, 5.773833292
5.783666933, 5.783805804
5.793666933, 5.793809725
5.803666927, 5.803796940
5.813674564, 5.813859893
5.823666930, 5.823821033
5.833666925, 5.833824041
5.843666957, 5.843819131
5.853666934, 5.853821130
5.863666935, 5.863823608
5.873666928, 5.873800163
5.883666935, 5.883795159
5.893666944, 5.893804108
5.903676765, 5.903814509
5.913678585, 5.913878027
5.923669930, 5.923840345
5.933666928, 5.933809714
5.943666930, 5.943811137
5.953671860, 5.953833237
5.963666933, 5.963825491
5.973666933, 5.973809510
5.983666937, 5.983857172
5.993673306, 5.993797100
6.003666937, 6.003853817
6.013669323, 6.013797233
6.023667011, 6.023822811
6.033666928, 6.033842889
6.043666922, 6.043831549
6.053667386, 6.053770890
6.063666935, 6.063792801
6.073666923, 6.073824324
6.083666929, 6.083776280
6.093666936, 6.093801819
6.103666929, 6.103799744
6.113673432, 6.113834200
6.123666924, 6.123814004
6.133666934, 6.133776827
6.143666930, 6.143760383
6.153667439, 6.153764542
6.163666937, 6.163741056
6.173666931, 6.173747985
6.183666937, 6.183806649
6.193666926, 6.193737471
6.203667434, 6.203758257
6.213666933, 6.213736046
6.223666919, 6.223779734
6.233666933, 6.233780453
6.243666922, 6.243723446
6.253666937, 6.253751094
6.263670528, 6.263777922
6.273666931, 6.273772649
6.283672752, 6.283771757
6.293666926, 6.293776009
6.303666938, 6.303757543
6.313666931, 6.313755773
6.323667102, 6.323734964
6.333666925, 6.333772783
6.343666937, 6.343745615
6.353666933, 6.353745505
6.363671320, 6.363840951
6.373666934, 6.373823358
6.383666925, 6.383807777
6.393666937, 6.393818691
6.403666930, 6.403814559
6.413666934, 6.413883263
6.423666910, 6.423800827
6.433666937, 6.433816578
6.443666935, 6.443805815
6.453672769, 6.453836363
6.463670454, 6.463819611
6.473666896, 6.473809889
6.483666936, 6.483831702
6.493666909, 6.493805238
6.503666901, 6.503823848
6.513666896, 6.513882358
6.523669526, 6.523887175
6.533666898, 6.533901265
6.543666938, 6.543895829
6.553666925, 6.553882195
6.563671289, 6.563959636
6.573666933, 6.573878733
6.583674814, 6.583925091
6.593666935, 6.593894025
6.603666935, 6.603909394
6.613666933, 6.613883137
6.623666937, 6.623831851
6.633666941, 6.633836813
6.643674800, 6.643850794
6.653670769, 6.653830745
6.663666935, 6.663828049
6.673666935, 6.673818777
6.683666929, 6.683832529
6.693666927, 6.693837121
6.703666929, 6.703838342
6.713666925, 6.713845641
6.723670588, 6.723845283
6.733666925, 6.733833097
6.743671906, 6.743833748
6.753666925, 6.753837574
6.763666934, 6.763832381
6.773672818, 6.773842261
6.783666929, 6.783827192
6.793667017, 6.793810579
6.803666923, 6.803848231
6.813666930, 6.813856557
6.823666929, 6.823850191
6.833666930, 6.833832671
6.843671026, 6.843878332
6.853666931, 6.853838548
6.863666926, 6.863832705
6.873674760, 6.873864583
6.883673714, 6.883861843
6.893673388, 6.893847565
6.903687753, 6.903872228
6.913672777, 6.913870192
6.923666927, 6.923839801
6.933666933, 6.933836677
6.943666926, 6.943843485
6.953666933, 6.953871635
6.963666931, 6.963867661
6.973666936, 6.973829285
6.983666924, 6.983780169
6.993666923, 6.993849207
7.003666926, 7.003839720
7.013666931, 7.013845905
7.023666927, 7.023828471
7.033666930, 7.033840425
7.043666934, 7.043835747
7.053666936, 7.053855765
7.063666938, 7.063843372
7.073666927, 7.073863611
7.083666934, 7.083879862
7.093669317, 7.093906335
7.103672459, 7.103864734
7.113671776, 7.113892723
7.123666932, 7.123906063
7.133666933, 7.133888102
7.143668252, 7.143871367
7.153666931, 7.153874766
7.163666923, 7.163896125
7.173666927, 7.173867685
7.183666931, 7.183835088
7.193666938, 7.193882768
7.203672724, 7.203863678
7.213673565, 7.213895675
7.223666929, 7.223860748
7.233681828, 7.233902029
7.243666924, 7.243889276
7.253666925, 7.253902322
7.263682215, 7.263872106
7.273666933, 7.273813640
7.283666924, 7.283814994
7.293666927, 7.293812365
7.303666926, 7.303823811
7.313666928, 7.313820109
7.323666931, 7.323789595
7.333678661, 7.333873495
7.343666937, 7.343819532
7.353666922, 7.353817629
7.363666934, 7.363806580
7.373667025, 7.373816911
7.383666931, 7.383797049
7.393666928, 7.393851736
7.403666932, 7.403819390
7.413671839, 7.413817580
7.423666924, 7.423801458
7.433666923, 7.433810169
7.443669894, 7.443834296
7.453666935, 7.453848654
7.463666927, 7.463831333
7.473666938, 7.473783630
7.483666929, 7.483806634
7.493666928, 7.493817056
7.503666935, 7.503794349
7.513666926, 7.513786863
7.523666932, 7.523830772
7.533666939, 7.533796612
7.543666933, 7.543821289
7.553666928, 7.553806885
7.563666930, 7.563807645
7.573666926, 7.573825778
7.583666925, 7.583812011
7.593666937, 7.593786906
7.603666932, 7.603794449
7.613666999, 7.613808395
7.623666935, 7.623809118
7.633667515, 7.633847058
7.643671155, 7.643833290
7.653666931, 7.653824346
7.663666938, 7.663807520
7.673666934, 7.673826817
7.683666936, 7.683862248
7.693666932, 7.693846418
7.703666911, 7.703892315
7.713666923, 7.713874091
7.723666923, 7.723824668
7.733666935, 7.733804549
7.743666920, 7.743805451
7.753667508, 7.753813435
7.763666920, 7.763813068
7.773666923, 7.773868487
7.783666916, 7.783804305
7.793666908, 7.793837254
7.803666918, 7.803805223
7.813666920, 7.813815185
7.823666925, 7.823817466
7.833666925, 7.833824580
7.843666918, 7.843778877
7.853666906, 7.853797850
7.863666902, 7.863813915
7.873666923, 7.873803688
7.883666903, 7.883799660
7.893666899, 7.893783110
7.903666900, 7.903820945
7.913666917, 7.913819085
7.923667036, 7.923786939
7.933666915, 7.933809128
7.943666927, 7.943820593
7.953667034, 7.953816791
7.963666918, 7.963819636
7.973666909, 7.973819426
7.983666913, 7.983800074
7.993666925, 7.993816049
8.003666919, 8.003809252
8.013666945, 8.013843440
8.023666902, 8.023788747
8.033666917, 8.033816560
8.043667038, 8.043818051
8.053666909, 8.053812798
8.063667041, 8.063802274
8.073666996, 8.073810445
8.083666930, 8.083825274
8.093666907, 8.093800299
8.103666921, 8.103781371
8.113666923, 8.113837848
8.123666911, 8.123821774
8.133666917, 8.133822785
8.143666924, 8.143832155
8.153666903, 8.153821176
8.163666905, 8.163831018
8.173666917, 8.173778430
8.183666927, 8.183800541
8.193666906, 8.193800591
8.203666924, 8.203811950
8.213666917, 8.213801929
8.223666910, 8.223791467
8.233666923, 8.233813525
8.243666929, 8.243862170
8.253666907, 8.253790513
8.263666913, 8.263782399
8.273666915, 8.273798068
8.283666907, 8.283790240
8.293666920, 8.293776238
8.303666927, 8.303796264
8.313666906, 8.313797234
8.323666908, 8.323836263
8.333666909, 8.333781419
8.343666925, 8.343807790
8.353666906, 8.353783791
8.363666913, 8.363831421
8.373666904, 8.373878241
8.383666924, 8.383854349
8.393666912, 8.393869579
8.403666907, 8.403839442
8.413666925, 8.413856175
8.423666929, 8.423870914
8.433666925, 8.433845344
8.443666910, 8.443839639
8.453666920, 8.453858576
8.463666913, 8.463838973
8.473666918, 8.473841063
8.483666925, 8.483824764
8.493666906, 8.493834637
8.503666919, 8.503832588
8.513666928, 8.513857435
8.523666905, 8.523835604
8.533666917, 8.533840860
8.543666918, 8.543875948
8.553666917, 8.553842723
8.563666922, 8.563826360
8.573666917, 8.573877304
8.583666919, 8.583849444
8.593667015, 8.593833903
8.603666921, 8.603851547
8.613666906, 8.613843389
8.623666908, 8.623886397
8.633666928, 8.633859173
8.643666921, 8.643868535
8.653666914, 8.653832950
8.663666905, 8.663863512
8.673666920, 8.673835673
8.683666908, 8.683877500
8.693666909, 8.693833523
8.703666907, 8.703873786
8.713666926, 8.713863451
8.723666902, 8.723874136
8.733666909, 8.733875198
8.743666919, 8.743891544
8.753666917, 8.753892463
8.763666910, 8.763844653
8.773666925, 8.773837136
8.783666921, 8.783845027
8.793666914, 8.793857569
8.803667724, 8.803861829
8.813666917, 8.813766951
8.823666925, 8.823765310
8.833666929, 8.833846031
8.843666921, 8.843831448
8.853666923, 8.853844378
8.863666911, 8.863851407
8.873666904, 8.873841988
8.883666905, 8.883839702
8.893666915, 8.893836276
8.903666907, 8.903836842
8.913666918, 8.913831551
8.923666907, 8.923833112
8.933666922, 8.933829638
8.943666918, 8.943849604
8.953666920, 8.953826200
8.963666919, 8.963858621
8.973666904, 8.973868934
8.983666905, 8.983853824
8.993666915, 8.993844949
9.003666910, 9.003872404
9.013666914, 9.013853052
9.023666919, 9.023837079
9.033666907, 9.033843729
9.043666924, 9.043890162
9.053666904, 9.053844144
9.063666918, 9.063891495
9.073666920, 9.073850953
9.083666924, 9.083879546
9.093666914, 9.093848084
9.103666914, 9.103842100
9.113666912, 9.113858330
9.123666924, 9.123824331
9.133666920, 9.133855070
9.143666925, 9.143860646
9.153666928, 9.153845931
9.163666922, 9.163835462
9.173666922, 9.173835083
9.183666919, 9.183830531
9.193667016, 9.193762185
9.203666919, 9.203833612
9.213666918, 9.213838240
9.223666925, 9.223732146
9.233666915, 9.233768899
9.243666908, 9.243846039
9.253666917, 9.253863486
9.263666919, 9.263864762
9.273666907, 9.273856811
9.283666910, 9.283899435
9.293668207, 9.293887311
9.303666913, 9.303836514
9.313666928, 9.313877024
9.323666924, 9.323938048
9.333666929, 9.333857864
9.343666924, 9.343912878
9.353666910, 9.353923604
9.363666913, 9.363908726
9.373666925, 9.373891581
9.383666905, 9.383861635
9.393666910, 9.393858374
9.403666910, 9.403860708
9.413666926, 9.413862963
9.423666911, 9.423844558
9.433666910, 9.433883072
9.443666922, 9.443893088
9.453666928, 9.453901119
9.463666922, 9.463887370
9.473666907, 9.473873467
9.483666918, 9.483873713
9.493668409, 9.493881856
9.503666919, 9.503877576
9.513666920, 9.513885110
9.523666929, 9.523876903
9.533666923, 9.533899480
9.543666919, 9.543919907
9.553666928, 9.553892077
9.563666927, 9.563834082
9.573666917, 9.573913381
9.583666924, 9.583879005
9.593666929, 9.593868940
9.603666900, 9.603874780
9.613666914, 9.613909606
9.623666905, 9.623879312
9.633666923, 9.633853139
9.643666905, 9.643877197
9.653666926, 9.653882853
9.663666900, 9.663913220
9.673666918, 9.673899930
9.683666905, 9.683838616
9.693668199, 9.693886515
9.703666924, 9.703884689
9.713666917, 9.713857465
9.723666911, 9.723915104
9.733666920, 9.733880054
9.743666925, 9.743895352
9.753666926, 9.753915133
9.763666929, 9.763851631
9.773666922, 9.773881099
9.783666924, 9.783869193
9.793666920, 9.793867942
9.803666921, 9.803873460
9.813666909, 9.813872235
9.823666925, 9.823885532
9.833666915, 9.833872901
9.843666911, 9.843874250
9.853666923, 9.853889037
9.863666930, 9.863879271
9.873666920, 9.873904361
9.883666912, 9.883854153
9.893666905, 9.893863675
9.903666925, 9.903865794
9.913666920, 9.913862004
9.923666919, 9.923844751
9.933666920, 9.933849015
9.943667225, 9.943867799
9.953666912, 9.953889662
9.963666903, 9.963901036
9.973666905, 9.973852984
9.983666916, 9.983872686
9.993666899, 9.993870076
10.003666905, 10.003877009
10.013666908, 10.013863290
10.023666906, 10.023872956
10.033666901, 10.033874630
10.043666895, 10.043880104
10.053666909, 10.053856421
10.063666910, 10.063882116
10.073666906, 10.073858048
10.083666899, 10.083855765
10.093666928, 10.093879873
10.103666913, 10.103861224
10.113666909, 10.113864838
10.123666905, 10.123881472
10.133666906, 10.133868997
10.143666910, 10.143877401
10.153666912, 10.153850083
10.163666908, 10.163869169
10.173666906, 10.173871519
10.183666911, 10.183851925
10.193666914, 10.193852222
10.203666902, 10.203850852
10.213666903, 10.213846743
10.223666911, 10.223855111
10.233666906, 10.233865664
10.243666908, 10.243850497
10.253666904, 10.253867998
10.263666910, 10.263870978
10.273666904, 10.273874472
10.283666910, 10.283870487
10.293666901, 10.293801621
10.303666910, 10.303795113
10.313666917, 10.313798570
10.323666905, 10.323801354
10.333666904, 10.333793434
10.343666905, 10.343798346
10.353666899, 10.353800941
10.363666911, 10.363794866
10.373666911, 10.373797833
10.383666912, 10.383798139
10.393666902, 10.393797506
10.403666909, 10.403799010
10.413666915, 10.413796895
10.423666910, 10.423805088
10.433666899, 10.433805354
10.443666906, 10.443798736
10.453666907, 10.453792899
10.463666905, 10.463794979
10.473666907, 10.473792242
10.483666907, 10.483796505
10.493666905, 10.493798830
10.503666907, 10.503797112
10.513666901, 10.513798766
10.523666897, 10.523799068
10.533666905, 10.533795534
10.543666911, 10.543796987
10.553666907, 10.553800150
10.563666914, 10.563800816
10.573666903, 10.573799741
10.583666916, 10.583799361
10.593666902, 10.593795810
10.603666911, 10.603793836
10.613666904, 10.613792295
10.623666905, 10.623798054
10.633666899, 10.633793765
10.643666908, 10.643797516
10.653666899, 10.653795115
10.663666914, 10.663796940
10.673666907, 10.673803053
10.683666908, 10.683798570
10.693666902, 10.693798474
10.703666901, 10.703797054
10.713666912, 10.713796706
10.723666907, 10.723803798
10.733666915, 10.733795305
10.743666912, 10.743794950
10.753666903, 10.753800860
10.763666914, 10.763794818
10.773666898, 10.773793982
10.783666907, 10.783795329
10.793666908, 10.793793373
10.803666904, 10.803794316
10.813666910, 10.813797937
10.823666907, 10.823802207
10.833666899, 10.833809207
10.843666912, 10.843801275
10.853666913, 10.853810996
10.863666895, 10.863798634
10.873666911, 10.873813701
10.883666910, 10.883796934
10.893666912, 10.893794387
10.903666907, 10.903796275
10.913666912, 10.913801843
10.923666901, 10.923804836
10.933666902, 10.933802791
10.943666911, 10.943800826
10.953666896, 10.953795110
10.963666899, 10.963796140
10.973666899, 10.973791457
10.983666909, 10.983801166
10.993666912, 10.993816196
11.003666913, 11.003797224
11.013666910, 11.013798539
11.023666913, 11.023798883
11.033666910, 11.033797153
11.043666903, 11.043793885
11.053666900, 11.053793132
11.063666913, 11.063792885
11.073666905, 11.073796562
11.083666913, 11.083791781
11.093666909, 11.093799535
11.103666898, 11.103792209
11.113666896, 11.113789895
11.123666897, 11.123804901
11.133666906, 11.133790893
11.143666910, 11.143794671
11.153666908, 11.153798808
11.163666912, 11.163792168
11.173666906, 11.173790236
11.183666907, 11.183791431
11.193666908, 11.193790644
11.203666910, 11.203792793
11.213666903, 11.213795778
11.223666901, 11.223795446
11.233666905, 11.233796495
11.243666901, 11.243791830
11.253666911, 11.253792967
11.263666908, 11.263790825
11.273666897, 11.273792821
11.283666907, 11.283794524
11.293666897, 11.293789332
11.303666908, 11.303795835
11.313666898, 11.313783806
11.323666905, 11.323796353
11.333666899, 11.333788306
11.343666907, 11.343796482
11.353666904, 11.353790709
11.363666907, 11.363791511
11.373666899, 11.373792166
11.383666914, 11.383792704
11.393666903, 11.393801906
11.403666901, 11.403794092
11.413666904, 11.413792144
11.423666898, 11.423795015
11.433666899, 11.433789981
11.443666914, 11.443792729
11.453666897, 11.453794540
11.463666900, 11.463793238
11.473666904, 11.473795390
11.483666909, 11.483793241
11.493666909, 11.493791944
11.503666909, 11.503793222
11.513666909, 11.513797581
11.523666910, 11.523795872
11.533666903, 11.533793275
11.543666895, 11.543790709
11.553666910, 11.553798862
11.563666904, 11.563793716
11.573666912, 11.573798036
11.583666913, 11.583792191
11.593666896, 11.593793141
11.603666902, 11.603791289
11.613666899, 11.613794883
11.623666908, 11.623794769
11.633666907, 11.633797153
11.643666910, 11.643792426
11.653666897, 11.653793898
11.663666912, 11.663796375
11.673666906, 11.673794224
11.683666906, 11.683794439
11.693666903, 11.693792318
11.703666908, 11.703790825
11.713666912, 11.713795677
11.723666908, 11.723798139
11.733666909, 11.733795559
11.743666911, 11.743793067
11.753666914, 11.753797801
11.763666901, 11.763794982
11.773666899, 11.773794935
11.783666904, 11.783795825
11.793666899, 11.793799343
11.803666906, 11.803791920
11.813666901, 11.813793567
11.823666900, 11.823798767
11.833666899, 11.833792888
11.843666911, 11.843793476
11.853666899, 11.853793825
11.863666908, 11.863794977
11.873666912, 11.873796658
11.883666906, 11.883792698
11.893666896, 11.893791748
11.903666912, 11.903791236
11.913666906, 11.913795079
11.923666909, 11.923793961
11.933666907, 11.933799696
11.943666914, 11.943793847
11.953666903, 11.953796627
11.963666897, 11.963794475
11.973666895, 11.973793281
11.983666900, 11.983793056
11.993666910, 11.993791414
12.003666899, 12.003790884
12.013666901, 12.013790053
12.023666905, 12.023798212
12.033666906, 12.033798115
12.043666899, 12.043792708
12.053666906, 12.053793291
------------------------------
