------------------------------
test was performed using the following parameters: --mps=100 --burst=1 --reply-every=1 --msg-size=12 --time=10
------------------------------
sockperf: [Total Run] RunTime=10.100 sec; SentMessages=1011; ReceivedMessages=1010
sockperf: ========= Printing statistics for Server No: 0
sockperf: [Valid Duration] RunTime=9.980 sec; SentMessages=999; ReceivedMessages=999
sockperf: [2;35m====> avg-lat= 86.727 (std-dev=24.275)[0m
sockperf: # dropped messages = 0; # duplicated messages = 0; # out-of-order messages = 0
sockperf: [2;35mTotal 999 observations[0m; each percentile contains 9.99 observations
sockperf: ---> <MAX> observation =  180.846
sockperf: ---> percentile  99.99 =  180.846
sockperf: ---> percentile  99.90 =  177.393
sockperf: ---> percentile  99.50 =  156.313
sockperf: ---> percentile  99.00 =  154.228
sockperf: ---> percentile  95.00 =  132.819
sockperf: ---> percentile  90.00 =  122.617
sockperf: ---> percentile  75.00 =   96.391
sockperf: ---> percentile  50.00 =   87.437
sockperf: ---> percentile  25.00 =   71.212
sockperf: ---> <MIN> observation =   40.299
------------------------------
txTime, rxTime
2.063029538, 2.063220636
2.073029554, 2.073313029
2.083029551, 2.083293858
2.093029555, 2.093292003
2.103029555, 2.103351669
2.113029555, 2.113275241
2.123029544, 2.123266075
2.133029553, 2.133274925
2.143029544, 2.143219643
2.153029557, 2.153236596
2.163029560, 2.163180903
2.173029535, 2.173263129
2.183029541, 2.183194625
2.193029538, 2.193231731
2.203029533, 2.203241735
2.213029539, 2.213207387
2.223029540, 2.223204532
2.233029540, 2.233197993
2.243029541, 2.243190676
2.253029530, 2.253229445
2.263029545, 2.263211604
2.273029539, 2.273135916
2.283029537, 2.283165090
2.293029554, 2.293192350
2.303029553, 2.303180665
2.313029538, 2.313171593
2.323029550, 2.323169640
2.333029557, 2.333134258
2.343029538, 2.343230887
2.353029559, 2.353207199
2.363029537, 2.363221944
2.373029541, 2.373198598
2.383029558, 2.383146999
2.393029541, 2.393207945
2.403029532, 2.403228001
2.413029553, 2.413175769
2.423029540, 2.423164252
2.433029543, 2.433168225
2.443029554, 2.443129055
2.453029541, 2.453221228
2.463029538, 2.463160777
2.473029554, 2.473154368
2.483029559, 2.483202522
2.493029538, 2.493129009
2.503029543, 2.503159872
2.513029533, 2.513136141
2.523029533, 2.523122630
2.533029541, 2.533174810
2.543029537, 2.543162834
2.553029538, 2.553184318
2.563029532, 2.563146324
2.573029532, 2.573155589
2.583029535, 2.583129578
2.593029535, 2.593121549
2.603029535, 2.603168957
2.613029541, 2.613125379
2.623029540, 2.623156904
2.633029535, 2.633147628
2.643029535, 2.643139244
2.653029537, 2.653150024
2.663029543, 2.663130661
2.673029627, 2.673141781
2.683029544, 2.683152939
2.693029541, 2.693123459
2.703029535, 2.703122845
2.713029538, 2.713145013
2.723029535, 2.723126499
2.733029538, 2.733123685
2.743029546, 2.743124948
2.753029537, 2.753136343
2.763029538, 2.763143950
2.773029544, 2.773154308
2.783029544, 2.783143463
2.793029538, 2.793215227
2.803029540, 2.803188853
2.813029541, 2.813188362
2.823029538, 2.823215737
2.833029541, 2.833191223
2.843029540, 2.843189656
2.853029540, 2.853191202
2.863029538, 2.863188630
2.873029537, 2.873194257
2.883029539, 2.883171965
2.893029538, 2.893225403
2.903029543, 2.903167822
2.913029545, 2.913199786
2.923029535, 2.923190265
2.933029543, 2.933213502
2.943029537, 2.943198122
2.953029535, 2.953218264
2.963029537, 2.963167118
2.973029542, 2.973210401
2.983029537, 2.983252702
2.993029538, 2.993229783
3.003029535, 3.003203691
3.013029540, 3.013205330
3.023029540, 3.023200364
3.033029533, 3.033214068
3.043029541, 3.043237293
3.053029542, 3.053194103
3.063029540, 3.063233721
3.073029543, 3.073159170
3.083029538, 3.083214485
3.093029537, 3.093174812
3.103029536, 3.103214882
3.113029539, 3.113198811
3.123029539, 3.123212121
3.133029539, 3.133124094
3.143029539, 3.143122660
3.153029539, 3.153136886
3.163029541, 3.163121494
3.173029533, 3.173163470
3.183029532, 3.183140783
3.193029537, 3.193124778
3.203029541, 3.203171329
3.213029541, 3.213161418
3.223029540, 3.223173288
3.233029538, 3.233124446
3.243029533, 3.243141811
3.253029537, 3.253159051
3.263029544, 3.263165716
3.273029537, 3.273152233
3.283029538, 3.283196871
3.293029538, 3.293195682
3.303029538, 3.303178510
3.313029539, 3.313203653
3.323029535, 3.323162843
3.333029546, 3.333215025
3.343029544, 3.343199655
3.353029543, 3.353200437
3.363029538, 3.363205506
3.373029542, 3.373279442
3.383029535, 3.383191856
3.393029540, 3.393222323
3.403029538, 3.403178339
3.413029542, 3.413217868
3.423029541, 3.423310442
3.433029559, 3.433236376
3.443029545, 3.443234830
3.453029538, 3.453166667
3.463029534, 3.463220747
3.473029537, 3.473239365
3.483029537, 3.483209835
3.493029537, 3.493204013
3.503029537, 3.503196276
3.513029537, 3.513172441
3.523029535, 3.523206907
3.533029538, 3.533223801
3.543029542, 3.543203949
3.553029540, 3.553209627
3.563029543, 3.563186930
3.573029543, 3.573144096
3.583029540, 3.583237294
3.593029537, 3.593199005
3.603029540, 3.603172046
3.613029543, 3.613161528
3.623029544, 3.623171471
3.633029541, 3.633167482
3.643029541, 3.643184450
3.653029532, 3.653195336
3.663029533, 3.663227338
3.673029541, 3.673200990
3.683029537, 3.683216053
3.693029540, 3.693208900
3.703029538, 3.703200049
3.713029543, 3.713222659
3.723029532, 3.723209637
3.733029537, 3.733221761
3.743029554, 3.743189185
3.753029545, 3.753211400
3.763029537, 3.763246015
3.773029541, 3.773236847
3.783029540, 3.783197156
3.793029542, 3.793205800
3.803029535, 3.803169196
3.813029541, 3.813142195
3.823029533, 3.823169475
3.833029543, 3.833112536
3.843029535, 3.843117119
3.853029543, 3.853132230
3.863029540, 3.863110850
3.873029541, 3.873122583
3.883029537, 3.883189901
3.893029533, 3.893201574
3.903029535, 3.903228596
3.913029548, 3.913303827
3.923029537, 3.923229552
3.933029537, 3.933212906
3.943029538, 3.943194064
3.953029538, 3.953188706
3.963029527, 3.963235113
3.973029538, 3.973178384
3.983029536, 3.983187920
3.993029538, 3.993200856
4.003029545, 4.003208288
4.013029535, 4.013182928
4.023029532, 4.023236063
4.033029544, 4.033208212
4.043029536, 4.043214436
4.053029538, 4.053200271
4.063029543, 4.063167233
4.073029539, 4.073237327
4.083029541, 4.083185905
4.093029541, 4.093195268
4.103029535, 4.103168599
4.113029543, 4.113186048
4.123029544, 4.123275457
4.133029540, 4.133168143
4.143029535, 4.143222423
4.153029538, 4.153176122
4.163029555, 4.163230245
4.173029543, 4.173154261
4.183029543, 4.183141612
4.193029534, 4.193227422
4.203029538, 4.203148208
4.213029546, 4.213137226
4.223029536, 4.223121176
4.233029539, 4.233126173
4.243029546, 4.243121885
4.253029539, 4.253179180
4.263029538, 4.263199670
4.273029542, 4.273204460
4.283029538, 4.283265683
4.293029543, 4.293216992
4.303029538, 4.303214669
4.313029543, 4.313177788
4.323029538, 4.323242460
4.333029543, 4.333213943
4.343029542, 4.343236268
4.353029543, 4.353200195
4.363029542, 4.363228385
4.373029543, 4.373214624
4.383029540, 4.383232129
4.393029538, 4.393188775
4.403029544, 4.403222964
4.413029537, 4.413221227
4.423029543, 4.423197501
4.433029538, 4.433216646
4.443029532, 4.443188812
4.453029531, 4.453228602
4.463029537, 4.463167964
4.473029535, 4.473206787
4.483029537, 4.483187106
4.493029540, 4.493189120
4.503029534, 4.503215166
4.513029542, 4.513179978
4.523029538, 4.523199505
4.533029541, 4.533211431
4.543029544, 4.543200396
4.553029541, 4.553177608
4.563029535, 4.563195685
4.573029537, 4.573197030
4.583029546, 4.583277413
4.593029546, 4.593223811
4.603029538, 4.603239651
4.613029542, 4.613203406
4.623029541, 4.623183401
4.633029542, 4.633134650
4.643029543, 4.643146452
4.653029538, 4.653133552
4.663029580, 4.663164327
4.673029542, 4.673125628
4.683029536, 4.683167498
4.693029538, 4.693207291
4.703029538, 4.703183656
4.713029541, 4.713208832
4.723029536, 4.723206679
4.733029535, 4.733223147
4.743029530, 4.743172071
4.753029541, 4.753217887
4.763029543, 4.763215307
4.773029535, 4.773284715
4.783029541, 4.783199697
4.793029538, 4.793243183
4.803029541, 4.803211643
4.813029535, 4.813199321
4.823029537, 4.823229578
4.833029536, 4.833194966
4.843029535, 4.843206595
4.853029538, 4.853198727
4.863029537, 4.863248394
4.873029557, 4.873227671
4.883029543, 4.883253216
4.893029538, 4.893189332
4.903029542, 4.903169278
4.913029536, 4.913189261
4.923029548, 4.923210501
4.933029537, 4.933250967
4.943029537, 4.943207357
4.953029529, 4.953211290
4.963029538, 4.963219559
4.973029544, 4.973192596
4.983029537, 4.983179502
4.993029554, 4.993188587
5.003029543, 5.003121786
5.013029540, 5.013220714
5.023029537, 5.023142767
5.033029538, 5.033175841
5.043029542, 5.043144897
5.053029546, 5.053210805
5.063029546, 5.063183156
5.073029540, 5.073251665
5.083029557, 5.083192997
5.093029544, 5.093165637
5.103029543, 5.103147702
5.113029548, 5.113124146
5.123029540, 5.123246699
5.133029542, 5.133234392
5.143029559, 5.143144868
5.153029537, 5.153202556
5.163029538, 5.163131406
5.173029537, 5.173123262
5.183029537, 5.183136370
5.193029532, 5.193127486
5.203029538, 5.203157955
5.213029541, 5.213214810
5.223029543, 5.223218150
5.233029546, 5.233139847
5.243029540, 5.243124396
5.253029537, 5.253209923
5.263029537, 5.263215689
5.273029539, 5.273215191
5.283029535, 5.283205051
5.293029540, 5.293123816
5.303029541, 5.303140055
5.313029537, 5.313142757
5.323029541, 5.323138662
5.333029541, 5.333134327
5.343029537, 5.343197260
5.353029535, 5.353186339
5.363029535, 5.363198431
5.373029537, 5.373144231
5.383029541, 5.383145780
5.393029543, 5.393123770
5.403029541, 5.403133062
5.413029544, 5.413134700
5.423029544, 5.423149151
5.433029540, 5.433135724
5.443029540, 5.443156683
5.453029540, 5.453179256
5.463029538, 5.463150032
5.473029540, 5.473139686
5.483029537, 5.483189458
5.493029546, 5.493148147
5.503029538, 5.503169796
5.513029538, 5.513161306
5.523029538, 5.523144379
5.533029540, 5.533168845
5.543029538, 5.543185281
5.553029544, 5.553132827
5.563029544, 5.563141593
5.573029524, 5.573120194
5.583029524, 5.583157483
5.593029537, 5.593120576
5.603029527, 5.603157659
5.613029544, 5.613126534
5.623029540, 5.623127047
5.633029540, 5.633131464
5.643029533, 5.643122403
5.653029538, 5.653162081
5.663029543, 5.663189699
5.673029543, 5.673149273
5.683029535, 5.683160321
5.693029537, 5.693137098
5.703029532, 5.703139435
5.713029543, 5.713141184
5.723029543, 5.723189031
5.733029530, 5.733156127
5.743029537, 5.743139771
5.753029535, 5.753179872
5.763029543, 5.763132915
5.773029538, 5.773142559
5.783029533, 5.783119004
5.793029537, 5.793136552
5.803029541, 5.803289024
5.813029527, 5.813207325
5.823029532, 5.823169821
5.833029544, 5.833200859
5.843029537, 5.843187042
5.853029536, 5.853154960
5.863029542, 5.863219505
5.873029542, 5.873170148
5.883029534, 5.883180719
5.893029559, 5.893287308
5.903029552, 5.903222452
5.913030228, 5.913304918
5.923029555, 5.923231981
5.933029615, 5.933248323
5.943029537, 5.943210268
5.953029557, 5.953218376
5.963029557, 5.963239782
5.973029543, 5.973278489
5.983029552, 5.983236109
5.993029530, 5.993201832
6.003029537, 6.003244235
6.013029535, 6.013179858
6.023029540, 6.023203624
6.033029555, 6.033216306
6.043029540, 6.043189466
6.053029548, 6.053216434
6.063029547, 6.063217584
6.073029540, 6.073267073
6.083029557, 6.083259186
6.093029546, 6.093190939
6.103029537, 6.103202214
6.113029543, 6.113245640
6.123029538, 6.123178376
6.133029538, 6.133222141
6.143029553, 6.143200880
6.153029534, 6.153218748
6.163029540, 6.163202280
6.173029576, 6.173184151
6.183029541, 6.183184483
6.193029541, 6.193198663
6.203029543, 6.203189652
6.213029543, 6.213185589
6.223029537, 6.223224355
6.233029573, 6.233193487
6.243029538, 6.243203002
6.253029551, 6.253175216
6.263029541, 6.263209142
6.273029549, 6.273228432
6.283029537, 6.283228984
6.293029597, 6.293189282
6.303029537, 6.303240122
6.313029543, 6.313255623
6.323029533, 6.323212762
6.333029541, 6.333215952
6.343029532, 6.343187661
6.353029543, 6.353220717
6.363029537, 6.363213294
6.373029557, 6.373293471
6.383029540, 6.383207751
6.393029543, 6.393219515
6.403029543, 6.403194966
6.413029543, 6.413248547
6.423029544, 6.423211933
6.433029533, 6.433280539
6.443029548, 6.443271899
6.453029535, 6.453243734
6.463029544, 6.463216771
6.473029537, 6.473206635
6.483029541, 6.483220215
6.493029552, 6.493230220
6.503029544, 6.503251037
6.513029549, 6.513199100
6.523029548, 6.523271769
6.533030947, 6.533246315
6.543029540, 6.543249189
6.553029541, 6.553190201
6.563029533, 6.563180641
6.573029557, 6.573211738
6.583029556, 6.583230769
6.593029551, 6.593204690
6.603029542, 6.603226881
6.613029551, 6.613212033
6.623030269, 6.623199980
6.633029552, 6.633185165
6.643029559, 6.643216249
6.653029540, 6.653180276
6.663029552, 6.663218487
6.673029546, 6.673208629
6.683029543, 6.683204674
6.693029535, 6.693215873
6.703029551, 6.703258645
6.713029532, 6.713215612
6.723029549, 6.723185289
6.733029540, 6.733243614
6.743029559, 6.743197913
6.753029557, 6.753230969
6.763029560, 6.763189318
6.773029536, 6.773208209
6.783029551, 6.783238521
6.793029538, 6.793190546
6.803029551, 6.803125913
6.813029546, 6.813143895
6.823029537, 6.823124789
6.833029584, 6.833124295
6.843029530, 6.843160843
6.853029551, 6.853150410
6.863029552, 6.863110508
6.873029527, 6.873110126
6.883029551, 6.883125417
6.893029543, 6.893128559
6.903029543, 6.903133560
6.913029557, 6.913147017
6.923029538, 6.923118967
6.933029548, 6.933116187
6.943029540, 6.943180769
6.953029537, 6.953164509
6.963029538, 6.963154275
6.973029555, 6.973146117
6.983029551, 6.983116459
6.993029557, 6.993196803
7.003029533, 7.003205368
7.013029551, 7.013187137
7.023029532, 7.023228447
7.033029574, 7.033229249
7.043029538, 7.043218259
7.053029546, 7.053200057
7.063029544, 7.063178660
7.073029537, 7.073197513
7.083029548, 7.083196105
7.093029544, 7.093199773
7.103029541, 7.103142059
7.113029540, 7.113110370
7.123029538, 7.123134485
7.133029541, 7.133151594
7.143029544, 7.143110797
7.153029535, 7.153119785
7.163029544, 7.163161925
7.173029544, 7.173164050
7.183029560, 7.183200960
7.193029537, 7.193200685
7.203029540, 7.203209213
7.213029548, 7.213262371
7.223029538, 7.223233403
7.233029557, 7.233188480
7.243029538, 7.243240628
7.253029535, 7.253214220
7.263029530, 7.263216776
7.273029532, 7.273222968
7.283029548, 7.283218960
7.293029554, 7.293201857
7.303029541, 7.303249851
7.313029537, 7.313216361
7.323029533, 7.323218601
7.333029565, 7.333232631
7.343029569, 7.343242329
7.353029553, 7.353223820
7.363029626, 7.363268115
7.373029602, 7.373243873
7.383029555, 7.383341492
7.393029555, 7.393304206
7.403029568, 7.403325702
7.413029565, 7.413262936
7.423029559, 7.423280271
7.433029600, 7.433338069
7.443029555, 7.443295194
7.453029563, 7.453231038
7.463029563, 7.463322993
7.473029567, 7.473345720
7.483029559, 7.483384346
7.493029606, 7.493391298
7.503029562, 7.503257116
7.513029567, 7.513340479
7.523029562, 7.523297590
7.533029562, 7.533244700
7.543029560, 7.543232671
7.553029563, 7.553227194
7.563029551, 7.563300924
7.573029549, 7.573291341
7.583029540, 7.583244305
7.593029535, 7.593268791
7.603029551, 7.603249907
7.613029555, 7.613251101
7.623029540, 7.623247903
7.633029611, 7.633275210
7.643029543, 7.643318456
7.653029540, 7.653312340
7.663029559, 7.663288945
7.673029557, 7.673294096
7.683029540, 7.683304997
7.693029554, 7.693286313
7.703029546, 7.703349036
7.713029538, 7.713249236
7.723029557, 7.723276922
7.733029559, 7.733276388
7.743029538, 7.743262660
7.753029559, 7.753291774
7.763029544, 7.763299936
7.773029537, 7.773258463
7.783029551, 7.783265104
7.793029554, 7.793313875
7.803029540, 7.803319188
7.813029559, 7.813256503
7.823029546, 7.823315804
7.833029541, 7.833307129
7.843029562, 7.843239745
7.853029554, 7.853263204
7.863029554, 7.863292138
7.873029551, 7.873339282
7.883029537, 7.883312464
7.893029544, 7.893250001
7.903029555, 7.903260455
7.913029554, 7.913228966
7.923029544, 7.923276652
7.933029567, 7.933338023
7.943029568, 7.943308466
7.953029559, 7.953284111
7.963029559, 7.963318305
7.973029560, 7.973321117
7.983029560, 7.983284511
7.993029557, 7.993306167
8.003029560, 8.003245694
8.013029562, 8.013252111
8.023029559, 8.023302342
8.033029565, 8.033235823
8.043029562, 8.043276382
8.053029569, 8.053214256
8.063029563, 8.063221260
8.073030582, 8.073227064
8.083029559, 8.083227527
8.093029535, 8.093181594
8.103029542, 8.103269883
8.113029554, 8.113210977
8.123029576, 8.123195145
8.133029532, 8.133215515
8.143029595, 8.143236863
8.153029545, 8.153262203
8.163029578, 8.163246330
8.173029542, 8.173240856
8.183029543, 8.183184376
8.193029543, 8.193287875
8.203029543, 8.203183943
8.213029545, 8.213194514
8.223029540, 8.223183861
8.233029534, 8.233247118
8.243029559, 8.243195535
8.253029535, 8.253223470
8.263029538, 8.263186676
8.273029538, 8.273188998
8.283029541, 8.283199250
8.293029540, 8.293209260
8.303029537, 8.303217044
8.313029544, 8.313248628
8.323029540, 8.323176441
8.333029537, 8.333232763
8.343029537, 8.343200516
8.353029541, 8.353191158
8.363029546, 8.363188760
8.373029585, 8.373182821
8.383029541, 8.383199392
8.393029547, 8.393183718
8.403029530, 8.403183295
8.413029583, 8.413177945
8.423029549, 8.423184241
8.433029544, 8.433203658
8.443029544, 8.443181476
8.453029538, 8.453180481
8.463029538, 8.463226854
8.473029535, 8.473182911
8.483029539, 8.483183978
8.493029544, 8.493202431
8.503029530, 8.503212909
8.513029579, 8.513172298
8.523029542, 8.523184724
8.533029538, 8.533179483
8.543029542, 8.543194936
8.553029541, 8.553225638
8.563029544, 8.563185131
8.573029539, 8.573217474
8.583029538, 8.583167689
8.593029530, 8.593156485
8.603029537, 8.603175994
8.613029538, 8.613125422
8.623029541, 8.623136364
8.633029538, 8.633171333
8.643029535, 8.643162133
8.653029535, 8.653167865
8.663029555, 8.663148993
8.673029530, 8.673122133
8.683029557, 8.683132451
8.693029537, 8.693138800
8.703029559, 8.703132541
8.713029541, 8.713124590
8.723029541, 8.723180777
8.733029540, 8.733148840
8.743029587, 8.743229974
8.753029543, 8.753128513
8.763029597, 8.763170954
8.773029552, 8.773206662
8.783029548, 8.783150399
8.793029540, 8.793122921
8.803029535, 8.803130868
8.813029538, 8.813136110
8.823031033, 8.823126017
8.833029548, 8.833147527
8.843029541, 8.843144762
8.853029537, 8.853162012
8.863029563, 8.863128272
8.873029529, 8.873151531
8.883029554, 8.883120804
8.893029535, 8.893165735
8.903029544, 8.903139629
8.913029544, 8.913131161
8.923029544, 8.923135107
8.933029554, 8.933140347
8.943029593, 8.943140396
8.953029540, 8.953148988
8.963029611, 8.963122108
8.973029563, 8.973161982
8.983029546, 8.983129085
8.993029551, 8.993171681
9.003029540, 9.003113219
9.013029537, 9.013124782
9.023029552, 9.023126846
9.033029838, 9.033125386
9.043029546, 9.043120860
9.053029554, 9.053124465
9.063029537, 9.063139319
9.073029538, 9.073131259
9.083029559, 9.083250362
9.093029554, 9.093183583
9.103029666, 9.103210070
9.113029544, 9.113182630
9.123030738, 9.123250165
9.133029549, 9.133227096
9.143029554, 9.143199627
9.153029538, 9.153192466
9.163029544, 9.163165141
9.173029543, 9.173221014
9.183029555, 9.183125150
9.193029544, 9.193122773
9.203029548, 9.203130323
9.213029544, 9.213129870
9.223029552, 9.223122548
9.233029543, 9.233210009
9.243029555, 9.243218317
9.253029543, 9.253200352
9.263029548, 9.263236250
9.273029560, 9.273178879
9.283029544, 9.283240021
9.293029555, 9.293197365
9.303029543, 9.303192448
9.313029551, 9.313203857
9.323029552, 9.323212979
9.333029538, 9.333211414
9.343029537, 9.343195645
9.353029530, 9.353217133
9.363029544, 9.363211575
9.373029996, 9.373231525
9.383029554, 9.383214929
9.393031210, 9.393208119
9.403029554, 9.403191488
9.413029541, 9.413211188
9.423029530, 9.423210419
9.433029543, 9.433241956
9.443029582, 9.443195473
9.453029581, 9.453194763
9.463029546, 9.463197341
9.473029543, 9.473188011
9.483029543, 9.483167028
9.493029552, 9.493165281
9.503029541, 9.503146123
9.513029552, 9.513173701
9.523029535, 9.523138309
9.533029532, 9.533164675
9.543029529, 9.543202211
9.553029538, 9.553131527
9.563029529, 9.563240110
9.573029533, 9.573210688
9.583029530, 9.583243002
9.593029533, 9.593216823
9.603029529, 9.603261991
9.613029532, 9.613174518
9.623029535, 9.623161718
9.633029532, 9.633198819
9.643029530, 9.643225845
9.653029533, 9.653181203
9.663029533, 9.663274768
9.673029537, 9.673232582
9.683029532, 9.683224520
9.693029537, 9.693169633
9.703029535, 9.703165245
9.713029535, 9.713225552
9.723029533, 9.723191500
9.733029533, 9.733197162
9.743029533, 9.743194969
9.753029535, 9.753228580
9.763029532, 9.763231498
9.773029540, 9.773217002
9.783029527, 9.783168123
9.793029530, 9.793161498
9.803029530, 9.803238461
9.813029538, 9.813149171
9.823029533, 9.823141045
9.833029538, 9.833140078
9.843029533, 9.843143830
9.853029535, 9.853150699
9.863029533, 9.863141904
9.873029533, 9.873123620
9.883029529, 9.883141257
9.893029540, 9.893133942
9.903029529, 9.903134070
9.913029540, 9.913124550
9.923029538, 9.923173918
9.933029562, 9.933143034
9.943029538, 9.943203037
9.953029560, 9.953274626
9.963029533, 9.963303693
9.973029557, 9.973285556
9.983029537, 9.983327617
9.993029544, 9.993336706
10.003029559, 10.003331064
10.013029552, 10.013332489
10.023029538, 10.023342165
10.033029554, 10.033336595
10.043029544, 10.043263117
10.053029532, 10.053277543
10.063029532, 10.063261761
10.073029530, 10.073313010
10.083029530, 10.083312367
10.093029554, 10.093299149
10.103029535, 10.103321904
10.113029535, 10.113322811
10.123029559, 10.123278657
10.133029555, 10.133322593
10.143029540, 10.143286366
10.153029552, 10.153296448
10.163029543, 10.163213425
10.173029541, 10.173313965
10.183029543, 10.183283595
10.193029554, 10.193315244
10.203029533, 10.203261653
10.213029551, 10.213327501
10.223029541, 10.223281489
10.233029540, 10.233205798
10.243029541, 10.243169216
10.253029554, 10.253173031
10.263029537, 10.263284113
10.273029559, 10.273283368
10.283029543, 10.283273755
10.293029543, 10.293275317
10.303029555, 10.303277410
10.313029556, 10.313277629
10.323029537, 10.323280666
10.333029552, 10.333283844
10.343029538, 10.343281483
10.353029543, 10.353283366
10.363029555, 10.363275821
10.373029560, 10.373274950
10.383029530, 10.383278175
10.393029559, 10.393278797
10.403029543, 10.403278127
10.413029541, 10.413276419
10.423029554, 10.423212543
10.433029543, 10.433214370
10.443029533, 10.443213703
10.453029537, 10.453209756
10.463029543, 10.463211272
10.473029543, 10.473207409
10.483029535, 10.483210902
10.493029537, 10.493208245
10.503029533, 10.503212979
10.513029535, 10.513215146
10.523029544, 10.523209679
10.533029541, 10.533211548
10.543029541, 10.543213625
10.553029541, 10.553215647
10.563029538, 10.563207457
10.573029544, 10.573208787
10.583029537, 10.583211195
10.593029540, 10.593207631
10.603029540, 10.603208746
10.613029538, 10.613212443
10.623029533, 10.623212258
10.633029538, 10.633207523
10.643029543, 10.643213835
10.653029540, 10.653210260
10.663029537, 10.663209865
10.673029543, 10.673211912
10.683029540, 10.683207597
10.693029537, 10.693208196
10.703029541, 10.703208997
10.713029537, 10.713209158
10.723029538, 10.723211070
10.733029540, 10.733204549
10.743029535, 10.743206802
10.753029538, 10.753208782
10.763029544, 10.763201159
10.773029543, 10.773207257
10.783029540, 10.783209146
10.793029543, 10.793209554
10.803029537, 10.803202947
10.813029541, 10.813206823
10.823029533, 10.823208588
10.833029543, 10.833211385
10.843029544, 10.843208406
10.853029541, 10.853210462
10.863029538, 10.863210804
10.873029538, 10.873200458
10.883029543, 10.883205648
10.893029537, 10.893210413
10.903029540, 10.903212451
10.913029543, 10.913212137
10.923029537, 10.923208427
10.933029538, 10.933215860
10.943029535, 10.943208384
10.953029537, 10.953212762
10.963029535, 10.963211324
10.973029537, 10.973207124
10.983029541, 10.983213526
10.993029535, 10.993213135
11.003029543, 11.003203156
11.013029541, 11.013207708
11.023029543, 11.023205122
11.033029533, 11.033205739
11.043029541, 11.043204685
11.053029541, 11.053203527
11.063029537, 11.063207691
11.073029541, 11.073207383
11.083029541, 11.083210088
11.093029543, 11.093201683
11.103029540, 11.103203554
11.113029538, 11.113202362
11.123029537, 11.123201980
11.133029541, 11.133207677
11.143029544, 11.143205779
11.153029541, 11.153204982
11.163029540, 11.163205717
11.173029540, 11.173201762
11.183029537, 11.183200968
11.193029537, 11.193203478
11.203029538, 11.203205243
11.213029541, 11.213203265
11.223029532, 11.223205397
11.233029543, 11.233206554
11.243029543, 11.243204418
11.253029535, 11.253205767
11.263029543, 11.263203709
11.273029540, 11.273201851
11.283029535, 11.283199718
11.293029541, 11.293205018
11.303029543, 11.303204742
11.313029537, 11.313206118
11.323029537, 11.323205275
11.333029573, 11.333207833
11.343029540, 11.343204959
11.353029543, 11.353205125
11.363029543, 11.363202524
11.373029543, 11.373202389
11.383029541, 11.383205700
11.393029541, 11.393209466
11.403029538, 11.403210181
11.413029538, 11.413206617
11.423029538, 11.423202008
11.433029538, 11.433204350
11.443029540, 11.443205122
11.453029541, 11.453201525
11.463029533, 11.463205199
11.473029543, 11.473204385
11.483029543, 11.483206225
11.493029535, 11.493206988
11.503029537, 11.503205572
11.513029544, 11.513202255
11.523029540, 11.523206099
11.533029540, 11.533204007
11.543029541, 11.543205408
11.553029543, 11.553203119
11.563029538, 11.563208424
11.573029538, 11.573202487
11.583029544, 11.583209783
11.593029543, 11.593206987
11.603029540, 11.603205499
11.613029537, 11.613206712
11.623029544, 11.623172349
11.633029533, 11.633203934
11.643029532, 11.643208929
11.653029543, 11.653205793
11.663029541, 11.663203772
11.673029541, 11.673204404
11.683029540, 11.683205016
11.693029544, 11.693200388
11.703029538, 11.703203786
11.713029537, 11.713203717
11.723029535, 11.723206265
11.733029541, 11.733204406
11.743029544, 11.743207121
11.753029537, 11.753203854
11.763029535, 11.763209428
11.773029540, 11.773205943
11.783029538, 11.783206759
11.793029540, 11.793205660
11.803029535, 11.803206665
11.813029538, 11.813204116
11.823029533, 11.823207767
11.833029541, 11.833209781
11.843029540, 11.843202045
11.853029543, 11.853206463
11.863029543, 11.863203603
11.873029535, 11.873206813
11.883029535, 11.883208188
11.893029537, 11.893204609
11.903029540, 11.903203131
11.913029535, 11.913208701
11.923029541, 11.923206589
11.933029538, 11.933203242
11.943029535, 11.943207227
11.953029549, 11.953208476
11.963029535, 11.963209368
11.973029533, 11.973203174
11.983029537, 11.983207662
11.993029540, 11.993205551
12.003029537, 12.003200267
12.013029538, 12.013206191
12.023029540, 12.023203679
12.033029538, 12.033209903
12.043029541, 12.043205171
------------------------------
