------------------------------
test was performed using the following parameters: --mps=100 --burst=1 --reply-every=1 --msg-size=12 --time=10
------------------------------
sockperf: [Total Run] RunTime=10.100 sec; SentMessages=1011; ReceivedMessages=1010
sockperf: ========= Printing statistics for Server No: 0
sockperf: [Valid Duration] RunTime=9.980 sec; SentMessages=999; ReceivedMessages=999
sockperf: [2;35m====> avg-lat=1417.208 (std-dev=702.050)[0m
sockperf: # dropped messages = 0; # duplicated messages = 0; # out-of-order messages = 0
sockperf: [2;35mTotal 999 observations[0m; each percentile contains 9.99 observations
sockperf: ---> <MAX> observation = 6794.122
sockperf: ---> percentile  99.99 = 6794.122
sockperf: ---> percentile  99.90 = 1972.228
sockperf: ---> percentile  99.50 = 1960.999
sockperf: ---> percentile  99.00 = 1946.108
sockperf: ---> percentile  95.00 = 1920.121
sockperf: ---> percentile  90.00 = 1895.996
sockperf: ---> percentile  75.00 = 1840.351
sockperf: ---> percentile  50.00 = 1717.325
sockperf: ---> percentile  25.00 = 1517.073
sockperf: ---> <MIN> observation =   67.795
------------------------------
txTime, rxTime
2.066546288, 2.070244974
2.076546299, 2.080239651
2.086546289, 2.090395800
2.096546298, 2.100260288
2.106546293, 2.110326527
2.116546291, 2.120438508
2.126546277, 2.130421053
2.136546298, 2.140412195
2.146546297, 2.150427984
2.156546285, 2.160490604
2.166546288, 2.169741010
2.176546278, 2.179763622
2.186546282, 2.189707980
2.196546294, 2.199685423
2.206546294, 2.209763750
2.216546298, 2.219860544
2.226546296, 2.229779122
2.236546292, 2.239747330
2.246546295, 2.249774739
2.256546272, 2.259798562
2.266546286, 2.269782893
2.276546295, 2.279907218
2.286546294, 2.289809821
2.296549091, 2.299924694
2.306546285, 2.309901658
2.316546292, 2.319990563
2.326546288, 2.329954662
2.336550527, 2.340011622
2.346546273, 2.350029338
2.356551157, 2.359983877
2.366546288, 2.370070281
2.376546635, 2.380088200
2.386546289, 2.390046033
2.396546287, 2.400220992
2.406546289, 2.410167616
2.416546297, 2.420188883
2.426546291, 2.430117652
2.436546305, 2.440128681
2.446546293, 2.450186901
2.456546285, 2.460160226
2.466546286, 2.470268585
2.476546288, 2.480276314
2.486546286, 2.490346066
2.496546300, 2.500386544
2.506546288, 2.510387982
2.516546357, 2.520285832
2.526546293, 2.530319858
2.536546293, 2.540405657
2.546546288, 2.549632075
2.556546288, 2.559685424
2.566546287, 2.569704484
2.576546286, 2.579721692
2.586546289, 2.589766920
2.596546288, 2.599866774
2.606546275, 2.609730793
2.616546300, 2.619791721
2.626546278, 2.629803868
2.636546285, 2.639932600
2.646546274, 2.649900233
2.656546274, 2.659900033
2.666546299, 2.669923207
2.676546280, 2.679951423
2.686546294, 2.689868443
2.696546288, 2.699962389
2.706546296, 2.709955241
2.716546275, 2.720053980
2.726546294, 2.729974145
2.736546288, 2.739981395
2.746546292, 2.750081573
2.756546290, 2.760105322
2.766546294, 2.770247119
2.776546293, 2.780171006
2.786546291, 2.790206762
2.796546287, 2.800161231
2.806546296, 2.810116882
2.816546287, 2.820169142
2.826546285, 2.830172070
2.836546294, 2.840212805
2.846546296, 2.850188769
2.856546298, 2.860287600
2.866546297, 2.870307766
2.876546297, 2.880416551
2.886546293, 2.890327288
2.896546294, 2.900128120
2.906546296, 2.910037766
2.916546278, 2.920076811
2.926546291, 2.930065856
2.936547376, 2.940096647
2.946546297, 2.950175245
2.956546296, 2.960059032
2.966546284, 2.970210102
2.976546295, 2.980195208
2.986546293, 2.990088656
2.996546289, 3.000174635
3.006546289, 3.010206543
3.016546274, 3.020207100
3.026546297, 3.030264531
3.036546301, 3.040220112
3.046546266, 3.050336652
3.056546293, 3.060332059
3.066546293, 3.070316702
3.076551986, 3.080118966
3.086546299, 3.090269035
3.096546285, 3.100149917
3.106546291, 3.110063489
3.116546291, 3.120125757
3.126546272, 3.130201341
3.136546294, 3.140137494
3.146546287, 3.150261737
3.156546342, 3.160152587
3.166546291, 3.170327962
3.176546290, 3.180343177
3.186553109, 3.190417579
3.196546286, 3.200256376
3.206546282, 3.210309717
3.216546291, 3.220267046
3.226546288, 3.230217462
3.236546292, 3.240345467
3.246546285, 3.250341598
3.256546272, 3.260301051
3.266546294, 3.270407843
3.276546296, 3.280292837
3.286546286, 3.290324835
3.296546297, 3.300049495
3.306546291, 3.310126804
3.316546294, 3.320118129
3.326546285, 3.330074700
3.336546286, 3.340097502
3.346546285, 3.349979518
3.356546289, 3.360071194
3.366546294, 3.370116560
3.376546285, 3.380175586
3.386546285, 3.390236610
3.396546272, 3.400166477
3.406546294, 3.410323376
3.416546295, 3.420249118
3.426546286, 3.430211882
3.436546275, 3.440309085
3.446546291, 3.450284880
3.456546300, 3.460426620
3.466546394, 3.470355547
3.476546308, 3.480311157
3.486546289, 3.490369539
3.496546266, 3.500302503
3.506546288, 3.509623194
3.516546282, 3.519708046
3.526546275, 3.529668014
3.536546274, 3.539722182
3.546546289, 3.549727819
3.556546293, 3.559652224
3.566546288, 3.569758169
3.576546295, 3.579749169
3.586546288, 3.589718585
3.596546276, 3.599789102
3.606546283, 3.609875259
3.616546270, 3.619809418
3.626546282, 3.629819087
3.636546289, 3.639935490
3.646546282, 3.649948427
3.656546292, 3.659971797
3.666546283, 3.670023919
3.676546282, 3.679960143
3.686546305, 3.689962610
3.696546290, 3.699979664
3.706546285, 3.710070805
3.716547923, 3.720054328
3.726546286, 3.730043923
3.736546289, 3.740043268
3.746546288, 3.750115912
3.756546288, 3.760124144
3.766546280, 3.770186781
3.776546276, 3.780183381
3.786546293, 3.790118436
3.796546291, 3.800229913
3.806546288, 3.810292216
3.816546291, 3.820293753
3.826546291, 3.830257547
3.836546270, 3.840310441
3.846546283, 3.850279993
3.856546278, 3.860294044
3.866546294, 3.870372688
3.876546287, 3.880351731
3.886546283, 3.890319902
3.896546279, 3.900395191
3.906546289, 3.909609541
3.916546270, 3.919600207
3.926546285, 3.929612833
3.936546282, 3.939619698
3.946546286, 3.949704824
3.956546284, 3.959703356
3.966546272, 3.969616791
3.976546282, 3.979674437
3.986546286, 3.989706632
3.996546287, 3.999758413
4.006546283, 4.009882415
4.016546272, 4.019828279
4.026546286, 4.029841203
4.036546283, 4.039865627
4.046546282, 4.049846710
4.056546285, 4.059923887
4.066546289, 4.069891043
4.076546280, 4.080025395
4.086546296, 4.090030545
4.096546277, 4.100022727
4.106546284, 4.110072472
4.116546285, 4.120070217
4.126546293, 4.130062029
4.136546285, 4.140142138
4.146546289, 4.150121696
4.156546286, 4.160128651
4.166546282, 4.170097574
4.176546288, 4.180226991
4.186546283, 4.190160488
4.196546276, 4.200225990
4.206546269, 4.210284113
4.216546289, 4.220301115
4.226546286, 4.230246726
4.236546270, 4.240356662
4.246546271, 4.250240953
4.256546292, 4.260155761
4.266546286, 4.270406944
4.276546288, 4.280443487
4.286546280, 4.290363717
4.296546283, 4.300400828
4.306546289, 4.309823653
4.316546263, 4.319686640
4.326546293, 4.329622442
4.336546280, 4.339726988
4.346546282, 4.349758296
4.356546285, 4.359797809
4.366546283, 4.369679873
4.376546287, 4.379910847
4.386546285, 4.389879563
4.396546283, 4.399882227
4.406546285, 4.409848456
4.416546290, 4.419900608
4.426546291, 4.429974228
4.436546269, 4.439959338
4.446546289, 4.450042852
4.456546280, 4.460011246
4.466546285, 4.470081413
4.476546282, 4.479954849
4.486546288, 4.490189755
4.496546283, 4.500146247
4.506546275, 4.510145036
4.516546280, 4.520163625
4.526546289, 4.530206541
4.536546287, 4.540171689
4.546546287, 4.550184101
4.556546284, 4.560218137
4.566546288, 4.570243685
4.576546285, 4.580314557
4.586546289, 4.590270996
4.596546276, 4.600304015
4.606546288, 4.610382754
4.616546276, 4.620309921
4.626546289, 4.630315710
4.636546270, 4.640329389
4.646546302, 4.650490758
4.656546290, 4.659952344
4.666546269, 4.669957009
4.676546272, 4.680025480
4.686546283, 4.689979852
4.696546278, 4.699956018
4.706546294, 4.710013880
4.716546284, 4.720114005
4.726546288, 4.729973816
4.736546276, 4.739916533
4.746546278, 4.749979998
4.756546267, 4.760054780
4.766546288, 4.770083143
4.776546276, 4.780200889
4.786546288, 4.790148925
4.796546289, 4.800252946
4.806546286, 4.810233396
4.816546291, 4.820287876
4.826546296, 4.830232922
4.836546290, 4.840262264
4.846546638, 4.850205055
4.856546276, 4.860298372
4.866546289, 4.870257470
4.876546270, 4.880302576
4.886546293, 4.890353196
4.896546288, 4.900386652
4.906546288, 4.909803297
4.916546289, 4.919837296
4.926546280, 4.929885406
4.936546294, 4.939900593
4.946546288, 4.949922844
4.956546293, 4.959948378
4.966546291, 4.969975623
4.976546291, 4.979911089
4.986546289, 4.989972971
4.996546283, 5.000019158
5.006546291, 5.009999232
5.016546283, 5.020043912
5.026546283, 5.029998606
5.036546279, 5.040174221
5.046546289, 5.050090428
5.056546288, 5.060263883
5.066546289, 5.070225684
5.076546273, 5.080199912
5.086546288, 5.090238247
5.096546278, 5.100215936
5.106546286, 5.110370592
5.116546272, 5.120279215
5.126546283, 5.130329362
5.136546290, 5.140371918
5.146546285, 5.150339804
5.156546293, 5.160294873
5.166546289, 5.170331541
5.176546283, 5.180450849
5.186546285, 5.190107941
5.196546285, 5.200151761
5.206546286, 5.210151918
5.216546277, 5.220247004
5.226546282, 5.230259839
5.236546272, 5.240421380
5.246546296, 5.250268127
5.256546288, 5.260382613
5.266546275, 5.270326652
5.276546279, 5.280317997
5.286546286, 5.290380434
5.296546288, 5.300368531
5.306546270, 5.310329140
5.316546268, 5.320394755
5.326546269, 5.330454093
5.336546285, 5.339778624
5.346546277, 5.349817329
5.356546283, 5.359731180
5.366546282, 5.369807117
5.376546284, 5.379774070
5.386546280, 5.389831640
5.396546300, 5.399825185
5.406546266, 5.409945733
5.416546282, 5.419933233
5.426546293, 5.429990041
5.436546287, 5.440022444
5.446546288, 5.449998682
5.456546270, 5.460054724
5.466546289, 5.470031222
5.476546285, 5.480028292
5.486546291, 5.490014231
5.496546291, 5.500079869
5.506546289, 5.510089296
5.516546275, 5.519984652
5.526546280, 5.530193057
5.536546283, 5.540206857
5.546546293, 5.550244306
5.556546286, 5.560267718
5.566546286, 5.570194668
5.576546280, 5.580334972
5.586546286, 5.590326677
5.596546289, 5.600374942
5.606546288, 5.610300776
5.616546291, 5.620421882
5.626546283, 5.630359039
5.636546290, 5.640323172
5.646546270, 5.650385753
5.656546294, 5.660338909
5.666546294, 5.669701391
5.676546295, 5.679844016
5.686546280, 5.689700053
5.696546280, 5.699728542
5.706546283, 5.709769047
5.716546283, 5.719743678
5.726546289, 5.729802483
5.736546292, 5.739788560
5.746546288, 5.749728472
5.756546273, 5.759838075
5.766546289, 5.769911218
5.776546289, 5.779906698
5.786546282, 5.789818232
5.796546275, 5.800003055
5.806546291, 5.809916670
5.816546276, 5.820058319
5.826546274, 5.829957393
5.836546293, 5.839966710
5.846546286, 5.850105482
5.856546287, 5.860021655
5.866546283, 5.870147175
5.876546288, 5.880163577
5.886546285, 5.890209289
5.896546285, 5.900229773
5.906546289, 5.910207191
5.916546291, 5.920161933
5.926546283, 5.930135653
5.936546268, 5.940243550
5.946546288, 5.950236894
5.956546272, 5.960286216
5.966546283, 5.970354459
5.976546274, 5.980285018
5.986546288, 5.990277603
5.996546279, 5.999882687
6.006546278, 6.009377369
6.016546282, 6.019432952
6.026546286, 6.029407745
6.036546288, 6.039485364
6.046546283, 6.049457167
6.056546272, 6.059537144
6.066546286, 6.069451087
6.076546288, 6.079618593
6.086546286, 6.089619395
6.096546291, 6.099624083
6.106546283, 6.109700489
6.116546279, 6.119703981
6.126546269, 6.129728032
6.136546275, 6.139765140
6.146546300, 6.149762425
6.156546289, 6.159745565
6.166546293, 6.169778491
6.176546279, 6.179841251
6.186546293, 6.189916235
6.196546285, 6.199939712
6.206546296, 6.209967323
6.216546287, 6.219922474
6.226546285, 6.229943185
6.236546277, 6.239936813
6.246546274, 6.249971546
6.256546278, 6.260012512
6.266546275, 6.270041403
6.276546277, 6.280021696
6.286546274, 6.290092603
6.296546274, 6.300133847
6.306546291, 6.310174575
6.316546264, 6.320190618
6.326546282, 6.330147149
6.336546293, 6.340141784
6.346546283, 6.350211689
6.356546284, 6.360220755
6.366546282, 6.370332949
6.376546289, 6.380317257
6.386546280, 6.390215264
6.396546285, 6.400378606
6.406546286, 6.410329887
6.416546277, 6.420414384
6.426546283, 6.430412646
6.436546274, 6.440402176
6.446546280, 6.450356067
6.456546381, 6.460424654
6.466546286, 6.470470841
6.476546276, 6.480408346
6.486546285, 6.490407418
6.496546270, 6.499358253
6.506546288, 6.509452997
6.516546274, 6.519394566
6.526546283, 6.529434974
6.536546274, 6.539516361
6.546546283, 6.549494190
6.556546296, 6.559504583
6.566546289, 6.569567763
6.576546283, 6.579580430
6.586546280, 6.589550755
6.596546275, 6.599587010
6.606546293, 6.609519547
6.616546265, 6.619608530
6.626546264, 6.629690066
6.636546293, 6.639838561
6.646546285, 6.649692257
6.656546277, 6.659661098
6.666546263, 6.669849376
6.676546285, 6.679873658
6.686546774, 6.689801713
6.696546271, 6.699803479
6.706546286, 6.709772167
6.716546276, 6.719816935
6.726546286, 6.729926761
6.736546263, 6.739963506
6.746546288, 6.750001275
6.756546271, 6.760009185
6.766546282, 6.770051531
6.776546272, 6.779994537
6.786546285, 6.789974722
6.796546286, 6.800075961
6.806546288, 6.810083736
6.816546281, 6.820067633
6.826546283, 6.830252473
6.836546283, 6.840208710
6.846546293, 6.850202045
6.856546269, 6.860274559
6.866546285, 6.870285488
6.876546279, 6.880361930
6.886546285, 6.890355460
6.896546285, 6.900312197
6.906546283, 6.910237700
6.916546282, 6.920333551
6.926546286, 6.930356695
6.936546288, 6.940403536
6.946546282, 6.950391045
6.956546291, 6.960270597
6.966546288, 6.970036926
6.976546288, 6.980041272
6.986546289, 6.989961410
6.996546293, 7.000044078
7.006546288, 7.010018401
7.016546278, 7.020017861
7.026546272, 7.030128080
7.036546270, 7.040178988
7.046546283, 7.050181504
7.056546287, 7.060245833
7.066546277, 7.070098452
7.076546269, 7.080305909
7.086546286, 7.090234278
7.096546283, 7.100298023
7.106546288, 7.110383048
7.116546274, 7.120307175
7.126546286, 7.130310222
7.136546276, 7.140397123
7.146546282, 7.150342309
7.156546291, 7.160376271
7.166546267, 7.169719265
7.176546285, 7.179733808
7.186546280, 7.189752394
7.196546269, 7.199802727
7.206546269, 7.209771138
7.216546285, 7.219802474
7.226546283, 7.229891955
7.236546290, 7.239906867
7.246546274, 7.249921314
7.256546274, 7.259918333
7.266546283, 7.269977481
7.276546275, 7.279979690
7.286546293, 7.289894611
7.296546280, 7.300033491
7.306546287, 7.309937388
7.316546273, 7.320055521
7.326546288, 7.330051728
7.336546285, 7.340085374
7.346546282, 7.350102320
7.356546294, 7.360164615
7.366546285, 7.370163005
7.376546286, 7.380146103
7.386546283, 7.390155887
7.396546269, 7.400229187
7.406546299, 7.410258203
7.416546283, 7.420178428
7.426546289, 7.430165690
7.436546270, 7.440316589
7.446546285, 7.450286014
7.456546288, 7.460350682
7.466546280, 7.470332088
7.476546293, 7.480298078
7.486546282, 7.490288168
7.496546269, 7.500408776
7.506546286, 7.510393166
7.516546270, 7.520425109
7.526546283, 7.530409670
7.536546287, 7.540380171
7.546546285, 7.550090128
7.556546271, 7.560070724
7.566546280, 7.570118986
7.576546277, 7.580053875
7.586546285, 7.590108244
7.596546292, 7.600125937
7.606546288, 7.610115470
7.616546276, 7.620159948
7.626546291, 7.630148743
7.636546272, 7.640225785
7.646546283, 7.650220952
7.656546275, 7.660274015
7.666546289, 7.670220651
7.676546268, 7.680225990
7.686546282, 7.690343739
7.696546268, 7.700306542
7.706546298, 7.710256863
7.716546279, 7.720292157
7.726546285, 7.730308713
7.736546287, 7.740290186
7.746546289, 7.750405077
7.756546269, 7.760341806
7.766546289, 7.770321059
7.776546285, 7.780364784
7.786546286, 7.790388798
7.796546292, 7.800382405
7.806546285, 7.810359141
7.816546289, 7.820183464
7.826546297, 7.830177881
7.836546292, 7.840293995
7.846546282, 7.850196235
7.856546285, 7.860223394
7.866546283, 7.870274667
7.876546266, 7.880332824
7.886546285, 7.890329484
7.896546294, 7.900326541
7.906546288, 7.910335983
7.916546330, 7.920310561
7.926546283, 7.930317462
7.936546285, 7.940387755
7.946546285, 7.950469449
7.956546287, 7.960414193
7.966546282, 7.970408047
7.976546277, 7.979485603
7.986546288, 7.989443199
7.996546272, 7.999525428
8.006546294, 8.009482567
8.016546285, 8.019536215
8.026546348, 8.029602873
8.036546276, 8.039561550
8.046546289, 8.049673706
8.056546283, 8.059655096
8.066546280, 8.069712609
8.076546282, 8.079565875
8.086546266, 8.089713745
8.096546287, 8.099639123
8.106546289, 8.109628897
8.116546269, 8.119738871
8.126546291, 8.129818760
8.136546280, 8.139882322
8.146546286, 8.149853735
8.156546278, 8.159839598
8.166546274, 8.169910997
8.176546286, 8.179898844
8.186546285, 8.189879898
8.196546284, 8.199952492
8.206546270, 8.209919546
8.216546269, 8.219873897
8.226546285, 8.229957426
8.236546291, 8.240037338
8.246546269, 8.250159106
8.256546268, 8.260126181
8.266546283, 8.270068410
8.276546280, 8.280123518
8.286546272, 8.290163641
8.296546274, 8.300160429
8.306546277, 8.310228588
8.316546277, 8.320134219
8.326546289, 8.330200430
8.336546287, 8.340232174
8.346546285, 8.350278600
8.356546272, 8.360257250
8.366546285, 8.370276222
8.376546347, 8.380332302
8.386546277, 8.390355213
8.396546268, 8.400402173
8.406546266, 8.410357087
8.416546283, 8.420394738
8.426546291, 8.429603715
8.436546291, 8.439665448
8.446546283, 8.449658416
8.456546272, 8.459645703
8.466546286, 8.469685046
8.476546289, 8.479833006
8.486546282, 8.489679481
8.496546294, 8.499764255
8.506546294, 8.509822410
8.516546271, 8.519839771
8.526546280, 8.529791515
8.536546267, 8.539804142
8.546546289, 8.549818265
8.556546287, 8.559841532
8.566546291, 8.569991841
8.576546278, 8.579963865
8.586546288, 8.589954584
8.596546285, 8.599984638
8.606546286, 8.609991069
8.616546278, 8.619977567
8.626546285, 8.630038257
8.636546272, 8.640059147
8.646546288, 8.650058128
8.656546277, 8.660180044
8.666546283, 8.670164973
8.676546293, 8.680102512
8.686546280, 8.690115741
8.696546274, 8.700251846
8.706546286, 8.710178975
8.716546280, 8.720356247
8.726546283, 8.730235889
8.736546286, 8.740317865
8.746546293, 8.750293603
8.756546275, 8.760356096
8.766546293, 8.770348634
8.776546266, 8.780382768
8.786546288, 8.790345540
8.796546273, 8.800270749
8.806546288, 8.809615031
8.816546272, 8.819721709
8.826546283, 8.829592495
8.836546281, 8.839812754
8.846546293, 8.849766561
8.856546287, 8.859682809
8.866546283, 8.869752207
8.876546338, 8.879845621
8.886546280, 8.889841549
8.896546272, 8.899775660
8.906546282, 8.909954941
8.916547363, 8.920061598
8.926546285, 8.929894940
8.936546290, 8.940008129
8.946546289, 8.950010816
8.956546266, 8.960135797
8.966546294, 8.970100821
8.976546284, 8.980107482
8.986546285, 8.990143160
8.996546278, 9.000142831
9.006546293, 9.010217279
9.016546267, 9.020240392
9.026546288, 9.030154290
9.036546280, 9.040223197
9.046546283, 9.050288962
9.056546287, 9.060256780
9.066546288, 9.070325806
9.076546269, 9.080294395
9.086546274, 9.090354850
9.096546295, 9.100320509
9.106546285, 9.110336669
9.116546276, 9.119939315
9.126546261, 9.130002542
9.136546283, 9.139932923
9.146546283, 9.149960063
9.156546286, 9.159892767
9.166546293, 9.169984970
9.176546270, 9.179961519
9.186546289, 9.190018794
9.196546268, 9.200123513
9.206546986, 9.210063077
9.216546272, 9.220119122
9.226546294, 9.230034771
9.236546321, 9.240045887
9.246546266, 9.250029026
9.256546282, 9.260074119
9.266546270, 9.270060672
9.276546284, 9.280171089
9.286546282, 9.290191061
9.296546278, 9.300296068
9.306546274, 9.310173341
9.316546288, 9.320304208
9.326546285, 9.330369263
9.336546287, 9.340332021
9.346546288, 9.350374064
9.356546277, 9.360316026
9.366546275, 9.370417290
9.376546272, 9.380468271
9.386546288, 9.390378851
9.396546287, 9.410134533
9.410135096, 9.412963149
9.416546291, 9.419461526
9.426546271, 9.429396366
9.436546289, 9.439417179
9.446546282, 9.449460593
9.456546277, 9.459393093
9.466547679, 9.469455427
9.476546274, 9.479358110
9.486546282, 9.489394264
9.496546269, 9.499467798
9.506546282, 9.509450981
9.516546276, 9.519571719
9.526546291, 9.529462215
9.536546289, 9.539599020
9.546546288, 9.549586178
9.556546270, 9.559579852
9.566546291, 9.569563604
9.576546285, 9.579672260
9.586546289, 9.589668009
9.596546336, 9.599793513
9.606546270, 9.609685271
9.616546287, 9.619713721
9.626546286, 9.629829452
9.636546293, 9.639832347
9.646546297, 9.649876805
9.656546284, 9.659791226
9.666546285, 9.669866700
9.676546286, 9.679885875
9.686546294, 9.689868600
9.696546284, 9.699903127
9.706546286, 9.709881639
9.716546289, 9.719998381
9.726546293, 9.730076085
9.736546277, 9.740086863
9.746546286, 9.750068733
9.756546276, 9.759871236
9.766546288, 9.770150345
9.776546283, 9.780163569
9.786546286, 9.790237402
9.796546294, 9.800111726
9.806546293, 9.810198620
9.816546293, 9.820140566
9.826546368, 9.830126592
9.836546279, 9.840215451
9.846546353, 9.850301030
9.856546270, 9.860277784
9.866546285, 9.870280925
9.876546294, 9.880338287
9.886546283, 9.890271351
9.896546269, 9.900442028
9.906546296, 9.910392151
9.916546273, 9.920228843
9.926546285, 9.929980935
9.936546281, 9.939927527
9.946546289, 9.949974615
9.956546282, 9.959160351
9.966546285, 9.969132556
9.976546269, 9.978739139
9.986546290, 9.988696027
9.996546289, 9.998756327
10.006546274, 10.008727155
10.016546281, 10.018786440
10.026546292, 10.028560203
10.036546262, 10.038105128
10.046546278, 10.048147864
10.056546272, 10.057185863
10.066546272, 10.066758541
10.076546285, 10.076724051
10.086546287, 10.086735051
10.096546261, 10.096730885
10.106546284, 10.106729620
10.116546269, 10.116726440
10.126546265, 10.126694942
10.136546268, 10.136691693
10.146546266, 10.146691159
10.156546265, 10.156685025
10.166546261, 10.166697581
10.176546266, 10.176688505
10.186546257, 10.186690774
10.196546261, 10.196691751
10.206546265, 10.206685707
10.216546257, 10.216685767
10.226546261, 10.226696108
10.236546266, 10.236688665
10.246546272, 10.246691194
10.256546269, 10.256690872
10.266546268, 10.266695607
10.276546269, 10.276688633
10.286546269, 10.286692220
10.296546266, 10.296690158
10.306546266, 10.306692699
10.316546268, 10.316688737
10.326546257, 10.326692467
10.336546260, 10.336690975
10.346546265, 10.346684451
10.356546291, 10.356688188
10.366546268, 10.366685496
10.376546258, 10.376689982
10.386546261, 10.386691491
10.396546261, 10.396685816
10.406546263, 10.406687577
10.416546265, 10.416692880
10.426546266, 10.426688868
10.436546263, 10.436685191
10.446546266, 10.446685769
10.456546263, 10.456687806
10.466546261, 10.466692533
10.476546263, 10.476686030
10.486546269, 10.486687719
10.496546261, 10.496689601
10.506546268, 10.506686958
10.516546255, 10.516686052
10.526546257, 10.526685576
10.536546260, 10.536686688
10.546546261, 10.546692445
10.556546269, 10.556687518
10.566546269, 10.566686983
10.576546260, 10.576683609
10.586546263, 10.586683519
10.596546257, 10.596686120
10.606546266, 10.606688210
10.616546260, 10.616686914
10.626546266, 10.626689748
10.636546265, 10.636682929
10.646546266, 10.646689587
10.656546271, 10.656685095
10.666546260, 10.666688019
10.676546263, 10.676681853
10.686546261, 10.686691545
10.696546258, 10.696688188
10.706546265, 10.706687626
10.716546265, 10.716684430
10.726546266, 10.726689003
10.736546269, 10.736693016
10.746546271, 10.746699086
10.756546261, 10.756699003
10.766546266, 10.766700702
10.776546272, 10.776691250
10.786546262, 10.786701262
10.796546269, 10.796697719
10.806546268, 10.806706096
10.816546261, 10.816704355
10.826546260, 10.826704085
10.836546263, 10.836695230
10.846546260, 10.846695632
10.856546263, 10.856684013
10.866546259, 10.866694593
10.876546254, 10.876684338
10.886546257, 10.886699098
10.896546307, 10.896695437
10.906546263, 10.906690717
10.916546272, 10.916697467
10.926546265, 10.926700694
10.936546261, 10.936695213
10.946546263, 10.946688486
10.956546261, 10.956691103
10.966546268, 10.966702025
10.976546265, 10.976694607
10.986546265, 10.986699366
10.996546258, 10.996699246
11.006546265, 11.006689750
11.016546268, 11.016694453
11.026546266, 11.026694200
11.036546257, 11.036684824
11.046546266, 11.046694087
11.056546263, 11.056693884
11.066546266, 11.066691851
11.076546257, 11.076688150
11.086546258, 11.086697122
11.096546268, 11.096691260
11.106546266, 11.106696019
11.116546257, 11.116694011
11.126546261, 11.126697136
11.136546260, 11.136686661
11.146546266, 11.146694203
11.156546261, 11.156699239
11.166546260, 11.166697517
11.176546254, 11.176695569
11.186546265, 11.186700511
11.196546266, 11.196696196
11.206546261, 11.206685645
11.216546257, 11.216696147
11.226546252, 11.226695194
11.236546254, 11.236684766
11.246546265, 11.246692769
11.256546269, 11.256694791
11.266546263, 11.266686174
11.276546264, 11.276696410
11.286546268, 11.286695412
11.296546263, 11.296686522
11.306546259, 11.306691529
11.316546269, 11.316692531
11.326546271, 11.326685711
11.336546259, 11.336693340
11.346546265, 11.346700270
11.356546261, 11.356685693
11.366546265, 11.366699669
11.376546271, 11.376685803
11.386546266, 11.386683520
11.396546301, 11.396683843
11.406546259, 11.406690863
11.416546261, 11.416685415
11.426546265, 11.426689479
11.436546269, 11.436694869
11.446546261, 11.446687672
11.456546265, 11.456697620
11.466546258, 11.466695140
11.476546255, 11.476690717
11.486546265, 11.486695682
11.496546268, 11.496690764
11.506546268, 11.506696576
11.516546271, 11.516699838
11.526546258, 11.526689232
11.536546262, 11.536695662
11.546546268, 11.546703671
11.556546271, 11.556691864
11.566546271, 11.566697253
11.576546266, 11.576699203
11.586546272, 11.586698817
11.596546265, 11.596684935
11.606546266, 11.606706844
11.616546269, 11.616701924
11.626546268, 11.626694788
11.636546304, 11.636698091
11.646546265, 11.646693090
11.656546260, 11.656682874
11.666546264, 11.666690465
11.676546268, 11.676686063
11.686546261, 11.686698284
11.696546271, 11.696695501
11.706546263, 11.706685068
11.716546268, 11.716685144
11.726546265, 11.726694775
11.736546271, 11.736720847
11.746546260, 11.746739470
11.756546260, 11.756719860
11.766546266, 11.766740469
11.776546266, 11.776720097
11.786546269, 11.786737276
11.796546268, 11.796721978
11.806546258, 11.806737565
11.816546269, 11.816724890
11.826546266, 11.826792642
11.836546268, 11.836719669
11.846546271, 11.846739741
11.856546269, 11.856720961
11.866546260, 11.866735448
11.876546265, 11.876721118
11.886546266, 11.886737234
11.896546260, 11.896722047
11.906546271, 11.906793856
11.916546265, 11.916721956
11.926546258, 11.926740715
11.936546261, 11.936722808
11.946546265, 11.946738754
11.956546258, 11.956719110
11.966546260, 11.966737324
11.976546260, 11.976723771
11.986546266, 11.986779254
11.996546266, 11.996725625
12.006546258, 12.006788820
12.016546254, 12.016719969
12.026546258, 12.026736361
12.036546272, 12.036721431
12.046546261, 12.046736953
------------------------------
