------------------------------
test was performed using the following parameters: --mps=100 --burst=1 --reply-every=1 --msg-size=12 --time=10
------------------------------
sockperf: [Total Run] RunTime=10.100 sec; SentMessages=1011; ReceivedMessages=1010
sockperf: ========= Printing statistics for Server No: 0
sockperf: [Valid Duration] RunTime=9.990 sec; SentMessages=1000; ReceivedMessages=1000
sockperf: [2;35m====> avg-lat=1419.470 (std-dev=668.942)[0m
sockperf: # dropped messages = 0; # duplicated messages = 0; # out-of-order messages = 0
sockperf: [2;35mTotal 1000 observations[0m; each percentile contains 10.00 observations
sockperf: ---> <MAX> observation = 1973.683
sockperf: ---> percentile  99.99 = 1973.683
sockperf: ---> percentile  99.90 = 1967.248
sockperf: ---> percentile  99.50 = 1957.496
sockperf: ---> percentile  99.00 = 1946.677
sockperf: ---> percentile  95.00 = 1918.788
sockperf: ---> percentile  90.00 = 1895.462
sockperf: ---> percentile  75.00 = 1840.400
sockperf: ---> percentile  50.00 = 1716.943
sockperf: ---> percentile  25.00 = 1513.353
sockperf: ---> <MIN> observation =   49.786
------------------------------
txTime, rxTime
2.062444413, 2.066037327
2.072444397, 2.076043972
2.082444398, 2.086144729
2.092444398, 2.096058096
2.102444420, 2.106143421
2.112444412, 2.116166625
2.122444408, 2.126170182
2.132444418, 2.136200435
2.142444399, 2.146217503
2.152444422, 2.156289546
2.162444421, 2.166319978
2.172444404, 2.176259045
2.182444406, 2.186358217
2.192444405, 2.196365043
2.202444407, 2.206285767
2.212444423, 2.216391791
2.222444421, 2.225632765
2.232444409, 2.235587389
2.242444409, 2.245599362
2.252444401, 2.255649134
2.262444402, 2.265598458
2.272444404, 2.275492306
2.282444423, 2.285541464
2.292444409, 2.295720628
2.302444404, 2.305738502
2.312444413, 2.315611065
2.322444406, 2.325757931
2.332444406, 2.335702044
2.342444469, 2.345746987
2.352444406, 2.355846004
2.362444404, 2.365809984
2.372444404, 2.375776776
2.382444406, 2.385859493
2.392444425, 2.395883399
2.402444417, 2.405914711
2.412444404, 2.415918139
2.422444404, 2.425882216
2.432444408, 2.436007124
2.442444402, 2.445920353
2.452444425, 2.456020611
2.462444426, 2.465999745
2.472444417, 2.476136045
2.482444407, 2.485985594
2.492444420, 2.496209345
2.502444409, 2.506182293
2.512444425, 2.516269798
2.522444432, 2.526217736
2.532444417, 2.536219199
2.542444406, 2.546289394
2.552444416, 2.556218737
2.562444404, 2.566258837
2.572444423, 2.576376276
2.582444429, 2.586239585
2.592444417, 2.596339262
2.602444428, 2.605471135
2.612444414, 2.615658319
2.622444407, 2.625632691
2.632444407, 2.635666356
2.642444428, 2.645717346
2.652444407, 2.655563049
2.662444406, 2.665603711
2.672444417, 2.675618756
2.682444414, 2.685614687
2.692444421, 2.695630971
2.702444429, 2.705713218
2.712444411, 2.715730712
2.722444409, 2.725738841
2.732444405, 2.735780872
2.742444428, 2.745768590
2.752444402, 2.755792385
2.762444425, 2.765844126
2.772444411, 2.775881186
2.782444401, 2.785878287
2.792444414, 2.795971591
2.802444414, 2.806028196
2.812444407, 2.815971955
2.822444414, 2.826024705
2.832444404, 2.836109176
2.842444412, 2.846124781
2.852444406, 2.856142020
2.862444421, 2.866100509
2.872444406, 2.876148432
2.882444420, 2.886179779
2.892444405, 2.896150758
2.902444407, 2.906138327
2.912444404, 2.916183095
2.922444410, 2.926179492
2.932444404, 2.936253809
2.942444421, 2.946280955
2.952444405, 2.955985153
2.962444414, 2.965903066
2.972444436, 2.976039989
2.982444508, 2.986082756
2.992444414, 2.996074612
3.002444427, 3.006080393
3.012444406, 3.016059077
3.022444410, 3.026201342
3.032444406, 3.036072886
3.042444409, 3.046174106
3.052444415, 3.056253907
3.062444406, 3.066178733
3.072444408, 3.076203893
3.082444412, 3.086182901
3.092444408, 3.096240723
3.102444423, 3.106291780
3.112444396, 3.116328032
3.122444431, 3.126267390
3.132444418, 3.136007534
3.142444426, 3.146035468
3.152444418, 3.156056722
3.162444407, 3.165966585
3.172444429, 3.176106492
3.182444420, 3.186172012
3.192444404, 3.196188280
3.202444418, 3.206191869
3.212444415, 3.216180222
3.222444426, 3.226139309
3.232444426, 3.236272427
3.242444432, 3.246158031
3.252444413, 3.256257818
3.262444429, 3.266241552
3.272444432, 3.276274073
3.282444409, 3.286255936
3.292444428, 3.296235395
3.302444402, 3.306199030
3.312444412, 3.316207395
3.322444409, 3.326305077
3.332444427, 3.336112566
3.342444407, 3.346235065
3.352444414, 3.355853353
3.362444428, 3.365978307
3.372444418, 3.375969785
3.382444412, 3.385998135
3.392444433, 3.395987686
3.402444421, 3.405924126
3.412444428, 3.415859104
3.422444436, 3.425924835
3.432444408, 3.435998493
3.442444434, 3.445952551
3.452444420, 3.456172762
3.462444417, 3.466081243
3.472444407, 3.476002836
3.482444431, 3.486025343
3.492444416, 3.495984955
3.502444409, 3.506058911
3.512444411, 3.516273923
3.522444407, 3.526174666
3.532444404, 3.536176562
3.542444428, 3.546155321
3.552444541, 3.556228589
3.562444404, 3.565594141
3.572444410, 3.575441601
3.582444428, 3.585469013
3.592444420, 3.595570898
3.602444423, 3.605446055
3.612444410, 3.615497714
3.622444425, 3.625613010
3.632444414, 3.635568243
3.642444410, 3.645489621
3.652444428, 3.655712795
3.662444431, 3.665708718
3.672444417, 3.675630127
3.682444415, 3.685576999
3.692444411, 3.695674321
3.702444421, 3.705721713
3.712444407, 3.715651968
3.722444428, 3.725741865
3.732444412, 3.735893108
3.742444420, 3.745789948
3.752444414, 3.755900828
3.762444412, 3.765858405
3.772444420, 3.775956306
3.782444421, 3.785931428
3.792444415, 3.796004662
3.802444409, 3.805950077
3.812444414, 3.816038737
3.822444419, 3.826082129
3.832444480, 3.836130358
3.842444429, 3.846097359
3.852444431, 3.856229054
3.862444410, 3.866124695
3.872444410, 3.876132948
3.882444423, 3.886120783
3.892444434, 3.896195032
3.902444425, 3.906240708
3.912444415, 3.916176000
3.922444429, 3.926314862
3.932444415, 3.936280478
3.942444405, 3.946246386
3.952444429, 3.956337785
3.962444410, 3.965550936
3.972444412, 3.975479922
3.982444412, 3.985578897
3.992444410, 3.995513692
4.002444408, 4.005540857
4.012444398, 4.015637516
4.022444431, 4.025528897
4.032444413, 4.035598996
4.042444410, 4.045626629
4.052444410, 4.055633266
4.062444401, 4.065654113
4.072444414, 4.075741621
4.082444428, 4.085733453
4.092444415, 4.095794423
4.102444401, 4.105898911
4.112444409, 4.115874707
4.122444402, 4.125849960
4.132444426, 4.135918781
4.142444426, 4.145879287
4.152444421, 4.155957781
4.162444406, 4.165934892
4.172444415, 4.176019356
4.182444423, 4.185987494
4.192444407, 4.196111916
4.202444420, 4.206075075
4.212444420, 4.215978452
4.222444409, 4.226026359
4.232444416, 4.236025620
4.242444407, 4.246015783
4.252444428, 4.256077481
4.262444423, 4.266043822
4.272444417, 4.276155911
4.282444407, 4.286161056
4.292444415, 4.296185830
4.302444428, 4.306189726
4.312444420, 4.316164160
4.322444420, 4.326197985
4.332444409, 4.336235306
4.342444421, 4.346169324
4.352444413, 4.356334465
4.362444404, 4.365608133
4.372444421, 4.375472443
4.382444420, 4.385410540
4.392444417, 4.395655903
4.402444407, 4.405679143
4.412444414, 4.415652874
4.422444406, 4.425622970
4.432444428, 4.435718695
4.442444434, 4.445674453
4.452444414, 4.455642116
4.462444428, 4.465762872
4.472444412, 4.475778972
4.482444407, 4.485767385
4.492444426, 4.495763221
4.502444420, 4.505793864
4.512444427, 4.515880161
4.522444402, 4.525861394
4.532444410, 4.535977400
4.542444404, 4.545878055
4.552444420, 4.555888129
4.562444423, 4.565917743
4.572444414, 4.575980472
4.582444420, 4.586021831
4.592444411, 4.596026865
4.602444412, 4.606052588
4.612444404, 4.616120173
4.622444425, 4.625967501
4.632444420, 4.636181403
4.642444406, 4.646107633
4.652444412, 4.656106629
4.662444409, 4.666162456
4.672444406, 4.676211871
4.682444429, 4.686126527
4.692444419, 4.696191990
4.702444426, 4.706104805
4.712444410, 4.715829371
4.722444401, 4.725772649
4.732444426, 4.735891182
4.742444426, 4.745797502
4.752444417, 4.755946162
4.762444404, 4.765907033
4.772444437, 4.775861162
4.782444410, 4.785813810
4.792444412, 4.795889911
4.802444439, 4.805897568
4.812444411, 4.815897965
4.822444404, 4.826021567
4.832444418, 4.836050648
4.842444425, 4.846032711
4.852444406, 4.856010900
4.862444429, 4.866102578
4.872444412, 4.876139871
4.882444404, 4.886090213
4.892444403, 4.896052041
4.902444412, 4.906140746
4.912444396, 4.916117043
4.922444426, 4.926165265
4.932444417, 4.936154468
4.942444414, 4.946130832
4.952444412, 4.956336504
4.962444412, 4.965807908
4.972444397, 4.975734447
4.982444431, 4.985787750
4.992444411, 4.995843919
5.002444410, 5.005803861
5.012444410, 5.015867598
5.022444423, 5.025859052
5.032444425, 5.035853375
5.042444426, 5.045868268
5.052444409, 5.055947814
5.062444420, 5.065916427
5.072444415, 5.076024095
5.082444412, 5.085967642
5.092444425, 5.096089223
5.102444421, 5.106149750
5.112444404, 5.116188675
5.122444425, 5.126137229
5.132444413, 5.136216101
5.142444410, 5.146157766
5.152444406, 5.156222345
5.162444431, 5.166268735
5.172444411, 5.176224007
5.182444406, 5.186239637
5.192444416, 5.196325936
5.202444421, 5.206288373
5.212444401, 5.216309263
5.222444425, 5.226376460
5.232444411, 5.236280489
5.242444404, 5.245956382
5.252444412, 5.255893198
5.262444425, 5.266098243
5.272444404, 5.276072095
5.282444418, 5.286113490
5.292444407, 5.296120277
5.302444412, 5.306225901
5.312444422, 5.316284893
5.322444407, 5.326237108
5.332444410, 5.336244054
5.342444432, 5.346212853
5.352444401, 5.356315324
5.362444412, 5.366298320
5.372444410, 5.376285583
5.382444426, 5.386286464
5.392444407, 5.395596091
5.402444429, 5.405656909
5.412444414, 5.415664192
5.422444407, 5.425682503
5.432444409, 5.435581259
5.442444414, 5.445715966
5.452444399, 5.455789680
5.462444423, 5.465889704
5.472444404, 5.475857828
5.482444410, 5.485864107
5.492444424, 5.495881856
5.502444426, 5.505858498
5.512444425, 5.515931826
5.522444437, 5.525881137
5.532444417, 5.535927938
5.542444410, 5.545856778
5.552444410, 5.555992775
5.562444409, 5.565926047
5.572444414, 5.575996293
5.582444428, 5.586039631
5.592444401, 5.596006762
5.602444410, 5.605976672
5.612444405, 5.616105390
5.622444414, 5.626132836
5.632444414, 5.636111171
5.642444428, 5.646216591
5.652444431, 5.656156857
5.662444414, 5.666214310
5.672444410, 5.676249143
5.682444412, 5.686179687
5.692444428, 5.696177596
5.702444421, 5.706176915
5.712444419, 5.716288214
5.722444407, 5.725623246
5.732444414, 5.735587343
5.742444418, 5.745658920
5.752444429, 5.755720976
5.762444429, 5.765614090
5.772444410, 5.775670262
5.782444404, 5.785643670
5.792444418, 5.795713730
5.802444407, 5.805662049
5.812444407, 5.815783269
5.822444426, 5.825807265
5.832444412, 5.835859249
5.842444426, 5.845890379
5.852444415, 5.855962739
5.862444401, 5.865961144
5.872444406, 5.875923802
5.882444423, 5.885909214
5.892444410, 5.895927080
5.902444410, 5.905890920
5.912444408, 5.915985563
5.922444402, 5.926058841
5.932444412, 5.936104594
5.942444429, 5.946146494
5.952444411, 5.956178160
5.962444431, 5.966107357
5.972444405, 5.976220781
5.982444421, 5.986154405
5.992444404, 5.996207852
6.002444418, 6.006189553
6.012444404, 6.016329226
6.022444425, 6.026355658
6.032444404, 6.036204299
6.042444401, 6.046378897
6.052444407, 6.055816410
6.062444428, 6.065399308
6.072444404, 6.075428201
6.082444426, 6.085402466
6.092444410, 6.095437324
6.102444402, 6.105394044
6.112444409, 6.115460706
6.122444420, 6.125536598
6.132444417, 6.135572693
6.142444412, 6.145514760
6.152444412, 6.155610476
6.162444423, 6.165592441
6.172444401, 6.175598134
6.182444426, 6.185628710
6.192444423, 6.195645477
6.202444406, 6.205677736
6.212444418, 6.215547921
6.222444409, 6.225756948
6.232444425, 6.235740587
6.242444425, 6.245712100
6.252444415, 6.255901592
6.262444415, 6.265914377
6.272444410, 6.275827715
6.282444420, 6.285804997
6.292444428, 6.295875254
6.302444428, 6.305872217
6.312444407, 6.315927796
6.322444407, 6.325952338
6.332444411, 6.335976614
6.342444410, 6.345894994
6.352444402, 6.356042535
6.362444421, 6.365986670
6.372444418, 6.376061075
6.382444414, 6.386053237
6.392444419, 6.396074374
6.402444412, 6.406055292
6.412444404, 6.416058748
6.422444418, 6.426256534
6.432444410, 6.436155206
6.442444428, 6.446167680
6.452444419, 6.456235344
6.462444410, 6.466222033
6.472444410, 6.476322407
6.482444431, 6.486213770
6.492444414, 6.496262316
6.502444406, 6.506264949
6.512444408, 6.516359402
6.522444410, 6.526272493
6.532444431, 6.536294058
6.542444421, 6.546294861
6.552444421, 6.555309093
6.562444430, 6.565313011
6.572444402, 6.575284166
6.582444401, 6.585294691
6.592444426, 6.595369713
6.602444420, 6.605334045
6.612444418, 6.615322115
6.622444425, 6.625361923
6.632444414, 6.635383579
6.642444407, 6.645398164
6.652444412, 6.655537859
6.662444431, 6.665420625
6.672444408, 6.675609596
6.682444409, 6.685608382
6.692444414, 6.695652431
6.702444414, 6.705549396
6.712444406, 6.715597298
6.722444429, 6.725629709
6.732444406, 6.735598885
6.742444407, 6.745748410
6.752444408, 6.755621531
6.762444404, 6.765669959
6.772444423, 6.775792515
6.782444428, 6.785822544
6.792444416, 6.795846705
6.802444425, 6.805774835
6.812444409, 6.815891081
6.822444410, 6.825843295
6.832444407, 6.835895823
6.842444431, 6.845878960
6.852444412, 6.855937511
6.862444404, 6.865889560
6.872444426, 6.876008445
6.882444406, 6.886035724
6.892444404, 6.896115476
6.902444426, 6.906017339
6.912444416, 6.916128029
6.922444404, 6.926078884
6.932444412, 6.936217612
6.942444404, 6.946157209
6.952444423, 6.956200955
6.962444426, 6.966214494
6.972444419, 6.976226450
6.982444402, 6.986281980
6.992444412, 6.996312687
7.002444401, 7.006298702
7.012444409, 7.016146454
7.022444421, 7.025902722
7.032444408, 7.035874453
7.042444406, 7.045870339
7.052444420, 7.055955296
7.062444406, 7.065862092
7.072444429, 7.075981754
7.082444431, 7.086177147
7.092444408, 7.096107301
7.102444425, 7.106017759
7.112444418, 7.116094875
7.122444423, 7.126125225
7.132444402, 7.136092513
7.142444429, 7.146077738
7.152444408, 7.156180594
7.162444406, 7.166199606
7.172444418, 7.176194602
7.182444410, 7.186182556
7.192444420, 7.196318246
7.202444428, 7.206293947
7.212444417, 7.216165285
7.222444425, 7.225606953
7.232444410, 7.235664675
7.242444423, 7.245640993
7.252444421, 7.255769424
7.262444428, 7.265689849
7.272444420, 7.275697142
7.282444431, 7.285655998
7.292444423, 7.295707366
7.302444410, 7.305667424
7.312444421, 7.315779184
7.322444425, 7.325783959
7.332444415, 7.335773276
7.342444426, 7.345776390
7.352444436, 7.355894282
7.362444402, 7.365811435
7.372444421, 7.375846766
7.382444425, 7.385902972
7.392444431, 7.395960055
7.402444415, 7.405914809
7.412444417, 7.415943968
7.422444410, 7.425979462
7.432444421, 7.436028477
7.442444412, 7.445933302
7.452444410, 7.456050596
7.462444435, 7.466094202
7.472444401, 7.476134116
7.482444410, 7.486038789
7.492444398, 7.496076604
7.502444420, 7.506072333
7.512444411, 7.516137051
7.522444406, 7.526196491
7.532444404, 7.536229786
7.542444429, 7.546325742
7.552444398, 7.556228308
7.562444426, 7.566270752
7.572444406, 7.576283044
7.582444406, 7.586283675
7.592444404, 7.596269888
7.602444425, 7.605951251
7.612444404, 7.615904018
7.622444431, 7.625999156
7.632444420, 7.636093419
7.642444417, 7.645960109
7.652444417, 7.656093218
7.662444406, 7.665947992
7.672444407, 7.676079292
7.682444420, 7.685954660
7.692444409, 7.696106990
7.702444423, 7.706090831
7.712444414, 7.716077039
7.722444401, 7.726073783
7.732444421, 7.736092208
7.742444423, 7.746120369
7.752444416, 7.756118648
7.762444410, 7.766157294
7.772444409, 7.776201295
7.782444406, 7.786203346
7.792444417, 7.796231491
7.802444423, 7.806240619
7.812444410, 7.816301671
7.822444410, 7.826263057
7.832444417, 7.836304203
7.842444406, 7.846268037
7.852444431, 7.856273987
7.862444426, 7.866164824
7.872444408, 7.876063586
7.882444406, 7.886064733
7.892444411, 7.896109112
7.902444420, 7.906136062
7.912444406, 7.916137702
7.922444428, 7.926129111
7.932444412, 7.936219081
7.942444410, 7.946230221
7.952444421, 7.956148648
7.962444412, 7.966210777
7.972444425, 7.976201285
7.982444431, 7.986217528
7.992444416, 7.996304365
8.002444412, 8.006296030
8.012444413, 8.016189342
8.022444410, 8.026253489
8.032444425, 8.035443920
8.042444429, 8.045335803
8.052444432, 8.055479902
8.062444429, 8.065427958
8.072444417, 8.075390350
8.082444421, 8.085364478
8.092444425, 8.095458463
8.102444428, 8.105503824
8.112444414, 8.115483757
8.122444402, 8.125583020
8.132444416, 8.135499598
8.142444410, 8.145600292
8.152444425, 8.155623378
8.162444407, 8.165569607
8.172444412, 8.175696933
8.182444414, 8.185700736
8.192444414, 8.195808590
8.202444421, 8.205729352
8.212444437, 8.215818117
8.222444428, 8.225758681
8.232444406, 8.235784248
8.242444401, 8.245869418
8.252444406, 8.255829532
8.262444404, 8.265812837
8.272444395, 8.275765688
8.282444429, 8.285825100
8.292444408, 8.295823223
8.302444401, 8.305835249
8.312444424, 8.315924089
8.322444425, 8.326021489
8.332444406, 8.336089661
8.342444426, 8.346107578
8.352444412, 8.356039053
8.362444423, 8.366019783
8.372444412, 8.376065017
8.382444414, 8.386054579
8.392444429, 8.396304981
8.402444418, 8.406247858
8.412444413, 8.416147370
8.422444406, 8.426098166
8.432444420, 8.436215738
8.442444410, 8.446153096
8.452444421, 8.456207922
8.462444423, 8.466161768
8.472444424, 8.476311546
8.482444426, 8.485451905
8.492444408, 8.495431046
8.502444402, 8.505394355
8.512444410, 8.515523615
8.522444426, 8.525485374
8.532444415, 8.535509672
8.542444414, 8.545607194
8.552444417, 8.555665738
8.562444406, 8.565576453
8.572444410, 8.575669863
8.582444440, 8.585656732
8.592444405, 8.595658183
8.602444410, 8.605733624
8.612444414, 8.615745274
8.622444409, 8.625756584
8.632444423, 8.635805625
8.642444426, 8.645821882
8.652444415, 8.655749454
8.662444407, 8.665850614
8.672444408, 8.675820084
8.682444412, 8.685876371
8.692444410, 8.695878383
8.702444418, 8.705926877
8.712444415, 8.715980606
8.722444412, 8.725954077
8.732444419, 8.736052046
8.742444413, 8.746056360
8.752444399, 8.756143836
8.762444432, 8.766041969
8.772444411, 8.776173134
8.782444428, 8.786212890
8.792444417, 8.796204533
8.802444414, 8.806171389
8.812444429, 8.816247960
8.822444420, 8.826137468
8.832444411, 8.836237996
8.842444406, 8.846246302
8.852444417, 8.856224035
8.862444406, 8.865605763
8.872444414, 8.875636828
8.882444428, 8.885647462
8.892444412, 8.895643365
8.902444410, 8.905694780
8.912444407, 8.915658976
8.922444412, 8.925750887
8.932444409, 8.935763597
8.942444431, 8.945749410
8.952444413, 8.955737596
8.962444412, 8.965808671
8.972444413, 8.975856098
8.982444412, 8.985812057
8.992444412, 8.995923095
9.002444423, 9.005920682
9.012444414, 9.016000811
9.022444425, 9.025985410
9.032444417, 9.035914959
9.042444421, 9.045882507
9.052444429, 9.055979907
9.062444428, 9.065960300
9.072444410, 9.076029632
9.082444407, 9.086031851
9.092444415, 9.096074296
9.102444405, 9.106126083
9.112444412, 9.116177871
9.122444425, 9.126202103
9.132444410, 9.136238525
9.142444410, 9.146206073
9.152444411, 9.156279123
9.162444410, 9.166297148
9.172444428, 9.175844351
9.182444426, 9.185862242
9.192444408, 9.195958224
9.202444406, 9.205865511
9.212444409, 9.215903858
9.222444423, 9.225789402
9.232444425, 9.235870658
9.242444414, 9.245938327
9.252444434, 9.256089047
9.262444414, 9.265956461
9.272444419, 9.276051513
9.282444410, 9.285991451
9.292444407, 9.296110187
9.302444423, 9.306039912
9.312444417, 9.316090279
9.322444412, 9.326125429
9.332444417, 9.336151552
9.342444412, 9.346040810
9.352444407, 9.356163950
9.362444428, 9.366175461
9.372444417, 9.376191187
9.382444404, 9.386253352
9.392444416, 9.396279409
9.402444421, 9.406259428
9.412444429, 9.416335663
9.422444421, 9.426239949
9.432444409, 9.436337907
9.442444426, 9.446246412
9.452444429, 9.456146843
9.462444407, 9.465238150
9.472444425, 9.475361750
9.482444399, 9.485256579
9.492444407, 9.495275496
9.502444425, 9.505251695
9.512444414, 9.515287791
9.522444426, 9.525371405
9.532444428, 9.535330999
9.542444429, 9.545300912
9.552444407, 9.555454251
9.562444424, 9.565395433
9.572444405, 9.575481522
9.582444407, 9.585356023
9.592444395, 9.595455639
9.602444420, 9.605435736
9.612444414, 9.615495288
9.622444414, 9.625557449
9.632444404, 9.635601857
9.642444414, 9.645626578
9.652444426, 9.655710771
9.662444412, 9.665680686
9.672444416, 9.675677564
9.682444410, 9.685639514
9.692444410, 9.695617994
9.702444409, 9.705799545
9.712444421, 9.715740239
9.722444418, 9.725833308
9.732444407, 9.735797275
9.742444406, 9.745764828
9.752444414, 9.755799240
9.762444407, 9.765909080
9.772444423, 9.775897101
9.782444426, 9.785886444
9.792444412, 9.795972155
9.802444404, 9.805924265
9.812444417, 9.816053621
9.822444406, 9.826069817
9.832444412, 9.836214364
9.842444428, 9.846020434
9.852444421, 9.856080337
9.862444412, 9.866031518
9.872444415, 9.876114122
9.882444412, 9.886117592
9.892444402, 9.896091823
9.902444428, 9.906203733
9.912444413, 9.916195459
9.922444415, 9.926181003
9.932444416, 9.936232049
9.942444410, 9.946240564
9.952444429, 9.956280935
9.962444402, 9.966300696
9.972444420, 9.976174926
9.982444423, 9.985801186
9.992444411, 9.995785652
10.002444404, 10.005801144
10.012444398, 10.015062166
10.022444428, 10.024962694
10.032444414, 10.034588930
10.042444404, 10.044631153
10.052444407, 10.054632826
10.062444400, 10.064702115
10.072444404, 10.074729620
10.082444429, 10.084354508
10.092444409, 10.094065060
10.102444413, 10.104084860
10.112444406, 10.113105794
10.122444420, 10.122688910
10.132444406, 10.132666301
10.142444417, 10.142624283
10.152444409, 10.152678170
10.162444420, 10.162646519
10.172444427, 10.172648715
10.182444419, 10.182646986
10.192444398, 10.192607508
10.202444393, 10.202550688
10.212444398, 10.212640359
10.222444423, 10.222641743
10.232444422, 10.232620139
10.242444423, 10.242640709
10.252444404, 10.252646248
10.262444412, 10.262644744
10.272444411, 10.272617398
10.282444404, 10.282641250
10.292444420, 10.292597100
10.302444403, 10.302591647
10.312444395, 10.312596127
10.322444404, 10.322594248
10.332444400, 10.332596699
10.342444404, 10.342598017
10.352444401, 10.352598001
10.362444401, 10.362587095
10.372444404, 10.372566489
10.382444393, 10.382592836
10.392444393, 10.392618789
10.402444401, 10.402617365
10.412444404, 10.412617573
10.422444397, 10.422617459
10.432444406, 10.432622687
10.442444409, 10.442622622
10.452444406, 10.452621899
10.462444409, 10.462626545
10.472444409, 10.472549988
10.482444403, 10.482677731
10.492444404, 10.492680981
10.502444423, 10.502682375
10.512444409, 10.512689451
10.522444428, 10.522686751
10.532444419, 10.532680983
10.542444425, 10.542683364
10.552444404, 10.552681762
10.562444419, 10.562623286
10.572444400, 10.572619713
10.582444404, 10.582620549
10.592444400, 10.592618587
10.602444404, 10.602622618
10.612444395, 10.612612348
10.622444400, 10.622612246
10.632444395, 10.632610586
10.642444403, 10.642621934
10.652444397, 10.652619585
10.662444400, 10.662619741
10.672444398, 10.672620007
10.682444404, 10.682622175
10.692444397, 10.692619030
10.702444403, 10.702620110
10.712444401, 10.712622616
10.722444409, 10.722618097
10.732444390, 10.732620688
10.742444393, 10.742617736
10.752444395, 10.752623247
10.762444403, 10.762623205
10.772444406, 10.772623022
10.782444395, 10.782620385
10.792444398, 10.792617404
10.802444397, 10.802618522
10.812444401, 10.812617780
10.822444398, 10.822620643
10.832444398, 10.832621782
10.842444403, 10.842622262
10.852444408, 10.852619251
10.862444403, 10.862617350
10.872444398, 10.872619641
10.882444395, 10.882618511
10.892444397, 10.892618947
10.902444401, 10.902618063
10.912444397, 10.912624287
10.922444395, 10.922622409
10.932444398, 10.932619979
10.942444403, 10.942611723
10.952444403, 10.952621091
10.962444400, 10.962616581
10.972444393, 10.972564465
10.982444409, 10.982620005
10.992444401, 10.992623989
11.002444406, 11.002620938
11.012444409, 11.012620911
11.022444404, 11.022620024
11.032444397, 11.032618651
11.042444401, 11.042618489
11.052444398, 11.052618914
11.062444397, 11.062617266
11.072444395, 11.072621716
11.082444400, 11.082620636
11.092444393, 11.092620260
11.102444397, 11.102617384
11.112444395, 11.112623316
11.122444404, 11.122620991
11.132444398, 11.132619567
11.142444406, 11.142617718
11.152444392, 11.152622251
11.162444403, 11.162620121
11.172444411, 11.172620320
11.182444397, 11.182619700
11.192444403, 11.192617013
11.202444395, 11.202625961
11.212444393, 11.212617429
11.222444401, 11.222617671
11.232444397, 11.232619504
11.242444412, 11.242621375
11.252444404, 11.252619778
11.262444404, 11.262624032
11.272444390, 11.272577815
11.282444399, 11.282615427
11.292444404, 11.292618825
11.302444404, 11.302618925
11.312444398, 11.312620398
11.322444404, 11.322624564
11.332444409, 11.332618453
11.342444400, 11.342618075
11.352444409, 11.352618194
11.362444401, 11.362621074
11.372444401, 11.372570389
11.382444410, 11.382618145
11.392444397, 11.392621528
11.402444400, 11.402619771
11.412444409, 11.412620938
11.422444401, 11.422618377
11.432444395, 11.432618304
11.442444409, 11.442624728
11.452444398, 11.452621178
11.462444403, 11.462619679
11.472444393, 11.472620309
11.482444395, 11.482620552
11.492444404, 11.492620770
11.502444416, 11.502619430
11.512444403, 11.512623450
11.522444397, 11.522621235
11.532444400, 11.532618211
11.542444398, 11.542619220
11.552444403, 11.552619976
11.562444404, 11.562620549
11.572444397, 11.572617268
11.582444393, 11.582619921
11.592444397, 11.592618204
11.602444395, 11.602622350
11.612444395, 11.612619027
11.622444411, 11.622618179
11.632444408, 11.632619791
11.642444411, 11.642618974
11.652444406, 11.652619762
11.662444400, 11.662619996
11.672444403, 11.672620654
11.682444400, 11.682617665
11.692444397, 11.692620196
11.702444398, 11.702617000
11.712444403, 11.712623120
11.722444397, 11.722620248
11.732444395, 11.732619893
11.742444392, 11.742618336
11.752444397, 11.752617444
11.762444411, 11.762622727
11.772444401, 11.772543975
11.782444393, 11.782619662
11.792444404, 11.792619668
11.802444409, 11.802621186
11.812444403, 11.812621077
11.822444400, 11.822618819
11.832444395, 11.832618369
11.842444395, 11.842620240
11.852444401, 11.852610740
11.862444400, 11.862617627
11.872444395, 11.872619773
11.882444412, 11.882613850
11.892444395, 11.892617769
11.902444403, 11.902622114
11.912444404, 11.912618426
11.922444395, 11.922622414
11.932444390, 11.932617063
11.942444397, 11.942617242
11.952444404, 11.952620022
11.962444403, 11.962621846
11.972444398, 11.972624332
11.982444395, 11.982617597
11.992444397, 11.992619424
12.002444401, 12.002572702
12.012444404, 12.012622460
12.022444398, 12.022623154
12.032444395, 12.032623907
12.042444398, 12.042620327
12.052444401, 12.052621216
------------------------------
