------------------------------
test was performed using the following parameters: --mps=100 --burst=1 --reply-every=1 --msg-size=12 --time=10
------------------------------
sockperf: [Total Run] RunTime=10.100 sec; SentMessages=1011; ReceivedMessages=1010
sockperf: ========= Printing statistics for Server No: 0
sockperf: [Valid Duration] RunTime=9.990 sec; SentMessages=1000; ReceivedMessages=1000
sockperf: [2;35m====> avg-lat= 68.905 (std-dev=19.600)[0m
sockperf: # dropped messages = 0; # duplicated messages = 0; # out-of-order messages = 0
sockperf: [2;35mTotal 1000 observations[0m; each percentile contains 10.00 observations
sockperf: ---> <MAX> observation =  136.374
sockperf: ---> percentile  99.99 =  136.374
sockperf: ---> percentile  99.90 =  131.353
sockperf: ---> percentile  99.50 =  114.408
sockperf: ---> percentile  99.00 =  109.721
sockperf: ---> percentile  95.00 =   96.306
sockperf: ---> percentile  90.00 =   92.445
sockperf: ---> percentile  75.00 =   89.149
sockperf: ---> percentile  50.00 =   65.334
sockperf: ---> percentile  25.00 =   54.854
sockperf: ---> <MIN> observation =   28.124
------------------------------
txTime, rxTime
2.063023042, 2.063139737
2.073023050, 2.073115058
2.083023050, 2.083127961
2.093023045, 2.093138792
2.103023044, 2.103101170
2.113023055, 2.113134023
2.123023045, 2.123156059
2.133023044, 2.133113079
2.143023058, 2.143129622
2.153023048, 2.153100777
2.163023050, 2.163111024
2.173023048, 2.173100231
2.183023044, 2.183115635
2.193023040, 2.193145708
2.203023055, 2.203126237
2.213023039, 2.213091260
2.223023048, 2.223114146
2.233023048, 2.233123075
2.243023055, 2.243140218
2.253023064, 2.253149464
2.263023053, 2.263090698
2.273023151, 2.273112379
2.283023044, 2.283115581
2.293023113, 2.293128444
2.303023064, 2.303122457
2.313023047, 2.313120488
2.323023047, 2.323129736
2.333023058, 2.333100301
2.343023047, 2.343100255
2.353023053, 2.353095775
2.363023044, 2.363108626
2.373023056, 2.373083703
2.383023047, 2.383123122
2.393023053, 2.393105569
2.403023050, 2.403132158
2.413023045, 2.413119328
2.423023050, 2.423084062
2.433023045, 2.433101835
2.443023056, 2.443105670
2.453023051, 2.453097354
2.463023047, 2.463110147
2.473023056, 2.473122688
2.483023047, 2.483108773
2.493023044, 2.493115092
2.503023044, 2.503107567
2.513023042, 2.513109809
2.523023047, 2.523135796
2.533023099, 2.533128399
2.543023056, 2.543107751
2.553023045, 2.553144630
2.563023053, 2.563110252
2.573023055, 2.573134525
2.583023051, 2.583080271
2.593023056, 2.593130506
2.603023044, 2.603112970
2.613023059, 2.613093475
2.623023053, 2.623095624
2.633023055, 2.633157466
2.643023053, 2.643160343
2.653023051, 2.653128909
2.663023056, 2.663104341
2.673023045, 2.673097710
2.683023058, 2.683119568
2.693023059, 2.693102933
2.703023061, 2.703124011
2.713023051, 2.713107396
2.723023045, 2.723139332
2.733023053, 2.733121145
2.743023055, 2.743085220
2.753023669, 2.753100091
2.763023044, 2.763129864
2.773023096, 2.773127368
2.783023051, 2.783111223
2.793023056, 2.793106728
2.803023066, 2.803101832
2.813023051, 2.813100027
2.823023058, 2.823096405
2.833023056, 2.833130107
2.843023050, 2.843105405
2.853023056, 2.853137572
2.863023053, 2.863166175
2.873023047, 2.873109614
2.883023044, 2.883114334
2.893023056, 2.893098845
2.903023059, 2.903092073
2.913023056, 2.913112344
2.923023048, 2.923112832
2.933023050, 2.933104620
2.943023047, 2.943100335
2.953023056, 2.953100038
2.963023051, 2.963107009
2.973023051, 2.973102500
2.983023048, 2.983124325
2.993023051, 2.993103433
3.003023050, 3.003122462
3.013023053, 3.013132652
3.023023045, 3.023112104
3.033023064, 3.033121456
3.043023058, 3.043108928
3.053023058, 3.053142103
3.063023042, 3.063107570
3.073023044, 3.073106315
3.083023047, 3.083108318
3.093023048, 3.093126209
3.103023061, 3.103135136
3.113023053, 3.113117130
3.123023044, 3.123111991
3.133023059, 3.133140272
3.143023055, 3.143115633
3.153023045, 3.153105069
3.163023058, 3.163106761
3.173023055, 3.173136549
3.183023044, 3.183109185
3.193023085, 3.193107537
3.203024422, 3.203156569
3.213023083, 3.213182196
3.223023053, 3.223108186
3.233023047, 3.233119051
3.243023036, 3.243110800
3.253023045, 3.253126029
3.263023059, 3.263237960
3.273023059, 3.273118679
3.283023044, 3.283094624
3.293023045, 3.293102918
3.303023053, 3.303112111
3.313023045, 3.313118960
3.323023059, 3.323114200
3.333023061, 3.333111580
3.343023048, 3.343123482
3.353023045, 3.353118125
3.363024150, 3.363096631
3.373023053, 3.373114512
3.383023048, 3.383113413
3.393023053, 3.393127390
3.403023048, 3.403111193
3.413023051, 3.413097530
3.423023051, 3.423117027
3.433023062, 3.433114059
3.443023062, 3.443113478
3.453023048, 3.453133191
3.463023102, 3.463136958
3.473023066, 3.473141571
3.483023061, 3.483091089
3.493023044, 3.493116756
3.503023059, 3.503120878
3.513023050, 3.513109382
3.523023050, 3.523150293
3.533023051, 3.533110409
3.543023116, 3.543151072
3.553023053, 3.553143812
3.563023045, 3.563136222
3.573023342, 3.573144596
3.583023051, 3.583119906
3.593023044, 3.593105069
3.603023050, 3.603110769
3.613023058, 3.613121508
3.623023050, 3.623110033
3.633023050, 3.633097623
3.643023056, 3.643125942
3.653023059, 3.653138464
3.663023048, 3.663125171
3.673023040, 3.673164963
3.683023044, 3.683136287
3.693023055, 3.693108752
3.703023048, 3.703104912
3.713023055, 3.713106062
3.723023044, 3.723121167
3.733023056, 3.733124726
3.743023056, 3.743128552
3.753023037, 3.753119861
3.763023047, 3.763094855
3.773023042, 3.773151656
3.783023044, 3.783142730
3.793023042, 3.793114788
3.803023056, 3.803154146
3.813023067, 3.813135260
3.823023051, 3.823101584
3.833023066, 3.833139364
3.843023047, 3.843091193
3.853023058, 3.853089720
3.863023064, 3.863100310
3.873023042, 3.873129899
3.883023072, 3.883100253
3.893023096, 3.893097706
3.903023044, 3.903118712
3.913023051, 3.913088088
3.923024315, 3.923108336
3.933023048, 3.933150830
3.943023045, 3.943198794
3.953023050, 3.953144800
3.963023042, 3.963099724
3.973023044, 3.973115799
3.983023055, 3.983109760
3.993023067, 3.993096382
4.003023058, 4.003152537
4.013023039, 4.013137749
4.023023042, 4.023098486
4.033023037, 4.033123825
4.043023059, 4.043114569
4.053023047, 4.053162632
4.063023045, 4.063163629
4.073023047, 4.073128399
4.083023042, 4.083102192
4.093023056, 4.093141696
4.103023051, 4.103125130
4.113023061, 4.113095464
4.123023055, 4.123123420
4.133023062, 4.133142594
4.143023045, 4.143119231
4.153023044, 4.153142751
4.163023058, 4.163113952
4.173023051, 4.173106406
4.183023045, 4.183098690
4.193023062, 4.193142961
4.203023050, 4.203109864
4.213023062, 4.213101614
4.223023056, 4.223091620
4.233023059, 4.233093770
4.243023055, 4.243123441
4.253023048, 4.253114989
4.263023045, 4.263102880
4.273023053, 4.273123892
4.283023042, 4.283121262
4.293023877, 4.293105353
4.303023045, 4.303108691
4.313023044, 4.313084707
4.323023059, 4.323109381
4.333023064, 4.333095816
4.343023056, 4.343096184
4.353023064, 4.353095022
4.363023058, 4.363137376
4.373023047, 4.373125133
4.383023042, 4.383112060
4.393023044, 4.393111976
4.403023056, 4.403107339
4.413023059, 4.413090717
4.423023056, 4.423085505
4.433023051, 4.433088620
4.443023051, 4.443114084
4.453023048, 4.453142298
4.463023047, 4.463106728
4.473023058, 4.473110852
4.483023061, 4.483100692
4.493023055, 4.493142517
4.503023036, 4.503106712
4.513023058, 4.513096123
4.523023058, 4.523101827
4.533023059, 4.533136741
4.543024307, 4.543092818
4.553023064, 4.553121971
4.563023059, 4.563100163
4.573023055, 4.573110701
4.583023058, 4.583107380
4.593023067, 4.593098676
4.603023045, 4.603141860
4.613023050, 4.613102085
4.623023048, 4.623106896
4.633023051, 4.633089337
4.643023053, 4.643095062
4.653023051, 4.653103839
4.663023062, 4.663125874
4.673023048, 4.673112024
4.683023050, 4.683108050
4.693023058, 4.693118245
4.703023042, 4.703088782
4.713023061, 4.713118688
4.723023067, 4.723204272
4.733023044, 4.733188047
4.743023046, 4.743242881
4.753023063, 4.753234102
4.763023049, 4.763198136
4.773023046, 4.773226639
4.783023062, 4.783219385
4.793023057, 4.793100220
4.803023041, 4.803228637
4.813023055, 4.813230761
4.823023043, 4.823136283
4.833023049, 4.833170775
4.843023057, 4.843176871
4.853023068, 4.853124906
4.863023038, 4.863219803
4.873023049, 4.873207801
4.883023044, 4.883253404
4.893023055, 4.893170296
4.903023041, 4.903272395
4.913023047, 4.913178273
4.923023059, 4.923295807
4.933023066, 4.933199774
4.943023054, 4.943209132
4.953023047, 4.953224304
4.963023062, 4.963220980
4.973023058, 4.973229292
4.983023046, 4.983183260
4.993023055, 4.993216718
5.003023040, 5.003213469
5.013023055, 5.013219603
5.023023046, 5.023108846
5.033023040, 5.033182228
5.043023062, 5.043183560
5.053023059, 5.053189280
5.063023055, 5.063203241
5.073023062, 5.073251879
5.083023055, 5.083246368
5.093023059, 5.093242501
5.103023040, 5.103200195
5.113023054, 5.113114031
5.123023036, 5.123202564
5.133023043, 5.133209510
5.143023059, 5.143218206
5.153023040, 5.153205896
5.163023064, 5.163166039
5.173023068, 5.173165189
5.183023047, 5.183096586
5.193023060, 5.193231668
5.203023055, 5.203224343
5.213023061, 5.213236364
5.223023051, 5.223201100
5.233023057, 5.233160090
5.243023059, 5.243221897
5.253023057, 5.253101994
5.263023043, 5.263197450
5.273023046, 5.273218562
5.283023046, 5.283196042
5.293023058, 5.293120443
5.303023045, 5.303151024
5.313023060, 5.313119164
5.323023060, 5.323156176
5.333023040, 5.333137994
5.343023059, 5.343149602
5.353023055, 5.353141624
5.363023043, 5.363099089
5.373023049, 5.373097535
5.383023059, 5.383098591
5.393023047, 5.393115973
5.403023041, 5.403161447
5.413023055, 5.413138689
5.423023041, 5.423140585
5.433023059, 5.433144638
5.443023059, 5.443104234
5.453023038, 5.453120661
5.463023041, 5.463127471
5.473023049, 5.473132757
5.483023041, 5.483107962
5.493023043, 5.493129075
5.503023043, 5.503153076
5.513023038, 5.513136720
5.523023055, 5.523184697
5.533023043, 5.533143609
5.543023041, 5.543148545
5.553023044, 5.553163153
5.563023063, 5.563130510
5.573023038, 5.573118387
5.583023053, 5.583116181
5.593023053, 5.593111623
5.603023049, 5.603160672
5.613023052, 5.613153721
5.623023050, 5.623163147
5.633023045, 5.633123948
5.643023033, 5.643141295
5.653023057, 5.653146463
5.663023044, 5.663171441
5.673023038, 5.673196413
5.683023057, 5.683214659
5.693023059, 5.693171197
5.703023038, 5.703148817
5.713023054, 5.713114780
5.723023044, 5.723189524
5.733023041, 5.733161191
5.743023049, 5.743163827
5.753023055, 5.753173049
5.763023044, 5.763189310
5.773023051, 5.773192567
5.783023033, 5.783166005
5.793023059, 5.793208279
5.803023047, 5.803201606
5.813023040, 5.813206078
5.823023041, 5.823169080
5.833023035, 5.833174709
5.843023047, 5.843164638
5.853023055, 5.853209811
5.863023059, 5.863206133
5.873023057, 5.873225401
5.883023034, 5.883162992
5.893023040, 5.893184261
5.903023039, 5.903187017
5.913023040, 5.913186183
5.923023051, 5.923191388
5.933023036, 5.933175672
5.943023041, 5.943170684
5.953023057, 5.953206050
5.963023038, 5.963203251
5.973023047, 5.973181313
5.983023065, 5.983234188
5.993023047, 5.993234730
6.003023033, 6.003190351
6.013023055, 6.013213139
6.023023044, 6.023189361
6.033023050, 6.033217819
6.043023041, 6.043162428
6.053023036, 6.053198319
6.063023057, 6.063218796
6.073023041, 6.073239925
6.083023045, 6.083216362
6.093023055, 6.093245513
6.103023051, 6.103194408
6.113023055, 6.113201255
6.123023039, 6.123183907
6.133023044, 6.133168647
6.143023053, 6.143190320
6.153023047, 6.153198451
6.163023047, 6.163215660
6.173023044, 6.173207706
6.183023049, 6.183200463
6.193023042, 6.193214207
6.203023049, 6.203179648
6.213023058, 6.213191894
6.223023054, 6.223211160
6.233023048, 6.233179291
6.243023037, 6.243183214
6.253023053, 6.253187311
6.263023038, 6.263170886
6.273023047, 6.273194205
6.283023047, 6.283201764
6.293023048, 6.293166485
6.303023045, 6.303175203
6.313023057, 6.313191059
6.323023038, 6.323194588
6.333023047, 6.333209762
6.343023045, 6.343191301
6.353023053, 6.353168787
6.363023034, 6.363152558
6.373023042, 6.373184093
6.383023038, 6.383185385
6.393023056, 6.393180486
6.403023056, 6.403175711
6.413023049, 6.413158345
6.423023041, 6.423169613
6.433023055, 6.433170062
6.443023043, 6.443184941
6.453023055, 6.453150436
6.463023053, 6.463190219
6.473023061, 6.473232226
6.483023042, 6.483181668
6.493023043, 6.493193090
6.503023040, 6.503168138
6.513023055, 6.513202356
6.523023043, 6.523221434
6.533023054, 6.533208444
6.543023039, 6.543199096
6.553023059, 6.553183934
6.563023044, 6.563217815
6.573023054, 6.573220060
6.583023053, 6.583180703
6.593023050, 6.593194579
6.603023040, 6.603202137
6.613023045, 6.613179194
6.623023041, 6.623205783
6.633023052, 6.633228746
6.643023049, 6.643192499
6.653023057, 6.653212207
6.663023034, 6.663179952
6.673023047, 6.673228325
6.683023036, 6.683184335
6.693023051, 6.693191005
6.703023045, 6.703212840
6.713023054, 6.713206707
6.723023042, 6.723211413
6.733023057, 6.733220942
6.743023043, 6.743194387
6.753023057, 6.753180572
6.763023046, 6.763190093
6.773023058, 6.773202524
6.783023041, 6.783206307
6.793023046, 6.793177526
6.803023046, 6.803223130
6.813023047, 6.813185201
6.823023059, 6.823285767
6.833023055, 6.833228765
6.843023041, 6.843201240
6.853023050, 6.853215023
6.863023037, 6.863191026
6.873023055, 6.873202203
6.883023043, 6.883183815
6.893023040, 6.893175895
6.903023045, 6.903164018
6.913023051, 6.913173288
6.923023048, 6.923206053
6.933023037, 6.933164915
6.943023050, 6.943138635
6.953023055, 6.953179573
6.963023046, 6.963228130
6.973023047, 6.973163342
6.983023041, 6.983209312
6.993023057, 6.993217498
7.003023045, 7.003179472
7.013023041, 7.013196724
7.023023061, 7.023181644
7.033023050, 7.033169149
7.043023038, 7.043192832
7.053023050, 7.053219700
7.063023044, 7.063172243
7.073023041, 7.073196659
7.083023046, 7.083153022
7.093023047, 7.093155646
7.103023049, 7.103161321
7.113023036, 7.113154635
7.123023058, 7.123157224
7.133023051, 7.133160353
7.143023060, 7.143185973
7.153023043, 7.153201199
7.163023041, 7.163158493
7.173023068, 7.173153183
7.183023052, 7.183146342
7.193023033, 7.193168724
7.203023040, 7.203171521
7.213023051, 7.213153394
7.223023044, 7.223165250
7.233023042, 7.233172145
7.243023062, 7.243163432
7.253023052, 7.253242705
7.263023047, 7.263161445
7.273023057, 7.273181172
7.283023041, 7.283165493
7.293023054, 7.293230590
7.303023053, 7.303195013
7.313023035, 7.313184307
7.323023036, 7.323188692
7.333023040, 7.333167918
7.343023042, 7.343160758
7.353023059, 7.353166632
7.363023045, 7.363185965
7.373023033, 7.373171765
7.383023046, 7.383158501
7.393023039, 7.393163313
7.403023042, 7.403151104
7.413023039, 7.413157634
7.423023049, 7.423194769
7.433023050, 7.433182532
7.443023043, 7.443137376
7.453023050, 7.453162495
7.463023061, 7.463159645
7.473023039, 7.473171540
7.483023053, 7.483152826
7.493023055, 7.493220227
7.503023041, 7.503129632
7.513023052, 7.513162884
7.523023049, 7.523159020
7.533023042, 7.533132330
7.543023057, 7.543155861
7.553023036, 7.553137394
7.563023055, 7.563143973
7.573023036, 7.573158707
7.583023036, 7.583155790
7.593023034, 7.593204913
7.603023036, 7.603179333
7.613023057, 7.613158199
7.623023038, 7.623141902
7.633023045, 7.633169872
7.643023045, 7.643156443
7.653023053, 7.653157302
7.663023049, 7.663164931
7.673023057, 7.673153415
7.683023036, 7.683166504
7.693023057, 7.693156415
7.703023045, 7.703155741
7.713023036, 7.713177765
7.723023052, 7.723150731
7.733023062, 7.733189593
7.743023044, 7.743168579
7.753023057, 7.753136951
7.763023034, 7.763143804
7.773023039, 7.773187964
7.783023047, 7.783170797
7.793023034, 7.793164011
7.803023042, 7.803174408
7.813023049, 7.813170936
7.823023047, 7.823152697
7.833023038, 7.833148974
7.843023038, 7.843165255
7.853023038, 7.853180951
7.863023045, 7.863139142
7.873023034, 7.873143348
7.883023042, 7.883155201
7.893023049, 7.893163747
7.903023052, 7.903170410
7.913023053, 7.913186288
7.923023045, 7.923193011
7.933023044, 7.933130395
7.943023058, 7.943098983
7.953023039, 7.953136709
7.963023038, 7.963179127
7.973023038, 7.973150118
7.983023055, 7.983135960
7.993023041, 7.993165788
8.003023043, 8.003118858
8.013023044, 8.013129571
8.023023043, 8.023188470
8.033023046, 8.033270455
8.043023040, 8.043167721
8.053023051, 8.053174937
8.063023051, 8.063163119
8.073023045, 8.073201327
8.083023057, 8.083134191
8.093023057, 8.093143148
8.103023046, 8.103104106
8.113023042, 8.113092503
8.123023042, 8.123085431
8.133023042, 8.133096930
8.143023041, 8.143079291
8.153023034, 8.153107719
8.163023045, 8.163097893
8.173023053, 8.173123358
8.183023039, 8.183161339
8.193023038, 8.193159178
8.203023044, 8.203158139
8.213023064, 8.213157883
8.223023036, 8.223154315
8.233023034, 8.233157552
8.243023051, 8.243160708
8.253023049, 8.253156707
8.263023049, 8.263159425
8.273023051, 8.273157458
8.283023037, 8.283155434
8.293023053, 8.293152309
8.303023042, 8.303156825
8.313023042, 8.313151998
8.323023049, 8.323149789
8.333023054, 8.333153526
8.343023030, 8.343152638
8.353023050, 8.353148627
8.363023048, 8.363154570
8.373023049, 8.373152229
8.383023042, 8.383151448
8.393023038, 8.393149819
8.403023036, 8.403151890
8.413023053, 8.413150672
8.423023048, 8.423149981
8.433023048, 8.433154415
8.443023035, 8.443156974
8.453023044, 8.453151392
8.463023039, 8.463156497
8.473023057, 8.473157282
8.483023041, 8.483149595
8.493023038, 8.493161533
8.503023041, 8.503147352
8.513023050, 8.513152018
8.523023034, 8.523155098
8.533023060, 8.533148477
8.543023046, 8.543154393
8.553023035, 8.553154852
8.563023046, 8.563152495
8.573023051, 8.573149039
8.583023036, 8.583149663
8.593023054, 8.593150285
8.603023035, 8.603154987
8.613023045, 8.613151213
8.623023046, 8.623154143
8.633023044, 8.633154155
8.643023037, 8.643153552
8.653023047, 8.653146053
8.663023049, 8.663148246
8.673023049, 8.673150100
8.683023056, 8.683152141
8.693023060, 8.693151497
8.703023044, 8.703153470
8.713023051, 8.713153778
8.723023039, 8.723151030
8.733023049, 8.733150982
8.743023047, 8.743154174
8.753023047, 8.753151360
8.763023044, 8.763152570
8.773023048, 8.773151905
8.783023040, 8.783139507
8.793023035, 8.793150883
8.803023057, 8.803154570
8.813023030, 8.813149936
8.823023049, 8.823152811
8.833023049, 8.833148834
8.843023043, 8.843153516
8.853023041, 8.853151568
8.863023052, 8.863153056
8.873023032, 8.873152255
8.883023039, 8.883150125
8.893023052, 8.893149874
8.903023041, 8.903148368
8.913023047, 8.913151444
8.923023051, 8.923150898
8.933023039, 8.933147268
8.943023040, 8.943152115
8.953023040, 8.953153037
8.963023050, 8.963150601
8.973023048, 8.973147590
8.983023038, 8.983150257
8.993023040, 8.993149825
9.003023036, 9.003150845
9.013023050, 9.013151882
9.023023042, 9.023151818
9.033023049, 9.033149939
9.043023040, 9.043149392
9.053023047, 9.053151255
9.063023040, 9.063149109
9.073023048, 9.073152940
9.083023035, 9.083149458
9.093023044, 9.093147172
9.103023042, 9.103151392
9.113023036, 9.113155222
9.123023032, 9.123150176
9.133023051, 9.133149407
9.143023040, 9.143150181
9.153023048, 9.153151437
9.163023047, 9.163155308
9.173023041, 9.173146081
9.183023040, 9.183150855
9.193023048, 9.193153051
9.203023043, 9.203153719
9.213023062, 9.213146644
9.223023060, 9.223149285
9.233023033, 9.233153355
9.243023038, 9.243148075
9.253023055, 9.253149476
9.263023042, 9.263154511
9.273023035, 9.273157003
9.283023056, 9.283150002
9.293023056, 9.293148173
9.303023039, 9.303147785
9.313023035, 9.313151778
9.323023047, 9.323149511
9.333023043, 9.333149904
9.343023047, 9.343156308
9.353023049, 9.353158611
9.363023036, 9.363149609
9.373023051, 9.373148091
9.383023036, 9.383150894
9.393023055, 9.393148496
9.403023049, 9.403146884
9.413023048, 9.413152514
9.423023030, 9.423152329
9.433023055, 9.433151216
9.443023036, 9.443149354
9.453023048, 9.453151825
9.463023050, 9.463150847
9.473023053, 9.473148252
9.483023038, 9.483148184
9.493023050, 9.493145651
9.503023043, 9.503151943
9.513023045, 9.513153831
9.523023048, 9.523152685
9.533023034, 9.533146546
9.543023030, 9.543149598
9.553023055, 9.553148835
9.563023048, 9.563151636
9.573023041, 9.573150595
9.583023044, 9.583149982
9.593023039, 9.593156832
9.603023044, 9.603144721
9.613023048, 9.613151042
9.623023036, 9.623151422
9.633023051, 9.633152495
9.643023053, 9.643148882
9.653023033, 9.653146795
9.663023038, 9.663152979
9.673023044, 9.673155148
9.683023039, 9.683146352
9.693023051, 9.693146922
9.703023048, 9.703153926
9.713023036, 9.713152431
9.723023034, 9.723149328
9.733023053, 9.733148475
9.743023049, 9.743153443
9.753023034, 9.753149195
9.763023054, 9.763150331
9.773023052, 9.773151054
9.783023039, 9.783153763
9.793023035, 9.793148315
9.803023040, 9.803149000
9.813023053, 9.813152232
9.823023050, 9.823150009
9.833023032, 9.833150597
9.843023038, 9.843148732
9.853023048, 9.853154342
9.863023049, 9.863148881
9.873023051, 9.873147658
9.883023056, 9.883151179
9.893023037, 9.893150674
9.903023030, 9.903150099
9.913023051, 9.913151151
9.923023041, 9.923149841
9.933023053, 9.933150990
9.943023035, 9.943146819
9.953023046, 9.953149096
9.963023036, 9.963150225
9.973023056, 9.973146495
9.983023044, 9.983155068
9.993023041, 9.993150736
10.003023062, 10.003148955
10.013023048, 10.013150609
10.023023032, 10.023135024
10.033023052, 10.033145745
10.043023041, 10.043152344
10.053023038, 10.053150343
10.063023055, 10.063152669
10.073023034, 10.073151516
10.083023030, 10.083151540
10.093023050, 10.093150862
10.103023036, 10.103149309
10.113023057, 10.113147697
10.123023040, 10.123149675
10.133023049, 10.133152219
10.143023036, 10.143150299
10.153023051, 10.153153245
10.163023040, 10.163152731
10.173023053, 10.173147094
10.183023050, 10.183149419
10.193023051, 10.193148224
10.203023032, 10.203153919
10.213023049, 10.213149830
10.223023046, 10.223151552
10.233023048, 10.233156491
10.243023060, 10.243147708
10.253023038, 10.253147578
10.263023055, 10.263151561
10.273023069, 10.273156020
10.283023039, 10.283201341
10.293023049, 10.293205527
10.303023049, 10.303207784
10.313023036, 10.313214878
10.323023030, 10.323200545
10.333023049, 10.333211093
10.343023041, 10.343207010
10.353023040, 10.353203009
10.363023055, 10.363204843
10.373023055, 10.373202920
10.383023032, 10.383211004
10.393023035, 10.393206726
10.403023043, 10.403202245
10.413023051, 10.413207534
10.423023043, 10.423210020
10.433023046, 10.433202784
10.443023040, 10.443205041
10.453023052, 10.453203335
10.463023049, 10.463209164
10.473023046, 10.473205223
10.483023047, 10.483205322
10.493023043, 10.493207131
10.503023033, 10.503207606
10.513023055, 10.513204457
10.523023043, 10.523204131
10.533023055, 10.533203465
10.543023054, 10.543207954
10.553023051, 10.553204218
10.563023038, 10.563201338
10.573023033, 10.573203759
10.583023038, 10.583201981
10.593023043, 10.593200617
10.603023052, 10.603207574
10.613023038, 10.613206510
10.623023033, 10.623206954
10.633023052, 10.633205826
10.643023046, 10.643204180
10.653023055, 10.653206374
10.663023051, 10.663201193
10.673023052, 10.673204195
10.683023036, 10.683204559
10.693023049, 10.693211728
10.703023046, 10.703202502
10.713023041, 10.713207586
10.723023049, 10.723206343
10.733023054, 10.733204509
10.743023041, 10.743206004
10.753023049, 10.753203280
10.763023040, 10.763202950
10.773023057, 10.773205773
10.783023054, 10.783212502
10.793023033, 10.793200047
10.803023051, 10.803207645
10.813023047, 10.813202879
10.823023043, 10.823205838
10.833023049, 10.833204038
10.843023049, 10.843201392
10.853023057, 10.853204703
10.863023041, 10.863210495
10.873023059, 10.873210804
10.883023038, 10.883204588
10.893023043, 10.893207797
10.903023049, 10.903212011
10.913023032, 10.913203935
10.923023043, 10.923206024
10.933023035, 10.933203823
10.943023040, 10.943207620
10.953023041, 10.953201906
10.963023054, 10.963206715
10.973023035, 10.973206625
10.983023040, 10.983209126
10.993023038, 10.993203123
11.003023047, 11.003204467
11.013023057, 11.013205926
11.023023054, 11.023213592
11.033023043, 11.033206679
11.043023043, 11.043206263
11.053023047, 11.053212147
11.063023049, 11.063198348
11.073023051, 11.073203406
11.083023062, 11.083202924
11.093023052, 11.093204704
11.103023041, 11.103206445
11.113023033, 11.113205547
11.123023047, 11.123206428
11.133023063, 11.133207462
11.143023065, 11.143204229
11.153023040, 11.153205518
11.163023055, 11.163207570
11.173023040, 11.173206339
11.183023040, 11.183205475
11.193023043, 11.193206387
11.203023054, 11.203206291
11.213023055, 11.213201318
11.223023038, 11.223201777
11.233023049, 11.233207413
11.243023040, 11.243206490
11.253023054, 11.253205714
11.263023052, 11.263180809
11.273023043, 11.273209282
11.283023038, 11.283206997
11.293023054, 11.293199106
11.303023035, 11.303203053
11.313023047, 11.313207938
11.323023036, 11.323212455
11.333023036, 11.333202824
11.343023041, 11.343211430
11.353023038, 11.353211655
11.363023047, 11.363208279
11.373023036, 11.373202465
11.383023051, 11.383203554
11.393023047, 11.393207231
11.403023036, 11.403210335
11.413023046, 11.413205792
11.423023041, 11.423207628
11.433023035, 11.433209620
11.443023055, 11.443198273
11.453023051, 11.453204113
11.463023035, 11.463206732
11.473023054, 11.473202581
11.483023054, 11.483201118
11.493023054, 11.493207262
11.503023046, 11.503209696
11.513023043, 11.513201925
11.523023046, 11.523207362
11.533023052, 11.533203248
11.543023049, 11.543208055
11.553023057, 11.553199951
11.563023047, 11.563200243
11.573023043, 11.573208862
11.583023033, 11.583210726
11.593023049, 11.593204555
11.603023035, 11.603203797
11.613023047, 11.613207393
11.623023047, 11.623206815
11.633023054, 11.633202934
11.643023033, 11.643204190
11.653023055, 11.653207332
11.663023036, 11.663204826
11.673023036, 11.673205910
11.683023060, 11.683206792
11.693023036, 11.693205796
11.703023041, 11.703205385
11.713023051, 11.713202914
11.723023041, 11.723203681
11.733023049, 11.733208157
11.743023047, 11.743210721
11.753023041, 11.753202435
11.763023054, 11.763205282
11.773023035, 11.773206336
11.783023038, 11.783203723
11.793023051, 11.793204439
11.803023063, 11.803203901
11.813023054, 11.813203060
11.823023036, 11.823215213
11.833023033, 11.833206903
11.843023046, 11.843205819
11.853023055, 11.853205174
11.863023055, 11.863200637
11.873023036, 11.873202508
11.883023036, 11.883206598
11.893023051, 11.893204880
11.903023040, 11.903203157
11.913023036, 11.913206158
11.923023049, 11.923207477
11.933023043, 11.933210716
11.943023041, 11.943199473
11.953023047, 11.953209127
11.963023040, 11.963205189
11.973023052, 11.973205275
11.983023054, 11.983203884
11.993023040, 11.993208141
12.003023052, 12.003204987
12.013023038, 12.013205566
12.023023047, 12.023201888
12.033023049, 12.033200187
12.043023051, 12.043209814
12.053023030, 12.053210470
------------------------------
