------------------------------
test was performed using the following parameters: --mps=100 --burst=1 --reply-every=1 --msg-size=12 --time=10
------------------------------
sockperf: [Total Run] RunTime=10.100 sec; SentMessages=1011; ReceivedMessages=1010
sockperf: ========= Printing statistics for Server No: 0
sockperf: [Valid Duration] RunTime=9.990 sec; SentMessages=1000; ReceivedMessages=1000
sockperf: [2;35m====> avg-lat= 77.640 (std-dev=17.913)[0m
sockperf: # dropped messages = 0; # duplicated messages = 0; # out-of-order messages = 0
sockperf: [2;35mTotal 1000 observations[0m; each percentile contains 10.00 observations
sockperf: ---> <MAX> observation =  130.398
sockperf: ---> percentile  99.99 =  130.398
sockperf: ---> percentile  99.90 =  129.696
sockperf: ---> percentile  99.50 =  119.788
sockperf: ---> percentile  99.00 =  115.136
sockperf: ---> percentile  95.00 =  102.501
sockperf: ---> percentile  90.00 =   96.816
sockperf: ---> percentile  75.00 =   88.482
sockperf: ---> percentile  50.00 =   81.603
sockperf: ---> percentile  25.00 =   67.489
sockperf: ---> <MIN> observation =   28.972
------------------------------
txTime, rxTime
2.062865878, 2.063091320
2.072865894, 2.073070237
2.082865885, 2.083096159
2.092865885, 2.093078498
2.102865882, 2.103086243
2.112865878, 2.113095959
2.122865879, 2.123096855
2.132865902, 2.133084154
2.142865881, 2.143013598
2.152865869, 2.153062486
2.162865884, 2.163085418
2.172865875, 2.173072550
2.182865902, 2.183095793
2.192865898, 2.193070596
2.202865885, 2.203068805
2.212865881, 2.213064133
2.222865898, 2.223082946
2.232865873, 2.233061969
2.242865876, 2.243019215
2.252865893, 2.253003086
2.262865874, 2.263010450
2.272865886, 2.273006898
2.282865895, 2.283012932
2.292865874, 2.293011003
2.302865879, 2.303019387
2.312865877, 2.313054116
2.322865885, 2.323060685
2.332865881, 2.333057055
2.342865898, 2.343058801
2.352865896, 2.353048165
2.362865901, 2.363051814
2.372865892, 2.373053123
2.382865882, 2.383035749
2.392865879, 2.393008593
2.402865878, 2.403019947
2.412865878, 2.413057810
2.422865885, 2.423048737
2.432865899, 2.433055821
2.442865883, 2.443035569
2.452865882, 2.453045146
2.462865904, 2.463061266
2.472865872, 2.473061128
2.482865887, 2.483014150
2.492865880, 2.493014991
2.502865883, 2.503007338
2.512865883, 2.512997207
2.522865887, 2.523014031
2.532865883, 2.533003227
2.542865883, 2.543001580
2.552865883, 2.553003047
2.562865886, 2.563013311
2.572865885, 2.573014995
2.582865873, 2.582996636
2.592865882, 2.593005578
2.602865878, 2.603000508
2.612865891, 2.613000924
2.622865881, 2.623023489
2.632865882, 2.633057583
2.642865896, 2.643013264
2.652865885, 2.653027398
2.662865896, 2.663066582
2.672865899, 2.673030967
2.682865891, 2.683053755
2.692865876, 2.693026580
2.702865891, 2.703098750
2.712865881, 2.713068561
2.722865885, 2.723036353
2.732865894, 2.733070897
2.742865885, 2.743013887
2.752865873, 2.753061155
2.762865901, 2.763017485
2.772865884, 2.773019457
2.782865880, 2.783016743
2.792865879, 2.792984143
2.802865885, 2.802997789
2.812865881, 2.813049475
2.822865880, 2.823043898
2.832865879, 2.833010973
2.842865888, 2.842985821
2.852865881, 2.853015101
2.862865882, 2.863009308
2.872865878, 2.873021826
2.882865878, 2.883020300
2.892865881, 2.893016186
2.902865883, 2.903005335
2.912865878, 2.913072967
2.922865880, 2.923001590
2.932865879, 2.933014458
2.942865874, 2.943011940
2.952865881, 2.953016381
2.962865880, 2.963021840
2.972865881, 2.973013112
2.982865882, 2.982988017
2.992865881, 2.992991615
3.002865879, 3.003032454
3.012865887, 3.013016359
3.022865872, 3.023010066
3.032865886, 3.032996535
3.042865880, 3.042999651
3.052865884, 3.053011215
3.062865879, 3.063012562
3.072865879, 3.073009451
3.082865885, 3.083009981
3.092865881, 3.093010957
3.102865883, 3.103028230
3.112865883, 3.113003504
3.122865887, 3.123019315
3.132865883, 3.133011504
3.142865879, 3.143015284
3.152865879, 3.153009899
3.162865880, 3.163006035
3.172865876, 3.173010613
3.182865877, 3.183010429
3.192865876, 3.193020933
3.202865879, 3.203015314
3.212865883, 3.213061223
3.222865887, 3.223067147
3.232865881, 3.233023581
3.242865883, 3.243014318
3.252865883, 3.253018888
3.262865883, 3.263017384
3.272865886, 3.273011990
3.282865882, 3.283022678
3.292865884, 3.293014342
3.302865885, 3.303028876
3.312865889, 3.313031777
3.322865875, 3.323017386
3.332865882, 3.333047737
3.342865882, 3.343020260
3.352865879, 3.353055868
3.362865888, 3.363001236
3.372865879, 3.373028907
3.382865878, 3.383056007
3.392865884, 3.393015158
3.402865880, 3.403060105
3.412865887, 3.413040239
3.422865885, 3.423007785
3.432865881, 3.433003807
3.442865896, 3.443029102
3.452865876, 3.453014963
3.462865886, 3.463020326
3.472865879, 3.473020683
3.482865886, 3.483016356
3.492865884, 3.493040754
3.502865878, 3.503030562
3.512865884, 3.513002560
3.522865878, 3.523017660
3.532865887, 3.533030056
3.542865886, 3.543012255
3.552865892, 3.553021471
3.562865881, 3.563049595
3.572865884, 3.573047704
3.582865888, 3.583011914
3.592865878, 3.593038839
3.602865879, 3.603021436
3.612865881, 3.613004501
3.622865885, 3.623013712
3.632865881, 3.633010539
3.642865879, 3.643002321
3.652865885, 3.653043966
3.662865879, 3.663020424
3.672865878, 3.673016206
3.682865882, 3.683017511
3.692865883, 3.693005100
3.702865885, 3.703043844
3.712865872, 3.713012792
3.722865879, 3.723001453
3.732865883, 3.733044714
3.742865880, 3.743013812
3.752865884, 3.752986041
3.762865878, 3.763051266
3.772865884, 3.773044030
3.782865878, 3.783015077
3.792865879, 3.792991932
3.802865881, 3.803019759
3.812865881, 3.813017661
3.822865885, 3.823019137
3.832865879, 3.833019046
3.842865883, 3.843057531
3.852865893, 3.853082519
3.862865907, 3.863062159
3.872865879, 3.873025436
3.882865885, 3.882997840
3.892866757, 3.893052899
3.902865887, 3.903029628
3.912869792, 3.913074715
3.922865909, 3.923049362
3.932871505, 3.933073563
3.942878233, 3.943026146
3.952865898, 3.953042325
3.962870384, 3.963031262
3.972878525, 3.973065386
3.982865891, 3.983020459
3.992869854, 3.992976330
4.002865880, 4.003000251
4.012866112, 4.012984356
4.022873819, 4.022938996
4.032871851, 4.032997479
4.042865890, 4.042959335
4.052868572, 4.052934792
4.062865876, 4.062958413
4.072868373, 4.072948537
4.082865883, 4.083026313
4.092865903, 4.093034722
4.102865890, 4.103034963
4.112868921, 4.113055243
4.122872937, 4.123060970
4.132870561, 4.133091317
4.142865904, 4.143059936
4.152865889, 4.153026968
4.162878008, 4.163068688
4.172865891, 4.173013681
4.182866761, 4.183065396
4.192880978, 4.193066472
4.202871242, 4.203066014
4.212876931, 4.213066014
4.222865883, 4.223027087
4.232865908, 4.233065449
4.242869466, 4.243071910
4.252883949, 4.253069627
4.262873391, 4.263125768
4.272865884, 4.273056924
4.282870041, 4.283027394
4.292865898, 4.293038531
4.302871304, 4.303061485
4.312865884, 4.313014235
4.322865877, 4.323040804
4.332865892, 4.333034034
4.342871492, 4.343080826
4.352865887, 4.353063360
4.362871875, 4.363025639
4.372885907, 4.373060794
4.382865880, 4.383045379
4.392865896, 4.393058596
4.402867050, 4.403045131
4.412865893, 4.413075218
4.422865891, 4.423024996
4.432877423, 4.433103821
4.442865893, 4.443066651
4.452865911, 4.453057732
4.462894734, 4.462989525
4.472867752, 4.472997267
4.482866691, 4.482988899
4.492873081, 4.492946064
4.502865888, 4.502992293
4.512867812, 4.512988125
4.522869548, 4.522963631
4.532868837, 4.533064779
4.542865886, 4.542943561
4.552865950, 4.553045494
4.562871597, 4.562958187
4.572869607, 4.572970104
4.582890855, 4.583003391
4.592881986, 4.593013104
4.602878835, 4.602986229
4.612877586, 4.613073734
4.622871171, 4.623045607
4.632877208, 4.633046250
4.642865888, 4.642942312
4.652867569, 4.652957142
4.662865885, 4.662935472
4.672865903, 4.672986404
4.682871949, 4.682952224
4.692865887, 4.692969210
4.702865886, 4.703014891
4.712873171, 4.712976590
4.722865885, 4.722927120
4.732873584, 4.732963695
4.742865902, 4.742951874
4.752865903, 4.752958707
4.762865893, 4.762934630
4.772870461, 4.773020055
4.782865886, 4.782938855
4.792867010, 4.792946658
4.802865949, 4.802945582
4.812899227, 4.813035977
4.822879697, 4.823019315
4.832881928, 4.832990831
4.842865919, 4.842928054
4.852865884, 4.852969567
4.862865881, 4.862929554
4.872865884, 4.872941660
4.882865904, 4.883051040
4.892865885, 4.893031248
4.902877811, 4.903038020
4.912865919, 4.913087633
4.922865899, 4.923045476
4.932869749, 4.933058759
4.942870465, 4.943094545
4.952884228, 4.953054338
4.962866335, 4.963070984
4.972865889, 4.973037225
4.982872911, 4.983049155
4.992865885, 4.992970148
5.002886307, 5.003029763
5.012866681, 5.013047169
5.022865904, 5.023069133
5.032868871, 5.033047873
5.042870982, 5.043067471
5.052865889, 5.053036618
5.062866485, 5.063038921
5.072869448, 5.073066344
5.082877470, 5.083059956
5.092865896, 5.093055228
5.102868173, 5.103058962
5.112890146, 5.113059907
5.122866205, 5.123029517
5.132865893, 5.133031891
5.142865886, 5.143126684
5.152865885, 5.153047594
5.162865886, 5.163041372
5.172865887, 5.173032044
5.182866519, 5.183043668
5.192865885, 5.193044747
5.202875731, 5.203104445
5.212865898, 5.213047658
5.222865888, 5.223039003
5.232869577, 5.233041829
5.242880995, 5.243085177
5.252877652, 5.253078902
5.262865916, 5.263061085
5.272865890, 5.273036888
5.282890695, 5.283080852
5.292904763, 5.293081180
5.302865880, 5.302946060
5.312865898, 5.312974696
5.322865904, 5.322969678
5.332865892, 5.332940038
5.342866007, 5.342992061
5.352890270, 5.352956686
5.362871190, 5.362960396
5.372865894, 5.372961338
5.382865879, 5.382972646
5.392890750, 5.393033123
5.402865887, 5.403023800
5.412865875, 5.412998310
5.422907440, 5.423005833
5.432865891, 5.432966517
5.442867425, 5.442988074
5.452866247, 5.452984571
5.462865888, 5.462966909
5.472865891, 5.472945499
5.482865890, 5.482926477
5.492865883, 5.492933136
5.502879816, 5.502957914
5.512865891, 5.512955883
5.522865893, 5.522976847
5.532871284, 5.532991580
5.542865885, 5.542986291
5.552865878, 5.552967018
5.562865880, 5.562935906
5.572876882, 5.572971159
5.582865891, 5.582975842
5.592865887, 5.592943743
5.602866537, 5.602992531
5.612877607, 5.612949862
5.622865898, 5.622990477
5.632865886, 5.632965429
5.642865885, 5.642934150
5.652865889, 5.652944441
5.662868067, 5.662947565
5.672865883, 5.672946772
5.682865899, 5.682951162
5.692872478, 5.692950271
5.702865890, 5.702954121
5.712874269, 5.712968630
5.722865887, 5.722946050
5.732865884, 5.732951611
5.742865882, 5.742968004
5.752868597, 5.752951853
5.762865896, 5.762943908
5.772865883, 5.772966367
5.782865997, 5.782971053
5.792887112, 5.792981255
5.802865893, 5.802971810
5.812865902, 5.812985027
5.822865918, 5.822970085
5.832865894, 5.832984858
5.842865902, 5.842937504
5.852866165, 5.852976622
5.862883124, 5.862992604
5.872872066, 5.872949215
5.882865901, 5.882939937
5.892865884, 5.893000114
5.902866071, 5.902993728
5.912865903, 5.912995474
5.922865887, 5.922992604
5.932875772, 5.933025135
5.942866044, 5.943058346
5.952865903, 5.953004381
5.962872809, 5.963025044
5.972866723, 5.973007592
5.982888708, 5.983028769
5.992865884, 5.993000708
6.002889134, 6.003051759
6.012886673, 6.013111010
6.022865887, 6.023014572
6.032869036, 6.033047689
6.042882388, 6.043044568
6.052865924, 6.053007960
6.062865887, 6.063046379
6.072869778, 6.073017644
6.082871250, 6.083027079
6.092865889, 6.093033615
6.102873516, 6.103053906
6.112865894, 6.113015037
6.122865890, 6.123050038
6.132868758, 6.133055759
6.142865890, 6.143008871
6.152888779, 6.153055577
6.162890354, 6.163096917
6.172865887, 6.173037746
6.182872220, 6.183069895
6.192872555, 6.193035570
6.202899560, 6.203081169
6.212865887, 6.212998016
6.222891610, 6.222999965
6.232869499, 6.232953367
6.242877328, 6.242970822
6.252865887, 6.252982272
6.262865891, 6.262955490
6.272867121, 6.272932631
6.282873069, 6.282991049
6.292865884, 6.293000863
6.302874828, 6.303039157
6.312872660, 6.313093215
6.322865881, 6.323043110
6.332881312, 6.333071814
6.342870676, 6.343063831
6.352868008, 6.353014868
6.362870737, 6.363018877
6.372865902, 6.373041818
6.382883783, 6.382976342
6.392865887, 6.393035649
6.402865891, 6.403064463
6.412882661, 6.413051416
6.422865874, 6.423125267
6.432865893, 6.433038346
6.442870504, 6.443066423
6.452865886, 6.453022064
6.462865891, 6.463038874
6.472867822, 6.473048766
6.482865881, 6.483094474
6.492883292, 6.493065804
6.502876515, 6.503062797
6.512872671, 6.513058953
6.522865883, 6.523049262
6.532865878, 6.533018964
6.542865875, 6.543052633
6.552865885, 6.553044430
6.562887005, 6.563108327
6.572870299, 6.573093487
6.582865887, 6.583074707
6.592877341, 6.593110739
6.602876092, 6.603046374
6.612865887, 6.613039068
6.622865888, 6.623056211
6.632868905, 6.633044978
6.642870650, 6.643047998
6.652883285, 6.653068705
6.662869093, 6.663063358
6.672865927, 6.673053556
6.682896190, 6.683073166
6.692865887, 6.693054794
6.702867554, 6.703067924
6.712868276, 6.713078236
6.722865891, 6.723058894
6.732865891, 6.733056230
6.742866038, 6.743029846
6.752866028, 6.753053604
6.762873211, 6.763064975
6.772865906, 6.773043561
6.782865894, 6.783045702
6.792865903, 6.793040511
6.802865932, 6.803026152
6.812865881, 6.813056421
6.822865893, 6.823017094
6.832865898, 6.833046781
6.842873685, 6.843082482
6.852869852, 6.853060529
6.862865891, 6.863077126
6.872865905, 6.873073699
6.882878023, 6.883056372
6.892865905, 6.893071002
6.902866100, 6.903057572
6.912866222, 6.913033944
6.922889765, 6.923086820
6.932872843, 6.933030961
6.942865906, 6.943036141
6.952865993, 6.953045913
6.962865912, 6.963041997
6.972876879, 6.973044103
6.982869529, 6.983041652
6.992865889, 6.993057703
7.002868463, 7.003033019
7.012865889, 7.013055230
7.022884133, 7.023083774
7.032865894, 7.033035060
7.042865896, 7.043046482
7.052872543, 7.053039875
7.062879407, 7.063105257
7.072893442, 7.073084653
7.082869949, 7.083073825
7.092865895, 7.093007297
7.102868809, 7.103068292
7.112865908, 7.113061129
7.122865891, 7.123040453
7.132865884, 7.133030585
7.142865888, 7.143053844
7.152867815, 7.153044382
7.162890782, 7.163077580
7.172865883, 7.173031291
7.182865899, 7.183071878
7.192865903, 7.193015541
7.202875305, 7.203028938
7.212865889, 7.213032892
7.222865888, 7.222957475
7.232868613, 7.232939228
7.242865910, 7.242950016
7.252868865, 7.252937799
7.262878575, 7.262966943
7.272865958, 7.272992254
7.282882049, 7.282992399
7.292865900, 7.292931352
7.302865885, 7.302937520
7.312865895, 7.312995482
7.322865902, 7.322923848
7.332865902, 7.332939387
7.342890088, 7.342991999
7.352865921, 7.352940170
7.362874945, 7.362976672
7.372872663, 7.372936930
7.382866158, 7.383002624
7.392865886, 7.392946068
7.402877530, 7.403001426
7.412865870, 7.412991035
7.422865877, 7.422977086
7.432871996, 7.433043340
7.442874186, 7.443011405
7.452866448, 7.452994615
7.462868773, 7.463041603
7.472878218, 7.473011702
7.482866878, 7.482991840
7.492885734, 7.493002267
7.502882302, 7.503014463
7.512865868, 7.513018768
7.522865912, 7.522977050
7.532884852, 7.533012996
7.542877953, 7.543044541
7.552895523, 7.553037708
7.562865923, 7.563011586
7.572865879, 7.573009568
7.582865880, 7.582984862
7.592869281, 7.593010774
7.602865882, 7.602972583
7.612865891, 7.612981167
7.622865882, 7.622984068
7.632867492, 7.633008335
7.642865890, 7.642985971
7.652865884, 7.653030371
7.662871855, 7.663054726
7.672867081, 7.673003861
7.682865883, 7.683047426
7.692865883, 7.693005175
7.702875474, 7.702995454
7.712865881, 7.712975241
7.722868411, 7.722992089
7.732865892, 7.733002042
7.742865887, 7.743023302
7.752868583, 7.753026021
7.762872057, 7.763031005
7.772877913, 7.773018435
7.782865890, 7.783004506
7.792877509, 7.793024955
7.802865885, 7.802976170
7.812868377, 7.813013382
7.822865887, 7.823013513
7.832881300, 7.833032395
7.842865879, 7.842970849
7.852881240, 7.853027014
7.862897675, 7.863054675
7.872865897, 7.872989066
7.882865890, 7.882997568
7.892869260, 7.893007924
7.902865890, 7.903042310
7.912872623, 7.913022896
7.922866736, 7.922993900
7.932878961, 7.932990836
7.942865890, 7.943009261
7.952865883, 7.953030942
7.962869209, 7.962995175
7.972865902, 7.972994931
7.982886296, 7.983029854
7.992865887, 7.992993898
8.002865888, 8.002974283
8.012865900, 8.012973367
8.022865891, 8.022990897
8.032865883, 8.032988796
8.042865891, 8.042982949
8.052882497, 8.052989489
8.062865882, 8.062966106
8.072865887, 8.072968265
8.082865891, 8.082939427
8.092865884, 8.092978411
8.102865883, 8.102974667
8.112887107, 8.113013941
8.122898611, 8.123032498
8.132865889, 8.133030833
8.142874644, 8.143005408
8.152865887, 8.152996123
8.162865888, 8.163085362
8.172865887, 8.172987052
8.182865887, 8.182976866
8.192868867, 8.193019168
8.202865882, 8.203008777
8.212865886, 8.213029461
8.222865901, 8.223004126
8.232865889, 8.232995845
8.242872452, 8.243026972
8.252865886, 8.252982172
8.262865929, 8.262942394
8.272865908, 8.273007542
8.282869060, 8.282935957
8.292875717, 8.292962860
8.302885043, 8.302974040
8.312875625, 8.312970278
8.322865885, 8.322950245
8.332877919, 8.332937394
8.342865898, 8.342924943
8.352869870, 8.352972523
8.362866637, 8.363004093
8.372865905, 8.372987091
8.382865893, 8.382969916
8.392871766, 8.393027680
8.402874475, 8.403001470
8.412865895, 8.412985731
8.422881921, 8.423036998
8.432872521, 8.433027802
8.442865898, 8.442995872
8.452867678, 8.452973444
8.462865931, 8.463038896
8.472865883, 8.473022684
8.482883431, 8.483000431
8.492865883, 8.492979234
8.502868006, 8.502995108
8.512872386, 8.513003579
8.522865891, 8.523025923
8.532865876, 8.532999966
8.542865896, 8.543008765
8.552873081, 8.553033923
8.562865885, 8.562965275
8.572865885, 8.572995348
8.582879889, 8.583037589
8.592866049, 8.593059194
8.602865893, 8.603001766
8.612865883, 8.612967212
8.622865882, 8.623047348
8.632865887, 8.632996137
8.642866141, 8.643004416
8.652873830, 8.653080021
8.662865891, 8.663036336
8.672865884, 8.672983474
8.682874140, 8.683056247
8.692865876, 8.692988860
8.702866072, 8.703056353
8.712865887, 8.712988487
8.722865901, 8.723036515
8.732865885, 8.732990467
8.742872122, 8.743065755
8.752886400, 8.753003681
8.762865887, 8.762988868
8.772880433, 8.772999344
8.782867006, 8.782979690
8.792878413, 8.793034792
8.802865926, 8.803000259
8.812865883, 8.813015140
8.822874745, 8.823018760
8.832865905, 8.833001993
8.842865888, 8.842980795
8.852865889, 8.853058086
8.862865887, 8.863091794
8.872865898, 8.873013037
8.882865894, 8.882977072
8.892867443, 8.893014570
8.902887048, 8.903038934
8.912870212, 8.912995281
8.922865947, 8.923028594
8.932865887, 8.933004314
8.942868167, 8.942984899
8.952865883, 8.952983099
8.962865880, 8.963021764
8.972868436, 8.972987541
8.982865896, 8.982996002
8.992889335, 8.992995472
9.002865882, 9.002989574
9.012867400, 9.013025027
9.022877345, 9.023031767
9.032872281, 9.033026670
9.042869670, 9.043007525
9.052866931, 9.053006084
9.062865890, 9.063013028
9.072869846, 9.072983826
9.082871167, 9.083002283
9.092865933, 9.092978708
9.102865880, 9.102996615
9.112866879, 9.112991721
9.122886967, 9.123019412
9.132865900, 9.132993437
9.142865885, 9.142977822
9.152865883, 9.153007070
9.162865891, 9.162997870
9.172872055, 9.173011807
9.182865882, 9.183031281
9.192865921, 9.193002248
9.202871389, 9.203000654
9.212870220, 9.213014306
9.222888676, 9.223050917
9.232865903, 9.233010932
9.242866332, 9.243012580
9.252877368, 9.253020456
9.262865888, 9.262981892
9.272875025, 9.273029246
9.282868096, 9.282976961
9.292882549, 9.293011464
9.302865898, 9.302978982
9.312879656, 9.313036723
9.322865888, 9.323003095
9.332877351, 9.332999386
9.342885791, 9.343039002
9.352882059, 9.353038616
9.362876755, 9.363039817
9.372866817, 9.372984053
9.382872504, 9.383015755
9.392868218, 9.393034945
9.402865891, 9.403031343
9.412865894, 9.413056749
9.422883806, 9.423038593
9.432874463, 9.433031907
9.442882625, 9.443042972
9.452873950, 9.453064086
9.462866013, 9.463089116
9.472865884, 9.473020477
9.482872122, 9.483058090
9.492888746, 9.493067339
9.502879032, 9.503048804
9.512865884, 9.513008797
9.522894153, 9.523079454
9.532865887, 9.533085835
9.542880767, 9.543044948
9.552865873, 9.553014774
9.562865889, 9.563037129
9.572872469, 9.573064315
9.582865892, 9.583025596
9.592878951, 9.593126673
9.602865886, 9.603049325
9.612865883, 9.613038612
9.622865900, 9.623036878
9.632867879, 9.633035524
9.642865919, 9.643062182
9.652894916, 9.653051544
9.662865886, 9.663042969
9.672900022, 9.673065788
9.682883491, 9.683068288
9.692869799, 9.693057800
9.702888721, 9.703058011
9.712865879, 9.713009567
9.722865872, 9.723061352
9.732865887, 9.733023947
9.742876132, 9.743021901
9.752869892, 9.753045782
9.762865883, 9.763095385
9.772895537, 9.773070087
9.782889739, 9.783108904
9.792867953, 9.793058795
9.802865887, 9.803036341
9.812865894, 9.813036987
9.822884221, 9.823077770
9.832865893, 9.833057394
9.842878497, 9.843079276
9.852865890, 9.853027308
9.862865883, 9.863033756
9.872877814, 9.873074197
9.882865883, 9.883022057
9.892865913, 9.893112732
9.902865883, 9.903056751
9.912989680, 9.913144613
9.922865887, 9.923098702
9.932869570, 9.933109148
9.942865913, 9.943049778
9.952865890, 9.953052106
9.962865889, 9.963016045
9.972866982, 9.973064646
9.982865911, 9.983000405
9.992865887, 9.993037343
10.002865887, 10.003034498
10.012865874, 10.013027441
10.022865879, 10.023030986
10.032865876, 10.033027438
10.042865876, 10.043030852
10.052865882, 10.053029089
10.062865884, 10.063028891
10.072865885, 10.073038146
10.082865879, 10.083038742
10.092865886, 10.093037800
10.102865877, 10.103035964
10.112865872, 10.113035154
10.122865877, 10.123037848
10.132865883, 10.133040186
10.142865887, 10.143034955
10.152865879, 10.153035347
10.162865882, 10.163035452
10.172865878, 10.173035916
10.182865879, 10.183039739
10.192865884, 10.193035046
10.202865879, 10.203034598
10.212865873, 10.213033287
10.222865874, 10.223038804
10.232865875, 10.233015524
10.242865872, 10.243014818
10.252865889, 10.253017498
10.262865874, 10.263014472
10.272865889, 10.273018235
10.282865877, 10.283034407
10.292865872, 10.293038337
10.302865882, 10.303040706
10.312865884, 10.313037421
10.322865887, 10.323037435
10.332865876, 10.333032020
10.342865880, 10.343037175
10.352865886, 10.353041032
10.362865876, 10.363043009
10.372865884, 10.373044289
10.382865869, 10.383035548
10.392865891, 10.393041150
10.402865877, 10.403040737
10.412865883, 10.413039042
10.422865901, 10.423036366
10.432865886, 10.433044601
10.442865876, 10.443033851
10.452865881, 10.453042753
10.462865883, 10.463035255
10.472865876, 10.473041810
10.482865883, 10.483035682
10.492865884, 10.493044504
10.502865888, 10.503045464
10.512865884, 10.513036693
10.522865882, 10.523034385
10.532865878, 10.533042050
10.542865877, 10.543039680
10.552865876, 10.553011636
10.562865882, 10.563033844
10.572865868, 10.573040738
10.582865872, 10.583034540
10.592865872, 10.593042055
10.602865876, 10.603040844
10.612865873, 10.613032882
10.622865882, 10.623041679
10.632865875, 10.633041678
10.642865877, 10.643043003
10.652865886, 10.653032645
10.662865882, 10.663036832
10.672865881, 10.673041812
10.682865917, 10.683042952
10.692865883, 10.693041256
10.702865876, 10.703044976
10.712865886, 10.713041918
10.722865882, 10.723042705
10.732865884, 10.733033737
10.742865891, 10.743042979
10.752865883, 10.753036046
10.762865883, 10.763036568
10.772865884, 10.773039518
10.782865885, 10.783035777
10.792865879, 10.793034345
10.802865885, 10.803042079
10.812865878, 10.813032184
10.822865877, 10.823043491
10.832865884, 10.833036843
10.842865887, 10.843040080
10.852865879, 10.853033026
10.862865883, 10.863036264
10.872865884, 10.873029963
10.882865877, 10.883036299
10.892865873, 10.893028168
10.902865885, 10.903035745
10.912865891, 10.913035872
10.922865885, 10.923028475
10.932865878, 10.933006590
10.942865883, 10.943036212
10.952865881, 10.953029147
10.962865883, 10.963034133
10.972865879, 10.973041122
10.982865880, 10.983036109
10.992865876, 10.993041047
11.002865877, 11.003043904
11.012865879, 11.013041533
11.022865885, 11.023043008
11.032865875, 11.033040788
11.042865885, 11.043033985
11.052865881, 11.053041832
11.062865883, 11.063035839
11.072865884, 11.073039746
11.082865885, 11.083041908
11.092865884, 11.093041535
11.102865877, 11.103035907
11.112865886, 11.113035902
11.122865882, 11.123043074
11.132865883, 11.133045476
11.142865877, 11.143043356
11.152865884, 11.153035835
11.162865877, 11.163035550
11.172865884, 11.173042277
11.182865880, 11.183040234
11.192865878, 11.193035386
11.202865879, 11.203042856
11.212865879, 11.213035140
11.222865885, 11.223038322
11.232865878, 11.233040027
11.242865880, 11.243041034
11.252865876, 11.253033546
11.262865877, 11.263043551
11.272865883, 11.273043690
11.282865874, 11.283033980
11.292865875, 11.293034685
11.302865877, 11.303040867
11.312865891, 11.313040609
11.322865887, 11.323032516
11.332865884, 11.333041081
11.342865887, 11.343042853
11.352865876, 11.353043267
11.362865887, 11.363043172
11.372865876, 11.373046382
11.382865877, 11.383043034
11.392865878, 11.393045403
11.402865882, 11.403035250
11.412865872, 11.413041247
11.422865880, 11.423042670
11.432865876, 11.433041277
11.442865879, 11.443036396
11.452865876, 11.453041041
11.462865880, 11.463040791
11.472865881, 11.473040618
11.482865879, 11.483043132
11.492865881, 11.493041292
11.502865879, 11.503043752
11.512865876, 11.513034011
11.522865885, 11.523041351
11.532865881, 11.533040470
11.542865876, 11.543033322
11.552865881, 11.553042037
11.562865885, 11.563042852
11.572865881, 11.573042131
11.582865882, 11.583042488
11.592865879, 11.593035898
11.602865877, 11.603034010
11.612865884, 11.613039945
11.622865888, 11.623034752
11.632865887, 11.633036669
11.642865885, 11.643037126
11.652865872, 11.653037108
11.662865879, 11.663040718
11.672865884, 11.673034592
11.682865885, 11.683040655
11.692865873, 11.693043269
11.702865883, 11.703041401
11.712865876, 11.713042146
11.722865879, 11.723042295
11.732865876, 11.733004574
11.742865879, 11.743042614
11.752865881, 11.753040744
11.762865879, 11.763036296
11.772865884, 11.773043353
11.782865879, 11.783042968
11.792865884, 11.793040425
11.802865882, 11.803042802
11.812865872, 11.813041044
11.822865887, 11.823036584
11.832865881, 11.833013891
11.842865879, 11.843041033
11.852865879, 11.853040180
11.862865882, 11.863040615
11.872865883, 11.873037864
11.882865874, 11.883037474
11.892865872, 11.893040979
11.902865880, 11.903044646
11.912865879, 11.913040948
11.922865874, 11.923037147
11.932865889, 11.933034567
11.942865883, 11.943036954
11.952865886, 11.953040926
11.962865879, 11.963043329
11.972865881, 11.973042193
11.982865883, 11.983041382
11.992865879, 11.993042570
12.002865879, 12.003036222
12.012865872, 12.013033434
12.022865874, 12.023040748
12.032865879, 12.033011732
12.042865887, 12.043042743
12.052865884, 12.053042462
------------------------------
