------------------------------
test was performed using the following parameters: --mps=100 --burst=1 --reply-every=1 --msg-size=12 --time=10
------------------------------
sockperf: [Total Run] RunTime=10.100 sec; SentMessages=1011; ReceivedMessages=1010
sockperf: ========= Printing statistics for Server No: 0
sockperf: [Valid Duration] RunTime=9.990 sec; SentMessages=1000; ReceivedMessages=1000
sockperf: [2;35m====> avg-lat= 93.730 (std-dev=41.943)[0m
sockperf: # dropped messages = 0; # duplicated messages = 0; # out-of-order messages = 0
sockperf: [2;35mTotal 1000 observations[0m; each percentile contains 10.00 observations
sockperf: ---> <MAX> observation =  285.259
sockperf: ---> percentile  99.99 =  285.259
sockperf: ---> percentile  99.90 =  283.316
sockperf: ---> percentile  99.50 =  242.133
sockperf: ---> percentile  99.00 =  227.171
sockperf: ---> percentile  95.00 =  173.453
sockperf: ---> percentile  90.00 =  147.378
sockperf: ---> percentile  75.00 =  116.162
sockperf: ---> percentile  50.00 =   84.708
sockperf: ---> percentile  25.00 =   63.796
sockperf: ---> <MIN> observation =   25.918
------------------------------
txTime, rxTime
2.062445730, 2.062662489
2.072445733, 2.072655990
2.082445730, 2.082735593
2.092445728, 2.092746332
2.102445791, 2.102801776
2.112445728, 2.112720522
2.122445728, 2.122644336
2.132446057, 2.132516151
2.142445792, 2.142679695
2.152445843, 2.152608104
2.162445728, 2.162592822
2.172445733, 2.172696710
2.182445782, 2.182690413
2.192445787, 2.192681268
2.202445787, 2.202654167
2.212445795, 2.212679510
2.222445860, 2.222687787
2.232445733, 2.232674824
2.242445727, 2.242710716
2.252445787, 2.252677362
2.262445942, 2.262673750
2.272445731, 2.272768941
2.282445733, 2.282757421
2.292445736, 2.292670928
2.302445738, 2.302675719
2.312445729, 2.312629380
2.322445740, 2.322686306
2.332445796, 2.332689225
2.342445722, 2.342654520
2.352445783, 2.352639343
2.362445800, 2.362684849
2.372445781, 2.372719080
2.382445796, 2.382706765
2.392445725, 2.392692470
2.402445781, 2.402683144
2.412445779, 2.412688258
2.422445730, 2.422759715
2.432445733, 2.432722875
2.442445730, 2.442627419
2.452445730, 2.452674029
2.462445726, 2.462668187
2.472445735, 2.472687272
2.482445730, 2.482772245
2.492445732, 2.492784931
2.502445804, 2.502708890
2.512445745, 2.512713301
2.522445886, 2.522677770
2.532445735, 2.532638336
2.542445727, 2.542703340
2.552445733, 2.552703881
2.562445748, 2.562666096
2.572445731, 2.572638675
2.582445801, 2.582737731
2.592445792, 2.592741988
2.602445798, 2.602681649
2.612445817, 2.612658400
2.622445733, 2.622667633
2.632445784, 2.632655719
2.642445793, 2.642687970
2.652445733, 2.652622345
2.662445730, 2.662717713
2.672445787, 2.672693597
2.682445738, 2.682675834
2.692445730, 2.692675096
2.702445723, 2.702680108
2.712445725, 2.712679133
2.722445811, 2.722671338
2.732445724, 2.732682775
2.742445740, 2.742697600
2.752445731, 2.752676195
2.762445795, 2.762648361
2.772445733, 2.772666347
2.782445741, 2.782686617
2.792445735, 2.792672861
2.802445730, 2.802703803
2.812445730, 2.812672891
2.822445725, 2.822670964
2.832445729, 2.832680400
2.842445727, 2.842627007
2.852445727, 2.852786505
2.862445746, 2.862705091
2.872445778, 2.872687432
2.882445801, 2.882696213
2.892445795, 2.892712177
2.902445790, 2.902639332
2.912445735, 2.912700494
2.922445794, 2.922678873
2.932445781, 2.932694159
2.942445790, 2.942691490
2.952445817, 2.952621739
2.962445726, 2.962746580
2.972445725, 2.972765071
2.982445930, 2.982683286
2.992445729, 2.992696868
3.002445752, 3.002667340
3.012445738, 3.012648352
3.022445816, 3.022724979
3.032447592, 3.032758323
3.042445793, 3.042642590
3.052451130, 3.052712546
3.062445931, 3.062670479
3.072445899, 3.072530745
3.082450413, 3.082674212
3.092445820, 3.092687509
3.102446899, 3.102625871
3.112445997, 3.112664132
3.122447997, 3.122556020
3.132449046, 3.132520018
3.142457866, 3.142705327
3.152445751, 3.152672192
3.162447386, 3.162674580
3.172445801, 3.172615434
3.182445803, 3.182704056
3.192446002, 3.192625932
3.202445749, 3.202702586
3.212445804, 3.212605661
3.222448095, 3.222641759
3.232445874, 3.232594122
3.242445759, 3.242585296
3.252445964, 3.252507334
3.262448501, 3.262725946
3.272445796, 3.272593825
3.282445785, 3.282734157
3.292445751, 3.292739678
3.302447792, 3.302553394
3.312445801, 3.312540738
3.322446403, 3.322566846
3.332447762, 3.332669031
3.342445891, 3.342612475
3.352445795, 3.352542795
3.362450282, 3.362585578
3.372447489, 3.372722368
3.382450225, 3.382685624
3.392445888, 3.392621859
3.402445826, 3.402585359
3.412445901, 3.412507461
3.422455526, 3.422625752
3.432445752, 3.432752109
3.442445800, 3.442639339
3.452447135, 3.452598478
3.462445869, 3.462563632
3.472446889, 3.472501252
3.482445798, 3.482567792
3.492445748, 3.492667931
3.502445759, 3.502838876
3.512445738, 3.512911799
3.522445882, 3.522499217
3.532445746, 3.532529305
3.542458197, 3.542571690
3.552445751, 3.552642531
3.562452062, 3.562676718
3.572445749, 3.572602252
3.582445808, 3.582571667
3.592454035, 3.592805147
3.602445749, 3.602880586
3.612445755, 3.613008772
3.622450396, 3.622582882
3.632445784, 3.632595142
3.642445803, 3.642748381
3.652450157, 3.652558110
3.662445809, 3.662738650
3.672445803, 3.672900145
3.682445789, 3.682612210
3.692445811, 3.692577687
3.702445951, 3.702567227
3.712445755, 3.712525842
3.722451435, 3.722597245
3.732445749, 3.732734149
3.742445951, 3.742657774
3.752445749, 3.752591013
3.762450451, 3.762570999
3.772453472, 3.772533192
3.782445744, 3.782561472
3.792445755, 3.792753804
3.802445755, 3.802658805
3.812445808, 3.812680788
3.822445888, 3.822606155
3.832445787, 3.832782488
3.842446493, 3.842796432
3.852445752, 3.852729423
3.862445754, 3.862662962
3.872445736, 3.872583436
3.882452690, 3.882571585
3.892455515, 3.892579733
3.902457924, 3.902666775
3.912446717, 3.912668856
3.922445861, 3.922636372
3.932445814, 3.932519822
3.942445828, 3.942596077
3.952452886, 3.952718405
3.962451582, 3.962645007
3.972452891, 3.972584532
3.982446161, 3.982569540
3.992445748, 3.992524930
4.002446115, 4.002651913
4.012445878, 4.012610623
4.022445819, 4.022635125
4.032448751, 4.032609513
4.042447503, 4.042567843
4.052446539, 4.052537548
4.062448485, 4.062734378
4.072445746, 4.072580120
4.082445946, 4.082700569
4.092448174, 4.092617866
4.102445751, 4.102553039
4.112446152, 4.112532898
4.122462613, 4.122702365
4.132447727, 4.132744787
4.142445751, 4.142635609
4.152447563, 4.152575876
4.162445744, 4.162562741
4.172445781, 4.172536535
4.182446881, 4.182572098
4.192447312, 4.192709775
4.202445803, 4.202656765
4.212445806, 4.212609054
4.222445754, 4.222596985
4.232445776, 4.232531962
4.242445752, 4.242752657
4.252445798, 4.252638339
4.262445801, 4.262770966
4.272445796, 4.272793850
4.282445744, 4.282549393
4.292445819, 4.292514697
4.302452332, 4.302565087
4.312446003, 4.312653325
4.322447254, 4.322566128
4.332452715, 4.332799623
4.342445748, 4.342652188
4.352446643, 4.352656493
4.362451422, 4.362676159
4.372445948, 4.372796490
4.382445795, 4.382844096
4.392448888, 4.392681795
4.402445743, 4.402591401
4.412450341, 4.412651449
4.422448016, 4.422565316
4.432445752, 4.432520269
4.442445751, 4.442560652
4.452445790, 4.452762567
4.462445785, 4.462663030
4.472446280, 4.472566529
4.482445796, 4.482583962
4.492445782, 4.492500510
4.502446065, 4.502603804
4.512445803, 4.512737433
4.522457458, 4.522665621
4.532451286, 4.532605378
4.542445888, 4.542577806
4.552450148, 4.552533923
4.562445796, 4.562626450
4.572456582, 4.572757987
4.582445752, 4.582639874
4.592446509, 4.592580651
4.602449865, 4.602805547
4.612448136, 4.612833470
4.622449797, 4.622877764
4.632445746, 4.632650154
4.642449332, 4.642585444
4.652449526, 4.652678031
4.662445898, 4.662546035
4.672446000, 4.672508943
4.682448122, 4.682642231
4.692447731, 4.692699286
4.702446063, 4.702610279
4.712445864, 4.712594872
4.722448901, 4.722564180
4.732449572, 4.732508302
4.742454702, 4.742621035
4.752445731, 4.752654128
4.762445911, 4.762638372
4.772445776, 4.772599699
4.782461616, 4.782581289
4.792445751, 4.792500343
4.802451981, 4.802621398
4.812445733, 4.812648758
4.822450026, 4.822671058
4.832445743, 4.832597794
4.842445752, 4.842569352
4.852445784, 4.852513868
4.862445808, 4.862613516
4.872445819, 4.872734878
4.882445754, 4.882586887
4.892445814, 4.892584418
4.902445751, 4.902581641
4.912445801, 4.912523546
4.922450200, 4.922578928
4.932447527, 4.932710034
4.942446771, 4.942659242
4.952445795, 4.952600734
4.962445763, 4.962653263
4.972447551, 4.972562743
4.982451526, 4.982662214
4.992445759, 4.992713893
5.002445853, 5.002680036
5.012445798, 5.012581203
5.022445815, 5.022579981
5.032445782, 5.032592698
5.042445755, 5.042556306
5.052445946, 5.052655060
5.062447192, 5.062645795
5.072445798, 5.072580084
5.082445719, 5.082564495
5.092445787, 5.092510683
5.102445738, 5.102695075
5.112445807, 5.112696047
5.122445746, 5.122629980
5.132445801, 5.132795906
5.142445792, 5.142877052
5.152453800, 5.152719493
5.162445760, 5.162742670
5.172445815, 5.172636173
5.182446021, 5.182714746
5.192445751, 5.192830898
5.202450707, 5.202531019
5.212445828, 5.212559978
5.222445717, 5.222502480
5.232446120, 5.232661503
5.242448935, 5.242683082
5.252445798, 5.252622173
5.262445836, 5.262561885
5.272445804, 5.272522233
5.282454635, 5.282687707
5.292447249, 5.292719729
5.302445798, 5.302657599
5.312452305, 5.312626393
5.322455103, 5.322802234
5.332448845, 5.332878129
5.342445751, 5.342887296
5.352445798, 5.352627742
5.362445755, 5.362675977
5.372448399, 5.372593595
5.382445755, 5.382595286
5.392445759, 5.392527094
5.402450180, 5.402746766
5.412445809, 5.412617403
5.422451236, 5.422727331
5.432445856, 5.432795188
5.442451762, 5.442525795
5.452449329, 5.452547948
5.462445804, 5.462631949
5.472445787, 5.472673800
5.482445803, 5.482549502
5.492445937, 5.492619609
5.502445785, 5.502596689
5.512445787, 5.512521232
5.522445806, 5.522589240
5.532445781, 5.532686600
5.542446406, 5.542663343
5.552446685, 5.552577059
5.562448324, 5.562554427
5.572445743, 5.572525915
5.582453492, 5.582590688
5.592445752, 5.592697357
5.602470006, 5.602647754
5.612445740, 5.612622604
5.622447947, 5.622531364
5.632452861, 5.632530146
5.642445798, 5.642555849
5.652450293, 5.652708327
5.662447982, 5.662584197
5.672445751, 5.672593339
5.682445826, 5.682601045
5.692445803, 5.692714873
5.702445847, 5.702799065
5.712450882, 5.712692560
5.722450123, 5.722772445
5.732445815, 5.732593446
5.742453642, 5.742578889
5.752445751, 5.752557018
5.762447764, 5.762532529
5.772449325, 5.772684159
5.782467892, 5.782649090
5.792445755, 5.792684184
5.802445954, 5.802564754
5.812445787, 5.812506130
5.822445866, 5.822610699
5.832446036, 5.832712936
5.842445743, 5.842642804
5.852445803, 5.852773609
5.862451228, 5.862894234
5.872448226, 5.872675328
5.882452302, 5.882615764
5.892445801, 5.892690929
5.902445856, 5.902670424
5.912445796, 5.912613498
5.922448189, 5.922552650
5.932446010, 5.932717794
5.942456293, 5.942552011
5.952445804, 5.952733864
5.962448774, 5.962650610
5.972445801, 5.972613901
5.982449205, 5.982537635
5.992445785, 5.992499871
6.002451419, 6.002625680
6.012445738, 6.012661622
6.022466588, 6.022649279
6.032450882, 6.032685465
6.042445763, 6.042536104
6.052445754, 6.052535709
6.062445784, 6.062658552
6.072447052, 6.072689630
6.082455466, 6.082674283
6.092445782, 6.092618022
6.102445749, 6.102824685
6.112445733, 6.112529209
6.122445751, 6.122541068
6.132447695, 6.132675317
6.142450301, 6.142804520
6.152445864, 6.152869705
6.162447958, 6.162529322
6.172445915, 6.172521157
6.182454984, 6.182591665
6.192447397, 6.192729705
6.202445897, 6.202641602
6.212445788, 6.212689502
6.222445723, 6.222609617
6.232445787, 6.232534846
6.242445776, 6.242708822
6.252445751, 6.252611296
6.262445778, 6.262722550
6.272459295, 6.272697550
6.282448426, 6.282659464
6.292445879, 6.292504832
6.302445795, 6.302744300
6.312445810, 6.312622023
6.322447512, 6.322616227
6.332445732, 6.332523662
6.342447482, 6.342558472
6.352445830, 6.352618152
6.362448975, 6.362671007
6.372445857, 6.372619617
6.382446326, 6.382556949
6.392446070, 6.392510041
6.402448348, 6.402582176
6.412445750, 6.412724549
6.422445757, 6.422639753
6.432445751, 6.432588762
6.442445960, 6.442573308
6.452445738, 6.452521336
6.462445813, 6.462550584
6.472445806, 6.472717141
6.482448015, 6.482663054
6.492445996, 6.492518589
6.502446539, 6.502603836
6.512446261, 6.512700566
6.522449730, 6.522635065
6.532449479, 6.532602686
6.542446946, 6.542551516
6.552445750, 6.552753075
6.562445753, 6.562622783
6.572445800, 6.572621729
6.582448797, 6.582587112
6.592445803, 6.592535187
6.602445862, 6.602630082
6.612445996, 6.612723790
6.622445802, 6.622647911
6.632445999, 6.632588505
6.642445805, 6.642682397
6.652448764, 6.652660326
6.662445751, 6.662626840
6.672445803, 6.672547474
6.682447333, 6.682567821
6.692445754, 6.692535641
6.702450909, 6.702622423
6.712445791, 6.712663466
6.722467268, 6.722633143
6.732449468, 6.732566697
6.742445888, 6.742570905
6.752448230, 6.752564422
6.762446956, 6.762673388
6.772445950, 6.772745088
6.782449496, 6.782664516
6.792449386, 6.792627644
6.802445754, 6.802556161
6.812445866, 6.812501963
6.822445953, 6.822638911
6.832455414, 6.832763547
6.842445753, 6.842627069
6.852445798, 6.852676325
6.862447752, 6.862619325
6.872445811, 6.872746302
6.882445855, 6.882836560
6.892445794, 6.892687126
6.902446008, 6.902640493
6.912445748, 6.912631263
6.922445953, 6.922588580
6.932452094, 6.932728523
6.942448689, 6.942841238
6.952445750, 6.953012382
6.962445754, 6.962639047
6.972445732, 6.972641545
6.982446021, 6.982586356
6.992449105, 6.992527616
7.002454187, 7.002775245
7.012445811, 7.012649550
7.022445884, 7.022668345
7.032451118, 7.032597283
7.042445803, 7.042608053
7.052446719, 7.052533301
7.062445813, 7.062580653
7.072445928, 7.072711402
7.082446087, 7.082632013
7.092445852, 7.092627802
7.102445882, 7.102566531
7.112463683, 7.112755763
7.122448285, 7.122517609
7.132445794, 7.132783024
7.142445738, 7.142651268
7.152445802, 7.152592458
7.162445800, 7.162504993
7.172448598, 7.172766551
7.182445857, 7.182632823
7.192447568, 7.192588644
7.202446470, 7.202595992
7.212445734, 7.212519745
7.222445789, 7.222531506
7.232445756, 7.232784014
7.242445733, 7.242614339
7.252445730, 7.252649065
7.262445738, 7.262598740
7.272445735, 7.272537930
7.282447268, 7.282602528
7.292449283, 7.292711571
7.302453161, 7.302674198
7.312445819, 7.312657825
7.322445753, 7.322562450
7.332445722, 7.332545805
7.342446151, 7.342747597
7.352448127, 7.352590055
7.362445751, 7.362553285
7.372445781, 7.372788971
7.382447069, 7.382872467
7.392445754, 7.392984827
7.402445759, 7.402598106
7.412445828, 7.412596546
7.422445811, 7.422573603
7.432445795, 7.432711272
7.442449592, 7.442605098
7.452445754, 7.452674480
7.462445800, 7.462785578
7.472445755, 7.472869164
7.482445793, 7.482528408
7.492445741, 7.492506382
7.502445755, 7.502739601
7.512445755, 7.512807194
7.522451012, 7.522933893
7.532447255, 7.532621694
7.542445754, 7.542663578
7.552447068, 7.552566709
7.562448399, 7.562681317
7.572445755, 7.572668477
7.582445755, 7.582610868
7.592451788, 7.592636056
7.602450247, 7.602559816
7.612446066, 7.612502815
7.622445885, 7.622691427
7.632461619, 7.632762529
7.642445800, 7.642663608
7.652448190, 7.652623785
7.662445741, 7.662566883
7.672445751, 7.672497588
7.682450031, 7.682567301
7.692445796, 7.692678121
7.702448059, 7.702696901
7.712445754, 7.712589283
7.722445808, 7.722581628
7.732446101, 7.732661232
7.742452008, 7.742580605
7.752445788, 7.752625927
7.762445815, 7.762583224
7.772445820, 7.772640753
7.782455824, 7.782616097
7.792445801, 7.792730822
7.802445790, 7.802536302
7.812447960, 7.812725852
7.822445831, 7.822635014
7.832456317, 7.832680935
7.842445956, 7.842596863
7.852445800, 7.852527660
7.862455180, 7.862603333
7.872445809, 7.872698328
7.882448910, 7.882659288
7.892445819, 7.892786638
7.902445845, 7.902857564
7.912448462, 7.912727552
7.922446078, 7.922573252
7.932445733, 7.932679926
7.942445749, 7.942603971
7.952445743, 7.952627816
7.962445800, 7.962541004
7.972445787, 7.972523235
7.982454684, 7.982737344
7.992447019, 7.992848567
8.002448517, 8.002525313
8.012445789, 8.012526527
8.022452499, 8.022701052
8.032445744, 8.032682452
8.042445898, 8.042647394
8.052446408, 8.052610170
8.062445751, 8.062530371
8.072445735, 8.072513669
8.082461434, 8.082624535
8.092452854, 8.092732666
8.102446005, 8.102767698
8.112445733, 8.112603548
8.122445767, 8.122614243
8.132449782, 8.132518099
8.142445744, 8.142591768
8.152445789, 8.152720437
8.162445804, 8.162596776
8.172445825, 8.172593781
8.182445749, 8.182577624
8.192445796, 8.192567855
8.202446254, 8.202652718
8.212445746, 8.212740504
8.222445901, 8.222636429
8.232445754, 8.232608392
8.242445754, 8.242618098
8.252445728, 8.252530678
8.262445809, 8.262600478
8.272448858, 8.272670413
8.282445754, 8.282797033
8.292445950, 8.292872363
8.302445798, 8.302521240
8.312445814, 8.312746620
8.322445901, 8.322508168
8.332446038, 8.332736378
8.342451307, 8.342663043
8.352445751, 8.352619962
8.362445749, 8.362726966
8.372445755, 8.372574643
8.382455974, 8.382660096
8.392445798, 8.392710612
8.402445752, 8.402659043
8.412449589, 8.412601518
8.422445803, 8.422553162
8.432449022, 8.432524454
8.442445808, 8.442614902
8.452445752, 8.452705215
8.462445751, 8.462669871
8.472450933, 8.472621647
8.482446873, 8.482553235
8.492447775, 8.492536918
8.502445958, 8.502599667
8.512445735, 8.512708330
8.522445790, 8.522546715
8.532445883, 8.532593951
8.542445831, 8.542685177
8.552445804, 8.552585233
8.562448160, 8.562676135
8.572445804, 8.572727659
8.582445811, 8.582633392
8.592446982, 8.592620475
8.602445755, 8.602600700
8.612445806, 8.612509439
8.622445920, 8.622618794
8.632446955, 8.632719882
8.642447492, 8.642663186
8.652445817, 8.652607585
8.662460766, 8.662754149
8.672446422, 8.672637070
8.682449112, 8.682735953
8.692445800, 8.692719130
8.702445782, 8.702629938
8.712450415, 8.712628713
8.722451490, 8.722547328
8.732453511, 8.732535799
8.742446054, 8.742584642
8.752446065, 8.752646763
8.762449583, 8.762671539
8.772445787, 8.772633705
8.782448484, 8.782598983
8.792445803, 8.792721214
8.802445751, 8.802549240
8.812446554, 8.812772360
8.822445741, 8.822653708
8.832445785, 8.832573001
8.842445744, 8.842555264
8.852446076, 8.852514904
8.862445748, 8.862581458
8.872445801, 8.872668402
8.882468695, 8.882609272
8.892445784, 8.892651678
8.902449510, 8.902564628
8.912445815, 8.912511642
8.922446463, 8.922591738
8.932445831, 8.932675304
8.942445904, 8.942666011
8.952445748, 8.952584140
8.962445754, 8.962563671
8.972458297, 8.972623921
8.982449493, 8.982585035
8.992448378, 8.992765702
9.002449807, 9.002635947
9.012445752, 9.012808045
9.022454777, 9.022927326
9.032445801, 9.032731829
9.042445798, 9.042695436
9.052447890, 9.052829162
9.062446186, 9.062521393
9.072447595, 9.072713493
9.082445811, 9.082516824
9.092445801, 9.092703925
9.102459691, 9.102592352
9.112445928, 9.112627945
9.122448964, 9.122565215
9.132472330, 9.132776782
9.142446052, 9.142538813
9.152450154, 9.152788695
9.162445749, 9.162621630
9.172445853, 9.172629436
9.182445907, 9.182579612
9.192451672, 9.192550241
9.202455191, 9.202594688
9.212445823, 9.212664166
9.222445826, 9.222671198
9.232447094, 9.232618963
9.242449371, 9.242580468
9.252445801, 9.252807470
9.262447764, 9.262932031
9.272445778, 9.272660202
9.282450235, 9.282605963
9.292445875, 9.292591768
9.302445800, 9.302566137
9.312445796, 9.312521555
9.322446057, 9.322733238
9.332452556, 9.332659013
9.342445803, 9.342652027
9.352445790, 9.352598862
9.362445752, 9.362545697
9.372445752, 9.372519939
9.382445751, 9.382598319
9.392445749, 9.392732159
9.402445885, 9.402630674
9.412451012, 9.412598363
9.422445891, 9.422551449
9.432445961, 9.432533511
9.442450966, 9.442737648
9.452446103, 9.452565694
9.462445804, 9.462670918
9.472445804, 9.472753249
9.482445754, 9.482549055
9.492445814, 9.492556942
9.502446092, 9.502616078
9.512449760, 9.512740163
9.522448174, 9.522675874
9.532448929, 9.532620007
9.542445748, 9.542570010
9.552452218, 9.552535480
9.562447105, 9.562733299
9.572448479, 9.572848002
9.582451310, 9.582916681
9.592448293, 9.592567555
9.602446684, 9.602569605
9.612445997, 9.612513983
9.622450361, 9.622575355
9.632445757, 9.632714976
9.642445757, 9.642633014
9.652445798, 9.652590148
9.662450154, 9.662593348
9.672445759, 9.672555737
9.682450614, 9.682600970
9.692448741, 9.692705921
9.702445759, 9.702658322
9.712445830, 9.712654889
9.722446922, 9.722545291
9.732445839, 9.732773239
9.742445757, 9.742567928
9.752445804, 9.752708251
9.762449460, 9.762573891
9.772445798, 9.772738145
9.782445855, 9.782597796
9.792446581, 9.792774139
9.802445863, 9.802645485
9.812445823, 9.812608760
9.822446802, 9.822594572
9.832448536, 9.832779697
9.842445759, 9.842863541
9.852458734, 9.853003366
9.862445806, 9.862636782
9.872446733, 9.872601303
9.882452655, 9.882630981
9.892460082, 9.892814837
9.902445736, 9.902898140
9.912445754, 9.913016274
9.922445751, 9.922644712
9.932445748, 9.932682489
9.942445770, 9.942660321
9.952445803, 9.952626395
9.962445842, 9.962631526
9.972445923, 9.972761424
9.982445751, 9.982510939
9.992445730, 9.992554041
10.002445724, 10.002548530
10.012445730, 10.012569242
10.022445730, 10.022573323
10.032445724, 10.032569932
10.042445730, 10.042568938
10.052445724, 10.052572867
10.062445732, 10.062571236
10.072445721, 10.072571106
10.082445729, 10.082574829
10.092445722, 10.092574899
10.102445725, 10.102618367
10.112445760, 10.112586297
10.122445737, 10.122587015
10.132445721, 10.132579604
10.142445738, 10.142577468
10.152445732, 10.152578897
10.162445729, 10.162584029
10.172445722, 10.172577302
10.182445721, 10.182566597
10.192445730, 10.192573220
10.202445733, 10.202573454
10.212445733, 10.212572680
10.222445725, 10.222566394
10.232445736, 10.232571008
10.242445735, 10.242575071
10.252445730, 10.252573985
10.262445738, 10.262574278
10.272445727, 10.272571730
10.282445730, 10.282574678
10.292445725, 10.292576017
10.302445720, 10.302571056
10.312445724, 10.312573108
10.322445741, 10.322577179
10.332445724, 10.332572919
10.342445735, 10.342571681
10.352445730, 10.352574867
10.362445721, 10.362571979
10.372445725, 10.372574959
10.382445724, 10.382571184
10.392445721, 10.392573561
10.402445730, 10.402574540
10.412445719, 10.412571054
10.422445728, 10.422571675
10.432445719, 10.432570885
10.442445736, 10.442567872
10.452445731, 10.452570841
10.462445735, 10.462580627
10.472445721, 10.472571072
10.482445733, 10.482576415
10.492445736, 10.492571986
10.502445732, 10.502571217
10.512445729, 10.512575436
10.522445729, 10.522574909
10.532445730, 10.532576248
10.542445738, 10.542573306
10.552445726, 10.552573168
10.562445724, 10.562576549
10.572445727, 10.572572175
10.582445731, 10.582569779
10.592445729, 10.592573015
10.602445732, 10.602574111
10.612445739, 10.612575636
10.622445736, 10.622572466
10.632445738, 10.632574738
10.642445735, 10.642573644
10.652445729, 10.652572873
10.662445729, 10.662571420
10.672445722, 10.672573918
10.682445725, 10.682571921
10.692445720, 10.692573979
10.702445733, 10.702572723
10.712445727, 10.712573940
10.722445728, 10.722572260
10.732445721, 10.732573197
10.742445729, 10.742572011
10.752445735, 10.752573724
10.762445729, 10.762577648
10.772445729, 10.772575959
10.782445734, 10.782569969
10.792445718, 10.792572265
10.802445722, 10.802574157
10.812445720, 10.812574054
10.822445723, 10.822575540
10.832445724, 10.832573235
10.842445729, 10.842574281
10.852445729, 10.852574539
10.862445719, 10.862572311
10.872445727, 10.872571378
10.882445727, 10.882575098
10.892445721, 10.892575101
10.902445722, 10.902569824
10.912445730, 10.912575309
10.922445732, 10.922580007
10.932445722, 10.932573160
10.942445730, 10.942575877
10.952445735, 10.952573644
10.962445729, 10.962579294
10.972445724, 10.972568042
10.982445740, 10.982571076
10.992445730, 10.992571664
11.002445732, 11.002572528
11.012445728, 11.012575178
11.022445733, 11.022575311
11.032445733, 11.032576876
11.042445729, 11.042613196
11.052445754, 11.052581357
11.062445733, 11.062570977
11.072445722, 11.072577870
11.082445722, 11.082575720
11.092445724, 11.092576337
11.102445718, 11.102574493
11.112445729, 11.112569589
11.122445727, 11.122572368
11.132445724, 11.132572890
11.142445722, 11.142574844
11.152445724, 11.152572219
11.162445740, 11.162578300
11.172445732, 11.172576580
11.182445732, 11.182573775
11.192445725, 11.192572105
11.202445718, 11.202574232
11.212445721, 11.212575038
11.222445729, 11.222571296
11.232445721, 11.232571718
11.242445735, 11.242579043
11.252445730, 11.252576591
11.262445727, 11.262570603
11.272445732, 11.272571222
11.282445725, 11.282573364
11.292445735, 11.292571853
11.302445727, 11.302577311
11.312445721, 11.312572545
11.322445719, 11.322579747
11.332445727, 11.332571025
11.342445728, 11.342577610
11.352445724, 11.352576127
11.362445725, 11.362581272
11.372445722, 11.372569657
11.382445716, 11.382573228
11.392445714, 11.392614656
11.402445735, 11.402610160
11.412445727, 11.412621334
11.422445722, 11.422613378
11.432445725, 11.432611297
11.442445714, 11.442615206
11.452445741, 11.452620527
11.462445741, 11.462616309
11.472445732, 11.472612483
11.482445727, 11.482613342
11.492445721, 11.492617560
11.502445722, 11.502614915
11.512445718, 11.512615031
11.522445736, 11.522618014
11.532445729, 11.532614076
11.542445729, 11.542616208
11.552445733, 11.552617772
11.562445727, 11.562614373
11.572445729, 11.572618104
11.582445721, 11.582612449
11.592445732, 11.592613485
11.602445736, 11.602621205
11.612445721, 11.612616085
11.622445725, 11.622614192
11.632445727, 11.632615323
11.642445736, 11.642611117
11.652445727, 11.652617761
11.662445719, 11.662612405
11.672445719, 11.672615491
11.682445735, 11.682617255
11.692445727, 11.692614339
11.702445732, 11.702614896
11.712445735, 11.712614512
11.722445727, 11.722616056
11.732445730, 11.732615650
11.742445719, 11.742612412
11.752445716, 11.752613558
11.762445735, 11.762619468
11.772445736, 11.772614131
11.782445722, 11.782612153
11.792445724, 11.792615054
11.802445727, 11.802612243
11.812445724, 11.812619665
11.822445741, 11.822612071
11.832445736, 11.832613587
11.842445724, 11.842620734
11.852445732, 11.852610465
11.862445730, 11.862613377
11.872445719, 11.872614598
11.882445738, 11.882613197
11.892445733, 11.892615631
11.902445729, 11.902620130
11.912445730, 11.912611891
11.922445725, 11.922620120
11.932445725, 11.932618109
11.942445729, 11.942610571
11.952445727, 11.952618663
11.962445719, 11.962611999
11.972445719, 11.972615787
11.982445729, 11.982613499
11.992445718, 11.992616287
12.002445730, 12.002616494
12.012445729, 12.012615223
12.022445727, 12.022613102
12.032445724, 12.032609411
12.042445725, 12.042613115
12.052445724, 12.052617999
------------------------------
