------------------------------
test was performed using the following parameters: --mps=100 --burst=1 --reply-every=1 --msg-size=12 --time=10
------------------------------
sockperf: [Total Run] RunTime=10.100 sec; SentMessages=1011; ReceivedMessages=1010
sockperf: ========= Printing statistics for Server No: 0
sockperf: [Valid Duration] RunTime=9.990 sec; SentMessages=1000; ReceivedMessages=1000
sockperf: [2;35m====> avg-lat= 74.915 (std-dev=19.694)[0m
sockperf: # dropped messages = 0; # duplicated messages = 0; # out-of-order messages = 0
sockperf: [2;35mTotal 1000 observations[0m; each percentile contains 10.00 observations
sockperf: ---> <MAX> observation =  163.541
sockperf: ---> percentile  99.99 =  163.541
sockperf: ---> percentile  99.90 =  158.815
sockperf: ---> percentile  99.50 =  144.555
sockperf: ---> percentile  99.00 =  137.623
sockperf: ---> percentile  95.00 =  103.172
sockperf: ---> percentile  90.00 =   93.801
sockperf: ---> percentile  75.00 =   87.911
sockperf: ---> percentile  50.00 =   75.151
sockperf: ---> percentile  25.00 =   61.005
sockperf: ---> <MIN> observation =   30.521
------------------------------
txTime, rxTime
2.062944868, 2.063072758
2.072944840, 2.073047606
2.082944864, 2.083083852
2.092944838, 2.093101362
2.102944846, 2.103081805
2.112944846, 2.113075630
2.122944843, 2.123062672
2.132944838, 2.133093140
2.142944846, 2.143092240
2.152944880, 2.153056912
2.162944846, 2.163057470
2.172944843, 2.173047879
2.182944895, 2.183076897
2.192944846, 2.193063514
2.202944840, 2.203087242
2.212944842, 2.213081670
2.222944845, 2.223082523
2.232944877, 2.233088146
2.242944841, 2.243079331
2.252944842, 2.253113386
2.262944851, 2.263099156
2.272944848, 2.273110418
2.282944843, 2.283104941
2.292944847, 2.293066431
2.302944842, 2.303092365
2.312944851, 2.313089610
2.322944848, 2.323088885
2.332944848, 2.333090635
2.342944856, 2.343082473
2.352944843, 2.353055567
2.362944845, 2.363088885
2.372944845, 2.373042974
2.382944848, 2.383081439
2.392944840, 2.393086095
2.402944846, 2.403127156
2.412944851, 2.413075723
2.422944853, 2.423116421
2.432944842, 2.433082966
2.442944846, 2.443120746
2.452944846, 2.453074004
2.462944845, 2.463073129
2.472944849, 2.473070488
2.482944851, 2.483111492
2.492944845, 2.493076286
2.502944845, 2.503062696
2.512944859, 2.513074640
2.522944845, 2.523062121
2.532944848, 2.533066048
2.542944846, 2.543059754
2.552944846, 2.553091205
2.562945920, 2.563138190
2.572944842, 2.573142824
2.582944840, 2.583104363
2.592944842, 2.593058545
2.602944856, 2.603091130
2.612944840, 2.613035678
2.622944846, 2.623069894
2.632944842, 2.633067886
2.642944843, 2.643085582
2.652944846, 2.653100059
2.662944846, 2.663086304
2.672944843, 2.673105898
2.682944849, 2.683037891
2.692944846, 2.693100474
2.702944853, 2.703083983
2.712944846, 2.713061711
2.722944859, 2.723091620
2.732944846, 2.733071078
2.742944849, 2.743115026
2.752944843, 2.753072640
2.762944843, 2.763115525
2.772944849, 2.773097793
2.782944879, 2.783062285
2.792944845, 2.793082677
2.802944849, 2.803080054
2.812944845, 2.813113758
2.822944856, 2.823117137
2.832944879, 2.833088067
2.842944892, 2.843067579
2.852944856, 2.853091023
2.862944840, 2.863093532
2.872944842, 2.873053581
2.882946030, 2.883115967
2.892944891, 2.893074200
2.902944846, 2.903107887
2.912944837, 2.913080391
2.922944842, 2.923041962
2.932944842, 2.933056143
2.942944843, 2.943048078
2.952944857, 2.953064755
2.962944857, 2.963040844
2.972944851, 2.973042622
2.982944843, 2.983054705
2.992944842, 2.993026051
3.002944867, 3.003077029
3.012944884, 3.013047474
3.022944840, 3.023033792
3.032944857, 3.033033387
3.042944845, 3.043016019
3.052944840, 3.053032668
3.062944845, 3.063067163
3.072944846, 3.073043692
3.082944848, 3.083039237
3.092944856, 3.093049627
3.102944848, 3.103037637
3.112944845, 3.113006207
3.122944848, 3.123049057
3.132944838, 3.133026133
3.142944846, 3.143023345
3.152944842, 3.153102276
3.162944849, 3.163110311
3.172944849, 3.173066638
3.182944851, 3.183100924
3.192945009, 3.193121569
3.202944842, 3.203066853
3.212944849, 3.213075100
3.222944851, 3.223079473
3.232944849, 3.233049888
3.242944843, 3.243066822
3.252944859, 3.253118442
3.262944842, 3.263132059
3.272944837, 3.273059551
3.282944845, 3.283135994
3.292944837, 3.293101687
3.302944845, 3.303146182
3.312944846, 3.313137350
3.322944859, 3.323068759
3.332944861, 3.333088145
3.342944849, 3.343064303
3.352944838, 3.353095288
3.362944843, 3.363069908
3.372944843, 3.373061175
3.382944848, 3.383087914
3.392944845, 3.393076586
3.402944845, 3.403071359
3.412944849, 3.413089361
3.422944894, 3.423067614
3.432944887, 3.433063027
3.442944843, 3.443076161
3.452944853, 3.453086888
3.462944843, 3.463107114
3.472944843, 3.473061509
3.482944873, 3.483051274
3.492944862, 3.493070617
3.502944840, 3.503074465
3.512944845, 3.513070297
3.522944843, 3.523083828
3.532944840, 3.533074822
3.542944908, 3.543118411
3.552944845, 3.553098837
3.562944840, 3.563045565
3.572944848, 3.573112938
3.582944849, 3.583064436
3.592944840, 3.593093448
3.602944835, 3.603097828
3.612944845, 3.613053256
3.622944878, 3.623059426
3.632944849, 3.633064006
3.642944849, 3.643062334
3.652944848, 3.653067406
3.662946537, 3.663074201
3.672944845, 3.673056153
3.682944851, 3.683042917
3.692944848, 3.693130807
3.702944845, 3.703087224
3.712944848, 3.713052521
3.722944849, 3.723075817
3.732944843, 3.733073434
3.742944845, 3.743072733
3.752944854, 3.753053486
3.762944843, 3.763102829
3.772944840, 3.773053093
3.782944843, 3.783077610
3.792944848, 3.793088945
3.802944851, 3.803090475
3.812944853, 3.813097321
3.822944856, 3.823103241
3.832944873, 3.833087357
3.842944857, 3.843062478
3.852944859, 3.853086822
3.862944846, 3.863066097
3.872944851, 3.873098941
3.882944848, 3.883112902
3.892944845, 3.893064493
3.902944848, 3.903071590
3.912944846, 3.913082589
3.922944851, 3.923068023
3.932944864, 3.933093308
3.942944969, 3.943079347
3.952944859, 3.953029329
3.962944846, 3.963025353
3.972944859, 3.973038355
3.982944843, 3.983041984
3.992944845, 3.993005887
4.002944842, 4.003066732
4.012944846, 4.013014770
4.022944848, 4.023030755
4.032944846, 4.033009580
4.042944848, 4.043053181
4.052944854, 4.053019426
4.062944845, 4.063015109
4.072944848, 4.073051558
4.082944846, 4.083013802
4.092944848, 4.093055698
4.102944853, 4.103027561
4.112944854, 4.113025004
4.122944846, 4.123063277
4.132944845, 4.133044021
4.142944840, 4.143055900
4.152944845, 4.153050527
4.162944845, 4.163040493
4.172944838, 4.173050049
4.182944842, 4.183070219
4.192944846, 4.193035855
4.202944851, 4.203018483
4.212944857, 4.213044624
4.222944846, 4.223033879
4.232944854, 4.233049068
4.242944889, 4.243015954
4.252944845, 4.253028418
4.262944848, 4.263048058
4.272944914, 4.273050069
4.282944861, 4.283042377
4.292944842, 4.293057198
4.302944846, 4.303042284
4.312944851, 4.313033753
4.322944846, 4.323036312
4.332944843, 4.333016137
4.342944846, 4.343043759
4.352944849, 4.353077850
4.362944848, 4.363025386
4.372944842, 4.373018564
4.382944843, 4.383059874
4.392944845, 4.393053734
4.402944842, 4.403030631
4.412944842, 4.413039674
4.422944851, 4.423015232
4.432944846, 4.433039636
4.442944845, 4.443015809
4.452945424, 4.453026275
4.462944857, 4.463035160
4.472944853, 4.473015329
4.482944849, 4.483026308
4.492944843, 4.493032619
4.502944854, 4.503028476
4.512944848, 4.513045797
4.522944851, 4.523042735
4.532944854, 4.533046758
4.542944889, 4.543059312
4.552944846, 4.553073129
4.562944842, 4.563056775
4.572944845, 4.573067395
4.582944849, 4.583086326
4.592944843, 4.593074925
4.602944846, 4.603059216
4.612944845, 4.613085281
4.622944848, 4.623063954
4.632944840, 4.633047516
4.642944853, 4.643088587
4.652944891, 4.653090778
4.662944849, 4.663091964
4.672944857, 4.673080697
4.682944845, 4.683072533
4.692944861, 4.693084987
4.702944843, 4.703036001
4.712944851, 4.713042102
4.722944849, 4.723145472
4.732944846, 4.733080304
4.742944848, 4.743071015
4.752944845, 4.753061406
4.762944864, 4.763090996
4.772944843, 4.773156290
4.782944843, 4.783059998
4.792944848, 4.793097178
4.802944843, 4.803112097
4.812944851, 4.813063533
4.822944861, 4.823067949
4.832944851, 4.833097391
4.842944845, 4.843077677
4.852944842, 4.853103785
4.862944837, 4.863142448
4.872944848, 4.873073890
4.882944883, 4.883067764
4.892944851, 4.893054823
4.902944845, 4.903123050
4.912945132, 4.913042030
4.922944941, 4.923065808
4.932944845, 4.933106026
4.942944849, 4.943079009
4.952944894, 4.953050223
4.962944857, 4.963077891
4.972944842, 4.973040817
4.982944840, 4.983066831
4.992944843, 4.993013946
5.002944857, 5.003069694
5.012944842, 5.013024515
5.022944848, 5.023021674
5.032944843, 5.033026400
5.042944849, 5.043072449
5.052944848, 5.053022577
5.062944881, 5.063022887
5.072944849, 5.073033472
5.082944843, 5.083086473
5.092944845, 5.093059135
5.102944865, 5.103067884
5.112944845, 5.113045778
5.122944840, 5.123091639
5.132944849, 5.133051238
5.142944838, 5.143029509
5.152944835, 5.153066255
5.162944842, 5.163061150
5.172944843, 5.173079761
5.182944840, 5.183052070
5.192944846, 5.193053972
5.202944846, 5.203084668
5.212944849, 5.213041297
5.222944849, 5.223060680
5.232944854, 5.233079323
5.242944845, 5.243072141
5.252944840, 5.253082718
5.262944883, 5.263101130
5.272944859, 5.273048295
5.282944843, 5.283097089
5.292944864, 5.293104341
5.302944865, 5.303074748
5.312944842, 5.313035877
5.322944842, 5.323056158
5.332944845, 5.333057962
5.342944842, 5.343059229
5.352944851, 5.353121760
5.362944846, 5.363083790
5.372944845, 5.373112244
5.382944845, 5.383051792
5.392944845, 5.393056415
5.402944846, 5.403097860
5.412944842, 5.413059484
5.422944842, 5.423081883
5.432944851, 5.433101823
5.442944842, 5.443132844
5.452944845, 5.453086190
5.462944843, 5.463064629
5.472944883, 5.473090169
5.482944856, 5.483075232
5.492944848, 5.493092611
5.502944846, 5.503076706
5.512944842, 5.513055782
5.522944834, 5.523016260
5.532944849, 5.533065453
5.542944842, 5.543068884
5.552944845, 5.553096120
5.562944848, 5.563099289
5.572944854, 5.573075531
5.582944849, 5.583061858
5.592944849, 5.593102145
5.602944843, 5.603044534
5.612944842, 5.613076821
5.622944884, 5.623044223
5.632944854, 5.633063187
5.642944835, 5.643103354
5.652944843, 5.653079393
5.662944845, 5.663075422
5.672944837, 5.673132670
5.682944872, 5.683099647
5.692944883, 5.693079541
5.702944848, 5.703027232
5.712944846, 5.713133185
5.722944891, 5.723055272
5.732944846, 5.733051824
5.742944895, 5.743095136
5.752944835, 5.753075665
5.762944845, 5.763080465
5.772944838, 5.773077700
5.782944851, 5.783055619
5.792944848, 5.793054626
5.802944838, 5.803088549
5.812944879, 5.813068238
5.822944846, 5.823092018
5.832944846, 5.833076691
5.842944845, 5.843081430
5.852944849, 5.853085530
5.862944843, 5.863127914
5.872944856, 5.873084968
5.882944840, 5.883071424
5.892944845, 5.893043897
5.902944849, 5.903085289
5.912944848, 5.913079652
5.922944894, 5.923096794
5.932944846, 5.933107420
5.942944848, 5.943094561
5.952944851, 5.953046130
5.962944854, 5.963057100
5.972944845, 5.973075038
5.982944861, 5.983095422
5.992944853, 5.993061682
6.002944849, 6.003087464
6.012944846, 6.013075722
6.022944845, 6.023059527
6.032944849, 6.033061224
6.042944846, 6.043081319
6.052944879, 6.053095182
6.062944843, 6.063053477
6.072944838, 6.073066454
6.082944848, 6.083110586
6.092944848, 6.093098681
6.102944840, 6.103069762
6.112944843, 6.113125631
6.122944842, 6.123090248
6.132944840, 6.133082341
6.142944845, 6.143047369
6.152944849, 6.153093440
6.162944857, 6.163023526
6.172944838, 6.173050548
6.182944842, 6.183039230
6.192944842, 6.193088626
6.202944843, 6.203071625
6.212944851, 6.213047976
6.222944838, 6.223117009
6.232944845, 6.233046751
6.242944843, 6.243085893
6.252944849, 6.253058824
6.262944851, 6.263060317
6.272944845, 6.273110167
6.282944843, 6.283113963
6.292944846, 6.293133575
6.302944849, 6.303110603
6.312944843, 6.313123256
6.322944856, 6.323140294
6.332944854, 6.333142791
6.342944845, 6.343198596
6.352944842, 6.353118248
6.362944840, 6.363205085
6.372944846, 6.373107253
6.382944842, 6.383115351
6.392944842, 6.393123838
6.402944840, 6.403110262
6.412944846, 6.413092875
6.422944838, 6.423143015
6.432944846, 6.433109038
6.442944842, 6.443106897
6.452944840, 6.453115670
6.462944840, 6.463138234
6.472944848, 6.473120369
6.482944846, 6.483161592
6.492944859, 6.493094056
6.502944843, 6.503116870
6.512944840, 6.513122442
6.522944848, 6.523105443
6.532944857, 6.533127714
6.542944840, 6.543147797
6.552944849, 6.553090480
6.562944853, 6.563117549
6.572944843, 6.573141061
6.582944840, 6.583128091
6.592944843, 6.593116911
6.602944851, 6.603118474
6.612944842, 6.613093928
6.622944849, 6.623102840
6.632944854, 6.633121899
6.642944862, 6.643107718
6.652944842, 6.653099418
6.662944837, 6.663100599
6.672944891, 6.673135952
6.682944846, 6.683115694
6.692944842, 6.693127229
6.702944842, 6.703093395
6.712946804, 6.713130837
6.722944846, 6.723139702
6.732944883, 6.733101007
6.742944848, 6.743138049
6.752944849, 6.753090309
6.762944842, 6.763140040
6.772944854, 6.773120203
6.782944843, 6.783090794
6.792944843, 6.793132446
6.802944843, 6.803136979
6.812944843, 6.813117121
6.822944842, 6.823136148
6.832944898, 6.833108516
6.842944846, 6.843123370
6.852944842, 6.853148416
6.862944861, 6.863141509
6.872944846, 6.873110090
6.882944840, 6.883143223
6.892944838, 6.893123162
6.902944842, 6.903134091
6.912944843, 6.913112120
6.922944847, 6.923149090
6.932944841, 6.933113303
6.942944849, 6.943106244
6.952944834, 6.953222728
6.962944846, 6.963222362
6.972944865, 6.973214959
6.982944851, 6.983234133
6.992944846, 6.993196466
7.002944861, 7.003224711
7.012944868, 7.013192009
7.022944848, 7.023203830
7.032944870, 7.033213380
7.042944851, 7.043233962
7.052944864, 7.053271947
7.062944854, 7.063194184
7.072944868, 7.073217359
7.082944845, 7.083205161
7.092944868, 7.093198902
7.102944846, 7.103200275
7.112944856, 7.113220104
7.122944855, 7.123262486
7.132944846, 7.133169805
7.142944867, 7.143251209
7.152944859, 7.153169374
7.162944865, 7.163164425
7.172944854, 7.173161043
7.182944862, 7.183134609
7.192944864, 7.193165067
7.202944859, 7.203208556
7.212944862, 7.213175135
7.222944845, 7.223168326
7.232944845, 7.233122027
7.242944842, 7.243108740
7.252944842, 7.253094503
7.262944842, 7.263157920
7.272944840, 7.273100402
7.282944843, 7.283103541
7.292944845, 7.293168635
7.302944848, 7.303236787
7.312944850, 7.313164009
7.322944847, 7.323166715
7.332944867, 7.333169700
7.342944860, 7.343131269
7.352944889, 7.353196531
7.362944873, 7.363191935
7.372944863, 7.373131511
7.382944847, 7.383135050
7.392944838, 7.393116161
7.402944847, 7.403146220
7.412944846, 7.413119468
7.422944860, 7.423127342
7.432944844, 7.433143191
7.442944845, 7.443104574
7.452944840, 7.453114544
7.462944851, 7.463136268
7.472944854, 7.473083602
7.482944845, 7.483093584
7.492944847, 7.493106261
7.502944840, 7.503081985
7.512944840, 7.513090097
7.522944840, 7.523101830
7.532944839, 7.533100076
7.542944844, 7.543118282
7.552944843, 7.553106694
7.562944845, 7.563140647
7.572944843, 7.573140713
7.582944873, 7.583109067
7.592944845, 7.593141885
7.602944868, 7.603126590
7.612944865, 7.613117298
7.622944846, 7.623128067
7.632944859, 7.633131524
7.642944848, 7.643110412
7.652944847, 7.653093269
7.662944836, 7.663088189
7.672944847, 7.673058573
7.682944849, 7.683084294
7.692944846, 7.693036750
7.702944846, 7.703083073
7.712944848, 7.713054640
7.722944872, 7.723032739
7.732944859, 7.733033219
7.742944845, 7.743072021
7.752944846, 7.753032491
7.762944851, 7.763044409
7.772944848, 7.773045184
7.782944845, 7.783039781
7.792944840, 7.793035016
7.802944843, 7.803037691
7.812944843, 7.813033224
7.822944842, 7.823065257
7.832944857, 7.833038692
7.842944838, 7.843092962
7.852944840, 7.853081708
7.862944845, 7.863081933
7.872944843, 7.873046226
7.882944842, 7.883069416
7.892944845, 7.893096732
7.902944849, 7.903100549
7.912944840, 7.913065653
7.922944862, 7.923123028
7.932944840, 7.933032414
7.942944845, 7.943078127
7.952944842, 7.953104006
7.962944842, 7.963046892
7.972944838, 7.973034492
7.982944853, 7.983036394
7.992944838, 7.993032291
8.002944838, 8.003036556
8.012944840, 8.013105895
8.022944846, 8.023088726
8.032944838, 8.033041700
8.042944838, 8.043032547
8.052944845, 8.053041798
8.062944875, 8.063041965
8.072944845, 8.073088746
8.082944851, 8.083118253
8.092944843, 8.093109136
8.102944856, 8.103078436
8.112944845, 8.113128538
8.122944842, 8.123068945
8.132944843, 8.133079937
8.142944842, 8.143067632
8.152944842, 8.153099394
8.162944846, 8.163077075
8.172944838, 8.173141524
8.182944845, 8.183131415
8.192944840, 8.193107253
8.202944846, 8.203119996
8.212944838, 8.213074545
8.222944846, 8.223151191
8.232944840, 8.233086032
8.242944843, 8.243119186
8.252944838, 8.253055592
8.262944842, 8.263100072
8.272944857, 8.273076734
8.282944851, 8.283062191
8.292944854, 8.293123409
8.302944857, 8.303073695
8.312944846, 8.313063260
8.322944845, 8.323121445
8.332944845, 8.333090810
8.342944851, 8.343104611
8.352944848, 8.353083373
8.362944846, 8.363075583
8.372944846, 8.373116574
8.382944840, 8.383089406
8.392944844, 8.393056081
8.402944842, 8.403097522
8.412944842, 8.413066373
8.422944846, 8.423140279
8.432944842, 8.433069072
8.442944846, 8.443111046
8.452944846, 8.453090068
8.462944840, 8.463117582
8.472944842, 8.473061726
8.482944845, 8.483107028
8.492944884, 8.493086438
8.502944842, 8.503103740
8.512944848, 8.513078916
8.522944848, 8.523069488
8.532944861, 8.533085086
8.542944846, 8.543104864
8.552944843, 8.553071544
8.562944837, 8.563098258
8.572944845, 8.573167121
8.582944845, 8.583075667
8.592944845, 8.593077505
8.602944848, 8.603107981
8.612944843, 8.613071459
8.622944843, 8.623081463
8.632944846, 8.633072304
8.642944863, 8.643082755
8.652944836, 8.653099782
8.662944839, 8.663121768
8.672944847, 8.673141331
8.682944844, 8.683061303
8.692944842, 8.693045613
8.702944838, 8.703121715
8.712944842, 8.713071135
8.722944840, 8.723088017
8.732944846, 8.733126141
8.742944845, 8.743076129
8.752944846, 8.753078038
8.762944842, 8.763102707
8.772944839, 8.773066368
8.782944837, 8.783076630
8.792944840, 8.793079337
8.802944843, 8.803079074
8.812944847, 8.813111198
8.822944843, 8.823071806
8.832944840, 8.833079916
8.842944839, 8.843128494
8.852944842, 8.853095197
8.862944842, 8.863118452
8.872944839, 8.873109413
8.882944836, 8.883119385
8.892944836, 8.893091706
8.902944840, 8.903092127
8.912944845, 8.913129643
8.922944838, 8.923113373
8.932944849, 8.933075607
8.942944845, 8.943104719
8.952944842, 8.953078461
8.962944845, 8.963109285
8.972944846, 8.973132563
8.982944868, 8.983073780
8.992944838, 8.993103734
9.002944842, 9.003064488
9.012944842, 9.013066021
9.022944861, 9.023088801
9.032944844, 9.033055922
9.042944842, 9.043086674
9.052944844, 9.053127631
9.062944838, 9.063071409
9.072944846, 9.073121164
9.082944836, 9.083077326
9.092944847, 9.093105473
9.102944863, 9.103126209
9.112944844, 9.113086872
9.122944846, 9.123085571
9.132944844, 9.133131185
9.142944847, 9.143055237
9.152944843, 9.153070555
9.162944838, 9.163063280
9.172944843, 9.173136169
9.182944842, 9.183103847
9.192944840, 9.193083588
9.202944843, 9.203070189
9.212944851, 9.213052239
9.222944844, 9.223118680
9.232944841, 9.233076984
9.242944836, 9.243120153
9.252944844, 9.253123432
9.262944836, 9.263128785
9.272944851, 9.273074240
9.282944839, 9.283110635
9.292944848, 9.293118266
9.302944840, 9.303118501
9.312944848, 9.313099323
9.322944836, 9.323082492
9.332944843, 9.333075131
9.342944848, 9.343110766
9.352944838, 9.353096130
9.362944844, 9.363115851
9.372944843, 9.373050853
9.382944845, 9.383082536
9.392944883, 9.393090170
9.402944848, 9.403093051
9.412944844, 9.413110262
9.422944844, 9.423078251
9.432944836, 9.433057305
9.442944847, 9.443084020
9.452944843, 9.453048937
9.462944846, 9.463051495
9.472944845, 9.473085724
9.482944842, 9.483090096
9.492944842, 9.493083942
9.502944845, 9.503085934
9.512944846, 9.513053532
9.522944843, 9.523055519
9.532944843, 9.533121965
9.542944835, 9.543079352
9.552944838, 9.553065721
9.562944861, 9.563076219
9.572944846, 9.573095820
9.582944845, 9.583087212
9.592944846, 9.593042650
9.602944846, 9.603033559
9.612944835, 9.613029954
9.622944843, 9.623031847
9.632944838, 9.633029005
9.642944862, 9.643059274
9.652944843, 9.653088479
9.662944843, 9.663107139
9.672944848, 9.673087240
9.682944868, 9.683063957
9.692944837, 9.693064490
9.702944843, 9.703088484
9.712944840, 9.713041742
9.722944842, 9.723051345
9.732944840, 9.733055408
9.742944848, 9.743097312
9.752944846, 9.753096783
9.762944867, 9.763121348
9.772944837, 9.773125720
9.782944839, 9.783141626
9.792944842, 9.793176391
9.802944850, 9.803141953
9.812944849, 9.813070125
9.822944853, 9.823129205
9.832944840, 9.833086513
9.842944846, 9.843137977
9.852944863, 9.853157392
9.862944842, 9.863112042
9.872944846, 9.873108108
9.882944843, 9.883129115
9.892944838, 9.893129175
9.902944845, 9.903102276
9.912944846, 9.913100751
9.922944851, 9.923100402
9.932944851, 9.933100384
9.942944849, 9.943083231
9.952944849, 9.953099849
9.962944848, 9.963101941
9.972944857, 9.973106798
9.982944837, 9.983102455
9.992944846, 9.993105080
10.002944846, 10.003103312
10.012944848, 10.013106279
10.022944842, 10.023106562
10.032944835, 10.033101169
10.042944840, 10.043101961
10.052944879, 10.053104464
10.062944842, 10.063105108
10.072944849, 10.073101713
10.082944843, 10.083106035
10.092944846, 10.093105925
10.102944867, 10.103099747
10.112944845, 10.113098680
10.122944840, 10.123107082
10.132944842, 10.133111247
10.142944840, 10.143091800
10.152944843, 10.153099468
10.162944843, 10.163109085
10.172944837, 10.173099680
10.182944842, 10.183103633
10.192944848, 10.193103625
10.202944840, 10.203104074
10.212944838, 10.213107182
10.222944840, 10.223105656
10.232944865, 10.233106215
10.242944842, 10.243098569
10.252944845, 10.253101023
10.262944851, 10.263101563
10.272944837, 10.273095923
10.282944846, 10.283097658
10.292944843, 10.293102745
10.302944837, 10.303104739
10.312944843, 10.313102092
10.322944849, 10.323101394
10.332944842, 10.333132170
10.342944865, 10.343124785
10.352944842, 10.353125290
10.362944837, 10.363118521
10.372944838, 10.373127242
10.382944846, 10.383100195
10.392944845, 10.393128491
10.402944846, 10.403133268
10.412944842, 10.413129298
10.422944865, 10.423129403
10.432944845, 10.433123360
10.442944837, 10.443115453
10.452944845, 10.453120632
10.462944845, 10.463103068
10.472944846, 10.473119784
10.482944849, 10.483120952
10.492944843, 10.493119284
10.502944840, 10.503122664
10.512944853, 10.513121790
10.522944842, 10.523121812
10.532944838, 10.533119426
10.542944842, 10.543125613
10.552944842, 10.553127590
10.562944843, 10.563123897
10.572944845, 10.573115618
10.582944846, 10.583136331
10.592944845, 10.593129104
10.602944838, 10.603171525
10.612944837, 10.613124221
10.622944845, 10.623115891
10.632944838, 10.633120121
10.642944848, 10.643125031
10.652944842, 10.653120665
10.662944843, 10.663126144
10.672944848, 10.673124666
10.682944846, 10.683125131
10.692944898, 10.693183097
10.702944872, 10.703173150
10.712944855, 10.713232263
10.722944864, 10.723139495
10.732944837, 10.733184706
10.742944868, 10.743124615
10.752944838, 10.753192300
10.762944849, 10.763124270
10.772944838, 10.773187385
10.782944862, 10.783128086
10.792944838, 10.793190419
10.802944861, 10.803134988
10.812944845, 10.813126525
10.822944843, 10.823129057
10.832944842, 10.833125143
10.842944838, 10.843133330
10.852944838, 10.853125604
10.862944849, 10.863131604
10.872944840, 10.873127284
10.882944865, 10.883118168
10.892944862, 10.893125127
10.902944840, 10.903125913
10.912944845, 10.913122615
10.922944845, 10.923117636
10.932944842, 10.933118632
10.942944849, 10.943117516
10.952944838, 10.953118185
10.962944840, 10.963117685
10.972944840, 10.973116803
10.982944845, 10.983116180
10.992944853, 10.993121877
11.002944845, 11.003122492
11.012944845, 11.013128120
11.022944837, 11.023124905
11.032944848, 11.033118128
11.042944872, 11.043125177
11.052944845, 11.053117435
11.062944837, 11.063123214
11.072944837, 11.073128174
11.082944843, 11.083130238
11.092944842, 11.093127563
11.102944845, 11.103123128
11.112944843, 11.113116996
11.122944873, 11.123119420
11.132944837, 11.133123399
11.142944842, 11.143117332
11.152944849, 11.153122622
11.162944842, 11.163120376
11.172944837, 11.173118076
11.182944842, 11.183116595
11.192944837, 11.193115136
11.202944845, 11.203125170
11.212944843, 11.213117523
11.222944840, 11.223123312
11.232944843, 11.233120602
11.242944843, 11.243124522
11.252944843, 11.253118884
11.262944849, 11.263122192
11.272944835, 11.273121928
11.282944840, 11.283123785
11.292944838, 11.293121053
11.302944843, 11.303121573
11.312944840, 11.313123895
11.322944859, 11.323120435
11.332944840, 11.333120372
11.342944842, 11.343119969
11.352944845, 11.353122259
11.362944851, 11.363119445
11.372944840, 11.373120841
11.382944872, 11.383117625
11.392944854, 11.393125044
11.402944838, 11.403127735
11.412944849, 11.413123350
11.422944851, 11.423122488
11.432944846, 11.433117715
11.442944851, 11.443117824
11.452944843, 11.453121644
11.462944837, 11.463123222
11.472944837, 11.473121840
11.482944843, 11.483124998
11.492944846, 11.493124278
11.502944853, 11.503126640
11.512944842, 11.513116955
11.522944845, 11.523126372
11.532944837, 11.533121239
11.542944838, 11.543121507
11.552944845, 11.553123043
11.562944840, 11.563125776
11.572944845, 11.573121501
11.582944835, 11.583125532
11.592944838, 11.593116234
11.602944843, 11.603118671
11.612944838, 11.613118351
11.622944837, 11.623123112
11.632944842, 11.633116481
11.642944851, 11.643125950
11.652944845, 11.653122806
11.662944870, 11.663116827
11.672944851, 11.673119034
11.682944837, 11.683124995
11.692944838, 11.693121515
11.702944838, 11.703118453
11.712944838, 11.713120744
11.722944837, 11.723117544
11.732944840, 11.733116605
11.742944842, 11.743123151
11.752944843, 11.753120624
11.762944851, 11.763119161
11.772944840, 11.773120635
11.782944840, 11.783117291
11.792944842, 11.793122990
11.802944838, 11.803126999
11.812944842, 11.813121676
11.822944845, 11.823127289
11.832944842, 11.833123674
11.842944845, 11.843124428
11.852944840, 11.853123441
11.862944870, 11.863124963
11.872944837, 11.873116475
11.882944846, 11.883125364
11.892944846, 11.893122205
11.902944853, 11.903122252
11.912944840, 11.913123451
11.922944840, 11.923125656
11.932944837, 11.933113549
11.942944846, 11.943123463
11.952944842, 11.953123446
11.962944845, 11.963119655
11.972944840, 11.973123952
11.982944849, 11.983117784
11.992944868, 11.993121609
12.002944846, 12.003129231
12.012944840, 12.013116676
12.022944842, 12.023115938
12.032944843, 12.033122758
12.042944845, 12.043126748
12.052944849, 12.053123016
------------------------------
