------------------------------
test was performed using the following parameters: --mps=100 --burst=1 --reply-every=1 --msg-size=12 --time=10
------------------------------
sockperf: [Total Run] RunTime=10.100 sec; SentMessages=1011; ReceivedMessages=1010
sockperf: ========= Printing statistics for Server No: 0
sockperf: [Valid Duration] RunTime=9.990 sec; SentMessages=1000; ReceivedMessages=1000
sockperf: [2;35m====> avg-lat= 87.772 (std-dev=22.936)[0m
sockperf: # dropped messages = 0; # duplicated messages = 0; # out-of-order messages = 0
sockperf: [2;35mTotal 1000 observations[0m; each percentile contains 10.00 observations
sockperf: ---> <MAX> observation =  167.837
sockperf: ---> percentile  99.99 =  167.837
sockperf: ---> percentile  99.90 =  166.963
sockperf: ---> percentile  99.50 =  158.658
sockperf: ---> percentile  99.00 =  153.767
sockperf: ---> percentile  95.00 =  135.064
sockperf: ---> percentile  90.00 =  120.622
sockperf: ---> percentile  75.00 =   97.135
sockperf: ---> percentile  50.00 =   86.218
sockperf: ---> percentile  25.00 =   72.262
sockperf: ---> <MIN> observation =   35.327
------------------------------
txTime, rxTime
2.062367727, 2.062544765
2.072367728, 2.072540425
2.082367743, 2.082651035
2.092367725, 2.092522316
2.102367728, 2.102514807
2.112367743, 2.112662055
2.122367737, 2.122532756
2.132367726, 2.132519301
2.142367730, 2.142604973
2.152367745, 2.152531569
2.162367732, 2.162570143
2.172367755, 2.172500299
2.182367743, 2.182606794
2.192367737, 2.192572595
2.202367733, 2.202671491
2.212367739, 2.212538163
2.222367741, 2.222480208
2.232367729, 2.232604054
2.242367737, 2.242539118
2.252367736, 2.252689423
2.262367730, 2.262664665
2.272367732, 2.272578735
2.282367726, 2.282468120
2.292367728, 2.292667624
2.302367735, 2.302674387
2.312367731, 2.312600574
2.322367735, 2.322604367
2.332367737, 2.332653271
2.342367746, 2.342585190
2.352367731, 2.352675266
2.362367738, 2.362546323
2.372367750, 2.372612065
2.382367748, 2.382606272
2.392367745, 2.392632952
2.402367733, 2.402624779
2.412367794, 2.412641699
2.422367730, 2.422569873
2.432367770, 2.432610643
2.442367733, 2.442543809
2.452367731, 2.452594566
2.462367732, 2.462588774
2.472367737, 2.472570641
2.482367727, 2.482559283
2.492367734, 2.492545082
2.502367721, 2.502634115
2.512367725, 2.512599687
2.522367731, 2.522537262
2.532367733, 2.532586746
2.542367746, 2.542594676
2.552367742, 2.552597425
2.562367730, 2.562524141
2.572367736, 2.572644335
2.582367735, 2.582496427
2.592367745, 2.592580645
2.602367741, 2.602638672
2.612367733, 2.612643158
2.622367738, 2.622648731
2.632367736, 2.632670381
2.642367738, 2.642555845
2.652367757, 2.652565495
2.662367726, 2.662536318
2.672367742, 2.672498111
2.682367721, 2.682554682
2.692367726, 2.692567668
2.702367744, 2.702678184
2.712367739, 2.712670851
2.722367757, 2.722596468
2.732367744, 2.732564625
2.742367730, 2.742598970
2.752367731, 2.752514507
2.762367729, 2.762595507
2.772367731, 2.772557231
2.782367722, 2.782538770
2.792367739, 2.792573907
2.802367727, 2.802505787
2.812367737, 2.812563282
2.822367741, 2.822606696
2.832367728, 2.832623579
2.842367729, 2.842636688
2.852367737, 2.852634733
2.862367754, 2.862552459
2.872367723, 2.872565284
2.882367752, 2.882587387
2.892367745, 2.892620449
2.902367729, 2.902526817
2.912367807, 2.912614077
2.922367732, 2.922542091
2.932367734, 2.932484400
2.942367732, 2.942505904
2.952367728, 2.952561866
2.962367724, 2.962498740
2.972367728, 2.972498256
2.982367732, 2.982470141
2.992367737, 2.992489799
3.002367740, 3.002504527
3.012367747, 3.012501868
3.022367724, 3.022562347
3.032367737, 3.032485397
3.042367742, 3.042489012
3.052367726, 3.052532264
3.062367727, 3.062473260
3.072367733, 3.072456472
3.082367730, 3.082522456
3.092367729, 3.092538189
3.102367733, 3.102476442
3.112367728, 3.112467476
3.122367770, 3.122523913
3.132367740, 3.132514337
3.142367727, 3.142547337
3.152367733, 3.152575878
3.162367726, 3.162487850
3.172367726, 3.172535924
3.182367729, 3.182499992
3.192367750, 3.192507472
3.202367733, 3.202496940
3.212367723, 3.212497485
3.222367724, 3.222516115
3.232367722, 3.232588636
3.242367744, 3.242490415
3.252367728, 3.252493177
3.262367721, 3.262499188
3.272367725, 3.272554302
3.282367726, 3.282533431
3.292367734, 3.292472910
3.302367732, 3.302513767
3.312367748, 3.312630513
3.322367721, 3.322507212
3.332367733, 3.332471502
3.342367719, 3.342505002
3.352367748, 3.352573521
3.362367730, 3.362570854
3.372367742, 3.372540612
3.382367719, 3.382483813
3.392367731, 3.392541756
3.402367735, 3.402613315
3.412367824, 3.412501431
3.422367728, 3.422500544
3.432367726, 3.432539837
3.442367724, 3.442514373
3.452367731, 3.452584747
3.462367727, 3.462526669
3.472367741, 3.472499870
3.482367737, 3.482523709
3.492367746, 3.492544203
3.502367722, 3.502524428
3.512367737, 3.512451401
3.522367727, 3.522524321
3.532367734, 3.532500022
3.542367726, 3.542503454
3.552367731, 3.552540190
3.562367726, 3.562510356
3.572367736, 3.572533143
3.582367729, 3.582522025
3.592367741, 3.592521272
3.602367732, 3.602532894
3.612367731, 3.612568793
3.622367724, 3.622512312
3.632367731, 3.632495591
3.642367753, 3.642637882
3.652367743, 3.652526521
3.662367729, 3.662528184
3.672367729, 3.672503169
3.682367737, 3.682462266
3.692367731, 3.692549267
3.702367747, 3.702492011
3.712367733, 3.712471080
3.722367722, 3.722527209
3.732367752, 3.732551323
3.742367731, 3.742577680
3.752367735, 3.752586510
3.762367726, 3.762506222
3.772367730, 3.772567268
3.782367730, 3.782540882
3.792367726, 3.792498374
3.802367740, 3.802487623
3.812367725, 3.812603171
3.822367732, 3.822525241
3.832367729, 3.832537951
3.842367740, 3.842594528
3.852367726, 3.852594666
3.862367746, 3.862555761
3.872367737, 3.872582978
3.882367728, 3.882509606
3.892367745, 3.892577694
3.902367730, 3.902584760
3.912367867, 3.912618995
3.922367729, 3.922558641
3.932367725, 3.932492589
3.942367728, 3.942447445
3.952367734, 3.952473532
3.962367729, 3.962481372
3.972367789, 3.972487218
3.982367729, 3.982510000
3.992367725, 3.992522695
4.002367735, 4.002594218
4.012367747, 4.012592924
4.022367743, 4.022635907
4.032367744, 4.032541832
4.042367738, 4.042565065
4.052367737, 4.052567341
4.062367735, 4.062559528
4.072367739, 4.072581510
4.082367733, 4.082553560
4.092367767, 4.092631461
4.102367733, 4.102638242
4.112367731, 4.112530037
4.122367737, 4.122523476
4.132367720, 4.132578808
4.142367727, 4.142621468
4.152367731, 4.152592454
4.162367724, 4.162615146
4.172367737, 4.172520637
4.182367726, 4.182627439
4.192367736, 4.192614586
4.202367735, 4.202560042
4.212367728, 4.212573142
4.222367730, 4.222579201
4.232367723, 4.232578070
4.242367740, 4.242534034
4.252367737, 4.252594981
4.262367741, 4.262594775
4.272367733, 4.272543706
4.282367724, 4.282493606
4.292367725, 4.292485901
4.302367735, 4.302482484
4.312367742, 4.312589829
4.322367728, 4.322530555
4.332367733, 4.332504181
4.342367732, 4.342614836
4.352367733, 4.352492265
4.362367737, 4.362501436
4.372367747, 4.372580698
4.382367729, 4.382575430
4.392367731, 4.392545292
4.402367721, 4.402494264
4.412367733, 4.412476198
4.422367727, 4.422474404
4.432367734, 4.432568171
4.442367722, 4.442540506
4.452367732, 4.452552639
4.462367743, 4.462514695
4.472367721, 4.472573335
4.482367752, 4.482525006
4.492367723, 4.492575434
4.502367736, 4.502491345
4.512367744, 4.512605799
4.522367722, 4.522552945
4.532367728, 4.532620916
4.542367727, 4.542550330
4.552367739, 4.552624298
4.562367727, 4.562548660
4.572367742, 4.572566333
4.582367724, 4.582562152
4.592367750, 4.592534334
4.602367733, 4.602599883
4.612367734, 4.612525597
4.622367727, 4.622563301
4.632367734, 4.632597781
4.642367752, 4.642628983
4.652367729, 4.652532268
4.662367730, 4.662502424
4.672367731, 4.672487810
4.682367729, 4.682489971
4.692367726, 4.692529074
4.702367722, 4.702491269
4.712367733, 4.712510952
4.722367733, 4.722495254
4.732367725, 4.732585454
4.742367730, 4.742517392
4.752367737, 4.752529776
4.762367728, 4.762501073
4.772367723, 4.772537065
4.782367744, 4.782520233
4.792367726, 4.792521822
4.802367744, 4.802509865
4.812367730, 4.812516792
4.822367726, 4.822471748
4.832367725, 4.832580053
4.842367724, 4.842501091
4.852367725, 4.852511046
4.862367725, 4.862485335
4.872367726, 4.872478072
4.882367756, 4.882560261
4.892367731, 4.892473225
4.902367730, 4.902535568
4.912367802, 4.912467265
4.922367750, 4.922507462
4.932367734, 4.932477507
4.942367726, 4.942497935
4.952367731, 4.952464640
4.962367744, 4.962514571
4.972367854, 4.972532624
4.982367726, 4.982472394
4.992367724, 4.992530366
5.002367733, 5.002499849
5.012367731, 5.012512771
5.022367731, 5.022549802
5.032367733, 5.032583896
5.042367748, 5.042503081
5.052367834, 5.052513990
5.062367835, 5.062522083
5.072367751, 5.072515283
5.082367747, 5.082499105
5.092367752, 5.092511049
5.102367748, 5.102501652
5.112367754, 5.112520280
5.122367753, 5.122507331
5.132367752, 5.132532027
5.142367834, 5.142508192
5.152375546, 5.152533360
5.162367748, 5.162519418
5.172376029, 5.172508393
5.182367747, 5.182521303
5.192367760, 5.192489418
5.202367753, 5.202458995
5.212367754, 5.212494401
5.222367750, 5.222502975
5.232376030, 5.232512114
5.242367750, 5.242469699
5.252369233, 5.252483110
5.262367748, 5.262492210
5.272367760, 5.272497636
5.282367745, 5.282576859
5.292367839, 5.292513415
5.302367748, 5.302495019
5.312367871, 5.312524918
5.322375914, 5.322496925
5.332367748, 5.332525578
5.342367807, 5.342490822
5.352367751, 5.352516093
5.362367755, 5.362438991
5.372367746, 5.372444099
5.382367752, 5.382492130
5.392372221, 5.392509254
5.402367750, 5.402504756
5.412373218, 5.412522911
5.422375308, 5.422523807
5.432367746, 5.432518992
5.442367753, 5.442476407
5.452367752, 5.452472811
5.462367736, 5.462482906
5.472367836, 5.472524646
5.482367752, 5.482516182
5.492367749, 5.492543345
5.502367831, 5.502550901
5.512367735, 5.512504329
5.522367745, 5.522517562
5.532367754, 5.532513670
5.542367774, 5.542490273
5.552375181, 5.552548225
5.562367834, 5.562488200
5.572367822, 5.572512422
5.582372855, 5.582533264
5.592370962, 5.592562700
5.602367763, 5.602502966
5.612367746, 5.612505144
5.622367745, 5.622522143
5.632367760, 5.632519889
5.642370622, 5.642532031
5.652367733, 5.652484093
5.662367748, 5.662482013
5.672367750, 5.672507645
5.682367751, 5.682494941
5.692367747, 5.692562017
5.702367760, 5.702466286
5.712367745, 5.712480263
5.722367746, 5.722495179
5.732367747, 5.732476546
5.742367752, 5.742482146
5.752367745, 5.752513453
5.762367749, 5.762496406
5.772367821, 5.772460533
5.782368136, 5.782521143
5.792367747, 5.792527696
5.802367749, 5.802485974
5.812369545, 5.812533981
5.822367834, 5.822522905
5.832367831, 5.832510371
5.842367749, 5.842486377
5.852367752, 5.852512270
5.862367838, 5.862492006
5.872367745, 5.872512216
5.882367773, 5.882574662
5.892370835, 5.892533912
5.902367744, 5.902521032
5.912367752, 5.912515696
5.922367751, 5.922495291
5.932367747, 5.932515908
5.942367726, 5.942534574
5.952367750, 5.952543826
5.962367752, 5.962507204
5.972367750, 5.972512275
5.982371995, 5.982520764
5.992367826, 5.992498639
6.002367831, 6.002515298
6.012367733, 6.012494312
6.022367727, 6.022534948
6.032367748, 6.032542283
6.042367722, 6.042555766
6.052367747, 6.052529289
6.062367754, 6.062521067
6.072367818, 6.072585431
6.082367776, 6.082537899
6.092367759, 6.092554856
6.102367749, 6.102441537
6.112367745, 6.112454968
6.122367817, 6.122555439
6.132367745, 6.132557538
6.142367830, 6.142539273
6.152367744, 6.152524077
6.162367752, 6.162556240
6.172367838, 6.172500490
6.182367748, 6.182551200
6.192367748, 6.192595195
6.202370959, 6.202541706
6.212367821, 6.212438476
6.222367748, 6.222475631
6.232370816, 6.232479226
6.242367746, 6.242542164
6.252367731, 6.252525970
6.262367748, 6.262523602
6.272367731, 6.272554717
6.282367746, 6.282552486
6.292367734, 6.292506269
6.302367735, 6.302543237
6.312367747, 6.312550373
6.322367751, 6.322602731
6.332367750, 6.332638582
6.342367752, 6.342509397
6.352367742, 6.352593936
6.362367728, 6.362637969
6.372367726, 6.372661027
6.382367743, 6.382698762
6.392367745, 6.392608144
6.402367738, 6.402562112
6.412367731, 6.412598509
6.422367724, 6.422614770
6.432367733, 6.432690736
6.442367749, 6.442617265
6.452367752, 6.452628820
6.462367729, 6.462599060
6.472367733, 6.472613765
6.482367724, 6.482616390
6.492367736, 6.492614156
6.502367743, 6.502553454
6.512367720, 6.512608966
6.522367735, 6.522530534
6.532367723, 6.532513519
6.542367727, 6.542603739
6.552367728, 6.552659752
6.562367749, 6.562620595
6.572367731, 6.572567067
6.582367748, 6.582619231
6.592367734, 6.592643544
6.602367730, 6.602674571
6.612367728, 6.612567207
6.622367727, 6.622582565
6.632367737, 6.632685054
6.642367746, 6.642625043
6.652367746, 6.652601065
6.662367744, 6.662657854
6.672367744, 6.672549182
6.682367746, 6.682561836
6.692367734, 6.692572353
6.702367726, 6.702536319
6.712367729, 6.712519003
6.722367726, 6.722510187
6.732367726, 6.732591630
6.742367724, 6.742546598
6.752367725, 6.752553876
6.762367730, 6.762544845
6.772367728, 6.772534692
6.782367727, 6.782660722
6.792367725, 6.792605852
6.802367727, 6.802535213
6.812367726, 6.812679976
6.822367726, 6.822572043
6.832367723, 6.832564063
6.842367730, 6.842528951
6.852367722, 6.852520857
6.862367726, 6.862634814
6.872367729, 6.872547251
6.882367743, 6.882472773
6.892367722, 6.892520187
6.902367744, 6.902472166
6.912367726, 6.912649147
6.922367744, 6.922536157
6.932367731, 6.932575793
6.942367729, 6.942542302
6.952367733, 6.952631304
6.962367752, 6.962541077
6.972367745, 6.972500995
6.982367751, 6.982540027
6.992367728, 6.992553632
7.002367733, 7.002502666
7.012367729, 7.012500449
7.022367722, 7.022526137
7.032367723, 7.032508772
7.042367769, 7.042547715
7.052367726, 7.052577436
7.062367727, 7.062605762
7.072367728, 7.072528149
7.082367721, 7.082527144
7.092367735, 7.092499732
7.102367742, 7.102523347
7.112367727, 7.112574704
7.122367723, 7.122498933
7.132367736, 7.132674861
7.142367743, 7.142522688
7.152367723, 7.152541661
7.162367726, 7.162549727
7.172367729, 7.172517862
7.182367728, 7.182590193
7.192367741, 7.192616316
7.202367748, 7.202565163
7.212367722, 7.212649319
7.222367729, 7.222543286
7.232367728, 7.232531375
7.242367729, 7.242567008
7.252367724, 7.252560433
7.262367722, 7.262548182
7.272367721, 7.272506535
7.282367727, 7.282568896
7.292367722, 7.292541932
7.302367726, 7.302536131
7.312367726, 7.312547935
7.322367722, 7.322560036
7.332367726, 7.332554657
7.342367729, 7.342563354
7.352367722, 7.352520946
7.362367729, 7.362521436
7.372367723, 7.372561455
7.382367730, 7.382537429
7.392367722, 7.392512189
7.402367718, 7.402480812
7.412367723, 7.412535116
7.422367722, 7.422493071
7.432367729, 7.432553635
7.442367729, 7.442531172
7.452367722, 7.452540931
7.462367732, 7.462484137
7.472367722, 7.472541081
7.482367729, 7.482475786
7.492367729, 7.492587115
7.502367729, 7.502510136
7.512367729, 7.512500181
7.522367728, 7.522491735
7.532367723, 7.532504191
7.542367730, 7.542513652
7.552367729, 7.552520687
7.562367729, 7.562487692
7.572367748, 7.572537501
7.582367726, 7.582504271
7.592367725, 7.592544144
7.602367727, 7.602585771
7.612367772, 7.612537475
7.622367722, 7.622497445
7.632367726, 7.632548138
7.642367740, 7.642484833
7.652367722, 7.652552383
7.662367726, 7.662593690
7.672367725, 7.672506676
7.682367729, 7.682523485
7.692367754, 7.692628758
7.702367722, 7.702572178
7.712367723, 7.712567971
7.722367724, 7.722566638
7.732367750, 7.732519765
7.742367724, 7.742581800
7.752367744, 7.752520057
7.762367721, 7.762506365
7.772367721, 7.772516174
7.782367724, 7.782529300
7.792367726, 7.792631035
7.802367729, 7.802549883
7.812367722, 7.812547790
7.822367730, 7.822541306
7.832367722, 7.832502861
7.842367729, 7.842645589
7.852367726, 7.852633069
7.862367730, 7.862592646
7.872367748, 7.872495857
7.882367727, 7.882563958
7.892367728, 7.892533009
7.902367727, 7.902532979
7.912367744, 7.912540895
7.922367727, 7.922544752
7.932367744, 7.932566977
7.942367726, 7.942501585
7.952367726, 7.952527699
7.962367726, 7.962574051
7.972367725, 7.972494908
7.982367754, 7.982505359
7.992367733, 7.992544432
8.002367729, 8.002508454
8.012367722, 8.012586959
8.022367727, 8.022544450
8.032367726, 8.032561157
8.042367729, 8.042528030
8.052367722, 8.052555491
8.062367728, 8.062558100
8.072367726, 8.072512866
8.082367725, 8.082578367
8.092367721, 8.092556270
8.102367718, 8.102644578
8.112367722, 8.112526894
8.122367722, 8.122531983
8.132367728, 8.132632497
8.142367727, 8.142607607
8.152367722, 8.152487423
8.162367729, 8.162553482
8.172367721, 8.172578220
8.182367731, 8.182548698
8.192367720, 8.192563400
8.202367725, 8.202542416
8.212367722, 8.212569119
8.222367727, 8.222561239
8.232367726, 8.232522324
8.242367728, 8.242615324
8.252367723, 8.252622438
8.262367730, 8.262574300
8.272367725, 8.272608659
8.282367726, 8.282540586
8.292367722, 8.292612251
8.302367726, 8.302574996
8.312367733, 8.312605202
8.322367727, 8.322675885
8.332367747, 8.332589570
8.342367746, 8.342701674
8.352367748, 8.352585795
8.362367746, 8.362638964
8.372367733, 8.372677076
8.382367730, 8.382656258
8.392367750, 8.392556035
8.402367749, 8.402528318
8.412367747, 8.412518619
8.422367746, 8.422641001
8.432367728, 8.432574690
8.442367726, 8.442565547
8.452367743, 8.452562056
8.462367723, 8.462583823
8.472367745, 8.472578626
8.482367727, 8.482486576
8.492367729, 8.492637239
8.502367735, 8.502586358
8.512367748, 8.512559970
8.522367752, 8.522646240
8.532367750, 8.532651096
8.542367748, 8.542546548
8.552367728, 8.552563977
8.562367729, 8.562635590
8.572367745, 8.572583958
8.582367735, 8.582621428
8.592367748, 8.592499307
8.602367722, 8.602574210
8.612367786, 8.612652103
8.622367735, 8.622544137
8.632367742, 8.632568519
8.642367748, 8.642555417
8.652367750, 8.652569775
8.662367726, 8.662517964
8.672367728, 8.672553943
8.682367729, 8.682511361
8.692367729, 8.692543944
8.702367732, 8.702546245
8.712367729, 8.712519211
8.722367726, 8.722480726
8.732367729, 8.732537211
8.742367724, 8.742504812
8.752367726, 8.752550509
8.762367730, 8.762556514
8.772367723, 8.772603194
8.782367727, 8.782509040
8.792367725, 8.792512205
8.802367727, 8.802530120
8.812367725, 8.812703399
8.822367722, 8.822494954
8.832367733, 8.832464302
8.842367722, 8.842517060
8.852367720, 8.852496160
8.862367722, 8.862527980
8.872367723, 8.872548403
8.882367727, 8.882549840
8.892367725, 8.892502925
8.902367722, 8.902482654
8.912367725, 8.912534151
8.922367731, 8.922544018
8.932367726, 8.932559017
8.942367741, 8.942540178
8.952367723, 8.952488142
8.962367727, 8.962588227
8.972367731, 8.972553802
8.982367754, 8.982582489
8.992367750, 8.992581173
9.002367749, 9.002611704
9.012367741, 9.012533691
9.022367735, 9.022536309
9.032367728, 9.032495154
9.042367721, 9.042528654
9.052367747, 9.052551584
9.062367719, 9.062531979
9.072367745, 9.072575950
9.082367721, 9.082548918
9.092367722, 9.092511585
9.102367732, 9.102493237
9.112367723, 9.112569672
9.122367724, 9.122651211
9.132367725, 9.132541971
9.142367723, 9.142610142
9.152367729, 9.152550217
9.162367729, 9.162639433
9.172367745, 9.172552648
9.182367737, 9.182625424
9.192367745, 9.192668991
9.202367748, 9.202537030
9.212367723, 9.212581502
9.222367724, 9.222538691
9.232367730, 9.232507625
9.242367723, 9.242550874
9.252367750, 9.252554139
9.262367729, 9.262570074
9.272367722, 9.272555777
9.282367724, 9.282594801
9.292367752, 9.292536958
9.302367756, 9.302597092
9.312367728, 9.312583246
9.322367748, 9.322471866
9.332367746, 9.332485954
9.342373299, 9.342603576
9.352374234, 9.352529374
9.362367746, 9.362533589
9.372367761, 9.372524871
9.382367749, 9.382506018
9.392367747, 9.392493579
9.402367754, 9.402525105
9.412367735, 9.412488727
9.422367753, 9.422448577
9.432367747, 9.432522223
9.442367733, 9.442486765
9.452367768, 9.452530821
9.462367751, 9.462502766
9.472367729, 9.472506964
9.482367718, 9.482476487
9.492367737, 9.492531130
9.502367757, 9.502549047
9.512367728, 9.512542651
9.522367749, 9.522515213
9.532367755, 9.532482025
9.542367751, 9.542498594
9.552367750, 9.552497108
9.562373050, 9.562542686
9.572367745, 9.572496606
9.582367751, 9.582519872
9.592367753, 9.592496953
9.602367725, 9.602507367
9.612367752, 9.612515749
9.622367750, 9.622504171
9.632367748, 9.632530740
9.642367752, 9.642507420
9.652374838, 9.652538113
9.662367749, 9.662540762
9.672367748, 9.672542995
9.682367749, 9.682490263
9.692367756, 9.692475133
9.702367757, 9.702499292
9.712367750, 9.712520335
9.722367746, 9.722492377
9.732367752, 9.732513350
9.742367749, 9.742537051
9.752367752, 9.752528594
9.762367754, 9.762471474
9.772367750, 9.772526289
9.782367749, 9.782477662
9.792367747, 9.792504404
9.802367749, 9.802509067
9.812367750, 9.812500828
9.822367751, 9.822501795
9.832367744, 9.832510435
9.842367749, 9.842493918
9.852367747, 9.852500814
9.862367751, 9.862514735
9.872367745, 9.872498998
9.882367735, 9.882504487
9.892367748, 9.892495894
9.902367754, 9.902495123
9.912367747, 9.912481793
9.922367762, 9.922554915
9.932367744, 9.932523404
9.942370324, 9.942546094
9.952367744, 9.952520982
9.962367746, 9.962476624
9.972367750, 9.972523239
9.982367756, 9.982502273
9.992367747, 9.992503736
10.002367748, 10.002523956
10.012367726, 10.012474631
10.022367733, 10.022509086
10.032367731, 10.032513783
10.042367729, 10.042523830
10.052367731, 10.052620609
10.062367730, 10.062521665
10.072367726, 10.072515359
10.082367729, 10.082501823
10.092367729, 10.092520546
10.102367722, 10.102510261
10.112367720, 10.112521066
10.122367726, 10.122524674
10.132367731, 10.132521798
10.142367727, 10.142524667
10.152367723, 10.152511461
10.162367722, 10.162519447
10.172367720, 10.172530683
10.182367733, 10.182513599
10.192367722, 10.192518383
10.202367724, 10.202523681
10.212367728, 10.212521947
10.222367727, 10.222524498
10.232367728, 10.232520697
10.242367735, 10.242522419
10.252367726, 10.252517250
10.262367724, 10.262521353
10.272367722, 10.272524232
10.282367721, 10.282594451
10.292367720, 10.292519135
10.302367735, 10.302523576
10.312367718, 10.312525357
10.322367722, 10.322528506
10.332367720, 10.332524387
10.342367722, 10.342515408
10.352367733, 10.352510652
10.362367726, 10.362508456
10.372367726, 10.372525749
10.382367724, 10.382528865
10.392367725, 10.392510282
10.402367724, 10.402509112
10.412367727, 10.412526723
10.422367727, 10.422511172
10.432367725, 10.432529991
10.442367729, 10.442520332
10.452367733, 10.452527691
10.462367729, 10.462525040
10.472367726, 10.472525416
10.482367735, 10.482521604
10.492367728, 10.492509935
10.502367722, 10.502523207
10.512367722, 10.512515001
10.522367724, 10.522517439
10.532367720, 10.532510896
10.542367735, 10.542524834
10.552367718, 10.552518253
10.562367729, 10.562528271
10.572367734, 10.572525730
10.582367729, 10.582505370
10.592367730, 10.592517973
10.602367729, 10.602507703
10.612367728, 10.612522495
10.622367724, 10.622522971
10.632367725, 10.632519067
10.642367722, 10.642545243
10.652367736, 10.652544533
10.662367727, 10.662543922
10.672367720, 10.672544391
10.682367722, 10.682544797
10.692367729, 10.692545622
10.702367729, 10.702546602
10.712367720, 10.712540267
10.722367732, 10.722550262
10.732367723, 10.732547335
10.742367724, 10.742544209
10.752367722, 10.752539705
10.762367726, 10.762546682
10.772367720, 10.772549153
10.782367730, 10.782547414
10.792367720, 10.792545390
10.802367729, 10.802546323
10.812367734, 10.812539253
10.822367727, 10.822545841
10.832367722, 10.832539705
10.842367730, 10.842544361
10.852367726, 10.852543459
10.862367721, 10.862546761
10.872367722, 10.872545068
10.882367727, 10.882547111
10.892367726, 10.892548047
10.902367726, 10.902537795
10.912367726, 10.912539787
10.922367727, 10.922540610
10.932367725, 10.932540212
10.942367729, 10.942546948
10.952367728, 10.952545297
10.962367727, 10.962548488
10.972367726, 10.972545041
10.982367721, 10.982547238
10.992367729, 10.992543589
11.002367729, 11.002543113
11.012367726, 11.012545229
11.022367733, 11.022547010
11.032367720, 11.032543471
11.042367722, 11.042540496
11.052367720, 11.052544568
11.062367724, 11.062542270
11.072367729, 11.072545101
11.082367730, 11.082537738
11.092367733, 11.092674203
11.102367726, 11.102547222
11.112367726, 11.112546823
11.122367729, 11.122547724
11.132367722, 11.132546964
11.142367727, 11.142544929
11.152367722, 11.152543319
11.162367726, 11.162547934
11.172367723, 11.172544770
11.182367732, 11.182552806
11.192367733, 11.192544640
11.202367727, 11.202547731
11.212367725, 11.212545843
11.222367724, 11.222539475
11.232367715, 11.232546445
11.242367724, 11.242543786
11.252367720, 11.252545797
11.262367726, 11.262548581
11.272367736, 11.272545450
11.282367721, 11.282546441
11.292367728, 11.292655775
11.302367722, 11.302542308
11.312367733, 11.312546174
11.322367729, 11.322543351
11.332367725, 11.332543859
11.342367757, 11.342548115
11.352367722, 11.352539523
11.362367719, 11.362539848
11.372367736, 11.372542832
11.382367730, 11.382538749
11.392367726, 11.392538707
11.402367727, 11.402546755
11.412367725, 11.412542793
11.422367729, 11.422547522
11.432367728, 11.432547576
11.442367721, 11.442546835
11.452367733, 11.452548528
11.462367719, 11.462543825
11.472367729, 11.472545833
11.482367719, 11.482542812
11.492367736, 11.492546381
11.502367730, 11.502546887
11.512367731, 11.512543891
11.522367724, 11.522547479
11.532367726, 11.532543693
11.542367722, 11.542543812
11.552367734, 11.552538669
11.562367727, 11.562546949
11.572367725, 11.572545195
11.582367724, 11.582545334
11.592367725, 11.592547577
11.602367726, 11.602541445
11.612367720, 11.612542662
11.622367730, 11.622539895
11.632367733, 11.632545000
11.642367724, 11.642546841
11.652367722, 11.652545845
11.662367721, 11.662548928
11.672367722, 11.672545887
11.682367729, 11.682546323
11.692367723, 11.692545024
11.702367721, 11.702537064
11.712367726, 11.712538448
11.722367727, 11.722545998
11.732367729, 11.732544622
11.742367735, 11.742546992
11.752367723, 11.752544794
11.762367724, 11.762549373
11.772367718, 11.772547099
11.782367729, 11.782544347
11.792367726, 11.792542951
11.802367735, 11.802542235
11.812367723, 11.812540006
11.822367729, 11.822548015
11.832367726, 11.832547558
11.842367721, 11.842547417
11.852367728, 11.852547773
11.862367729, 11.862545264
11.872367723, 11.872544513
11.882367721, 11.882543826
11.892367722, 11.892547123
11.902367724, 11.902555596
11.912367726, 11.912544348
11.922367735, 11.922541182
11.932367726, 11.932546925
11.942367732, 11.942543340
11.952367736, 11.952549503
11.962367724, 11.962545251
11.972367728, 11.972547360
11.982367732, 11.982548434
11.992367728, 11.992545286
12.002367722, 12.002548006
12.012367720, 12.012543863
12.022367727, 12.022546641
12.032367725, 12.032547002
12.042367726, 12.042545201
12.052367726, 12.052545834
------------------------------
