------------------------------
test was performed using the following parameters: --mps=100 --burst=1 --reply-every=1 --msg-size=12 --time=10
------------------------------
sockperf: [Total Run] RunTime=10.100 sec; SentMessages=1011; ReceivedMessages=1010
sockperf: ========= Printing statistics for Server No: 0
sockperf: [Valid Duration] RunTime=9.990 sec; SentMessages=1000; ReceivedMessages=1000
sockperf: [2;35m====> avg-lat= 68.999 (std-dev=16.750)[0m
sockperf: # dropped messages = 0; # duplicated messages = 0; # out-of-order messages = 0
sockperf: [2;35mTotal 1000 observations[0m; each percentile contains 10.00 observations
sockperf: ---> <MAX> observation =  121.474
sockperf: ---> percentile  99.99 =  121.474
sockperf: ---> percentile  99.90 =  120.744
sockperf: ---> percentile  99.50 =  112.761
sockperf: ---> percentile  99.00 =  104.290
sockperf: ---> percentile  95.00 =   90.978
sockperf: ---> percentile  90.00 =   89.759
sockperf: ---> percentile  75.00 =   85.331
sockperf: ---> percentile  50.00 =   68.757
sockperf: ---> percentile  25.00 =   54.971
sockperf: ---> <MIN> observation =   34.640
------------------------------
txTime, rxTime
2.062565984, 2.062745160
2.072565936, 2.072694771
2.082565925, 2.082648867
2.092565915, 2.092739480
2.102565932, 2.102694046
2.112565917, 2.112725172
2.122565921, 2.122723579
2.132565934, 2.132645862
2.142565925, 2.142693057
2.152565912, 2.152735002
2.162565935, 2.162706661
2.172565918, 2.172756458
2.182565918, 2.182743617
2.192565931, 2.192640497
2.202565932, 2.202705615
2.212565909, 2.212693451
2.222565929, 2.222689624
2.232565921, 2.232763270
2.242565916, 2.242759339
2.252565917, 2.252684559
2.262565932, 2.262703783
2.272565917, 2.272758443
2.282565932, 2.282752020
2.292565921, 2.292750402
2.302565930, 2.302703606
2.312565931, 2.312765568
2.322565930, 2.322749052
2.332565917, 2.332742587
2.342565933, 2.342752633
2.352565915, 2.352774497
2.362565927, 2.362732614
2.372565920, 2.372726863
2.382565913, 2.382722855
2.392565917, 2.392673539
2.402566189, 2.402671110
2.412565921, 2.412702143
2.422565940, 2.422738190
2.432565918, 2.432699469
2.442565984, 2.442685818
2.452565914, 2.452685889
2.462565978, 2.462696103
2.472565972, 2.472685923
2.482565913, 2.482681487
2.492565917, 2.492673849
2.502565911, 2.502717811
2.512565920, 2.512736624
2.522565921, 2.522679409
2.532565921, 2.532642227
2.542565916, 2.542637882
2.552565920, 2.552644868
2.562565985, 2.562681183
2.572565963, 2.572645080
2.582565913, 2.582737836
2.592565978, 2.592716237
2.602565911, 2.602711953
2.612565970, 2.612733154
2.622565914, 2.622759310
2.632565975, 2.632731426
2.642565911, 2.642726891
2.652565967, 2.652722254
2.662565916, 2.662707566
2.672565916, 2.672733884
2.682565906, 2.682652444
2.692565910, 2.692642717
2.702565906, 2.702686021
2.712565981, 2.712691802
2.722565920, 2.722690832
2.732565916, 2.732710274
2.742565990, 2.742678897
2.752565910, 2.752645460
2.762565923, 2.762639705
2.772565983, 2.772704983
2.782565916, 2.782687576
2.792565916, 2.792667471
2.802565911, 2.802641919
2.812565913, 2.812715661
2.822565917, 2.822670617
2.832565913, 2.832707100
2.842566055, 2.842639265
2.852565915, 2.852721656
2.862565916, 2.862672280
2.872565916, 2.872698384
2.882565912, 2.882654695
2.892565915, 2.892697602
2.902565921, 2.902728220
2.912565921, 2.912684779
2.922565921, 2.922727148
2.932565917, 2.932673375
2.942565919, 2.942680014
2.952565912, 2.952686790
2.962566101, 2.962679849
2.972565914, 2.972720717
2.982565914, 2.982744268
2.992565914, 2.992745835
3.002566004, 3.002735266
3.012565914, 3.012740031
3.022565908, 3.022660661
3.032566109, 3.032727095
3.042565910, 3.042687366
3.052565918, 3.052678336
3.062565985, 3.062666549
3.072565918, 3.072720941
3.082565921, 3.082727439
3.092565983, 3.092702995
3.102565913, 3.102744782
3.112565914, 3.112696631
3.122566075, 3.122685895
3.132565969, 3.132727937
3.142565916, 3.142676938
3.152565980, 3.152699844
3.162566009, 3.162711966
3.172565912, 3.172662957
3.182565911, 3.182685451
3.192565920, 3.192676737
3.202565913, 3.202689504
3.212565996, 3.212708914
3.222565918, 3.222690158
3.232565921, 3.232669371
3.242565930, 3.242656430
3.252565920, 3.252697982
3.262565910, 3.262715526
3.272565909, 3.272718350
3.282565910, 3.282723556
3.292565917, 3.292681831
3.302565919, 3.302673561
3.312565917, 3.312708291
3.322565903, 3.322721311
3.332565917, 3.332701110
3.342565910, 3.342682161
3.352565915, 3.352756416
3.362566072, 3.362713031
3.372565929, 3.372697827
3.382565918, 3.382715769
3.392565915, 3.392767948
3.402565914, 3.402724928
3.412565917, 3.412712925
3.422565933, 3.422714235
3.432565920, 3.432710970
3.442565911, 3.442704417
3.452565978, 3.452741197
3.462565970, 3.462714332
3.472565914, 3.472687050
3.482566001, 3.482719056
3.492565921, 3.492700129
3.502565918, 3.502692338
3.512565914, 3.512681472
3.522566000, 3.522709602
3.532565904, 3.532700460
3.542565981, 3.542708146
3.552565918, 3.552670741
3.562565965, 3.562710977
3.572565909, 3.572697644
3.582565971, 3.582690306
3.592565920, 3.592740462
3.602565929, 3.602738335
3.612565917, 3.612707626
3.622565918, 3.622691571
3.632565923, 3.632680253
3.642565910, 3.642680861
3.652565918, 3.652658791
3.662565918, 3.662659728
3.672565912, 3.672722305
3.682565911, 3.682669920
3.692565915, 3.692727322
3.702565919, 3.702727542
3.712565917, 3.712694657
3.722565914, 3.722660415
3.732565920, 3.732673437
3.742565914, 3.742667722
3.752565926, 3.752671763
3.762565921, 3.762687646
3.772565915, 3.772664836
3.782566026, 3.782665453
3.792565918, 3.792722818
3.802565916, 3.802660036
3.812565920, 3.812705157
3.822565987, 3.822741725
3.832565906, 3.832680259
3.842565908, 3.842692169
3.852565918, 3.852715127
3.862565922, 3.862747453
3.872565925, 3.872674545
3.882565913, 3.882723070
3.892565909, 3.892711103
3.902565919, 3.902808867
3.912565981, 3.912744261
3.922565919, 3.922702388
3.932565910, 3.932726104
3.942565908, 3.942732501
3.952565917, 3.952692355
3.962565921, 3.962709631
3.972565915, 3.972792045
3.982565914, 3.982686631
3.992565921, 3.992689349
4.002565913, 4.002708203
4.012565903, 4.012688905
4.022565910, 4.022662647
4.032565910, 4.032675927
4.042565921, 4.042706885
4.052565915, 4.052731065
4.062565906, 4.062680517
4.072565928, 4.072673381
4.082565910, 4.082747238
4.092565921, 4.092712532
4.102565914, 4.102681098
4.112566038, 4.112687067
4.122565918, 4.122719770
4.132565910, 4.132663688
4.142565911, 4.142661092
4.152565907, 4.152715678
4.162565908, 4.162659332
4.172565970, 4.172669791
4.182565911, 4.182720029
4.192565906, 4.192728367
4.202565924, 4.202698657
4.212565917, 4.212720470
4.222565979, 4.222720942
4.232565915, 4.232694573
4.242565908, 4.242664951
4.252565910, 4.252662804
4.262565984, 4.262665360
4.272565920, 4.272708018
4.282565918, 4.282660863
4.292565909, 4.292665953
4.302565916, 4.302664889
4.312565915, 4.312681058
4.322565927, 4.322662532
4.332565912, 4.332687739
4.342565913, 4.342663339
4.352565918, 4.352683284
4.362565908, 4.362659063
4.372565912, 4.372664412
4.382565918, 4.382661379
4.392565914, 4.392664631
4.402565914, 4.402665472
4.412565917, 4.412667462
4.422565935, 4.422672367
4.432565923, 4.432665201
4.442565914, 4.442661825
4.452565909, 4.452665931
4.462565919, 4.462669678
4.472565918, 4.472668065
4.482565916, 4.482658338
4.492565909, 4.492663674
4.502565914, 4.502667940
4.512565917, 4.512665275
4.522565919, 4.522666288
4.532565910, 4.532660613
4.542565914, 4.542658523
4.552565907, 4.552660002
4.562565914, 4.562662401
4.572565912, 4.572660646
4.582565985, 4.582665614
4.592565981, 4.592663191
4.602565984, 4.602659284
4.612565904, 4.612663831
4.622565911, 4.622656125
4.632565915, 4.632663089
4.642565903, 4.642659976
4.652565981, 4.652662863
4.662565968, 4.662662114
4.672565969, 4.672660687
4.682566022, 4.682656884
4.692565910, 4.692680853
4.702565971, 4.702658402
4.712565912, 4.712661243
4.722565968, 4.722711626
4.732565961, 4.732730245
4.742565973, 4.742700444
4.752565989, 4.752711384
4.762565913, 4.762662448
4.772565986, 4.772660112
4.782565981, 4.782690452
4.792565910, 4.792713897
4.802565913, 4.802700932
4.812565906, 4.812690996
4.822565910, 4.822698976
4.832566008, 4.832689003
4.842565910, 4.842698446
4.852565904, 4.852707067
4.862565919, 4.862687430
4.872565972, 4.872673883
4.882565906, 4.882704576
4.892565915, 4.892677573
4.902565913, 4.902726078
4.912565904, 4.912685038
4.922565930, 4.922677167
4.932565918, 4.932662553
4.942565911, 4.942692676
4.952565915, 4.952668075
4.962565916, 4.962708614
4.972565918, 4.972664768
4.982565981, 4.982697159
4.992565983, 4.992660423
5.002565914, 5.002693932
5.012565918, 5.012697486
5.022565965, 5.022724619
5.032565925, 5.032706685
5.042565985, 5.042707437
5.052565910, 5.052665005
5.062565984, 5.062662647
5.072565917, 5.072694111
5.082565990, 5.082676275
5.092565920, 5.092701400
5.102565911, 5.102712004
5.112565978, 5.112681356
5.122565918, 5.122662145
5.132565988, 5.132694352
5.142565978, 5.142699942
5.152565917, 5.152685357
5.162565982, 5.162694470
5.172566094, 5.172679127
5.182565916, 5.182699410
5.192565914, 5.192673250
5.202565914, 5.202673494
5.212565907, 5.212693883
5.222565929, 5.222695157
5.232566261, 5.232669590
5.242565916, 5.242695900
5.252565914, 5.252667246
5.262565914, 5.262714089
5.272565914, 5.272724407
5.282565906, 5.282676401
5.292565920, 5.292726944
5.302565914, 5.302694025
5.312565918, 5.312683376
5.322565921, 5.322722721
5.332565915, 5.332707168
5.342565914, 5.342730761
5.352565914, 5.352734846
5.362565920, 5.362757119
5.372565923, 5.372676970
5.382565988, 5.382697327
5.392565913, 5.392657207
5.402565914, 5.402696355
5.412565921, 5.412696389
5.422565939, 5.422694222
5.432565910, 5.432660390
5.442565920, 5.442697656
5.452565905, 5.452711927
5.462565931, 5.462709133
5.472566197, 5.472678827
5.482565908, 5.482690949
5.492565920, 5.492680829
5.502565916, 5.502676750
5.512565904, 5.512701672
5.522565910, 5.522692571
5.532565909, 5.532700763
5.542566009, 5.542693718
5.552565914, 5.552672739
5.562565913, 5.562656717
5.572565910, 5.572667295
5.582565924, 5.582657206
5.592565912, 5.592665098
5.602565921, 5.602660246
5.612565915, 5.612660133
5.622565921, 5.622661585
5.632565909, 5.632656298
5.642565914, 5.642660465
5.652565915, 5.652661985
5.662565916, 5.662665529
5.672566054, 5.672657916
5.682565981, 5.682680430
5.692565912, 5.692659986
5.702566156, 5.702672042
5.712565921, 5.712680764
5.722565916, 5.722721499
5.732565910, 5.732732142
5.742565921, 5.742701261
5.752565910, 5.752710377
5.762565932, 5.762698542
5.772565921, 5.772661268
5.782565910, 5.782706621
5.792566002, 5.792723616
5.802565916, 5.802693128
5.812565917, 5.812658423
5.822565927, 5.822673341
5.832565917, 5.832704329
5.842565911, 5.842669411
5.852565915, 5.852713304
5.862565922, 5.862713169
5.872565920, 5.872677962
5.882565919, 5.882705900
5.892565981, 5.892696969
5.902565921, 5.902724109
5.912565915, 5.912696517
5.922565922, 5.922680249
5.932565975, 5.932660430
5.942565925, 5.942688825
5.952565917, 5.952660685
5.962565916, 5.962665494
5.972565972, 5.972679122
5.982565913, 5.982701550
5.992565981, 5.992684550
6.002565914, 6.002665676
6.012566056, 6.012682239
6.022565908, 6.022674058
6.032565920, 6.032688956
6.042565976, 6.042715708
6.052565912, 6.052683306
6.062565911, 6.062687280
6.072565921, 6.072713676
6.082565914, 6.082714568
6.092565994, 6.092676822
6.102565914, 6.102679852
6.112565906, 6.112706696
6.122565913, 6.122659230
6.132565918, 6.132700532
6.142565916, 6.142675258
6.152565912, 6.152696547
6.162565971, 6.162701318
6.172565918, 6.172723292
6.182565914, 6.182724101
6.192565912, 6.192698874
6.202565908, 6.202702551
6.212565921, 6.212707021
6.222565908, 6.222680776
6.232565915, 6.232697897
6.242565974, 6.242659055
6.252565917, 6.252714357
6.262565908, 6.262668301
6.272565917, 6.272687306
6.282565911, 6.282680209
6.292565909, 6.292742584
6.302566005, 6.302694835
6.312565910, 6.312738446
6.322565918, 6.322670943
6.332565921, 6.332695402
6.342565921, 6.342706460
6.352565907, 6.352680976
6.362565914, 6.362690088
6.372565917, 6.372699574
6.382565905, 6.382710223
6.392565912, 6.392707498
6.402565914, 6.402711917
6.412565915, 6.412679580
6.422565978, 6.422728243
6.432565921, 6.432662159
6.442565908, 6.442716169
6.452565917, 6.452691832
6.462565921, 6.462699576
6.472565907, 6.472700474
6.482565919, 6.482721071
6.492565920, 6.492687476
6.502565916, 6.502685027
6.512566018, 6.512657967
6.522565916, 6.522659590
6.532565914, 6.532661350
6.542565910, 6.542661509
6.552565907, 6.552677355
6.562565911, 6.562664431
6.572565956, 6.572703764
6.582565913, 6.582662538
6.592565925, 6.592659852
6.602565965, 6.602658177
6.612565983, 6.612680144
6.622565914, 6.622654650
6.632565912, 6.632656037
6.642565968, 6.642662642
6.652565969, 6.652662599
6.662565910, 6.662657874
6.672565993, 6.672660179
6.682565914, 6.682659033
6.692565915, 6.692665705
6.702565913, 6.702661124
6.712565918, 6.712665915
6.722565908, 6.722658501
6.732565918, 6.732696138
6.742565913, 6.742668268
6.752565985, 6.752702405
6.762565976, 6.762660642
6.772565972, 6.772661462
6.782565905, 6.782683026
6.792565917, 6.792659675
6.802565911, 6.802660083
6.812565975, 6.812657256
6.822565978, 6.822656838
6.832565907, 6.832672822
6.842565984, 6.842655834
6.852565909, 6.852664255
6.862565911, 6.862653509
6.872565917, 6.872661064
6.882565911, 6.882654450
6.892565920, 6.892663194
6.902565927, 6.902678905
6.912565917, 6.912680068
6.922565987, 6.922710813
6.932565910, 6.932643564
6.942565916, 6.942648120
6.952565931, 6.952672960
6.962565929, 6.962653226
6.972565917, 6.972656820
6.982565984, 6.982636055
6.992565921, 6.992664077
7.002565921, 7.002690775
7.012565910, 7.012686404
7.022565919, 7.022635200
7.032565907, 7.032643545
7.042565911, 7.042684158
7.052565994, 7.052688212
7.062565921, 7.062675720
7.072565909, 7.072714907
7.082565972, 7.082679424
7.092565974, 7.092698525
7.102565917, 7.102689803
7.112565910, 7.112705331
7.122565988, 7.122689698
7.132565918, 7.132667144
7.142565975, 7.142677695
7.152565918, 7.152687351
7.162565914, 7.162710806
7.172565996, 7.172733401
7.182565917, 7.182730108
7.192565908, 7.192644442
7.202566015, 7.202703414
7.212565920, 7.212677081
7.222565903, 7.222692559
7.232565910, 7.232719968
7.242565908, 7.242657129
7.252565917, 7.252678947
7.262565916, 7.262669904
7.272565915, 7.272637709
7.282565981, 7.282647359
7.292565914, 7.292640250
7.302565908, 7.302664610
7.312565978, 7.312676080
7.322565919, 7.322647198
7.332566073, 7.332670033
7.342565916, 7.342654222
7.352565983, 7.352639056
7.362565919, 7.362640727
7.372565912, 7.372677884
7.382565916, 7.382648582
7.392565980, 7.392673775
7.402565970, 7.402708211
7.412565914, 7.412648446
7.422565938, 7.422649905
7.432565909, 7.432644889
7.442565976, 7.442670959
7.452565972, 7.452661055
7.462565981, 7.462664068
7.472565920, 7.472652862
7.482565921, 7.482645778
7.492566016, 7.492651700
7.502565925, 7.502643119
7.512565921, 7.512635816
7.522565913, 7.522666661
7.532565931, 7.532659285
7.542565982, 7.542672542
7.552565944, 7.552713588
7.562566040, 7.562728505
7.572565920, 7.572735230
7.582565918, 7.582712609
7.592565912, 7.592736512
7.602565965, 7.602721963
7.612565912, 7.612739171
7.622566026, 7.622743639
7.632565915, 7.632704198
7.642565963, 7.642706675
7.652565981, 7.652735808
7.662565976, 7.662721253
7.672565918, 7.672714131
7.682565919, 7.682715859
7.692565909, 7.692735536
7.702565985, 7.702716899
7.712565912, 7.712720540
7.722565970, 7.722722930
7.732565904, 7.732728602
7.742565911, 7.742731235
7.752565974, 7.752724929
7.762565918, 7.762720916
7.772565910, 7.772721197
7.782565913, 7.782699880
7.792565913, 7.792653434
7.802565978, 7.802687275
7.812565985, 7.812701631
7.822566287, 7.822643634
7.832565921, 7.832698693
7.842565911, 7.842707747
7.852565916, 7.852726197
7.862565908, 7.862657810
7.872565922, 7.872649899
7.882565980, 7.882699553
7.892565922, 7.892695458
7.902566003, 7.902666339
7.912565927, 7.912669191
7.922565998, 7.922678681
7.932565920, 7.932682672
7.942565921, 7.942696414
7.952565919, 7.952720809
7.962565907, 7.962718886
7.972565922, 7.972663896
7.982565910, 7.982641396
7.992565982, 7.992731913
8.002565913, 8.002703980
8.012565972, 8.012722132
8.022565975, 8.022723933
8.032565916, 8.032728184
8.042565920, 8.042730374
8.052565922, 8.052723562
8.062565913, 8.062727589
8.072565917, 8.072731198
8.082565981, 8.082733179
8.092565905, 8.092709404
8.102565970, 8.102700085
8.112565983, 8.112746624
8.122565913, 8.122719153
8.132565914, 8.132719135
8.142566223, 8.142695527
8.152565914, 8.152730813
8.162565923, 8.162704001
8.172565912, 8.172709109
8.182565902, 8.182712546
8.192565919, 8.192721320
8.202565981, 8.202740114
8.212565912, 8.212706969
8.222566211, 8.222718368
8.232565914, 8.232736870
8.242565974, 8.242736213
8.252565920, 8.252714261
8.262566015, 8.262719091
8.272566005, 8.272692068
8.282565987, 8.282703155
8.292565920, 8.292713135
8.302566213, 8.302709138
8.312565915, 8.312710247
8.322565911, 8.322707437
8.332565917, 8.332715805
8.342565916, 8.342685181
8.352565980, 8.352684099
8.362565919, 8.362719293
8.372565912, 8.372683897
8.382566199, 8.382690714
8.392565969, 8.392696466
8.402565914, 8.402692987
8.412565989, 8.412676222
8.422566079, 8.422711723
8.432565986, 8.432666633
8.442565921, 8.442689983
8.452566032, 8.452734722
8.462566249, 8.462696999
8.472565977, 8.472675810
8.482565914, 8.482655815
8.492565978, 8.492699035
8.502565905, 8.502704521
8.512565909, 8.512704513
8.522565919, 8.522687584
8.532565914, 8.532706178
8.542565910, 8.542680664
8.552565972, 8.552699465
8.562565910, 8.562696835
8.572565912, 8.572720467
8.582565906, 8.582703422
8.592565969, 8.592712330
8.602565973, 8.602644354
8.612565915, 8.612726533
8.622566165, 8.622683209
8.632565904, 8.632734362
8.642565908, 8.642675852
8.652565964, 8.652653040
8.662565987, 8.662675627
8.672565918, 8.672686499
8.682565919, 8.682673501
8.692565910, 8.692657382
8.702565924, 8.702699453
8.712565993, 8.712735115
8.722565913, 8.722723414
8.732565910, 8.732680368
8.742565914, 8.742720362
8.752565904, 8.752783077
8.762566045, 8.762712051
8.772565985, 8.772712421
8.782565916, 8.782716369
8.792565910, 8.792659329
8.802565914, 8.802774623
8.812565969, 8.812685893
8.822565971, 8.822685459
8.832565914, 8.832688191
8.842565914, 8.842703639
8.852565909, 8.852656864
8.862565918, 8.862670335
8.872565963, 8.872738274
8.882565919, 8.882674533
8.892565910, 8.892699834
8.902565971, 8.902688200
8.912565915, 8.912711471
8.922565948, 8.922653992
8.932565912, 8.932725322
8.942565916, 8.942691041
8.952565918, 8.952670812
8.962565911, 8.962697465
8.972565914, 8.972662081
8.982565914, 8.982692559
8.992565910, 8.992690566
9.002565910, 9.002710539
9.012565920, 9.012699045
9.022565920, 9.022725208
9.032565972, 9.032646463
9.042565915, 9.042690220
9.052565916, 9.052718303
9.062565913, 9.062689277
9.072565917, 9.072691242
9.082565915, 9.082693037
9.092565980, 9.092706767
9.102565908, 9.102654593
9.112565904, 9.112686988
9.122565968, 9.122688407
9.132565918, 9.132680791
9.142565984, 9.142678169
9.152565915, 9.152715485
9.162565913, 9.162672257
9.172565986, 9.172691018
9.182565918, 9.182683879
9.192565926, 9.192671285
9.202565911, 9.202690723
9.212565931, 9.212741396
9.222565930, 9.222643819
9.232565964, 9.232652846
9.242565918, 9.242708282
9.252565917, 9.252722218
9.262565919, 9.262681678
9.272565986, 9.272668941
9.282565979, 9.282721693
9.292565921, 9.292723369
9.302565905, 9.302672550
9.312565917, 9.312703530
9.322565908, 9.322671295
9.332565915, 9.332747872
9.342565913, 9.342794508
9.352565915, 9.352675974
9.362565918, 9.362709197
9.372565975, 9.372689901
9.382565916, 9.382722393
9.392565923, 9.392701642
9.402565913, 9.402716901
9.412565918, 9.412717477
9.422565938, 9.422711898
9.432565915, 9.432716438
9.442565913, 9.442785537
9.452565928, 9.452739534
9.462565932, 9.462807422
9.472565912, 9.472791435
9.482565929, 9.482764862
9.492565981, 9.492676178
9.502565916, 9.502718316
9.512565914, 9.512698459
9.522566044, 9.522648548
9.532565917, 9.532738348
9.542565918, 9.542690810
9.552566015, 9.552727757
9.562565918, 9.562717179
9.572565978, 9.572775812
9.582565910, 9.582689970
9.592565907, 9.592707214
9.602565910, 9.602644589
9.612565967, 9.612702866
9.622565914, 9.622673483
9.632565914, 9.632673546
9.642565916, 9.642715768
9.652565914, 9.652652562
9.662565913, 9.662684411
9.672565915, 9.672698745
9.682565919, 9.682673172
9.692565907, 9.692708847
9.702565913, 9.702663390
9.712565907, 9.712707329
9.722565908, 9.722652256
9.732565909, 9.732723592
9.742565914, 9.742740430
9.752565915, 9.752705910
9.762565968, 9.762692026
9.772565912, 9.772754497
9.782565971, 9.782725003
9.792565988, 9.792713195
9.802565921, 9.802732932
9.812565914, 9.812654916
9.822565910, 9.822697989
9.832565906, 9.832714818
9.842565911, 9.842708726
9.852565986, 9.852686567
9.862565916, 9.862691947
9.872565921, 9.872658020
9.882565971, 9.882709179
9.892565931, 9.892694679
9.902565973, 9.902717460
9.912565985, 9.912691742
9.922565943, 9.922712840
9.932565988, 9.932678748
9.942565924, 9.942674404
9.952566169, 9.952684023
9.962565913, 9.962709305
9.972565920, 9.972707977
9.982565908, 9.982738176
9.992565915, 9.992734295
10.002565911, 10.002735392
10.012565914, 10.012746158
10.022565918, 10.022740569
10.032565912, 10.032744115
10.042565984, 10.042751089
10.052565923, 10.052797263
10.062565929, 10.062742808
10.072565906, 10.072741639
10.082565921, 10.082744772
10.092565915, 10.092741143
10.102565911, 10.102747027
10.112565909, 10.112740223
10.122565908, 10.122738701
10.132565910, 10.132742312
10.142565916, 10.142739583
10.152565915, 10.152738744
10.162565916, 10.162737047
10.172565912, 10.172741613
10.182565910, 10.182747997
10.192565915, 10.192737900
10.202565908, 10.202739376
10.212565915, 10.212735014
10.222565910, 10.222740010
10.232565915, 10.232734119
10.242565914, 10.242734370
10.252565910, 10.252735066
10.262565932, 10.262736669
10.272565918, 10.272738660
10.282565910, 10.282736778
10.292565915, 10.292739414
10.302565913, 10.302736575
10.312565912, 10.312741433
10.322565916, 10.322733605
10.332565918, 10.332744553
10.342565906, 10.342746596
10.352565915, 10.352743580
10.362565913, 10.362743726
10.372565909, 10.372747001
10.382565913, 10.382734083
10.392565914, 10.392742681
10.402565910, 10.402745047
10.412565910, 10.412744845
10.422565914, 10.422745469
10.432565915, 10.432753017
10.442565911, 10.442743835
10.452565917, 10.452751434
10.462565911, 10.462750095
10.472565910, 10.472742083
10.482565916, 10.482741199
10.492565918, 10.492743100
10.502565930, 10.502747033
10.512565915, 10.512742225
10.522565919, 10.522749468
10.532565906, 10.532747231
10.542565913, 10.542748810
10.552565910, 10.552744783
10.562565913, 10.562740267
10.572565909, 10.572741797
10.582565919, 10.582749281
10.592565915, 10.592741517
10.602565914, 10.602745888
10.612565914, 10.612745544
10.622565918, 10.622744717
10.632565918, 10.632744311
10.642565913, 10.642760306
10.652565918, 10.652741102
10.662565916, 10.662746258
10.672565925, 10.672748214
10.682565913, 10.682737058
10.692565915, 10.692745899
10.702565913, 10.702750894
10.712565907, 10.712746965
10.722565911, 10.722743916
10.732565914, 10.732744265
10.742565914, 10.742745053
10.752565914, 10.752743439
10.762565921, 10.762745357
10.772565915, 10.772744856
10.782565911, 10.782741484
10.792565906, 10.792742678
10.802565914, 10.802743729
10.812565917, 10.812743542
10.822565916, 10.822747148
10.832565915, 10.832734722
10.842565916, 10.842743860
10.852565912, 10.852745181
10.862565922, 10.862735969
10.872565914, 10.872741215
10.882565913, 10.882746859
10.892565915, 10.892745914
10.902565918, 10.902748895
10.912565907, 10.912744606
10.922565914, 10.922748992
10.932565931, 10.932753570
10.942565908, 10.942747691
10.952565920, 10.952746147
10.962565914, 10.962745468
10.972565904, 10.972746304
10.982565913, 10.982745133
10.992565915, 10.992742872
11.002565918, 11.002745712
11.012565906, 11.012748023
11.022565908, 11.022743935
11.032565917, 11.032744435
11.042565905, 11.042741572
11.052565907, 11.052741966
11.062565908, 11.062747380
11.072565907, 11.072742349
11.082565919, 11.082745650
11.092565910, 11.092740125
11.102565919, 11.102744671
11.112565918, 11.112741293
11.122565918, 11.122738084
11.132565914, 11.132743104
11.142565921, 11.142748687
11.152565910, 11.152742001
11.162565921, 11.162744189
11.172565917, 11.172749982
11.182565906, 11.182747089
11.192565914, 11.192746145
11.202565914, 11.202735668
11.212565909, 11.212739360
11.222565929, 11.222746760
11.232565910, 11.232737535
11.242565914, 11.242737913
11.252565909, 11.252746857
11.262565908, 11.262737586
11.272565903, 11.272742862
11.282565919, 11.282746537
11.292565920, 11.292742788
11.302565914, 11.302743290
11.312565914, 11.312740979
11.322565919, 11.322743756
11.332565912, 11.332738489
11.342565916, 11.342745543
11.352565915, 11.352747443
11.362565908, 11.362746813
11.372565909, 11.372741266
11.382565919, 11.382748145
11.392565910, 11.392742781
11.402565916, 11.402743316
11.412565906, 11.412744875
11.422565911, 11.422747666
11.432565921, 11.432751884
11.442565914, 11.442742555
11.452565915, 11.452745434
11.462565921, 11.462751047
11.472565907, 11.472737433
11.482565919, 11.482745486
11.492565915, 11.492745907
11.502565910, 11.502734705
11.512565903, 11.512745766
11.522565924, 11.522742868
11.532565918, 11.532735164
11.542565914, 11.542748287
11.552565909, 11.552743723
11.562565911, 11.562743681
11.572565910, 11.572747024
11.582565916, 11.582743293
11.592565915, 11.592743469
11.602565908, 11.602746832
11.612565909, 11.612743258
11.622565914, 11.622745847
11.632565914, 11.632745007
11.642565919, 11.642743031
11.652565912, 11.652747709
11.662565911, 11.662741555
11.672565915, 11.672747122
11.682565916, 11.682744225
11.692565921, 11.692745289
11.702565932, 11.702744686
11.712565921, 11.712741536
11.722565911, 11.722744548
11.732565915, 11.732737908
11.742565910, 11.742744538
11.752565904, 11.752743829
11.762565929, 11.762742213
11.772565915, 11.772742008
11.782565918, 11.782745569
11.792565907, 11.792745352
11.802565905, 11.802745913
11.812565910, 11.812747312
11.822565906, 11.822742705
11.832565906, 11.832740926
11.842565910, 11.842738054
11.852565914, 11.852741067
11.862565916, 11.862746969
11.872565912, 11.872745229
11.882565916, 11.882744451
11.892565907, 11.892745100
11.902565911, 11.902745355
11.912565917, 11.912747821
11.922565913, 11.922744709
11.932565914, 11.932751760
11.942565924, 11.942753003
11.952565909, 11.952742190
11.962565916, 11.962745433
11.972565910, 11.972747279
11.982565914, 11.982742541
11.992565915, 11.992744036
12.002565922, 12.002743334
12.012565910, 12.012741853
12.022565914, 12.022748288
12.032565909, 12.032741855
12.042565914, 12.042742798
12.052565917, 12.052745266
------------------------------
