------------------------------
test was performed using the following parameters: --mps=100 --burst=1 --reply-every=1 --msg-size=12 --time=10
------------------------------
sockperf: [Total Run] RunTime=10.100 sec; SentMessages=1011; ReceivedMessages=1010
sockperf: ========= Printing statistics for Server No: 0
sockperf: [Valid Duration] RunTime=9.990 sec; SentMessages=1000; ReceivedMessages=1000
sockperf: [2;35m====> avg-lat= 60.896 (std-dev=22.990)[0m
sockperf: # dropped messages = 0; # duplicated messages = 0; # out-of-order messages = 0
sockperf: [2;35mTotal 1000 observations[0m; each percentile contains 10.00 observations
sockperf: ---> <MAX> observation =  139.299
sockperf: ---> percentile  99.99 =  139.299
sockperf: ---> percentile  99.90 =  138.273
sockperf: ---> percentile  99.50 =  129.898
sockperf: ---> percentile  99.00 =  122.795
sockperf: ---> percentile  95.00 =   94.125
sockperf: ---> percentile  90.00 =   90.098
sockperf: ---> percentile  75.00 =   83.844
sockperf: ---> percentile  50.00 =   53.880
sockperf: ---> percentile  25.00 =   40.958
sockperf: ---> <MIN> observation =   26.628
------------------------------
txTime, rxTime
2.063115661, 2.063250659
2.073115638, 2.073262111
2.083115654, 2.083245111
2.093115634, 2.093206922
2.103115635, 2.103187861
2.113115635, 2.113218189
2.123115634, 2.123209160
2.133115626, 2.133192596
2.143115634, 2.143184293
2.153115738, 2.153197368
2.163115634, 2.163175985
2.173115627, 2.173181015
2.183115635, 2.183203407
2.193115638, 2.193200232
2.203115642, 2.203189041
2.213115638, 2.213200219
2.223115632, 2.223204479
2.233115640, 2.233198650
2.243115648, 2.243188673
2.253115621, 2.253190601
2.263115631, 2.263189544
2.273115635, 2.273194328
2.283115642, 2.283192418
2.293115634, 2.293190467
2.303115624, 2.303181525
2.313115640, 2.313241100
2.323115635, 2.323233000
2.333115635, 2.333260051
2.343115634, 2.343244283
2.353115638, 2.353258578
2.363115638, 2.363290700
2.373115638, 2.373260340
2.383115643, 2.383300380
2.393115638, 2.393310684
2.403115632, 2.403269632
2.413115632, 2.413256459
2.423115638, 2.423238390
2.433115634, 2.433275317
2.443115649, 2.443236815
2.453115633, 2.453191697
2.463115631, 2.463243571
2.473115627, 2.473271378
2.483115632, 2.483252388
2.493115645, 2.493263203
2.503115629, 2.503249773
2.513115670, 2.513270664
2.523115636, 2.523259936
2.533115628, 2.533261705
2.543115637, 2.543259089
2.553115629, 2.553253640
2.563115637, 2.563272296
2.573115630, 2.573282082
2.583115634, 2.583251758
2.593115628, 2.593255676
2.603115730, 2.603220688
2.613115628, 2.613263137
2.623115633, 2.623221627
2.633115633, 2.633208982
2.643115633, 2.643248016
2.653115629, 2.653260353
2.663115634, 2.663257271
2.673115622, 2.673262526
2.683115626, 2.683251091
2.693115629, 2.693263041
2.703115633, 2.703234716
2.713115628, 2.713269046
2.723115629, 2.723232282
2.733115631, 2.733316397
2.743115635, 2.743256301
2.753115640, 2.753361231
2.763115631, 2.763232327
2.773115629, 2.773293609
2.783115633, 2.783262010
2.793115632, 2.793289493
2.803115677, 2.803319962
2.813115626, 2.813307072
2.823115634, 2.823301065
2.833115635, 2.833280682
2.843115633, 2.843257948
2.853115632, 2.853283479
2.863115640, 2.863211740
2.873115632, 2.873255970
2.883115631, 2.883253980
2.893115631, 2.893200298
2.903115627, 2.903248662
2.913115623, 2.913235006
2.923115628, 2.923242233
2.933115627, 2.933253556
2.943115635, 2.943193515
2.953115630, 2.953186086
2.963115629, 2.963175434
2.973115624, 2.973194235
2.983115630, 2.983175279
2.993115629, 2.993188971
3.003115622, 3.003194148
3.013115727, 3.013182491
3.023115630, 3.023239184
3.033115624, 3.033249652
3.043115625, 3.043224886
3.053115629, 3.053253453
3.063115632, 3.063235428
3.073115630, 3.073252204
3.083115627, 3.083221553
3.093115630, 3.093235818
3.103115629, 3.103223623
3.113115635, 3.113230200
3.123115629, 3.123230392
3.133115629, 3.133253744
3.143115625, 3.143237440
3.153115623, 3.153242902
3.163115631, 3.163202193
3.173115629, 3.173193078
3.183115628, 3.183183902
3.193115628, 3.193196051
3.203115729, 3.203197880
3.213115623, 3.213192013
3.223115631, 3.223179568
3.233115629, 3.233181935
3.243115633, 3.243206870
3.253115629, 3.253191170
3.263115631, 3.263193587
3.273115626, 3.273195267
3.283115636, 3.283175431
3.293115625, 3.293190707
3.303115633, 3.303183706
3.313115633, 3.313183368
3.323115633, 3.323181982
3.333115623, 3.333192777
3.343115631, 3.343188157
3.353115631, 3.353192793
3.363115631, 3.363188323
3.373115636, 3.373181745
3.383115626, 3.383198099
3.393115631, 3.393188252
3.403115629, 3.403181846
3.413115628, 3.413240319
3.423115629, 3.423281518
3.433115640, 3.433285271
3.443115636, 3.443273781
3.453115626, 3.453329754
3.463115628, 3.463250711
3.473115640, 3.473231741
3.483115634, 3.483243653
3.493115723, 3.493295402
3.503115629, 3.503297070
3.513115623, 3.513237004
3.523115629, 3.523278464
3.533115626, 3.533224008
3.543115635, 3.543226386
3.553115627, 3.553367358
3.563115631, 3.563316222
3.573115631, 3.573280101
3.583115629, 3.583222713
3.593115637, 3.593318414
3.603115631, 3.603294677
3.613115631, 3.613216040
3.623115635, 3.623299691
3.633115625, 3.633259733
3.643115638, 3.643276529
3.653115627, 3.653328866
3.663115633, 3.663222691
3.673115633, 3.673265616
3.683115629, 3.683289170
3.693115627, 3.693260337
3.703115627, 3.703246245
3.713115634, 3.713278112
3.723115632, 3.723298461
3.733115629, 3.733316073
3.743115629, 3.743218696
3.753115626, 3.753209979
3.763115631, 3.763198314
3.773115633, 3.773200863
3.783115632, 3.783218124
3.793115632, 3.793195228
3.803115626, 3.803194068
3.813115623, 3.813196834
3.823115627, 3.823179924
3.833115637, 3.833213750
3.843115635, 3.843198877
3.853115635, 3.853185090
3.863115626, 3.863226745
3.873115624, 3.873236799
3.883115635, 3.883218525
3.893115632, 3.893292016
3.903115634, 3.903316180
3.913115631, 3.913255733
3.923115634, 3.923244516
3.933115621, 3.933246605
3.943115629, 3.943263389
3.953115642, 3.953248519
3.963115628, 3.963226474
3.973115633, 3.973236424
3.983115627, 3.983232856
3.993115625, 3.993216716
4.003115631, 4.003268857
4.013115623, 4.013195530
4.023115634, 4.023200607
4.033115639, 4.033253032
4.043115637, 4.043262777
4.053115633, 4.053280138
4.063115634, 4.063256299
4.073115632, 4.073248896
4.083115635, 4.083181026
4.093115633, 4.093179419
4.103115628, 4.103178772
4.113115633, 4.113282885
4.123115642, 4.123333627
4.133115634, 4.133278461
4.143115631, 4.143355273
4.153115632, 4.153293315
4.163115635, 4.163297627
4.173115627, 4.173377839
4.183115634, 4.183333244
4.193115634, 4.193272302
4.203115629, 4.203261524
4.213115627, 4.213322715
4.223115633, 4.223285528
4.233115629, 4.233288487
4.243115636, 4.243279953
4.253115629, 4.253269370
4.263115636, 4.263320626
4.273115629, 4.273320030
4.283115635, 4.283217867
4.293115627, 4.293233200
4.303115631, 4.303248602
4.313115623, 4.313245491
4.323115632, 4.323229563
4.333115627, 4.333239436
4.343115632, 4.343226160
4.353115623, 4.353239227
4.363115626, 4.363200554
4.373115632, 4.373197873
4.383115632, 4.383205119
4.393115634, 4.393198039
4.403115624, 4.403251323
4.413115632, 4.413304339
4.423115632, 4.423341193
4.433115627, 4.433193959
4.443115634, 4.443179103
4.453115635, 4.453190817
4.463115631, 4.463187432
4.473115632, 4.473206551
4.483115634, 4.483252957
4.493115626, 4.493303339
4.503115631, 4.503264587
4.513115632, 4.513293205
4.523115631, 4.523306052
4.533115768, 4.533293637
4.543115633, 4.543271976
4.553115627, 4.553286496
4.563115629, 4.563233324
4.573115629, 4.573260002
4.583115637, 4.583253595
4.593115640, 4.593266758
4.603115638, 4.603266313
4.613115626, 4.613293294
4.623115634, 4.623267319
4.633115627, 4.633316976
4.643115629, 4.643232683
4.653115629, 4.653304728
4.663115630, 4.663270597
4.673115625, 4.673260980
4.683115634, 4.683240552
4.693115634, 4.693309472
4.703115629, 4.703273020
4.713115626, 4.713289696
4.723115627, 4.723346925
4.733115631, 4.733328708
4.743115637, 4.743305104
4.753115634, 4.753252882
4.763115628, 4.763347402
4.773115629, 4.773319498
4.783115635, 4.783245308
4.793115629, 4.793232242
4.803115635, 4.803176629
4.813115632, 4.813194656
4.823115626, 4.823179331
4.833115629, 4.833181054
4.843115629, 4.843192502
4.853115626, 4.853187075
4.863115626, 4.863176280
4.873115632, 4.873185214
4.883115629, 4.883189890
4.893115624, 4.893172115
4.903115640, 4.903272947
4.913115631, 4.913280450
4.923115631, 4.923234967
4.933115629, 4.933189765
4.943115631, 4.943185990
4.953115727, 4.953290040
4.963115640, 4.963189835
4.973115627, 4.973187107
4.983115632, 4.983182139
4.993115629, 4.993236275
5.003115632, 5.003230625
5.013115626, 5.013238921
5.023115635, 5.023222043
5.033115627, 5.033238430
5.043115640, 5.043234677
5.053115634, 5.053237473
5.063115627, 5.063257364
5.073115632, 5.073233180
5.083115635, 5.083236373
5.093115631, 5.093193198
5.103115631, 5.103197005
5.113115636, 5.113187527
5.123115634, 5.123200599
5.133115625, 5.133186202
5.143115629, 5.143196662
5.153115631, 5.153189463
5.163115631, 5.163188350
5.173115631, 5.173198507
5.183115623, 5.183193866
5.193115625, 5.193181682
5.203115637, 5.203185962
5.213115633, 5.213170805
5.223115628, 5.223182151
5.233115636, 5.233174168
5.243115636, 5.243192008
5.253115633, 5.253179022
5.263115636, 5.263199651
5.273115631, 5.273170415
5.283115626, 5.283171111
5.293115629, 5.293193168
5.303115628, 5.303183447
5.313115724, 5.313197349
5.323115634, 5.323170631
5.333115634, 5.333183210
5.343115628, 5.343210855
5.353115628, 5.353230572
5.363115626, 5.363198200
5.373115634, 5.373226652
5.383115629, 5.383186788
5.393115631, 5.393184177
5.403115636, 5.403181267
5.413115633, 5.413187786
5.423115628, 5.423178535
5.433115636, 5.433183662
5.443115634, 5.443238137
5.453115631, 5.453180180
5.463115629, 5.463216651
5.473115633, 5.473319597
5.483115634, 5.483348123
5.493115625, 5.493182759
5.503115628, 5.503175174
5.513115633, 5.513197889
5.523115628, 5.523235340
5.533115633, 5.533242355
5.543115629, 5.543242027
5.553115718, 5.553232113
5.563115633, 5.563229173
5.573115645, 5.573233559
5.583115634, 5.583240398
5.593115633, 5.593199879
5.603115633, 5.603229813
5.613115623, 5.613240557
5.623115629, 5.623233357
5.633115633, 5.633239316
5.643115645, 5.643245965
5.653115636, 5.653255466
5.663115631, 5.663223365
5.673115629, 5.673253880
5.683115628, 5.683242461
5.693115625, 5.693240939
5.703115633, 5.703253831
5.713115632, 5.713236511
5.723115629, 5.723250473
5.733115632, 5.733255525
5.743115629, 5.743239713
5.753115633, 5.753232893
5.763115633, 5.763238823
5.773115734, 5.773233657
5.783115628, 5.783281854
5.793115629, 5.793243375
5.803115637, 5.803262734
5.813115634, 5.813267787
5.823115628, 5.823252815
5.833115637, 5.833225003
5.843115636, 5.843224819
5.853115629, 5.853281173
5.863115636, 5.863251017
5.873115633, 5.873255174
5.883115633, 5.883249643
5.893115635, 5.893275295
5.903115629, 5.903187918
5.913115738, 5.913198194
5.923115631, 5.923201043
5.933115629, 5.933196915
5.943115627, 5.943191793
5.953115643, 5.953213499
5.963115634, 5.963190414
5.973115626, 5.973195078
5.983115627, 5.983206911
5.993115632, 5.993190953
6.003115631, 6.003188256
6.013115631, 6.013226921
6.023115631, 6.023200461
6.033115643, 6.033193061
6.043115629, 6.043193127
6.053115632, 6.053190545
6.063115627, 6.063193817
6.073115631, 6.073182217
6.083115629, 6.083198921
6.093115626, 6.093210754
6.103115631, 6.103190448
6.113115634, 6.113211177
6.123115631, 6.123189099
6.133115627, 6.133176253
6.143115629, 6.143298241
6.153115626, 6.153223228
6.163115635, 6.163199874
6.173115631, 6.173303469
6.183115634, 6.183266905
6.193115629, 6.193215452
6.203115626, 6.203218986
6.213115642, 6.213201722
6.223115634, 6.223190203
6.233115631, 6.233195683
6.243115629, 6.243191655
6.253115627, 6.253182147
6.263115631, 6.263194515
6.273115626, 6.273191848
6.283115632, 6.283204713
6.293115637, 6.293186014
6.303115724, 6.303193964
6.313115635, 6.313178132
6.323115627, 6.323182923
6.333115627, 6.333186120
6.343115624, 6.343174363
6.353115631, 6.353191927
6.363115632, 6.363197804
6.373115634, 6.373190269
6.383115634, 6.383231434
6.393115624, 6.393205164
6.403115631, 6.403184476
6.413115730, 6.413169979
6.423115635, 6.423185000
6.433115631, 6.433187958
6.443115629, 6.443192401
6.453115632, 6.453221116
6.463115629, 6.463188769
6.473115626, 6.473228344
6.483115629, 6.483211063
6.493115626, 6.493210544
6.503115627, 6.503194821
6.513115626, 6.513210100
6.523115629, 6.523184489
6.533115634, 6.533185135
6.543115629, 6.543174880
6.553115635, 6.553220762
6.563115632, 6.563182299
6.573115627, 6.573186977
6.583115634, 6.583193062
6.593115632, 6.593261598
6.603115631, 6.603293828
6.613115642, 6.613262663
6.623115642, 6.623206352
6.633115632, 6.633208371
6.643115627, 6.643207833
6.653115629, 6.653178620
6.663115637, 6.663185419
6.673115635, 6.673200759
6.683115627, 6.683223296
6.693115623, 6.693253038
6.703115627, 6.703276637
6.713115634, 6.713299203
6.723115631, 6.723249660
6.733115627, 6.733242131
6.743115624, 6.743266370
6.753115632, 6.753251888
6.763115634, 6.763247311
6.773115634, 6.773289696
6.783115627, 6.783263733
6.793115631, 6.793223393
6.803115632, 6.803223713
6.813115627, 6.813222811
6.823115629, 6.823208334
6.833115625, 6.833213871
6.843115633, 6.843208652
6.853115632, 6.853197767
6.863115622, 6.863199177
6.873115648, 6.873265582
6.883115629, 6.883198825
6.893115629, 6.893212125
6.903115635, 6.903195238
6.913115630, 6.913212771
6.923115625, 6.923199016
6.933115725, 6.933218791
6.943115633, 6.943198482
6.953115629, 6.953198386
6.963115627, 6.963195934
6.973115632, 6.973215100
6.983115632, 6.983194898
6.993115629, 6.993204477
7.003115632, 7.003198490
7.013115627, 7.013211268
7.023115627, 7.023188448
7.033115633, 7.033186378
7.043115629, 7.043186077
7.053115629, 7.053183598
7.063115632, 7.063188226
7.073115633, 7.073212979
7.083115633, 7.083179272
7.093115637, 7.093241949
7.103115627, 7.103225372
7.113115660, 7.113196193
7.123115625, 7.123191655
7.133115633, 7.133241778
7.143115633, 7.143191797
7.153115630, 7.153210128
7.163115627, 7.163212814
7.173115624, 7.173200735
7.183115629, 7.183193547
7.193115627, 7.193203929
7.203115637, 7.203199602
7.213115625, 7.213192732
7.223115630, 7.223190585
7.233115624, 7.233198961
7.243115632, 7.243189844
7.253115627, 7.253210632
7.263115627, 7.263183672
7.273115624, 7.273211449
7.283115629, 7.283186164
7.293115629, 7.293179136
7.303115632, 7.303194494
7.313115629, 7.313202057
7.323115635, 7.323234203
7.333115629, 7.333210182
7.343115640, 7.343185660
7.353115627, 7.353210970
7.363115632, 7.363212113
7.373115632, 7.373226231
7.383115632, 7.383195320
7.393115633, 7.393201987
7.403115627, 7.403201992
7.413115630, 7.413199977
7.423115630, 7.423187558
7.433115637, 7.433273026
7.443115632, 7.443188685
7.453115629, 7.453178977
7.463115625, 7.463191085
7.473115629, 7.473210232
7.483115630, 7.483197418
7.493115635, 7.493204959
7.503115630, 7.503193374
7.513115637, 7.513199480
7.523115630, 7.523188358
7.533115630, 7.533202792
7.543115723, 7.543185112
7.553115632, 7.553270452
7.563115640, 7.563199248
7.573115632, 7.573267410
7.583115637, 7.583188493
7.593115624, 7.593199823
7.603115632, 7.603218509
7.613115632, 7.613190747
7.623115630, 7.623203378
7.633115632, 7.633181995
7.643115627, 7.643190278
7.653115624, 7.653207881
7.663115632, 7.663189094
7.673115633, 7.673206028
7.683115637, 7.683197577
7.693115627, 7.693217032
7.703115625, 7.703183323
7.713115629, 7.713176455
7.723115627, 7.723168884
7.733115629, 7.733191432
7.743115629, 7.743188163
7.753115635, 7.753202091
7.763115632, 7.763200716
7.773115627, 7.773180333
7.783115629, 7.783187297
7.793115660, 7.793224010
7.803115633, 7.803213254
7.813115641, 7.813208577
7.823115635, 7.823210447
7.833115624, 7.833210450
7.843115633, 7.843205464
7.853115632, 7.853208469
7.863115630, 7.863206062
7.873115630, 7.873205064
7.883115727, 7.883208906
7.893115624, 7.893205720
7.903115627, 7.903202417
7.913115633, 7.913204247
7.923115633, 7.923205865
7.933115635, 7.933210531
7.943115632, 7.943203373
7.953115632, 7.953205270
7.963115638, 7.963203896
7.973115635, 7.973208786
7.983115629, 7.983209127
7.993115633, 7.993206460
8.003115630, 8.003204335
8.013115722, 8.013207322
8.023115624, 8.023201362
8.033115635, 8.033207434
8.043115635, 8.043202777
8.053115629, 8.053208566
8.063115638, 8.063211251
8.073115632, 8.073204506
8.083115635, 8.083207783
8.093115624, 8.093206885
8.103115635, 8.103205374
8.113115630, 8.113205380
8.123115640, 8.123210493
8.133115622, 8.133210182
8.143115629, 8.143204442
8.153115629, 8.153209640
8.163115632, 8.163206869
8.173115635, 8.173210016
8.183115630, 8.183211513
8.193115625, 8.193211975
8.203115638, 8.203202794
8.213115633, 8.213204662
8.223115640, 8.223209239
8.233115632, 8.233210884
8.243115629, 8.243204316
8.253115625, 8.253205210
8.263115633, 8.263209781
8.273115660, 8.273207793
8.283115633, 8.283205145
8.293115635, 8.293205915
8.303115635, 8.303205366
8.313115624, 8.313208827
8.323115630, 8.323208254
8.333115633, 8.333208372
8.343115625, 8.343206206
8.353115630, 8.353210392
8.363115625, 8.363206350
8.373115625, 8.373206555
8.383115630, 8.383207142
8.393115635, 8.393208505
8.403115635, 8.403209528
8.413115627, 8.413206618
8.423115624, 8.423209256
8.433115629, 8.433206784
8.443115731, 8.443209777
8.453115625, 8.453208699
8.463115629, 8.463210341
8.473115630, 8.473203651
8.483115629, 8.483207294
8.493115622, 8.493210532
8.503115633, 8.503230257
8.513115722, 8.513214617
8.523115643, 8.523253961
8.533115632, 8.533227576
8.543115629, 8.543221029
8.553115622, 8.553262324
8.563115637, 8.563231440
8.573115635, 8.573209100
8.583115627, 8.583204300
8.593115627, 8.593311519
8.603115625, 8.603290733
8.613115627, 8.613254913
8.623115643, 8.623308946
8.633115633, 8.633247236
8.643115632, 8.643269879
8.653115630, 8.653259329
8.663115630, 8.663244361
8.673115624, 8.673222935
8.683115634, 8.683272616
8.693115942, 8.693373225
8.703115627, 8.703273566
8.713115637, 8.713223829
8.723115634, 8.723266043
8.733115629, 8.733268635
8.743115627, 8.743237039
8.753115629, 8.753264155
8.763115634, 8.763317241
8.773115632, 8.773266534
8.783115632, 8.783256548
8.793115716, 8.793210454
8.803115637, 8.803207267
8.813115634, 8.813256737
8.823115631, 8.823192478
8.833115627, 8.833207084
8.843115631, 8.843190885
8.853115623, 8.853194407
8.863115634, 8.863193136
8.873115635, 8.873191444
8.883115631, 8.883228794
8.893115634, 8.893189562
8.903115631, 8.903195186
8.913115725, 8.913195222
8.923115627, 8.923185747
8.933115626, 8.933193989
8.943115626, 8.943201422
8.953115640, 8.953204828
8.963115631, 8.963192333
8.973115620, 8.973197374
8.983115629, 8.983190528
8.993115634, 8.993190399
9.003115634, 9.003190768
9.013115626, 9.013198265
9.023115626, 9.023193503
9.033115638, 9.033199760
9.043115634, 9.043201189
9.053115627, 9.053205947
9.063115638, 9.063198580
9.073115634, 9.073195453
9.083115638, 9.083285108
9.093115637, 9.093215039
9.103115631, 9.103201070
9.113115627, 9.113279347
9.123115635, 9.123214033
9.133115635, 9.133191840
9.143115627, 9.143203743
9.153115627, 9.153200529
9.163115627, 9.163202000
9.173115728, 9.173190730
9.183115642, 9.183190329
9.193115638, 9.193202212
9.203115631, 9.203192560
9.213115845, 9.213203775
9.223115634, 9.223212974
9.233115632, 9.233192137
9.243115629, 9.243191256
9.253115635, 9.253203625
9.263115624, 9.263197414
9.273115627, 9.273190310
9.283115635, 9.283186672
9.293115627, 9.293203161
9.303115632, 9.303191666
9.313115627, 9.313188924
9.323115830, 9.323194902
9.333115623, 9.333195029
9.343115634, 9.343195468
9.353115634, 9.353195143
9.363115627, 9.363209156
9.373115637, 9.373192859
9.383115632, 9.383189568
9.393115627, 9.393245606
9.403115635, 9.403199139
9.413115635, 9.413189671
9.423115629, 9.423190193
9.433115632, 9.433194646
9.443115627, 9.443194063
9.453115627, 9.453214810
9.463115627, 9.463193353
9.473115626, 9.473196743
9.483115627, 9.483198659
9.493115634, 9.493197551
9.503115627, 9.503202875
9.513115632, 9.513197472
9.523115637, 9.523205294
9.533115634, 9.533191559
9.543115635, 9.543195074
9.553115629, 9.553206454
9.563115638, 9.563192854
9.573115626, 9.573190620
9.583115635, 9.583195118
9.593115635, 9.593191900
9.603115631, 9.603192367
9.613115627, 9.613195287
9.623115631, 9.623186824
9.633115631, 9.633188760
9.643115642, 9.643191891
9.653115637, 9.653197824
9.663115632, 9.663203878
9.673115632, 9.673201958
9.683115626, 9.683201092
9.693115627, 9.693204620
9.703115627, 9.703207773
9.713115634, 9.713190525
9.723115626, 9.723195663
9.733115632, 9.733201031
9.743115629, 9.743192540
9.753115631, 9.753191433
9.763115632, 9.763218162
9.773115627, 9.773192952
9.783115632, 9.783188163
9.793115629, 9.793194017
9.803115635, 9.803193842
9.813115631, 9.813206611
9.823115631, 9.823210561
9.833115631, 9.833208739
9.843115627, 9.843210403
9.853115632, 9.853210970
9.863115719, 9.863206473
9.873115634, 9.873210397
9.883115642, 9.883210559
9.893115635, 9.893237824
9.903115637, 9.903246564
9.913115631, 9.913208458
9.923115624, 9.923204118
9.933115623, 9.933207531
9.943115629, 9.943208673
9.953115627, 9.953205458
9.963115967, 9.963220146
9.973115631, 9.973205150
9.983115627, 9.983205210
9.993115646, 9.993200778
10.003115638, 10.003262465
10.013115659, 10.013273876
10.023115637, 10.023264715
10.033115627, 10.033271518
10.043115635, 10.043268988
10.053115632, 10.053271779
10.063115637, 10.063268064
10.073115635, 10.073262514
10.083115627, 10.083273260
10.093115634, 10.093294318
10.103115629, 10.103268602
10.113115626, 10.113271624
10.123115635, 10.123295232
10.133115637, 10.133292311
10.143115631, 10.143292442
10.153115627, 10.153297237
10.163115624, 10.163292132
10.173115621, 10.173290792
10.183115631, 10.183289298
10.193115635, 10.193307840
10.203115632, 10.203291722
10.213115632, 10.213293315
10.223115621, 10.223292213
10.233115626, 10.233291651
10.243115627, 10.243293965
10.253115627, 10.253293402
10.263115627, 10.263289522
10.273115632, 10.273293725
10.283115624, 10.283288157
10.293115623, 10.293293523
10.303115627, 10.303292941
10.313115624, 10.313290778
10.323115624, 10.323288496
10.333115634, 10.333292399
10.343115638, 10.343289101
10.353115623, 10.353292182
10.363115626, 10.363297381
10.373115631, 10.373292895
10.383115629, 10.383295203
10.393115640, 10.393285361
10.403115624, 10.403291285
10.413115624, 10.413293227
10.423115640, 10.423289546
10.433115629, 10.433349422
10.443115634, 10.443291229
10.453115624, 10.453290913
10.463115631, 10.463291362
10.473115629, 10.473298734
10.483115624, 10.483284939
10.493115629, 10.493384597
10.503115626, 10.503297490
10.513115632, 10.513303884
10.523115629, 10.523289758
10.533115645, 10.533293541
10.543115637, 10.543296837
10.553115629, 10.553296845
10.563115634, 10.563296114
10.573115627, 10.573299343
10.583115632, 10.583285818
10.593115627, 10.593392174
10.603115627, 10.603295275
10.613115637, 10.613298099
10.623115627, 10.623295499
10.633115627, 10.633295014
10.643115624, 10.643296959
10.653115621, 10.653304016
10.663115624, 10.663297843
10.673115632, 10.673297123
10.683115627, 10.683298617
10.693115629, 10.693394229
10.703115631, 10.703295912
10.713115631, 10.713297464
10.723115632, 10.723297542
10.733115632, 10.733297859
10.743115624, 10.743288424
10.753115632, 10.753296934
10.763115623, 10.763296460
10.773115621, 10.773296713
10.783115627, 10.783294850
10.793115627, 10.793308377
10.803115627, 10.803295121
10.813115624, 10.813302252
10.823115627, 10.823294717
10.833115626, 10.833296679
10.843115631, 10.843294261
10.853115626, 10.853287295
10.863115631, 10.863294559
10.873115629, 10.873299414
10.883115632, 10.883294215
10.893115623, 10.893290302
10.903115631, 10.903291190
10.913115631, 10.913294249
10.923115626, 10.923285989
10.933115629, 10.933296901
10.943115631, 10.943286164
10.953115626, 10.953296421
10.963115629, 10.963284598
10.973115631, 10.973295631
10.983115634, 10.983290378
10.993115627, 10.993298255
11.003115623, 11.003293527
11.013115631, 11.013297090
11.023115634, 11.023295396
11.033115634, 11.033293964
11.043115629, 11.043284881
11.053115629, 11.053284416
11.063115629, 11.063287486
11.073115621, 11.073295688
11.083115629, 11.083296432
11.093115631, 11.093313635
11.103115625, 11.103295822
11.113115629, 11.113296447
11.123115629, 11.123295866
11.133115624, 11.133296024
11.143115629, 11.143284404
11.153115627, 11.153294726
11.163115632, 11.163293555
11.173115624, 11.173295691
11.183115626, 11.183285735
11.193115621, 11.193292586
11.203115634, 11.203293771
11.213115626, 11.213297479
11.223115626, 11.223297182
11.233115632, 11.233294086
11.243115631, 11.243286493
11.253115621, 11.253293618
11.263115627, 11.263285973
11.273115626, 11.273293905
11.283115632, 11.283294409
11.293115632, 11.293375429
11.303115634, 11.303217892
11.313115631, 11.313292633
11.323115629, 11.323283049
11.333115627, 11.333293741
11.343115637, 11.343296751
11.353115624, 11.353294125
11.363115631, 11.363292140
11.373115629, 11.373283130
11.383115642, 11.383292472
11.393115632, 11.393375808
11.403115627, 11.403294223
11.413115634, 11.413329525
11.423115627, 11.423293906
11.433115634, 11.433285531
11.443115629, 11.443292862
11.453115632, 11.453292610
11.463115629, 11.463292794
11.473115624, 11.473293004
11.483115634, 11.483284440
11.493115631, 11.493357674
11.503115627, 11.503291502
11.513115631, 11.513293096
11.523115634, 11.523283104
11.533115631, 11.533291423
11.543115627, 11.543292736
11.553115623, 11.553295786
11.563115627, 11.563290430
11.573115629, 11.573298929
11.583115632, 11.583292270
11.593115626, 11.593373658
11.603115627, 11.603294570
11.613115629, 11.613292604
11.623115627, 11.623295639
11.633115634, 11.633291278
11.643115635, 11.643295243
11.653115629, 11.653293975
11.663115635, 11.663293411
11.673115623, 11.673283312
11.683115627, 11.683281952
11.693115627, 11.693374681
11.703115632, 11.703281877
11.713115627, 11.713295969
11.723115626, 11.723293968
11.733115621, 11.733293160
11.743115627, 11.743281868
11.753115637, 11.753296810
11.763115632, 11.763294637
11.773115634, 11.773292544
11.783115626, 11.783287214
11.793115626, 11.793295004
11.803115627, 11.803293692
11.813115629, 11.813292063
11.823115627, 11.823290386
11.833115626, 11.833294734
11.843115627, 11.843295142
11.853115626, 11.853293244
11.863115632, 11.863284131
11.873115631, 11.873292854
11.883115631, 11.883290841
11.893115627, 11.893294788
11.903115629, 11.903291226
11.913115627, 11.913282731
11.923115629, 11.923284857
11.933115632, 11.933284109
11.943115638, 11.943292582
11.953115627, 11.953284966
11.963115626, 11.963282302
11.973115627, 11.973294839
11.983115627, 11.983284574
11.993115634, 11.993298708
12.003115627, 12.003264702
12.013115627, 12.013291140
12.023115627, 12.023282631
12.033115627, 12.033282335
12.043115632, 12.043296321
12.053115640, 12.053293555
------------------------------
