------------------------------
test was performed using the following parameters: --mps=100 --burst=1 --reply-every=1 --msg-size=12 --time=10
------------------------------
sockperf: [Total Run] RunTime=10.100 sec; SentMessages=1011; ReceivedMessages=1010
sockperf: ========= Printing statistics for Server No: 0
sockperf: [Valid Duration] RunTime=9.980 sec; SentMessages=999; ReceivedMessages=999
sockperf: [2;35m====> avg-lat= 67.023 (std-dev=17.062)[0m
sockperf: # dropped messages = 0; # duplicated messages = 0; # out-of-order messages = 0
sockperf: [2;35mTotal 999 observations[0m; each percentile contains 9.99 observations
sockperf: ---> <MAX> observation =  139.584
sockperf: ---> percentile  99.99 =  139.584
sockperf: ---> percentile  99.90 =  138.993
sockperf: ---> percentile  99.50 =  133.885
sockperf: ---> percentile  99.00 =  114.614
sockperf: ---> percentile  95.00 =   93.994
sockperf: ---> percentile  90.00 =   87.920
sockperf: ---> percentile  75.00 =   77.295
sockperf: ---> percentile  50.00 =   65.984
sockperf: ---> percentile  25.00 =   51.696
sockperf: ---> <MIN> observation =   28.706
------------------------------
txTime, rxTime
2.062388042, 2.062516467
2.072388026, 2.072584259
2.082388031, 2.082485963
2.092388028, 2.092579818
2.102388026, 2.102527740
2.112388144, 2.112528181
2.122388028, 2.122483761
2.132388026, 2.132635772
2.142388047, 2.142490917
2.152388030, 2.152553491
2.162388042, 2.162484092
2.172388026, 2.172528216
2.182388043, 2.182506874
2.192388020, 2.192544164
2.202388029, 2.202486570
2.212388031, 2.212501119
2.222388031, 2.222549265
2.232388034, 2.232575029
2.242388023, 2.242482008
2.252388031, 2.252510136
2.262388569, 2.262489426
2.272388102, 2.272509948
2.282388024, 2.282502117
2.292388023, 2.292519565
2.302388024, 2.302527862
2.312388031, 2.312532478
2.322388024, 2.322544869
2.332388021, 2.332523877
2.342388031, 2.342538153
2.352388024, 2.352552953
2.362388029, 2.362554557
2.372388026, 2.372489236
2.382388066, 2.382510208
2.392388078, 2.392541884
2.402388059, 2.402559262
2.412388023, 2.412546849
2.422388103, 2.422547576
2.432388028, 2.432514179
2.442388075, 2.442549675
2.452388066, 2.452517252
2.462388031, 2.462541918
2.472388034, 2.472541407
2.482388114, 2.482526262
2.492388026, 2.492520196
2.502388021, 2.502484223
2.512388029, 2.512503828
2.522388029, 2.522568906
2.532388023, 2.532507846
2.542388024, 2.542604529
2.552388028, 2.552490893
2.562388024, 2.562547130
2.572388029, 2.572577833
2.582388021, 2.582498343
2.592388029, 2.592463545
2.602388024, 2.602518384
2.612388024, 2.612517497
2.622388021, 2.622566846
2.632388021, 2.632511525
2.642388037, 2.642513965
2.652388039, 2.652533489
2.662388099, 2.662527232
2.672388031, 2.672494404
2.682388023, 2.682500858
2.692388102, 2.692551553
2.702388024, 2.702488275
2.712388036, 2.712517577
2.722388015, 2.722518204
2.732388024, 2.732462587
2.742388020, 2.742480987
2.752388034, 2.752495173
2.762388034, 2.762520034
2.772388023, 2.772512863
2.782388021, 2.782504027
2.792388026, 2.792551239
2.802388020, 2.802462615
2.812388070, 2.812498886
2.822388026, 2.822492385
2.832389941, 2.832500431
2.842388021, 2.842468768
2.852388026, 2.852454932
2.862388023, 2.862468081
2.872388091, 2.872470593
2.882388040, 2.882484909
2.892388032, 2.892465913
2.902388028, 2.902491305
2.912388021, 2.912517752
2.922388029, 2.922476046
2.932388026, 2.932554308
2.942388026, 2.942500729
2.952388029, 2.952521518
2.962388029, 2.962496580
2.972388037, 2.972509348
2.982388029, 2.982486197
2.992388031, 2.992560497
3.002388026, 3.002492734
3.012388039, 3.012487076
3.022388032, 3.022490354
3.032388069, 3.032517531
3.042388039, 3.042489110
3.052388024, 3.052559340
3.062388018, 3.062466479
3.072388034, 3.072476721
3.082388029, 3.082537286
3.092388031, 3.092494191
3.102388026, 3.102544153
3.112388031, 3.112531048
3.122388028, 3.122467388
3.132388031, 3.132563194
3.142388029, 3.142548254
3.152388026, 3.152501872
3.162388028, 3.162500606
3.172388094, 3.172563506
3.182388031, 3.182483431
3.192388086, 3.192479631
3.202388024, 3.202499947
3.212388031, 3.212482510
3.222388028, 3.222512897
3.232388031, 3.232537843
3.242388113, 3.242507427
3.252388020, 3.252537046
3.262388023, 3.262495020
3.272388032, 3.272478873
3.282388031, 3.282516702
3.292388028, 3.292546281
3.302388024, 3.302516546
3.312388031, 3.312493237
3.322388026, 3.322495833
3.332388029, 3.332476705
3.342388026, 3.342534128
3.352388026, 3.352469063
3.362388032, 3.362539953
3.372388015, 3.372578722
3.382388028, 3.382543491
3.392388032, 3.392666019
3.402388560, 3.402601871
3.412388023, 3.412553054
3.422388021, 3.422612238
3.432388032, 3.432617262
3.442388034, 3.442538096
3.452388039, 3.452536217
3.462388028, 3.462527208
3.472388026, 3.472542530
3.482388028, 3.482548583
3.492388023, 3.492508243
3.502388032, 3.502502535
3.512388031, 3.512540147
3.522388015, 3.522547696
3.532388024, 3.532548393
3.542388029, 3.542565665
3.552388026, 3.552511145
3.562388018, 3.562529141
3.572388026, 3.572485161
3.582388028, 3.582559532
3.592388024, 3.592493515
3.602388026, 3.602470839
3.612388028, 3.612538885
3.622388026, 3.622517940
3.632388024, 3.632552120
3.642388021, 3.642553241
3.652388024, 3.652497536
3.662388084, 3.662497454
3.672388020, 3.672490956
3.682388023, 3.682493711
3.692388026, 3.692482982
3.702388026, 3.702535462
3.712388024, 3.712481820
3.722388028, 3.722502256
3.732388017, 3.732486928
3.742388069, 3.742485136
3.752388023, 3.752488674
3.762388028, 3.762483903
3.772388026, 3.772509757
3.782388029, 3.782513142
3.792388096, 3.792492304
3.802388023, 3.802519991
3.812388026, 3.812489494
3.822388037, 3.822488943
3.832388020, 3.832553138
3.842388029, 3.842561684
3.852388026, 3.852546330
3.862388024, 3.862549385
3.872388028, 3.872517972
3.882388102, 3.882481626
3.892388020, 3.892483729
3.902388037, 3.902483297
3.912388020, 3.912484126
3.922388024, 3.922530685
3.932388026, 3.932521954
3.942388028, 3.942513500
3.952388024, 3.952494456
3.962389807, 3.962535642
3.972388083, 3.972484050
3.982388031, 3.982531051
3.992388031, 3.992509719
4.002388114, 4.002553128
4.012388039, 4.012528189
4.022388037, 4.022519510
4.032388026, 4.032567330
4.042388024, 4.042528064
4.052388024, 4.052529254
4.062388026, 4.062541037
4.072388031, 4.072555451
4.082388026, 4.082482232
4.092388024, 4.092528733
4.102388031, 4.102491840
4.112388029, 4.112586190
4.122388018, 4.122518970
4.132388026, 4.132488060
4.142388018, 4.142489443
4.152388031, 4.152485946
4.162388028, 4.162519590
4.172388238, 4.172484842
4.182388029, 4.182492010
4.192388023, 4.192499223
4.202388021, 4.202489401
4.212388031, 4.212487204
4.222388094, 4.222499256
4.232388031, 4.232587062
4.242388118, 4.242558007
4.252388031, 4.252538284
4.262388023, 4.262515537
4.272388018, 4.272544926
4.282388024, 4.282515861
4.292388091, 4.292486087
4.302388031, 4.302503989
4.312388029, 4.312520173
4.322388031, 4.322499153
4.332388026, 4.332518084
4.342388028, 4.342524281
4.352388029, 4.352510823
4.362389412, 4.362485845
4.372388032, 4.372497862
4.382388026, 4.382485801
4.392388023, 4.392488134
4.402388037, 4.402483991
4.412388023, 4.412485314
4.422388029, 4.422484020
4.432388026, 4.432483456
4.442388026, 4.442542618
4.452388023, 4.452491521
4.462388024, 4.462490984
4.472388026, 4.472484317
4.482388020, 4.482485883
4.492388029, 4.492521095
4.502388031, 4.502484727
4.512388028, 4.512494579
4.522388026, 4.522478304
4.532388026, 4.532485003
4.542388034, 4.542511296
4.552388042, 4.552523458
4.562388021, 4.562480278
4.572388029, 4.572496365
4.582388062, 4.582483747
4.592388028, 4.592499404
4.602388026, 4.602497814
4.612388040, 4.612513600
4.622388028, 4.622488100
4.632388023, 4.632496938
4.642388031, 4.642499163
4.652388029, 4.652491339
4.662388031, 4.662481094
4.672388029, 4.672485330
4.682388023, 4.682481880
4.692388031, 4.692486707
4.702388031, 4.702485711
4.712388032, 4.712486901
4.722388020, 4.722482267
4.732388031, 4.732510973
4.742388018, 4.742488017
4.752388024, 4.752530026
4.762388020, 4.762493210
4.772388050, 4.772517838
4.782388034, 4.782520771
4.792388029, 4.792564277
4.802388023, 4.802511584
4.812388023, 4.812581654
4.822388028, 4.822539347
4.832388029, 4.832523267
4.842388031, 4.842562186
4.852388023, 4.852481304
4.862388029, 4.862559843
4.872388020, 4.872527988
4.882388015, 4.882523242
4.892388020, 4.892524406
4.902388029, 4.902487013
4.912388032, 4.912546808
4.922388028, 4.922522408
4.932388018, 4.932502744
4.942388021, 4.942513363
4.952388031, 4.952500377
4.962388078, 4.962503542
4.972388026, 4.972518985
4.982388024, 4.982605429
4.992388029, 4.992524696
5.002388028, 5.002481339
5.012388031, 5.012537030
5.022388023, 5.022536803
5.032388024, 5.032595090
5.042388026, 5.042588869
5.052388024, 5.052542571
5.062388020, 5.062489383
5.072388024, 5.072485643
5.082388021, 5.082515389
5.092388023, 5.092551834
5.102388018, 5.102526757
5.112388028, 5.112563132
5.122388032, 5.122552102
5.132388863, 5.132539457
5.142388031, 5.142491976
5.152388031, 5.152486835
5.162388023, 5.162486540
5.172388026, 5.172542774
5.182388037, 5.182483153
5.192388034, 5.192483473
5.202388026, 5.202555749
5.212388029, 5.212527093
5.222388023, 5.222510021
5.232388028, 5.232515346
5.242388029, 5.242484242
5.252388028, 5.252483772
5.262388023, 5.262497800
5.272388026, 5.272579104
5.282388028, 5.282542414
5.292388020, 5.292531904
5.302388026, 5.302477340
5.312388037, 5.312548619
5.322388024, 5.322578695
5.332388092, 5.332569666
5.342388020, 5.342508548
5.352388028, 5.352487086
5.362388024, 5.362506793
5.372388026, 5.372501114
5.382388034, 5.382505470
5.392388026, 5.392483087
5.402388024, 5.402486195
5.412388023, 5.412493607
5.422388023, 5.422483751
5.432388024, 5.432586815
5.442388023, 5.442530221
5.452388023, 5.452505968
5.462388031, 5.462509523
5.472388031, 5.472482236
5.482388028, 5.482490739
5.492388031, 5.492481195
5.502388034, 5.502491237
5.512388026, 5.512482537
5.522388037, 5.522482266
5.532388023, 5.532484364
5.542388018, 5.542504308
5.552388028, 5.552483987
5.562388024, 5.562483518
5.572388020, 5.572482269
5.582388029, 5.582489258
5.592388023, 5.592484536
5.602388031, 5.602525604
5.612388031, 5.612494581
5.622389273, 5.622488485
5.632388024, 5.632499640
5.642388023, 5.642615778
5.652388021, 5.652531738
5.662388021, 5.662508506
5.672388039, 5.672485367
5.682388026, 5.682487215
5.692388031, 5.692482682
5.702388023, 5.702492585
5.712388021, 5.712483401
5.722388026, 5.722496248
5.732388024, 5.732480264
5.742388024, 5.742503577
5.752388023, 5.752498651
5.762388021, 5.762574633
5.772388029, 5.772562449
5.782388036, 5.782516679
5.792388037, 5.792479765
5.802388029, 5.802497923
5.812388021, 5.812487493
5.822388042, 5.822485644
5.832388015, 5.832492353
5.842388018, 5.842514443
5.852388026, 5.852493373
5.862388023, 5.862481438
5.872388026, 5.872483331
5.882388026, 5.882494589
5.892388028, 5.892486210
5.902388028, 5.902489978
5.912388031, 5.912542550
5.922388042, 5.922517607
5.932388028, 5.932513170
5.942388026, 5.942521133
5.952388023, 5.952487566
5.962388024, 5.962485390
5.972388023, 5.972482018
5.982388039, 5.982505748
5.992388032, 5.992483565
6.002388086, 6.002484206
6.012388024, 6.012481260
6.022388017, 6.022509179
6.032388029, 6.032479430
6.042388072, 6.042493471
6.052388137, 6.052504343
6.062388026, 6.062483113
6.072388024, 6.072485360
6.082388018, 6.082511336
6.092388091, 6.092484269
6.102388031, 6.102533389
6.112388089, 6.112488349
6.122388100, 6.122489629
6.132388037, 6.132578027
6.142388018, 6.142486082
6.152388029, 6.152494374
6.162388100, 6.162509204
6.172388091, 6.172495770
6.182388023, 6.182518515
6.192388021, 6.192511521
6.202388031, 6.202480480
6.212388026, 6.212486004
6.222388105, 6.222482858
6.232388037, 6.232485793
6.242388024, 6.242485235
6.252388029, 6.252487533
6.262388026, 6.262518681
6.272388024, 6.272485261
6.282388021, 6.282483489
6.292388037, 6.292481173
6.302388031, 6.302486720
6.312388021, 6.312513966
6.322388028, 6.322499867
6.332388031, 6.332487623
6.342388017, 6.342514625
6.352388092, 6.352485577
6.362388021, 6.362508361
6.372388020, 6.372486265
6.382388029, 6.382470928
6.392388023, 6.392484332
6.402388023, 6.402480886
6.412388028, 6.412548253
6.422388023, 6.422529452
6.432388020, 6.432500026
6.442388692, 6.442489948
6.452388034, 6.452514606
6.462388031, 6.462508183
6.472388028, 6.472516559
6.482388028, 6.482539604
6.492388028, 6.492549783
6.502388024, 6.502532437
6.512388028, 6.512531946
6.522388072, 6.522548376
6.532388032, 6.532515921
6.542388021, 6.542503692
6.552388083, 6.552586908
6.562388026, 6.562525763
6.572388031, 6.572486000
6.582388032, 6.582506552
6.592388026, 6.592526760
6.602388031, 6.602567035
6.612388029, 6.612567902
6.622388018, 6.622506776
6.632388029, 6.632493444
6.642388031, 6.642490342
6.652388021, 6.652507218
6.662388029, 6.662538082
6.672388028, 6.672533604
6.682388026, 6.682501583
6.692388021, 6.692549844
6.702388029, 6.702509901
6.712388031, 6.712487659
6.722388028, 6.722485545
6.732388105, 6.732518608
6.742388024, 6.742518109
6.752388031, 6.752480709
6.762388026, 6.762533735
6.772388023, 6.772556588
6.782388021, 6.782575806
6.792388023, 6.792583408
6.802388021, 6.802501656
6.812388029, 6.812479441
6.822388029, 6.822514527
6.832388023, 6.832545692
6.842388020, 6.842484283
6.852388031, 6.852484064
6.862388021, 6.862519514
6.872388024, 6.872484217
6.882388023, 6.882543291
6.892388024, 6.892480878
6.902388040, 6.902526190
6.912388024, 6.912528762
6.922388026, 6.922484167
6.932388031, 6.932543388
6.942388031, 6.942496962
6.952388020, 6.952576297
6.962388080, 6.962551096
6.972388026, 6.972587320
6.982388026, 6.982565897
6.992388026, 6.992525497
7.002388021, 7.002547105
7.012388039, 7.012508303
7.022388039, 7.022502857
7.032388039, 7.032516229
7.042388040, 7.042491470
7.052388020, 7.052485048
7.062388021, 7.062497094
7.072388021, 7.072491530
7.082388034, 7.082494072
7.092388034, 7.092486679
7.102388036, 7.102491429
7.112388040, 7.112480684
7.122388032, 7.122487798
7.132388029, 7.132486096
7.142388032, 7.142531728
7.152388028, 7.152515899
7.162388029, 7.162587853
7.172389300, 7.172586651
7.182388028, 7.182499711
7.192388023, 7.192530229
7.202388026, 7.202522522
7.212388026, 7.212509542
7.222388036, 7.222485452
7.232388024, 7.232517075
7.242388026, 7.242535892
7.252388021, 7.252529300
7.262388020, 7.262478404
7.272388029, 7.272516072
7.282389584, 7.282486153
7.292388021, 7.292515717
7.302388024, 7.302510455
7.312388023, 7.312537753
7.322388040, 7.322481077
7.332388036, 7.332488226
7.342388037, 7.342484364
7.352388036, 7.352483791
7.362388026, 7.362515834
7.372388021, 7.372516874
7.382388020, 7.382566860
7.392388024, 7.392561852
7.402388018, 7.402554193
7.412388031, 7.412494126
7.422388031, 7.422630242
7.432388023, 7.432532459
7.442388026, 7.442562873
7.452388018, 7.452550332
7.462388021, 7.462485553
7.472388026, 7.472490007
7.482388028, 7.482618105
7.492388017, 7.492499933
7.502388023, 7.502523738
7.512388067, 7.512534037
7.522388026, 7.522487026
7.532388018, 7.532530342
7.542388024, 7.542501122
7.552388028, 7.552525841
7.562388024, 7.562492535
7.572388023, 7.572511802
7.582388028, 7.582536340
7.592388032, 7.592483314
7.602388031, 7.602490714
7.612388026, 7.612485172
7.622388024, 7.622485442
7.632388024, 7.632520165
7.642388026, 7.642505974
7.652388023, 7.652505500
7.662388031, 7.662549470
7.672388031, 7.672540003
7.682388023, 7.682568963
7.692388029, 7.692577224
7.702388024, 7.702555129
7.712388029, 7.712520129
7.722388029, 7.722477821
7.732388024, 7.732516031
7.742388032, 7.742513031
7.752388032, 7.752526231
7.762388039, 7.762488824
7.772388023, 7.772553675
7.782388023, 7.782551134
7.792388023, 7.792536312
7.802388029, 7.802543412
7.812388029, 7.812560083
7.822388021, 7.822524106
7.832388032, 7.832481200
7.842388029, 7.842483638
7.852388031, 7.852490218
7.862388032, 7.862530835
7.872388026, 7.872510047
7.882388040, 7.882538027
7.892388031, 7.892486028
7.902388026, 7.902528497
7.912388024, 7.912502380
7.922388024, 7.922482613
7.932388028, 7.932515138
7.942388028, 7.942494916
7.952388031, 7.952528719
7.962388028, 7.962484803
7.972388037, 7.972525759
7.982388024, 7.982527489
7.992388045, 7.992491890
8.002388026, 8.002482777
8.012388024, 8.012485685
8.022388031, 8.022519912
8.032388029, 8.032510872
8.042388024, 8.042486645
8.052388029, 8.052480832
8.062388023, 8.062506350
8.072388029, 8.072491027
8.082388029, 8.082489718
8.092388031, 8.092488025
8.102388028, 8.102480578
8.112388028, 8.112493168
8.122388028, 8.122481372
8.132388032, 8.132488238
8.142388039, 8.142533200
8.152388039, 8.152531498
8.162388024, 8.162576013
8.172388024, 8.172489809
8.182388028, 8.182572790
8.192388028, 8.192516200
8.202388028, 8.202493067
8.212388029, 8.212485253
8.222388029, 8.222516022
8.232388029, 8.232501209
8.242388066, 8.242496498
8.252388032, 8.252499693
8.262388021, 8.262655793
8.272388026, 8.272482070
8.282388034, 8.282486041
8.292388034, 8.292484103
8.302388028, 8.302502368
8.312388028, 8.312494873
8.322388100, 8.322479927
8.332388028, 8.332484564
8.342388021, 8.342487530
8.352388031, 8.352515848
8.362388024, 8.362503484
8.372388029, 8.372552511
8.382388024, 8.382521109
8.392388026, 8.392518384
8.402388023, 8.402520146
8.412388028, 8.412487148
8.422388032, 8.422557151
8.432388023, 8.432540752
8.442388045, 8.442498842
8.452388023, 8.452496850
8.462388023, 8.462498002
8.472388021, 8.472559660
8.482388023, 8.482479152
8.492388026, 8.492539999
8.502388114, 8.502528095
8.512388024, 8.512571205
8.522388067, 8.522484576
8.532388026, 8.532494983
8.542388028, 8.542530503
8.552388018, 8.552503317
8.562388034, 8.562536636
8.572388029, 8.572524537
8.582388023, 8.582569343
8.592388072, 8.592558115
8.602388029, 8.602608180
8.612388023, 8.612515903
8.622388023, 8.622518179
8.632388026, 8.632512777
8.642388024, 8.642519499
8.652388024, 8.652493682
8.662388023, 8.662550481
8.672389466, 8.672518736
8.682388023, 8.682550037
8.692388026, 8.692569918
8.702388021, 8.702580784
8.712388026, 8.712533181
8.722388020, 8.722482641
8.732388023, 8.732519307
8.742388024, 8.742549595
8.752388031, 8.752494292
8.762388032, 8.762503385
8.772388031, 8.772478386
8.782388032, 8.782505696
8.792388026, 8.792525007
8.802388026, 8.802502725
8.812388163, 8.812516919
8.822388023, 8.822661674
8.832388021, 8.832546396
8.842388023, 8.842505077
8.852388026, 8.852485761
8.862388028, 8.862520465
8.872388026, 8.872539921
8.882388023, 8.882491981
8.892388019, 8.892587441
8.902388026, 8.902587416
8.912388042, 8.912619846
8.922388032, 8.922575503
8.932388031, 8.932610558
8.942388024, 8.942601599
8.952388039, 8.952568561
8.962388042, 8.962483935
8.972388028, 8.972599133
8.982388028, 8.982536738
8.992388031, 8.992563439
9.002388042, 9.002537824
9.012388043, 9.012531338
9.022388024, 9.022528151
9.032388037, 9.032561866
9.042388015, 9.042566752
9.052388040, 9.052562547
9.062388039, 9.062667209
9.072388039, 9.072598220
9.082388026, 9.082527673
9.092388045, 9.092555023
9.102388029, 9.102607798
9.112388024, 9.112614696
9.122388036, 9.122593947
9.132388039, 9.132585273
9.142388043, 9.142661829
9.152388042, 9.152571574
9.162388039, 9.162527594
9.172388026, 9.172573619
9.182388036, 9.182560392
9.192388045, 9.192534266
9.202388028, 9.202501918
9.212388026, 9.212527608
9.222388029, 9.222483330
9.232388103, 9.232523234
9.242388023, 9.242534986
9.252388021, 9.252522007
9.262388020, 9.262502837
9.272388026, 9.272662089
9.282388031, 9.282561089
9.292388029, 9.292539165
9.302388037, 9.302527447
9.312388028, 9.312567363
9.322388024, 9.322522459
9.332388029, 9.332523483
9.342388026, 9.342495755
9.352388028, 9.352524693
9.362388024, 9.362516538
9.372388031, 9.372509432
9.382388029, 9.382481762
9.392388032, 9.392527481
9.402388039, 9.402476567
9.412388021, 9.412527218
9.422388026, 9.422486938
9.432388024, 9.432578957
9.442388026, 9.442516390
9.452388026, 9.452499434
9.462388028, 9.462508855
9.472388024, 9.472505571
9.482388026, 9.482488808
9.492388026, 9.492494293
9.502388119, 9.502516200
9.512388032, 9.512509404
9.522388024, 9.522499232
9.532388026, 9.532510990
9.542388024, 9.542491856
9.552388017, 9.552515050
9.562388021, 9.562478463
9.572388026, 9.572476180
9.582388019, 9.582503432
9.592388030, 9.592530047
9.602388027, 9.602491175
9.612388026, 9.612549943
9.622388027, 9.622521162
9.632388026, 9.632557670
9.642388023, 9.642501600
9.652388021, 9.652495952
9.662388029, 9.662496159
9.672388024, 9.672519759
9.682388023, 9.682521752
9.692388031, 9.692561106
9.702388028, 9.702487118
9.712388028, 9.712538161
9.722388020, 9.722489470
9.732388026, 9.732535412
9.742388028, 9.742489620
9.752388024, 9.752480767
9.762388023, 9.762466141
9.772388113, 9.772470030
9.782388030, 9.782456338
9.792388026, 9.792521419
9.802388039, 9.802466394
9.812388030, 9.812490860
9.822388031, 9.822458075
9.832388023, 9.832512806
9.842388025, 9.842488378
9.852388030, 9.852523928
9.862388023, 9.862475747
9.872388028, 9.872467088
9.882388031, 9.882472932
9.892388025, 9.892491785
9.902388026, 9.902494349
9.912388034, 9.912503676
9.922388026, 9.922481477
9.932388025, 9.932545481
9.942388031, 9.942447872
9.952388031, 9.952469935
9.962388026, 9.962512463
9.972388028, 9.972532600
9.982388022, 9.982479531
9.992388031, 9.992467477
10.002388020, 10.002445433
10.012388022, 10.012458212
10.022388030, 10.022508578
10.032388023, 10.032565731
10.042388026, 10.042452383
10.052388053, 10.052515579
10.062388034, 10.062511466
10.072388028, 10.072534970
10.082388031, 10.082535927
10.092388022, 10.092529651
10.102388030, 10.102526337
10.112388023, 10.112528702
10.122388019, 10.122526222
10.132388028, 10.132537847
10.142388023, 10.142537592
10.152388028, 10.152541808
10.162388020, 10.162535108
10.172388028, 10.172544668
10.182388018, 10.182538837
10.192388028, 10.192536822
10.202388028, 10.202538360
10.212388031, 10.212537830
10.222388018, 10.222533384
10.232388023, 10.232533954
10.242388031, 10.242534634
10.252388021, 10.252519985
10.262388029, 10.262535530
10.272388029, 10.272533733
10.282388026, 10.282537560
10.292388031, 10.292532771
10.302388029, 10.302534459
10.312388018, 10.312538037
10.322388028, 10.322536377
10.332388018, 10.332534035
10.342388023, 10.342536768
10.352388029, 10.352539393
10.362388018, 10.362542866
10.372388023, 10.372533407
10.382388031, 10.382536722
10.392388024, 10.392540080
10.402388028, 10.402536125
10.412388026, 10.412540653
10.422388028, 10.422537656
10.432388023, 10.432532839
10.442388031, 10.442540044
10.452388023, 10.452538140
10.462388026, 10.462576188
10.472388024, 10.472535821
10.482388029, 10.482534946
10.492388023, 10.492541321
10.502388021, 10.502544654
10.512388018, 10.512537772
10.522388028, 10.522538077
10.532388031, 10.532523996
10.542388030, 10.542525552
10.552388029, 10.552535356
10.562388045, 10.562528769
10.572388027, 10.572538904
10.582388024, 10.582541127
10.592388023, 10.592538683
10.602388031, 10.602539483
10.612388021, 10.612536991
10.622388017, 10.622539886
10.632388024, 10.632538219
10.642388024, 10.642537580
10.652388026, 10.652526146
10.662388028, 10.662531783
10.672388024, 10.672536919
10.682388029, 10.682534647
10.692388023, 10.692536154
10.702388018, 10.702535460
10.712388029, 10.712540385
10.722388024, 10.722538391
10.732388024, 10.732535796
10.742388026, 10.742524941
10.752388024, 10.752526300
10.762388018, 10.762533945
10.772388028, 10.772527131
10.782388029, 10.782570726
10.792388023, 10.792539886
10.802388023, 10.802541086
10.812388018, 10.812530725
10.822388020, 10.822534862
10.832388031, 10.832526506
10.842388023, 10.842535268
10.852388023, 10.852537845
10.862388021, 10.862537558
10.872388021, 10.872544456
10.882388028, 10.882525854
10.892388036, 10.892538694
10.902388053, 10.902539630
10.912388026, 10.912540660
10.922388028, 10.922525499
10.932388026, 10.932525657
10.942388025, 10.942536722
10.952388024, 10.952528057
10.962388023, 10.962544882
10.972388028, 10.972540410
10.982388026, 10.982528268
10.992388031, 10.992539789
11.002388024, 11.002526435
11.012388026, 11.012536217
11.022388026, 11.022526648
11.032388020, 11.032537665
11.042388017, 11.042530397
11.052388032, 11.052528363
11.062388020, 11.062540611
11.072388024, 11.072536207
11.082388031, 11.082535757
11.092388021, 11.092536090
11.102388031, 11.102537491
11.112388023, 11.112541683
11.122388023, 11.122542091
11.132388021, 11.132528722
11.142388024, 11.142529202
11.152388028, 11.152526743
11.162388023, 11.162527723
11.172388024, 11.172528597
11.182388021, 11.182561588
11.192388032, 11.192567375
11.202388029, 11.202562403
11.212388023, 11.212565606
11.222388021, 11.222563107
11.232388023, 11.232563142
11.242388020, 11.242559565
11.252388020, 11.252560829
11.262388026, 11.262555404
11.272388026, 11.272568683
11.282388028, 11.282557050
11.292388026, 11.292560303
11.302388018, 11.302562477
11.312388024, 11.312553388
11.322388026, 11.322564278
11.332388023, 11.332562018
11.342388024, 11.342562681
11.352388017, 11.352563791
11.362388018, 11.362562325
11.372388028, 11.372560049
11.382388026, 11.382555196
11.392388034, 11.392561544
11.402388024, 11.402558958
11.412388021, 11.412564072
11.422388024, 11.422562359
11.432388029, 11.432565695
11.442388021, 11.442518595
11.452388029, 11.452564020
11.462388023, 11.462564081
11.472388023, 11.472562566
11.482388023, 11.482559900
11.492388026, 11.492553805
11.502388031, 11.502562760
11.512388023, 11.512564818
11.522388028, 11.522563288
11.532388031, 11.532562793
11.542388013, 11.542561969
11.552388031, 11.552562347
11.562388042, 11.562562153
11.572388024, 11.572563903
11.582388024, 11.582561891
11.592388028, 11.592564736
11.602388023, 11.602561896
11.612388029, 11.612557747
11.622388020, 11.622557188
11.632388029, 11.632561681
11.642388026, 11.642565148
11.652388024, 11.652559637
11.662388023, 11.662556724
11.672388029, 11.672563871
11.682388021, 11.682557101
11.692388031, 11.692566947
11.702388028, 11.702564798
11.712388048, 11.712566380
11.722388024, 11.722563396
11.732388028, 11.732561711
11.742388026, 11.742535726
11.752388031, 11.752518885
11.762388026, 11.762561218
11.772388029, 11.772565058
11.782388020, 11.782558853
11.792388031, 11.792562032
11.802388020, 11.802562249
11.812388031, 11.812561891
11.822388020, 11.822564269
11.832388029, 11.832557038
11.842388021, 11.842558626
11.852388024, 11.852558205
11.862388023, 11.862555595
11.872388031, 11.872556927
11.882388031, 11.882564029
11.892388029, 11.892554718
11.902388021, 11.902563895
11.912388028, 11.912563554
11.922388028, 11.922556315
11.932388021, 11.932565234
11.942388023, 11.942565400
11.952388024, 11.952558075
11.962388020, 11.962562749
11.972388029, 11.972562036
11.982388031, 11.982563036
11.992388023, 11.992564977
12.002388026, 12.002563667
12.012388031, 12.012565362
12.022388020, 12.022562863
12.032388017, 12.032562467
12.042388029, 12.042536165
------------------------------
