------------------------------
test was performed using the following parameters: --mps=100 --burst=1 --reply-every=1 --msg-size=12 --time=10
------------------------------
sockperf: [Total Run] RunTime=10.100 sec; SentMessages=1011; ReceivedMessages=1010
sockperf: ========= Printing statistics for Server No: 0
sockperf: [Valid Duration] RunTime=9.990 sec; SentMessages=1000; ReceivedMessages=1000
sockperf: [2;35m====> avg-lat= 67.447 (std-dev=20.563)[0m
sockperf: # dropped messages = 0; # duplicated messages = 0; # out-of-order messages = 0
sockperf: [2;35mTotal 1000 observations[0m; each percentile contains 10.00 observations
sockperf: ---> <MAX> observation =  133.811
sockperf: ---> percentile  99.99 =  133.811
sockperf: ---> percentile  99.90 =  119.868
sockperf: ---> percentile  99.50 =  114.469
sockperf: ---> percentile  99.00 =  111.218
sockperf: ---> percentile  95.00 =   94.644
sockperf: ---> percentile  90.00 =   89.983
sockperf: ---> percentile  75.00 =   85.540
sockperf: ---> percentile  50.00 =   71.050
sockperf: ---> percentile  25.00 =   46.781
sockperf: ---> <MIN> observation =   28.386
------------------------------
txTime, rxTime
2.062742179, 2.062857277
2.072742193, 2.072914849
2.082742189, 2.082946842
2.092742196, 2.092906687
2.102742182, 2.102901469
2.112742184, 2.112922694
2.122742182, 2.122953704
2.132742193, 2.132834836
2.142742176, 2.142831186
2.152742179, 2.152839237
2.162742179, 2.162853988
2.172742179, 2.172897519
2.182742193, 2.182853030
2.192742179, 2.192855449
2.202742184, 2.202884658
2.212742189, 2.212879871
2.222742196, 2.222886561
2.232742181, 2.232939918
2.242742187, 2.242900087
2.252742182, 2.252869918
2.262742697, 2.262838337
2.272742184, 2.272868268
2.282742236, 2.282897016
2.292742171, 2.292825824
2.302742181, 2.302862107
2.312742318, 2.312853583
2.322742181, 2.322852604
2.332742184, 2.332901483
2.342742196, 2.342892447
2.352742189, 2.352877787
2.362742184, 2.362853330
2.372742187, 2.372871334
2.382742190, 2.382854246
2.392742184, 2.392884284
2.402742962, 2.402838627
2.412742195, 2.412887521
2.422743561, 2.422841780
2.432742201, 2.432880653
2.442742179, 2.442915603
2.452742605, 2.452907769
2.462742201, 2.462922254
2.472742179, 2.472903702
2.482742195, 2.482939143
2.492742177, 2.492915722
2.502742181, 2.502845619
2.512742192, 2.512886605
2.522742181, 2.522882458
2.532742176, 2.532897555
2.542742179, 2.542808594
2.552742179, 2.552872714
2.562742192, 2.562879025
2.572742187, 2.572922154
2.582742177, 2.582879475
2.592742193, 2.592872542
2.602742193, 2.602871773
2.612742179, 2.612881254
2.622742193, 2.622882257
2.632742182, 2.632846564
2.642742177, 2.642880370
2.652742177, 2.652878111
2.662742196, 2.662875417
2.672742187, 2.672906184
2.682742192, 2.682852777
2.692742193, 2.692879338
2.702742198, 2.702901175
2.712742177, 2.712894036
2.722743516, 2.722865898
2.732742399, 2.732925037
2.742742177, 2.742943288
2.752742177, 2.752902641
2.762742190, 2.762915925
2.772742187, 2.772909480
2.782742189, 2.782920889
2.792742190, 2.792888506
2.802742190, 2.802900708
2.812742185, 2.812873253
2.822742181, 2.822870742
2.832742184, 2.832882806
2.842742192, 2.842874579
2.852742184, 2.852886176
2.862742184, 2.862875727
2.872742193, 2.872899529
2.882742181, 2.882830425
2.892742181, 2.892877839
2.902742185, 2.902866864
2.912742179, 2.912905531
2.922742190, 2.922874298
2.932742187, 2.932887129
2.942742189, 2.942886747
2.952742176, 2.952916615
2.962742506, 2.962895226
2.972742184, 2.972894448
2.982742195, 2.982903613
2.992742192, 2.992918390
3.002744195, 3.002871797
3.012742182, 3.012894661
3.022742184, 3.022901087
3.032742204, 3.032901696
3.042742192, 3.042893906
3.052742179, 3.052902408
3.062742177, 3.062922072
3.072742176, 3.072900766
3.082742192, 3.082928114
3.092742192, 3.092896170
3.102742182, 3.102903040
3.112742187, 3.112888271
3.122742179, 3.122911527
3.132742176, 3.132901551
3.142742179, 3.142881499
3.152742181, 3.152922872
3.162742196, 3.162953336
3.172742196, 3.172885928
3.182742198, 3.182928253
3.192742182, 3.192912458
3.202742190, 3.202927101
3.212742192, 3.212948043
3.222742201, 3.222917848
3.232742181, 3.232917763
3.242742185, 3.242888375
3.252742176, 3.252912067
3.262742185, 3.262914970
3.272742193, 3.272919273
3.282742198, 3.282928095
3.292742174, 3.292902652
3.302742182, 3.302923509
3.312742181, 3.312913503
3.322742189, 3.322891279
3.332742187, 3.332910919
3.342742193, 3.342961398
3.352742176, 3.352894571
3.362742190, 3.362945689
3.372742185, 3.372908108
3.382742196, 3.382896636
3.392742193, 3.392923918
3.402742187, 3.402920616
3.412742179, 3.412908775
3.422742181, 3.422981917
3.432742176, 3.432891794
3.442742187, 3.442846593
3.452742192, 3.452880219
3.462742533, 3.462887114
3.472742187, 3.472871415
3.482742190, 3.482885476
3.492742189, 3.492867518
3.502742189, 3.502856830
3.512742189, 3.512859579
3.522742190, 3.522846167
3.532742193, 3.532858637
3.542742196, 3.542856458
3.552742176, 3.552901054
3.562742195, 3.562891479
3.572742176, 3.572902383
3.582742181, 3.582853212
3.592742182, 3.592883910
3.602742181, 3.602815271
3.612742184, 3.612876568
3.622742185, 3.622890420
3.632742182, 3.632924042
3.642742179, 3.642906765
3.652742176, 3.652838668
3.662742181, 3.662889921
3.672742182, 3.672875172
3.682742176, 3.682931465
3.692742177, 3.692817821
3.702742190, 3.702900124
3.712742181, 3.712931498
3.722742204, 3.722928926
3.732742181, 3.732898256
3.742742181, 3.742917466
3.752742189, 3.752936391
3.762742196, 3.762923041
3.772742189, 3.772967033
3.782742176, 3.782969276
3.792742179, 3.792899877
3.802742177, 3.802899516
3.812742181, 3.812900841
3.822742193, 3.822980300
3.832742181, 3.832932310
3.842742187, 3.842901665
3.852742176, 3.852902345
3.862742189, 3.862927183
3.872742182, 3.872862300
3.882742193, 3.882923389
3.892742184, 3.892896225
3.902742185, 3.902944435
3.912742173, 3.912925932
3.922742193, 3.922898829
3.932742179, 3.932916405
3.942742195, 3.942931132
3.952742196, 3.952922077
3.962742195, 3.962912940
3.972742184, 3.972931375
3.982742181, 3.982908021
3.992742179, 3.992907862
4.002742190, 4.002888389
4.012742192, 4.012908326
4.022742184, 4.022906422
4.032742302, 4.032921892
4.042742192, 4.042906000
4.052742187, 4.052916806
4.062742181, 4.062906787
4.072742185, 4.072918952
4.082742212, 4.082899025
4.092742182, 4.092910214
4.102742177, 4.102914692
4.112742181, 4.112890227
4.122742184, 4.122916606
4.132742192, 4.132903215
4.142742185, 4.142884362
4.152742681, 4.152915701
4.162742184, 4.162906184
4.172742176, 4.172925921
4.182742189, 4.182902868
4.192742192, 4.192873505
4.202742179, 4.202899281
4.212742179, 4.212895164
4.222742181, 4.222885827
4.232742179, 4.232911782
4.242742184, 4.242913920
4.252743564, 4.252910282
4.262742181, 4.262881741
4.272742176, 4.272889515
4.282742174, 4.282907461
4.292742174, 4.292918033
4.302742184, 4.302901131
4.312742192, 4.312905483
4.322742179, 4.322921451
4.332742189, 4.332889708
4.342742177, 4.342898092
4.352742189, 4.352880785
4.362742422, 4.362895595
4.372742187, 4.372887884
4.382742176, 4.382892948
4.392742185, 4.392919659
4.402742182, 4.402898921
4.412742179, 4.412909457
4.422742182, 4.422887729
4.432742177, 4.432864682
4.442742177, 4.442862953
4.452742182, 4.452840824
4.462742193, 4.462868064
4.472742266, 4.472835433
4.482742174, 4.482884633
4.492742252, 4.492901273
4.502742176, 4.502888418
4.512742182, 4.512888784
4.522742192, 4.522861813
4.532742185, 4.532861869
4.542742176, 4.542922064
4.552742179, 4.552922416
4.562742181, 4.562928626
4.572742196, 4.572923354
4.582742179, 4.582890573
4.592742176, 4.592900751
4.602742185, 4.602904862
4.612742184, 4.612907406
4.622742184, 4.622905192
4.632742170, 4.632899364
4.642742190, 4.642913038
4.652742181, 4.652908880
4.662742196, 4.662892776
4.672742181, 4.672901870
4.682742179, 4.682871903
4.692742182, 4.692881730
4.702742184, 4.702910469
4.712742187, 4.712868718
4.722742190, 4.722901003
4.732742198, 4.732968191
4.742742182, 4.742946823
4.752742177, 4.752913630
4.762742174, 4.762910028
4.772742181, 4.772928113
4.782742181, 4.782910636
4.792742181, 4.792901035
4.802742189, 4.802917046
4.812742181, 4.812932330
4.822742174, 4.822972382
4.832742176, 4.832904870
4.842742196, 4.842890725
4.852742184, 4.852912177
4.862742181, 4.862880421
4.872742182, 4.872971120
4.882742176, 4.882880923
4.892742184, 4.892905063
4.902742181, 4.902955183
4.912742590, 4.912913846
4.922743532, 4.922893030
4.932742185, 4.932932137
4.942742192, 4.942895401
4.952742184, 4.952932889
4.962742350, 4.962917627
4.972742200, 4.972936847
4.982742177, 4.982895419
4.992742181, 4.992930247
5.002742189, 5.002924788
5.012742189, 5.012906283
5.022742177, 5.022903695
5.032742179, 5.032940008
5.042742182, 5.042929139
5.052742198, 5.052933506
5.062742177, 5.062898670
5.072742182, 5.072916203
5.082742189, 5.082895272
5.092742184, 5.092944088
5.102742177, 5.102926344
5.112742176, 5.112906214
5.122742184, 5.122916950
5.132742193, 5.132880684
5.142742187, 5.142836750
5.152742179, 5.152879642
5.162742179, 5.162834409
5.172742184, 5.172874419
5.182742271, 5.182900337
5.192742179, 5.192893395
5.202742179, 5.202917154
5.212742184, 5.212909821
5.222742184, 5.222920447
5.232742192, 5.232903334
5.242742185, 5.242918472
5.252742179, 5.252897032
5.262742193, 5.262868173
5.272742190, 5.272891929
5.282742176, 5.282883627
5.292742179, 5.292951023
5.302742190, 5.302895572
5.312742181, 5.312885277
5.322742176, 5.322895611
5.332742179, 5.332892272
5.342742193, 5.342928220
5.352742177, 5.352880939
5.362742193, 5.362890003
5.372742182, 5.372915499
5.382742187, 5.382827649
5.392742190, 5.392819711
5.402742182, 5.402845125
5.412742181, 5.412902037
5.422742177, 5.422830731
5.432742198, 5.432915095
5.442742187, 5.442875495
5.452742184, 5.452889147
5.462742256, 5.462845470
5.472742187, 5.472868653
5.482742209, 5.482867303
5.492742181, 5.492874118
5.502742193, 5.502879426
5.512742200, 5.512877250
5.522742174, 5.522827610
5.532742192, 5.532907066
5.542742190, 5.542924436
5.552742184, 5.552871179
5.562742190, 5.562890229
5.572742189, 5.572881333
5.582742189, 5.582827198
5.592742187, 5.592853321
5.602742184, 5.602825365
5.612742200, 5.612822024
5.622742886, 5.622844670
5.632742182, 5.632825636
5.642742182, 5.642842325
5.652742179, 5.652844938
5.662742176, 5.662843206
5.672742383, 5.672842966
5.682742192, 5.682820462
5.692742174, 5.692844902
5.702742193, 5.702830201
5.712742190, 5.712823405
5.722742193, 5.722829217
5.732742196, 5.732845151
5.742742193, 5.742828494
5.752742189, 5.752815814
5.762742193, 5.762810760
5.772742193, 5.772813596
5.782742192, 5.782822024
5.792742201, 5.792854277
5.802742196, 5.802816250
5.812742182, 5.812841503
5.822742179, 5.822841616
5.832742196, 5.832821984
5.842742189, 5.842818730
5.852742187, 5.852854941
5.862742203, 5.862841038
5.872743186, 5.872834314
5.882742176, 5.882816038
5.892742185, 5.892845605
5.902742190, 5.902847438
5.912742189, 5.912857004
5.922742190, 5.922826672
5.932743532, 5.932846621
5.942742179, 5.942826876
5.952742177, 5.952821247
5.962742184, 5.962823753
5.972742201, 5.972817838
5.982742181, 5.982851915
5.992742189, 5.992830013
6.002742196, 6.002840820
6.012742181, 6.012840880
6.022742193, 6.022825639
6.032742189, 6.032813828
6.042742190, 6.042815133
6.052742177, 6.052822621
6.062742195, 6.062839906
6.072742177, 6.072820909
6.082742189, 6.082816851
6.092742187, 6.092820462
6.102742195, 6.102828980
6.112742177, 6.112839681
6.122743600, 6.122832819
6.132742184, 6.132804964
6.142742187, 6.142808507
6.152742193, 6.152833322
6.162742184, 6.162822865
6.172742193, 6.172846564
6.182742177, 6.182818386
6.192742176, 6.192828633
6.202744134, 6.202813103
6.212742181, 6.212822782
6.222742193, 6.222841054
6.232742185, 6.232819905
6.242742182, 6.242839395
6.252742185, 6.252839965
6.262742176, 6.262840895
6.272742182, 6.272836654
6.282742181, 6.282825740
6.292742193, 6.292878573
6.302742176, 6.302830239
6.312742181, 6.312849530
6.322742193, 6.322820448
6.332742176, 6.332825916
6.342742179, 6.342827057
6.352742185, 6.352831979
6.362742187, 6.362833608
6.372742185, 6.372830114
6.382742184, 6.382811016
6.392742189, 6.392830378
6.402742181, 6.402817325
6.412742181, 6.412827045
6.422742184, 6.422833539
6.432742181, 6.432839538
6.442742189, 6.442824446
6.452742190, 6.452825346
6.462742192, 6.462834058
6.472742182, 6.472854481
6.482742185, 6.482804684
6.492742504, 6.492820195
6.502742190, 6.502837746
6.512742176, 6.512820229
6.522742179, 6.522822889
6.532742177, 6.532834750
6.542742184, 6.542826216
6.552742187, 6.552847600
6.562742176, 6.562821234
6.572742181, 6.572832770
6.582742182, 6.582841878
6.592742179, 6.592803345
6.602742176, 6.602824323
6.612742189, 6.612866155
6.622742192, 6.622813152
6.632742192, 6.632826801
6.642742198, 6.642851020
6.652742182, 6.652831014
6.662742177, 6.662833640
6.672742182, 6.672829325
6.682742184, 6.682838447
6.692742177, 6.692809029
6.702742176, 6.702835135
6.712742189, 6.712840303
6.722742170, 6.722842557
6.732742179, 6.732841184
6.742743183, 6.742823516
6.752742182, 6.752903465
6.762742185, 6.762889125
6.772742181, 6.772921286
6.782742185, 6.782891157
6.792742182, 6.792930729
6.802742181, 6.802875484
6.812742176, 6.812935913
6.822742187, 6.822881436
6.832742185, 6.832902614
6.842742190, 6.842875583
6.852742177, 6.852881232
6.862742177, 6.862880684
6.872742193, 6.872900424
6.882743910, 6.882864984
6.892742179, 6.892907759
6.902742179, 6.902885854
6.912742196, 6.912894366
6.922743684, 6.922895820
6.932742174, 6.932905879
6.942742182, 6.942880991
6.952742181, 6.952886804
6.962742176, 6.962906217
6.972742179, 6.972885290
6.982742185, 6.982906071
6.992742182, 6.992904287
7.002742196, 7.002893181
7.012742187, 7.012877811
7.022742174, 7.022885830
7.032742176, 7.032915066
7.042742189, 7.042901466
7.052742176, 7.052833873
7.062742192, 7.062824463
7.072742189, 7.072860977
7.082742179, 7.082830717
7.092742187, 7.092824201
7.102742190, 7.102870164
7.112742179, 7.112819772
7.122743387, 7.122829044
7.132742181, 7.132884832
7.142743082, 7.142818092
7.152742179, 7.152832762
7.162742192, 7.162848251
7.172742182, 7.172823254
7.182742184, 7.182845442
7.192742177, 7.192840129
7.202742181, 7.202813174
7.212742174, 7.212825955
7.222742192, 7.222833695
7.232742182, 7.232833842
7.242742174, 7.242835200
7.252742520, 7.252857423
7.262742179, 7.262848435
7.272742195, 7.272844256
7.282742196, 7.282825873
7.292742184, 7.292851282
7.302742181, 7.302831041
7.312742181, 7.312826882
7.322742177, 7.322830079
7.332742181, 7.332825838
7.342742192, 7.342831483
7.352742187, 7.352826557
7.362742179, 7.362816805
7.372742185, 7.372844709
7.382742177, 7.382822687
7.392742187, 7.392812844
7.402742184, 7.402843790
7.412742196, 7.412839894
7.422742190, 7.422814927
7.432742181, 7.432824207
7.442742187, 7.442851273
7.452742179, 7.452833164
7.462742177, 7.462823915
7.472742504, 7.472835700
7.482742198, 7.482830476
7.492742193, 7.492857377
7.502742179, 7.502835380
7.512742195, 7.512814849
7.522743758, 7.522818122
7.532742179, 7.532842676
7.542742179, 7.542818133
7.552742177, 7.552798951
7.562742176, 7.562835740
7.572742193, 7.572820075
7.582742184, 7.582837017
7.592742179, 7.592834203
7.602742185, 7.602832004
7.612742182, 7.612837753
7.622742184, 7.622842658
7.632742185, 7.632821624
7.642742184, 7.642846208
7.652742193, 7.652848139
7.662742179, 7.662825538
7.672743366, 7.672848057
7.682742198, 7.682837863
7.692742181, 7.692829020
7.702742181, 7.702818261
7.712742179, 7.712831706
7.722742196, 7.722821190
7.732742189, 7.732833471
7.742742176, 7.742815727
7.752742506, 7.752849173
7.762742177, 7.762827084
7.772742181, 7.772836851
7.782742182, 7.782827596
7.792742196, 7.792829053
7.802742187, 7.802803887
7.812742177, 7.812844048
7.822742190, 7.822802719
7.832742187, 7.832839240
7.842742185, 7.842820715
7.852742185, 7.852842914
7.862742174, 7.862819149
7.872742193, 7.872817117
7.882742184, 7.882823045
7.892742198, 7.892852490
7.902742185, 7.902848469
7.912742182, 7.912842999
7.922742187, 7.922854194
7.932742176, 7.932835795
7.942742189, 7.942806941
7.952742189, 7.952818133
7.962742195, 7.962814720
7.972742187, 7.972834904
7.982742185, 7.982833142
7.992742181, 7.992825226
8.002742181, 8.002803748
8.012742182, 8.012852597
8.022742181, 8.022832337
8.032742185, 8.032829193
8.042742250, 8.042829359
8.052742182, 8.052835021
8.062742196, 8.062844365
8.072742185, 8.072854186
8.082742187, 8.082827381
8.092742176, 8.092817401
8.102742182, 8.102843200
8.112742173, 8.112843184
8.122742182, 8.122832255
8.132742185, 8.132826408
8.142742182, 8.142845379
8.152742187, 8.152832485
8.162742181, 8.162854277
8.172742185, 8.172838174
8.182742177, 8.182831753
8.192742190, 8.192838687
8.202743027, 8.202835337
8.212742189, 8.212833430
8.222742176, 8.222853979
8.232742189, 8.232822384
8.242742177, 8.242831191
8.252742179, 8.252833013
8.262742192, 8.262824563
8.272742182, 8.272824436
8.282743270, 8.282825494
8.292742176, 8.292825450
8.302742179, 8.302826066
8.312742184, 8.312832677
8.322742192, 8.322859832
8.332742184, 8.332839461
8.342742185, 8.342861240
8.352742184, 8.352861820
8.362742185, 8.362826798
8.372742184, 8.372845578
8.382742184, 8.382840352
8.392742185, 8.392824792
8.402742182, 8.402816092
8.412742174, 8.412822321
8.422742184, 8.422826678
8.432742184, 8.432810305
8.442742187, 8.442829557
8.452742184, 8.452823854
8.462742182, 8.462832994
8.472742200, 8.472849699
8.482742181, 8.482843064
8.492742189, 8.492843028
8.502742198, 8.502812771
8.512742182, 8.512828568
8.522742184, 8.522807637
8.532742187, 8.532842006
8.542742184, 8.542838721
8.552742177, 8.552818184
8.562742177, 8.562834960
8.572742184, 8.572843779
8.582742184, 8.582824779
8.592742201, 8.592833706
8.602742182, 8.602818981
8.612742196, 8.612840157
8.622742179, 8.622862404
8.632742206, 8.632840577
8.642742181, 8.642832124
8.652742177, 8.652830120
8.662742198, 8.662859155
8.672742182, 8.672824822
8.682742179, 8.682816952
8.692742181, 8.692818072
8.702742179, 8.702822881
8.712742179, 8.712837142
8.722742192, 8.722834325
8.732742184, 8.732855852
8.742742182, 8.742855160
8.752742190, 8.752826370
8.762742181, 8.762835956
8.772742185, 8.772841782
8.782742177, 8.782830376
8.792743576, 8.792828017
8.802742189, 8.802848625
8.812742185, 8.812857241
8.822742179, 8.822824345
8.832742184, 8.832835078
8.842742185, 8.842826591
8.852742185, 8.852853051
8.862742201, 8.862830406
8.872742185, 8.872823611
8.882742176, 8.882846978
8.892742181, 8.892839409
8.902742233, 8.902826209
8.912742198, 8.912827787
8.922742177, 8.922823053
8.932742192, 8.932829044
8.942742176, 8.942853985
8.952742176, 8.952813651
8.962742179, 8.962847624
8.972742192, 8.972840617
8.982742176, 8.982816232
8.992742181, 8.992824302
9.002742192, 9.002822941
9.012742173, 9.012826835
9.022742184, 9.022829145
9.032742182, 9.032826880
9.042742189, 9.042834349
9.052742176, 9.052819209
9.062742182, 9.062820813
9.072742177, 9.072828121
9.082742184, 9.082818280
9.092742190, 9.092825502
9.102742181, 9.102834691
9.112742182, 9.112817993
9.122743584, 9.122820925
9.132742196, 9.132822452
9.142742185, 9.142825447
9.152742193, 9.152832173
9.162742189, 9.162843421
9.172742192, 9.172816529
9.182742177, 9.182833818
9.192742181, 9.192836535
9.202742185, 9.202831538
9.212742192, 9.212840017
9.222742443, 9.222836327
9.232742177, 9.232823835
9.242742177, 9.242820244
9.252742174, 9.252828350
9.262742176, 9.262831833
9.272742192, 9.272822017
9.282742192, 9.282835124
9.292742176, 9.292837745
9.302742179, 9.302823732
9.312742171, 9.312854636
9.322742173, 9.322838275
9.332742196, 9.332869850
9.342742179, 9.342843997
9.352742179, 9.352885315
9.362742184, 9.362847003
9.372742184, 9.372853414
9.382742176, 9.382849557
9.392742192, 9.392836384
9.402742189, 9.402830948
9.412742181, 9.412823251
9.422742177, 9.422843719
9.432742179, 9.432824711
9.442742184, 9.442876696
9.452742189, 9.452842265
9.462742179, 9.462825720
9.472742204, 9.472815264
9.482742198, 9.482842226
9.492742179, 9.492856995
9.502742193, 9.502848933
9.512742189, 9.512812618
9.522742187, 9.522805093
9.532742179, 9.532848478
9.542742176, 9.542847060
9.552742185, 9.552825093
9.562742189, 9.562838454
9.572742187, 9.572828546
9.582742182, 9.582864498
9.592742183, 9.592918559
9.602742182, 9.602927505
9.612742176, 9.612894147
9.622742196, 9.622866871
9.632742192, 9.632887363
9.642742184, 9.642916791
9.652742184, 9.652921890
9.662742174, 9.662880405
9.672742185, 9.672869595
9.682742193, 9.682937536
9.692742196, 9.692854050
9.702742182, 9.702880831
9.712742179, 9.712921644
9.722742174, 9.722888587
9.732742195, 9.732940389
9.742742196, 9.742856594
9.752742179, 9.752928914
9.762742179, 9.762884560
9.772742195, 9.772911457
9.782742195, 9.782918399
9.792742174, 9.792881353
9.802742190, 9.802826828
9.812742184, 9.812894988
9.822742182, 9.822916641
9.832742195, 9.832899205
9.842742331, 9.842923492
9.852742230, 9.852952417
9.862742343, 9.862923684
9.872742179, 9.872933377
9.882742177, 9.883009800
9.892742242, 9.892939779
9.902742187, 9.902964821
9.912742233, 9.912964671
9.922742179, 9.922953058
9.932742233, 9.932972181
9.942742179, 9.942941003
9.952742193, 9.952889951
9.962742176, 9.962908850
9.972742177, 9.972908124
9.982742184, 9.982908893
9.992742176, 9.992912123
10.002742181, 10.002881002
10.012742174, 10.012907057
10.022742181, 10.022914348
10.032742171, 10.032909447
10.042742176, 10.042902606
10.052742182, 10.052905162
10.062742181, 10.062904946
10.072742170, 10.072901982
10.082742176, 10.082908997
10.092742184, 10.092909801
10.102742174, 10.102903370
10.112742173, 10.112903667
10.122742170, 10.122900716
10.132742184, 10.132902326
10.142742179, 10.142834647
10.152742165, 10.152955839
10.162742195, 10.162953797
10.172742184, 10.172953917
10.182742177, 10.182951695
10.192742193, 10.192952385
10.202742174, 10.202954039
10.212742177, 10.212947476
10.222742193, 10.222948036
10.232742181, 10.232906256
10.242742182, 10.242872176
10.252742171, 10.252906501
10.262742177, 10.262904347
10.272742179, 10.272905115
10.282742173, 10.282901559
10.292742171, 10.292901752
10.302742170, 10.302901892
10.312742173, 10.312900863
10.322742176, 10.322905588
10.332742177, 10.332903146
10.342742182, 10.342904178
10.352742174, 10.352901600
10.362742174, 10.362870925
10.372742179, 10.372909242
10.382742174, 10.382830502
10.392742173, 10.392912586
10.402742177, 10.402908830
10.412742184, 10.412917387
10.422742171, 10.422912226
10.432742181, 10.432912098
10.442742168, 10.442910931
10.452742174, 10.452912084
10.462742174, 10.462908648
10.472742174, 10.472910330
10.482742177, 10.482908549
10.492742181, 10.492915324
10.502742184, 10.502872207
10.512742174, 10.512913118
10.522742189, 10.522916397
10.532742181, 10.532909529
10.542742176, 10.542911722
10.552742176, 10.552910526
10.562742179, 10.562910072
10.572742176, 10.572913257
10.582742173, 10.582913870
10.592742187, 10.592909684
10.602742181, 10.602910019
10.612742174, 10.612913082
10.622742168, 10.622911926
10.632742177, 10.632910053
10.642742181, 10.642908385
10.652742174, 10.652912289
10.662742176, 10.662919089
10.672742174, 10.672910053
10.682742177, 10.682908283
10.692742170, 10.692912133
10.702742176, 10.702909127
10.712742179, 10.712910472
10.722742181, 10.722913139
10.732742185, 10.732916688
10.742742168, 10.742909316
10.752742174, 10.752912149
10.762742179, 10.762908610
10.772742182, 10.772914729
10.782742173, 10.782911585
10.792742173, 10.792909828
10.802742173, 10.802910417
10.812742181, 10.812917277
10.822742181, 10.822912428
10.832742184, 10.832911542
10.842742174, 10.842909220
10.852742184, 10.852908882
10.862742184, 10.862909616
10.872742174, 10.872913142
10.882742184, 10.882913519
10.892742184, 10.892919430
10.902742168, 10.902922535
10.912742168, 10.912916675
10.922742176, 10.922920308
10.932742173, 10.932917573
10.942742179, 10.942916762
10.952742170, 10.952916498
10.962742170, 10.962916623
10.972742173, 10.972921239
10.982742179, 10.982928567
10.992742177, 10.992922696
11.002742173, 11.002863270
11.012742175, 11.012920307
11.022742174, 11.022920796
11.032742177, 11.032919779
11.042742174, 11.042869983
11.052742170, 11.052922278
11.062742176, 11.062896972
11.072742181, 11.072916457
11.082742179, 11.082919292
11.092742179, 11.092916544
11.102742176, 11.102917082
11.112742173, 11.112916071
11.122742179, 11.122919603
11.132742177, 11.132915635
11.142742170, 11.142870385
11.152742174, 11.152917171
11.162742182, 11.162919648
11.172742168, 11.172919091
11.182742171, 11.182922173
11.192742177, 11.192918962
11.202742177, 11.202917891
11.212742176, 11.212918846
11.222742174, 11.222921994
11.232742181, 11.232924272
11.242742176, 11.242918254
11.252742182, 11.252920384
11.262742179, 11.262918632
11.272742182, 11.272919490
11.282742176, 11.282921459
11.292742174, 11.292921469
11.302742179, 11.302918868
11.312742182, 11.312915679
11.322742184, 11.322917686
11.332742177, 11.332917667
11.342742176, 11.342919971
11.352742177, 11.352918694
11.362742182, 11.362919752
11.372742171, 11.372920566
11.382742176, 11.382921243
11.392742184, 11.392919759
11.402742173, 11.402921825
11.412742173, 11.412918046
11.422742177, 11.422916970
11.432742184, 11.432915752
11.442742181, 11.442924168
11.452742176, 11.452922677
11.462742166, 11.462919530
11.472742173, 11.472916048
11.482742190, 11.482906745
11.492742171, 11.492915635
11.502742182, 11.502846098
11.512742181, 11.512923609
11.522742176, 11.522918540
11.532742200, 11.532920708
11.542742174, 11.542917695
11.552742174, 11.552917806
11.562742176, 11.562917633
11.572742176, 11.572916159
11.582742174, 11.582915205
11.592742177, 11.592918778
11.602742177, 11.602899227
11.612742176, 11.612918973
11.622742184, 11.622901031
11.632742177, 11.632918054
11.642742173, 11.642918369
11.652742177, 11.652920528
11.662742182, 11.662915981
11.672742177, 11.672916140
11.682742171, 11.682915201
11.692742174, 11.692922936
11.702742173, 11.702921884
11.712742171, 11.712920269
11.722742176, 11.722919328
11.732742181, 11.732921941
11.742742179, 11.742918144
11.752742174, 11.752917786
11.762742181, 11.762921118
11.772742187, 11.772919050
11.782742173, 11.782922350
11.792742176, 11.792920188
11.802742171, 11.802919250
11.812742170, 11.812920638
11.822742179, 11.822917144
11.832742165, 11.832916476
11.842742185, 11.842915993
11.852742176, 11.852917113
11.862742177, 11.862924659
11.872742182, 11.872919522
11.882742173, 11.882917304
11.892742174, 11.892922757
11.902742177, 11.902918297
11.912742170, 11.912921151
11.922742173, 11.922919404
11.932742174, 11.932887656
11.942742173, 11.942919749
11.952742173, 11.952918377
11.962742184, 11.962917589
11.972742176, 11.972926735
11.982742170, 11.982921409
11.992742176, 11.992919642
12.002742177, 12.002899289
12.012742177, 12.012925823
12.022742181, 12.022919768
12.032742174, 12.032917580
12.042742181, 12.042919243
12.052742174, 12.052916716
------------------------------
