------------------------------
test was performed using the following parameters: --mps=100 --burst=1 --reply-every=1 --msg-size=12 --time=10
------------------------------
sockperf: [Total Run] RunTime=10.100 sec; SentMessages=1011; ReceivedMessages=1010
sockperf: ========= Printing statistics for Server No: 0
sockperf: [Valid Duration] RunTime=9.990 sec; SentMessages=1000; ReceivedMessages=1000
sockperf: [2;35m====> avg-lat= 60.982 (std-dev=16.999)[0m
sockperf: # dropped messages = 0; # duplicated messages = 0; # out-of-order messages = 0
sockperf: [2;35mTotal 1000 observations[0m; each percentile contains 10.00 observations
sockperf: ---> <MAX> observation =  143.241
sockperf: ---> percentile  99.99 =  143.241
sockperf: ---> percentile  99.90 =  140.752
sockperf: ---> percentile  99.50 =  118.886
sockperf: ---> percentile  99.00 =  109.654
sockperf: ---> percentile  95.00 =   85.634
sockperf: ---> percentile  90.00 =   78.320
sockperf: ---> percentile  75.00 =   72.349
sockperf: ---> percentile  50.00 =   62.570
sockperf: ---> percentile  25.00 =   46.927
sockperf: ---> <MIN> observation =   25.706
------------------------------
txTime, rxTime
2.063441940, 2.063723446
2.073441934, 2.073635896
2.083441961, 2.083662958
2.093441951, 2.093679725
2.103441945, 2.103692095
2.113441945, 2.113667292
2.123441959, 2.123612044
2.133441939, 2.133661857
2.143441937, 2.143633557
2.153441954, 2.153601463
2.163441943, 2.163608009
2.173441946, 2.173607746
2.183441961, 2.183623918
2.193441953, 2.193649667
2.203441939, 2.203590262
2.213441961, 2.213684226
2.223441939, 2.223728421
2.233441942, 2.233689611
2.243441953, 2.243637401
2.253441958, 2.253604775
2.263441939, 2.263631879
2.273441953, 2.273604376
2.283441946, 2.283647455
2.293441945, 2.293585486
2.303441964, 2.303640021
2.313441959, 2.313613758
2.323441935, 2.323652838
2.333441961, 2.333577492
2.343441946, 2.343578605
2.353441942, 2.353562404
2.363441932, 2.363573431
2.373441935, 2.373568697
2.383441938, 2.383536677
2.393441936, 2.393512687
2.403442006, 2.403548501
2.413441936, 2.413513064
2.423441931, 2.423531000
2.433441933, 2.433573792
2.443441941, 2.443555728
2.453441936, 2.453552353
2.463441938, 2.463557685
2.473441938, 2.473591913
2.483441938, 2.483546889
2.493441933, 2.493565894
2.503441935, 2.503575690
2.513441941, 2.513564198
2.523441933, 2.523571041
2.533441936, 2.533589186
2.543441935, 2.543553719
2.553441941, 2.553628147
2.563441935, 2.563641561
2.573441938, 2.573534089
2.583441938, 2.583549756
2.593441939, 2.593586054
2.603441936, 2.603551198
2.613441931, 2.613569957
2.623441933, 2.623569112
2.633441943, 2.633598584
2.643441930, 2.643567535
2.653441939, 2.653526748
2.663441930, 2.663608416
2.673441938, 2.673595243
2.683441935, 2.683584678
2.693441936, 2.693577190
2.703441935, 2.703551270
2.713441931, 2.713578102
2.723441933, 2.723556515
2.733441933, 2.733542027
2.743441927, 2.743548556
2.753441936, 2.753646470
2.763441936, 2.763560655
2.773441930, 2.773594584
2.783441936, 2.783599263
2.793441936, 2.793612990
2.803441931, 2.803518011
2.813441941, 2.813528031
2.823441938, 2.823570190
2.833441930, 2.833592819
2.843441933, 2.843528018
2.853441935, 2.853519965
2.863441931, 2.863522547
2.873441938, 2.873519007
2.883441936, 2.883584498
2.893441936, 2.893547576
2.903441936, 2.903525681
2.913441935, 2.913547388
2.923441933, 2.923569352
2.933441933, 2.933548128
2.943442029, 2.943515710
2.953441936, 2.953540226
2.963441936, 2.963539159
2.973441935, 2.973511127
2.983441936, 2.983519402
2.993441941, 2.993505643
3.003441938, 3.003511945
3.013441935, 3.013520196
3.023441938, 3.023522392
3.033441939, 3.033548776
3.043441939, 3.043523760
3.053441947, 3.053541967
3.063441936, 3.063527652
3.073441935, 3.073542073
3.083441938, 3.083517097
3.093441933, 3.093546240
3.103441939, 3.103520109
3.113441941, 3.113547233
3.123441936, 3.123511555
3.133442028, 3.133547186
3.143441939, 3.143526126
3.153441941, 3.153517139
3.163441936, 3.163543905
3.173441931, 3.173522470
3.183441941, 3.183508127
3.193441939, 3.193532459
3.203441936, 3.203529916
3.213441938, 3.213512947
3.223441936, 3.223520084
3.233441930, 3.233512706
3.243441936, 3.243517755
3.253441935, 3.253550550
3.263441936, 3.263534030
3.273441941, 3.273563622
3.283441938, 3.283530306
3.293441938, 3.293581595
3.303441939, 3.303564568
3.313441935, 3.313565269
3.323441939, 3.323582537
3.333441938, 3.333573880
3.343441938, 3.343578768
3.353441935, 3.353608783
3.363441999, 3.363611286
3.373441938, 3.373542294
3.383441935, 3.383580242
3.393441935, 3.393585832
3.403441928, 3.403579110
3.413441939, 3.413568514
3.423441939, 3.423574362
3.433441938, 3.433601906
3.443441933, 3.443577731
3.453441938, 3.453574839
3.463441938, 3.463565365
3.473441935, 3.473595933
3.483441936, 3.483617057
3.493441936, 3.493529729
3.503441938, 3.503565274
3.513441938, 3.513564626
3.523441935, 3.523584621
3.533441936, 3.533607252
3.543441933, 3.543592074
3.553441935, 3.553557880
3.563441935, 3.563546199
3.573441939, 3.573527950
3.583441931, 3.583508179
3.593441935, 3.593522323
3.603441939, 3.603506393
3.613441941, 3.613522441
3.623441939, 3.623521887
3.633441938, 3.633536547
3.643442028, 3.643547203
3.653441938, 3.653532834
3.663441933, 3.663542451
3.673441933, 3.673525320
3.683441936, 3.683530113
3.693441931, 3.693521117
3.703441939, 3.703553004
3.713441939, 3.713552983
3.723441935, 3.723534397
3.733441939, 3.733542389
3.743442026, 3.743512537
3.753441935, 3.753533865
3.763441930, 3.763507483
3.773441933, 3.773527881
3.783441939, 3.783521197
3.793441933, 3.793529960
3.803441933, 3.803511162
3.813441939, 3.813512267
3.823441931, 3.823527639
3.833441939, 3.833508954
3.843441938, 3.843603095
3.853441941, 3.853554232
3.863441936, 3.863661246
3.873441930, 3.873625959
3.883441936, 3.883516282
3.893441936, 3.893539367
3.903441931, 3.903508771
3.913441935, 3.913524099
3.923441938, 3.923521402
3.933441944, 3.933542455
3.943441933, 3.943508266
3.953441939, 3.953504565
3.963442029, 3.963522084
3.973441936, 3.973567582
3.983441931, 3.983561101
3.993441933, 3.993525405
4.003441933, 4.003508042
4.013441931, 4.013514626
4.023441939, 4.023528495
4.033441936, 4.033532791
4.043441935, 4.043533066
4.053441941, 4.053524435
4.063441930, 4.063526840
4.073441931, 4.073537817
4.083441936, 4.083530814
4.093441998, 4.093545089
4.103441935, 4.103519800
4.113441936, 4.113520927
4.123441931, 4.123527953
4.133441936, 4.133502365
4.143441938, 4.143518837
4.153441936, 4.153534277
4.163441935, 4.163550440
4.173441935, 4.173514580
4.183441930, 4.183529712
4.193441935, 4.193551602
4.203441930, 4.203522195
4.213441935, 4.213500201
4.223441943, 4.223543442
4.233441933, 4.233612925
4.243441930, 4.243601773
4.253441936, 4.253599462
4.263441941, 4.263595494
4.273441935, 4.273595682
4.283441938, 4.283587053
4.293441938, 4.293600859
4.303441931, 4.303571286
4.313441939, 4.313588070
4.323441935, 4.323594150
4.333441938, 4.333567492
4.343441938, 4.343540475
4.353441938, 4.353516173
4.363441938, 4.363534371
4.373441938, 4.373525406
4.383441935, 4.383561863
4.393441938, 4.393517513
4.403441939, 4.403582127
4.413441939, 4.413561126
4.423441938, 4.423560417
4.433441938, 4.433548042
4.443441933, 4.443565578
4.453441936, 4.453625305
4.463441958, 4.463552253
4.473441935, 4.473567479
4.483441939, 4.483576687
4.493441937, 4.493562519
4.503441932, 4.503570442
4.513441934, 4.513559772
4.523441934, 4.523581787
4.533441940, 4.533541187
4.543441935, 4.543522088
4.553441942, 4.553498902
4.563441937, 4.563545663
4.573441935, 4.573575270
4.583441935, 4.583580937
4.593441935, 4.593603037
4.603441937, 4.603553570
4.613441940, 4.613561479
4.623441942, 4.623575839
4.633441939, 4.633544373
4.643441937, 4.643560299
4.653441945, 4.653585712
4.663441926, 4.663579112
4.673442065, 4.673603637
4.683441940, 4.683580872
4.693441946, 4.693603803
4.703441937, 4.703542845
4.713441939, 4.713579095
4.723441942, 4.723597427
4.733441945, 4.733517243
4.743441935, 4.743557437
4.753441942, 4.753554497
4.763441943, 4.763608148
4.773441940, 4.773539016
4.783441942, 4.783587420
4.793441939, 4.793575454
4.803441943, 4.803571486
4.813441932, 4.813570992
4.823441935, 4.823539990
4.833441929, 4.833595569
4.843441929, 4.843595330
4.853441939, 4.853525436
4.863441940, 4.863555534
4.873441943, 4.873569343
4.883441937, 4.883527839
4.893441939, 4.893515476
4.903441931, 4.903500901
4.913441937, 4.913536981
4.923441934, 4.923508745
4.933441931, 4.933548213
4.943441937, 4.943526847
4.953441935, 4.953509762
4.963441932, 4.963569076
4.973441994, 4.973499856
4.983441934, 4.983531780
4.993441935, 4.993547408
5.003441937, 5.003517858
5.013441934, 5.013527335
5.023441934, 5.023524297
5.033441932, 5.033530174
5.043441935, 5.043553052
5.053441934, 5.053536755
5.063441942, 5.063527146
5.073441940, 5.073549032
5.083441935, 5.083526115
5.093441939, 5.093523680
5.103441937, 5.103540708
5.113441937, 5.113537874
5.123441940, 5.123523917
5.133441939, 5.133526252
5.143441939, 5.143509882
5.153441937, 5.153539393
5.163441934, 5.163543265
5.173441932, 5.173525538
5.183441939, 5.183541147
5.193441935, 5.193525110
5.203441931, 5.203540460
5.213441932, 5.213551718
5.223441940, 5.223561049
5.233441935, 5.233531500
5.243441942, 5.243506814
5.253441937, 5.253521177
5.263441937, 5.263536171
5.273441934, 5.273528246
5.283441939, 5.283556788
5.293441940, 5.293538424
5.303441945, 5.303557584
5.313441937, 5.313520508
5.323441937, 5.323542164
5.333441948, 5.333535512
5.343441937, 5.343578619
5.353441940, 5.353561345
5.363441940, 5.363538037
5.373441935, 5.373531167
5.383441935, 5.383568732
5.393441935, 5.393554691
5.403441934, 5.403542492
5.413441935, 5.413555269
5.423441934, 5.423595987
5.433441939, 5.433571047
5.443441935, 5.443540056
5.453441940, 5.453561692
5.463441934, 5.463570412
5.473441940, 5.473511044
5.483441940, 5.483558316
5.493441942, 5.493535001
5.503441934, 5.503554292
5.513441934, 5.513561460
5.523441939, 5.523507622
5.533441937, 5.533515948
5.543441942, 5.543525999
5.553441935, 5.553520574
5.563441932, 5.563554347
5.573441939, 5.573527902
5.583441935, 5.583546669
5.593441940, 5.593520303
5.603441937, 5.603515575
5.613441932, 5.613512394
5.623441932, 5.623521499
5.633441931, 5.633518084
5.643441935, 5.643520603
5.653441940, 5.653523190
5.663441934, 5.663588421
5.673441942, 5.673568134
5.683441939, 5.683567163
5.693441942, 5.693567930
5.703441937, 5.703551604
5.713441935, 5.713575607
5.723441935, 5.723568227
5.733441940, 5.733577317
5.743441929, 5.743602716
5.753442000, 5.753578760
5.763441940, 5.763575204
5.773441937, 5.773551350
5.783441935, 5.783593841
5.793441935, 5.793611882
5.803441932, 5.803562335
5.813441935, 5.813570213
5.823441939, 5.823557241
5.833441940, 5.833541586
5.843441943, 5.843563844
5.853441932, 5.853554732
5.863441932, 5.863587851
5.873441937, 5.873567078
5.883442030, 5.883559958
5.893441934, 5.893559235
5.903441937, 5.903562876
5.913441935, 5.913574622
5.923441937, 5.923585159
5.933441934, 5.933526762
5.943441935, 5.943560636
5.953441935, 5.953620432
5.963441935, 5.963584314
5.973441942, 5.973541330
5.983441931, 5.983548658
5.993441994, 5.993537767
6.003441939, 6.003554011
6.013441934, 6.013519752
6.023441994, 6.023516025
6.033441942, 6.033501978
6.043441934, 6.043530337
6.053441939, 6.053523516
6.063441937, 6.063509571
6.073441935, 6.073517161
6.083441935, 6.083550137
6.093441939, 6.093546170
6.103441932, 6.103524779
6.113441940, 6.113511189
6.123441934, 6.123533621
6.133441942, 6.133527477
6.143441943, 6.143565057
6.153441929, 6.153564892
6.163441931, 6.163579726
6.173441940, 6.173546954
6.183441932, 6.183577974
6.193441940, 6.193542202
6.203441932, 6.203573431
6.213441935, 6.213610344
6.223441934, 6.223623975
6.233441940, 6.233570668
6.243441932, 6.243588491
6.253441934, 6.253575593
6.263441940, 6.263547818
6.273441935, 6.273600542
6.283441932, 6.283569577
6.293441934, 6.293581824
6.303441932, 6.303543793
6.313441935, 6.313607393
6.323441939, 6.323585448
6.333441939, 6.333532395
6.343441931, 6.343575990
6.353441939, 6.353519698
6.363441940, 6.363568137
6.373441935, 6.373581112
6.383441939, 6.383563787
6.393441940, 6.393586651
6.403441932, 6.403551568
6.413441942, 6.413551854
6.423441942, 6.423522278
6.433441934, 6.433582794
6.443441940, 6.443575436
6.453441937, 6.453610488
6.463441939, 6.463596271
6.473441935, 6.473547595
6.483441934, 6.483578458
6.493441939, 6.493602789
6.503441932, 6.503586632
6.513441940, 6.513566135
6.523441931, 6.523585740
6.533441946, 6.533588352
6.543442032, 6.543565598
6.553441939, 6.553585491
6.563441940, 6.563571612
6.573441939, 6.573594126
6.583441931, 6.583558490
6.593441932, 6.593577435
6.603441934, 6.603571210
6.613441939, 6.613579560
6.623441935, 6.623590494
6.633441942, 6.633589056
6.643441934, 6.643536753
6.653441935, 6.653563819
6.663441940, 6.663641453
6.673441935, 6.673591296
6.683441934, 6.683578514
6.693441931, 6.693538984
6.703441929, 6.703590741
6.713441940, 6.713543969
6.723441939, 6.723599619
6.733441934, 6.733572433
6.743441939, 6.743558801
6.753441932, 6.753595652
6.763441937, 6.763561234
6.773441937, 6.773564744
6.783441937, 6.783538463
6.793441935, 6.793537759
6.803441940, 6.803523560
6.813441942, 6.813526351
6.823441932, 6.823519412
6.833441940, 6.833540827
6.843441940, 6.843546964
6.853441932, 6.853527496
6.863441932, 6.863534197
6.873441934, 6.873549929
6.883441939, 6.883544733
6.893441937, 6.893508660
6.903441934, 6.903556363
6.913441940, 6.913571536
6.923441935, 6.923556988
6.933441942, 6.933572526
6.943442029, 6.943568658
6.953441932, 6.953602314
6.963441934, 6.963554802
6.973441937, 6.973562518
6.983441939, 6.983551641
6.993441940, 6.993579971
7.003441932, 7.003525758
7.013441953, 7.013520285
7.023441940, 7.023519537
7.033441937, 7.033535599
7.043441937, 7.043512238
7.053441934, 7.053502943
7.063441932, 7.063508486
7.073441934, 7.073574809
7.083441937, 7.083565380
7.093441937, 7.093610046
7.103441939, 7.103572818
7.113441937, 7.113612056
7.123441939, 7.123586662
7.133441939, 7.133532803
7.143441932, 7.143637962
7.153441937, 7.153560580
7.163441942, 7.163602390
7.173441939, 7.173541204
7.183441935, 7.183628025
7.193441940, 7.193612158
7.203441939, 7.203567790
7.213441939, 7.213544174
7.223441942, 7.223530144
7.233441935, 7.233546459
7.243441932, 7.243523944
7.253441935, 7.253543121
7.263441939, 7.263539859
7.273441939, 7.273548652
7.283441942, 7.283506781
7.293441934, 7.293530703
7.303441932, 7.303530258
7.313442025, 7.313519033
7.323441937, 7.323607248
7.333441934, 7.333581237
7.343441942, 7.343585609
7.353441934, 7.353589777
7.363441929, 7.363561585
7.373441939, 7.373536117
7.383441939, 7.383555056
7.393441931, 7.393538779
7.403441939, 7.403566042
7.413441937, 7.413572132
7.423441932, 7.423580874
7.433441932, 7.433538037
7.443441931, 7.443561337
7.453442032, 7.453575180
7.463441940, 7.463559594
7.473441934, 7.473587245
7.483441932, 7.483545263
7.493441934, 7.493569804
7.503441940, 7.503577590
7.513441934, 7.513548211
7.523441940, 7.523525666
7.533441942, 7.533493354
7.543441932, 7.543524147
7.553441935, 7.553534939
7.563441940, 7.563575051
7.573441937, 7.573562404
7.583441939, 7.583582137
7.593441943, 7.593540164
7.603441935, 7.603566637
7.613441939, 7.613512601
7.623441940, 7.623533284
7.633441942, 7.633541755
7.643441942, 7.643523910
7.653441937, 7.653572446
7.663441935, 7.663538559
7.673441940, 7.673534536
7.683441939, 7.683515220
7.693441935, 7.693534167
7.703441932, 7.703519066
7.713441935, 7.713518672
7.723441939, 7.723528871
7.733441939, 7.733542180
7.743441937, 7.743522074
7.753441939, 7.753526939
7.763442011, 7.763502491
7.773441940, 7.773562754
7.783441931, 7.783547095
7.793441940, 7.793537678
7.803441937, 7.803509122
7.813442014, 7.813541742
7.823441934, 7.823514476
7.833441934, 7.833519171
7.843441928, 7.843587251
7.853441932, 7.853575346
7.863441931, 7.863537852
7.873441935, 7.873584712
7.883441937, 7.883620602
7.893441935, 7.893523367
7.903441931, 7.903552466
7.913441940, 7.913564234
7.923441932, 7.923579293
7.933441935, 7.933552087
7.943442025, 7.943656555
7.953441943, 7.953568251
7.963441937, 7.963554468
7.973441939, 7.973558286
7.983441934, 7.983568530
7.993441935, 7.993527528
8.003441937, 8.003511113
8.013441939, 8.013547425
8.023441939, 8.023547689
8.033441940, 8.033530335
8.043441935, 8.043520955
8.053441940, 8.053535798
8.063441937, 8.063525417
8.073441931, 8.073536351
8.083441934, 8.083532005
8.093441932, 8.093530809
8.103441942, 8.103515108
8.113441937, 8.113506801
8.123441939, 8.123530187
8.133441935, 8.133518144
8.143441937, 8.143531017
8.153441940, 8.153557134
8.163441939, 8.163547265
8.173441935, 8.173512806
8.183441937, 8.183534590
8.193441940, 8.193548672
8.203441932, 8.203525104
8.213441937, 8.213523219
8.223441937, 8.223544191
8.233441942, 8.233537424
8.243441931, 8.243547599
8.253441939, 8.253519088
8.263441942, 8.263520189
8.273442030, 8.273539824
8.283441943, 8.283518902
8.293441934, 8.293532132
8.303441935, 8.303525780
8.313441937, 8.313547957
8.323441939, 8.323528148
8.333441943, 8.333506091
8.343441934, 8.343516928
8.353441940, 8.353535080
8.363441935, 8.363556393
8.373441946, 8.373531513
8.383442029, 8.383535820
8.393441940, 8.393562189
8.403441942, 8.403565843
8.413441935, 8.413576169
8.423441939, 8.423613270
8.433441939, 8.433625941
8.443441948, 8.443612886
8.453441934, 8.453660706
8.463441939, 8.463581027
8.473441942, 8.473675300
8.483441932, 8.483607194
8.493441935, 8.493564867
8.503441937, 8.503564355
8.513441939, 8.513595214
8.523441937, 8.523550169
8.533441937, 8.533585739
8.543441934, 8.543598056
8.553442029, 8.553581349
8.563441937, 8.563593043
8.573441942, 8.573560096
8.583441932, 8.583551664
8.593441940, 8.593542462
8.603441934, 8.603572376
8.613441931, 8.613596271
8.623441934, 8.623591202
8.633441935, 8.633563765
8.643441935, 8.643562014
8.653442030, 8.653577775
8.663441935, 8.663565350
8.673441939, 8.673579683
8.683441937, 8.683628977
8.693441934, 8.693556317
8.703441937, 8.703534312
8.713441937, 8.713552165
8.723441939, 8.723524015
8.733441935, 8.733530749
8.743441937, 8.743545175
8.753441940, 8.753538299
8.763441935, 8.763547224
8.773441942, 8.773562917
8.783441939, 8.783563590
8.793441931, 8.793566684
8.803441932, 8.803580778
8.813441935, 8.813558701
8.823441942, 8.823571251
8.833441934, 8.833576731
8.843441976, 8.843513850
8.853441935, 8.853530183
8.863441937, 8.863501463
8.873441940, 8.873583724
8.883441939, 8.883562486
8.893441951, 8.893590769
8.903441943, 8.903579691
8.913441940, 8.913605044
8.923441943, 8.923582664
8.933441945, 8.933551590
8.943441939, 8.943558250
8.953441940, 8.953553351
8.963441945, 8.963616622
8.973441943, 8.973537543
8.983441935, 8.983526735
8.993441937, 8.993508767
9.003441934, 9.003542058
9.013441937, 9.013522810
9.023441937, 9.023547614
9.033441939, 9.033526721
9.043441929, 9.043546700
9.053441934, 9.053535788
9.063441939, 9.063523738
9.073441939, 9.073567218
9.083441935, 9.083526588
9.093441946, 9.093506786
9.103441939, 9.103519114
9.113442033, 9.113512009
9.123441935, 9.123527600
9.133441940, 9.133519900
9.143441939, 9.143542930
9.153441939, 9.153525388
9.163441939, 9.163509966
9.173441932, 9.173525091
9.183441935, 9.183506700
9.193441940, 9.193616372
9.203441942, 9.203617703
9.213442027, 9.213566253
9.223441939, 9.223633189
9.233441931, 9.233580430
9.243441934, 9.243635021
9.253441940, 9.253569405
9.263441942, 9.263589503
9.273441934, 9.273572242
9.283441928, 9.283558131
9.293441932, 9.293538024
9.303441939, 9.303527581
9.313441935, 9.313567370
9.323441939, 9.323581376
9.333441939, 9.333555346
9.343441932, 9.343562887
9.353441946, 9.353581054
9.363441940, 9.363584215
9.373441935, 9.373536804
9.383441934, 9.383597997
9.393441940, 9.393637320
9.403441935, 9.403571300
9.413441935, 9.413566643
9.423441940, 9.423603160
9.433441940, 9.433567169
9.443441940, 9.443573344
9.453441940, 9.453571502
9.463441935, 9.463570742
9.473441940, 9.473589084
9.483441935, 9.483579042
9.493441940, 9.493564130
9.503441940, 9.503550467
9.513441942, 9.513602999
9.523441939, 9.523573826
9.533441935, 9.533567922
9.543441935, 9.543579502
9.553441934, 9.553569433
9.563441935, 9.563609662
9.573441932, 9.573574228
9.583441939, 9.583586400
9.593441929, 9.593539466
9.603441935, 9.603568718
9.613441942, 9.613572572
9.623441939, 9.623626266
9.633441935, 9.633562323
9.643441934, 9.643605781
9.653441935, 9.653580986
9.663441943, 9.663631051
9.673441939, 9.673578433
9.683441939, 9.683572552
9.693441935, 9.693516867
9.703441928, 9.703577389
9.713441939, 9.713528691
9.723442027, 9.723576071
9.733441937, 9.733522166
9.743441935, 9.743518547
9.753441942, 9.753567378
9.763441937, 9.763532032
9.773441943, 9.773558360
9.783441934, 9.783537955
9.793441939, 9.793537224
9.803441937, 9.803509427
9.813441935, 9.813519111
9.823441942, 9.823530843
9.833441934, 9.833520974
9.843441935, 9.843551622
9.853441935, 9.853512493
9.863441932, 9.863567360
9.873441943, 9.873557910
9.883441929, 9.883579112
9.893441942, 9.893543478
9.903441943, 9.903512702
9.913441939, 9.913498853
9.923441942, 9.923553704
9.933441935, 9.933599595
9.943441939, 9.943613207
9.953441934, 9.953634157
9.963442002, 9.963615278
9.973442010, 9.973652199
9.983442006, 9.983594969
9.993441950, 9.993580920
10.003441935, 10.003568159
10.013441935, 10.013582983
10.023441937, 10.023588172
10.033441935, 10.033586882
10.043441932, 10.043598144
10.053441934, 10.053586015
10.063441939, 10.063598490
10.073441937, 10.073590777
10.083441934, 10.083585143
10.093441940, 10.093585609
10.103441931, 10.103584897
10.113441937, 10.113596003
10.123441932, 10.123600307
10.133441940, 10.133586645
10.143441939, 10.143585202
10.153441945, 10.153598712
10.163441939, 10.163595771
10.173441932, 10.173585323
10.183441932, 10.183584706
10.193441937, 10.193586141
10.203441934, 10.203589746
10.213441940, 10.213586032
10.223441937, 10.223588252
10.233441935, 10.233590992
10.243441934, 10.243590175
10.253441937, 10.253586432
10.263441943, 10.263598608
10.273441931, 10.273582106
10.283441939, 10.283586375
10.293441934, 10.293586749
10.303441939, 10.303582837
10.313441935, 10.313589795
10.323441935, 10.323588217
10.333441937, 10.333587461
10.343441939, 10.343587321
10.353441940, 10.353585529
10.363441931, 10.363589746
10.373441945, 10.373589796
10.383441935, 10.383614685
10.393441937, 10.393588151
10.403441940, 10.403589110
10.413441937, 10.413590297
10.423441932, 10.423585650
10.433441935, 10.433588691
10.443441935, 10.443585780
10.453441940, 10.453550905
10.463441939, 10.463586184
10.473441935, 10.473590275
10.483441935, 10.483587147
10.493441934, 10.493588063
10.503441931, 10.503585840
10.513441935, 10.513589867
10.523441937, 10.523586184
10.533441932, 10.533588405
10.543441937, 10.543584769
10.553441934, 10.553589103
10.563441935, 10.563587179
10.573441937, 10.573589455
10.583441935, 10.583589866
10.593441937, 10.593590873
10.603441935, 10.603593284
10.613441934, 10.613591579
10.623441937, 10.623589776
10.633441937, 10.633592338
10.643441931, 10.643587251
10.653441937, 10.653585783
10.663441934, 10.663591513
10.673441935, 10.673590861
10.683441934, 10.683593262
10.693441934, 10.693592212
10.703441934, 10.703588202
10.713441935, 10.713593287
10.723441935, 10.723590298
10.733441937, 10.733590158
10.743441931, 10.743590512
10.753441937, 10.753590216
10.763441943, 10.763596289
10.773441937, 10.773592545
10.783441939, 10.783592038
10.793441931, 10.793594601
10.803441935, 10.803592226
10.813441937, 10.813590862
10.823441940, 10.823591940
10.833441934, 10.833588532
10.843441932, 10.843588228
10.853441939, 10.853587794
10.863441939, 10.863587199
10.873441934, 10.873590513
10.883441932, 10.883584720
10.893441928, 10.893584910
10.903441937, 10.903611190
10.913441940, 10.913582363
10.923441939, 10.923586312
10.933441934, 10.933587883
10.943441935, 10.943585611
10.953441931, 10.953593371
10.963441935, 10.963583917
10.973441937, 10.973588506
10.983441934, 10.983583991
10.993441937, 10.993584065
11.003441940, 11.003586520
11.013441937, 11.013583504
11.023441934, 11.023579753
11.033441939, 11.033589978
11.043441939, 11.043582780
11.053441935, 11.053588813
11.063441932, 11.063586858
11.073441939, 11.073587747
11.083441931, 11.083585977
11.093441953, 11.093582734
11.103441940, 11.103582374
11.113441937, 11.113585859
11.123441937, 11.123584003
11.133441932, 11.133584366
11.143441931, 11.143582077
11.153441932, 11.153585210
11.163441940, 11.163586864
11.173441939, 11.173583958
11.183441935, 11.183585303
11.193441935, 11.193587278
11.203441929, 11.203582759
11.213441937, 11.213589392
11.223441937, 11.223584864
11.233441932, 11.233585713
11.243441932, 11.243585821
11.253441928, 11.253588393
11.263441929, 11.263584177
11.273441940, 11.273585082
11.283441935, 11.283584799
11.293441934, 11.293586459
11.303441934, 11.303583683
11.313441935, 11.313584073
11.323441935, 11.323592476
11.333441934, 11.333588636
11.343441934, 11.343584512
11.353441932, 11.353588407
11.363441934, 11.363584678
11.373441932, 11.373585799
11.383441937, 11.383585821
11.393441937, 11.393585702
11.403441935, 11.403585289
11.413441937, 11.413586351
11.423441932, 11.423584452
11.433441935, 11.433585909
11.443441928, 11.443583100
11.453441940, 11.453584453
11.463441931, 11.463584232
11.473441940, 11.473588642
11.483441940, 11.483589007
11.493441942, 11.493586680
11.503441939, 11.503587684
11.513441935, 11.513589949
11.523441942, 11.523585715
11.533441932, 11.533585355
11.543441934, 11.543582705
11.553441940, 11.553585999
11.563441935, 11.563585821
11.573441935, 11.573583857
11.583441939, 11.583587156
11.593441940, 11.593587681
11.603441932, 11.603584741
11.613441931, 11.613582412
11.623441932, 11.623582435
11.633441943, 11.633584706
11.643441932, 11.643586411
11.653441935, 11.653581742
11.663441934, 11.663584935
11.673441935, 11.673589918
11.683441934, 11.683585191
11.693441935, 11.693600707
11.703441940, 11.703581520
11.713441934, 11.713587862
11.723441939, 11.723586716
11.733441935, 11.733586634
11.743441928, 11.743586383
11.753441934, 11.753590098
11.763441940, 11.763581469
11.773441939, 11.773586844
11.783441932, 11.783588522
11.793441932, 11.793583354
11.803441940, 11.803594355
11.813441940, 11.813582835
11.823441935, 11.823587289
11.833441931, 11.833589934
11.843441939, 11.843586440
11.853441932, 11.853588146
11.863441929, 11.863587330
11.873441939, 11.873584777
11.883441940, 11.883588630
11.893441937, 11.893581720
11.903441939, 11.903589357
11.913441937, 11.913587455
11.923441931, 11.923587022
11.933441939, 11.933592373
11.943441939, 11.943584722
11.953441945, 11.953587366
11.963441939, 11.963588524
11.973441934, 11.973590586
11.983441934, 11.983584652
11.993441935, 11.993595469
12.003441934, 12.003587169
12.013441937, 12.013586512
12.023441932, 12.023594151
12.033441937, 12.033585789
12.043441939, 12.043598010
12.053441934, 12.053585772
------------------------------
