------------------------------
test was performed using the following parameters: --mps=100 --burst=1 --reply-every=1 --msg-size=12 --time=10
------------------------------
sockperf: [Total Run] RunTime=10.100 sec; SentMessages=1011; ReceivedMessages=1010
sockperf: ========= Printing statistics for Server No: 0
sockperf: [Valid Duration] RunTime=9.990 sec; SentMessages=1000; ReceivedMessages=1000
sockperf: [2;35m====> avg-lat= 82.307 (std-dev=36.717)[0m
sockperf: # dropped messages = 0; # duplicated messages = 0; # out-of-order messages = 0
sockperf: [2;35mTotal 1000 observations[0m; each percentile contains 10.00 observations
sockperf: ---> <MAX> observation =  171.096
sockperf: ---> percentile  99.99 =  171.096
sockperf: ---> percentile  99.90 =  170.257
sockperf: ---> percentile  99.50 =  159.178
sockperf: ---> percentile  99.00 =  154.868
sockperf: ---> percentile  95.00 =  151.582
sockperf: ---> percentile  90.00 =  148.692
sockperf: ---> percentile  75.00 =  104.876
sockperf: ---> percentile  50.00 =   71.597
sockperf: ---> percentile  25.00 =   49.923
sockperf: ---> <MIN> observation =   29.728
------------------------------
txTime, rxTime
2.062813326, 2.063023952
2.072813312, 2.073131670
2.082813321, 2.082973516
2.092813327, 2.093038588
2.102813339, 2.103036503
2.112813335, 2.113036722
2.122813331, 2.123006926
2.132813361, 2.132949794
2.142814107, 2.143002443
2.152813335, 2.152944037
2.162813327, 2.162983812
2.172813336, 2.172957775
2.182813337, 2.182963905
2.192813322, 2.192973092
2.202813327, 2.202966789
2.212813325, 2.212953729
2.222813334, 2.222946665
2.232813341, 2.232966984
2.242813331, 2.243005964
2.252813331, 2.252995626
2.262813324, 2.262989073
2.272813328, 2.272929864
2.282813324, 2.282941700
2.292813336, 2.292943431
2.302813327, 2.302983348
2.312813339, 2.313008565
2.322813323, 2.323005363
2.332813330, 2.332967459
2.342813323, 2.343011017
2.352813320, 2.352956981
2.362813339, 2.363024478
2.372813336, 2.372983140
2.382813320, 2.383052306
2.392813341, 2.392943774
2.402813327, 2.403001447
2.412813341, 2.412992723
2.422813320, 2.422970175
2.432813341, 2.432963128
2.442813327, 2.442974468
2.452813324, 2.452981053
2.462813340, 2.463003662
2.472813320, 2.472964967
2.482813332, 2.483010960
2.492813325, 2.492944925
2.502813318, 2.503005671
2.512813327, 2.512990773
2.522813332, 2.523003777
2.532813333, 2.532969186
2.542813342, 2.543012381
2.552813341, 2.552980688
2.562813318, 2.562989427
2.572813324, 2.572990800
2.582813331, 2.582990796
2.592813333, 2.592959012
2.602813335, 2.602966959
2.612813331, 2.612966210
2.622813331, 2.623005584
2.632813316, 2.633017175
2.642813323, 2.642987718
2.652813324, 2.652950288
2.662813329, 2.662996019
2.672813338, 2.672950692
2.682813321, 2.682964545
2.692813336, 2.693000036
2.702813327, 2.702978952
2.712813327, 2.712958619
2.722813334, 2.722988794
2.732813320, 2.732987430
2.742813331, 2.742996660
2.752814160, 2.752983786
2.762813337, 2.762979993
2.772813322, 2.772953242
2.782813334, 2.782965394
2.792813320, 2.792974810
2.802813324, 2.802946694
2.812813333, 2.812967558
2.822813332, 2.823030641
2.832813327, 2.832969718
2.842814428, 2.842993832
2.852813325, 2.852993427
2.862813337, 2.862958866
2.872813325, 2.872958500
2.882813337, 2.882963661
2.892813333, 2.892958022
2.902813320, 2.902955867
2.912813314, 2.912955740
2.922813324, 2.923018081
2.932813341, 2.932983916
2.942813337, 2.942984621
2.952813343, 2.953007572
2.962813339, 2.962999121
2.972813312, 2.973021676
2.982813337, 2.982980122
2.992813331, 2.992966030
3.002813323, 3.002978757
3.012813322, 3.012953105
3.022813335, 3.022943099
3.032813336, 3.032974720
3.042813324, 3.042951385
3.052813327, 3.052952052
3.062813331, 3.062976562
3.072813331, 3.072977641
3.082813337, 3.082995221
3.092813336, 3.092980453
3.102813326, 3.102908393
3.112813328, 3.112887745
3.122813318, 3.122884348
3.132813339, 3.132902302
3.142813329, 3.142917701
3.152813331, 3.152894024
3.162813489, 3.162910097
3.172813339, 3.172897872
3.182814161, 3.182891063
3.192813336, 3.192898436
3.202813320, 3.202937050
3.212813338, 3.212895816
3.222813321, 3.222891311
3.232813320, 3.232884658
3.242813315, 3.242921210
3.252813335, 3.252920798
3.262813324, 3.262886430
3.272813331, 3.272894024
3.282813318, 3.282905811
3.292813352, 3.292906108
3.302813320, 3.302902308
3.312813346, 3.312872802
3.322813882, 3.322906042
3.332813395, 3.332909625
3.342813335, 3.342918653
3.352813338, 3.352915650
3.362813320, 3.362904392
3.372813327, 3.372905888
3.382813321, 3.382909683
3.392813335, 3.392900092
3.402813335, 3.402911154
3.412813338, 3.412907432
3.422813321, 3.422929511
3.432813342, 3.432910745
3.442813334, 3.442907904
3.452813339, 3.452912066
3.462813313, 3.462907357
3.472813316, 3.472990250
3.482813334, 3.482916531
3.492813336, 3.492909998
3.502813321, 3.502900082
3.512813324, 3.512937393
3.522813332, 3.522925467
3.532813327, 3.532911504
3.542813335, 3.542903388
3.552813319, 3.552911923
3.562813334, 3.562907332
3.572813339, 3.572907014
3.582813335, 3.582933278
3.592813327, 3.592908637
3.602813321, 3.602953932
3.612813338, 3.612926093
3.622813339, 3.622911952
3.632813341, 3.632906392
3.642813327, 3.642915721
3.652813338, 3.652915879
3.662813342, 3.662914975
3.672813320, 3.672914951
3.682813332, 3.682893142
3.692813325, 3.692935063
3.702813320, 3.702910116
3.712813336, 3.712921232
3.722813335, 3.722899485
3.732813344, 3.732934599
3.742813329, 3.742900960
3.752813338, 3.752889823
3.762813320, 3.763131250
3.772813320, 3.772923436
3.782813334, 3.782981559
3.792813325, 3.792893994
3.802813321, 3.802887280
3.812813314, 3.812949758
3.822813318, 3.822919423
3.832813339, 3.832917185
3.842813321, 3.842943909
3.852813328, 3.852882148
3.862813326, 3.862907158
3.872813330, 3.872902958
3.882813335, 3.882928316
3.892813335, 3.892903259
3.902813343, 3.902890722
3.912813339, 3.912909799
3.922813324, 3.922904149
3.932813346, 3.932915860
3.942813339, 3.942925833
3.952813335, 3.952935739
3.962813342, 3.962909773
3.972813325, 3.972927590
3.982813318, 3.982890081
3.992813322, 3.992881095
4.002813342, 4.002878901
4.012813331, 4.012915744
4.022813337, 4.022906509
4.032813328, 4.032898971
4.042813327, 4.042897115
4.052813336, 4.052948572
4.062813327, 4.062898449
4.072813336, 4.072915423
4.082813329, 4.082929643
4.092813336, 4.092893094
4.102813320, 4.102905256
4.112813336, 4.112883024
4.122813339, 4.122907712
4.132813319, 4.132883308
4.142813335, 4.142909626
4.152813327, 4.152922724
4.162813326, 4.162947681
4.172813338, 4.172892370
4.182813320, 4.182879226
4.192813324, 4.192916061
4.202813321, 4.202894363
4.212813322, 4.212907746
4.222813323, 4.222899269
4.232813319, 4.232888217
4.242813335, 4.242891489
4.252813325, 4.252884079
4.262813337, 4.262885643
4.272813324, 4.272899705
4.282813331, 4.283047252
4.292813336, 4.292886551
4.302813315, 4.302896818
4.312813339, 4.312883332
4.322813332, 4.322908383
4.332813327, 4.332924937
4.342813320, 4.342887976
4.352813322, 4.352884267
4.362813324, 4.362912061
4.372813316, 4.372891864
4.382813340, 4.382915915
4.392813341, 4.392915409
4.402813334, 4.402883360
4.412813331, 4.412904301
4.422813329, 4.422949732
4.432813327, 4.432923027
4.442813327, 4.442910943
4.452813333, 4.452922170
4.462814141, 4.462906936
4.472813335, 4.472913838
4.482813320, 4.482908851
4.492813325, 4.492916926
4.502813339, 4.502907038
4.512813328, 4.512910118
4.522813332, 4.522907915
4.532813322, 4.532915114
4.542813332, 4.542921321
4.552813314, 4.552902108
4.562813321, 4.562906842
4.572813344, 4.572910157
4.582813326, 4.582916005
4.592813328, 4.592956863
4.602813331, 4.602935236
4.612813324, 4.612920616
4.622813337, 4.622946991
4.632813325, 4.632907072
4.642813320, 4.642908453
4.652813330, 4.652908717
4.662813324, 4.662906317
4.672813320, 4.672945130
4.682813335, 4.682914999
4.692813338, 4.692911880
4.702813320, 4.702926435
4.712813319, 4.712936414
4.722813316, 4.722901651
4.732813331, 4.732915282
4.742813329, 4.742934671
4.752813322, 4.752904557
4.762813323, 4.762909490
4.772813324, 4.772946935
4.782813332, 4.782999456
4.792813338, 4.792914618
4.802813327, 4.802937942
4.812813322, 4.812908620
4.822813320, 4.822905309
4.832813328, 4.832904683
4.842813334, 4.842904844
4.852813331, 4.852910107
4.862813318, 4.862910793
4.872813335, 4.872923625
4.882813326, 4.882913098
4.892813338, 4.892908421
4.902813324, 4.902909655
4.912813330, 4.912911353
4.922813327, 4.922911874
4.932813325, 4.932913877
4.942813337, 4.942914259
4.952813320, 4.952908624
4.962814962, 4.962913865
4.972813339, 4.972906949
4.982813327, 4.982916659
4.992813325, 4.992912332
5.002813337, 5.002908638
5.012813338, 5.012912519
5.022813324, 5.022906644
5.032813342, 5.032911608
5.042813331, 5.042892535
5.052813322, 5.052894414
5.062813337, 5.062987576
5.072813330, 5.072893074
5.082814338, 5.082919501
5.092813331, 5.092908623
5.102813339, 5.102887397
5.112813335, 5.112893522
5.122813332, 5.122908912
5.132813342, 5.132885869
5.142813324, 5.142873378
5.152813322, 5.152906548
5.162813320, 5.162944540
5.172813333, 5.172911010
5.182813324, 5.182921874
5.192813320, 5.192949624
5.202813334, 5.202897053
5.212813335, 5.212887799
5.222813323, 5.222928780
5.232813333, 5.232893708
5.242813342, 5.242917135
5.252813324, 5.252890236
5.262813321, 5.262910120
5.272813322, 5.272930963
5.282813334, 5.282922357
5.292813333, 5.292890780
5.302813324, 5.302908676
5.312813319, 5.312907847
5.322813316, 5.323004921
5.332813344, 5.332997982
5.342813331, 5.342981172
5.352813335, 5.353010740
5.362813324, 5.362986496
5.372813325, 5.372909472
5.382813316, 5.382911799
5.392813333, 5.392925342
5.402813332, 5.402941580
5.412813320, 5.412935993
5.422813332, 5.422906561
5.432813322, 5.432979225
5.442813332, 5.442904514
5.452813319, 5.452906348
5.462813331, 5.462971033
5.472813331, 5.472964653
5.482813321, 5.482922548
5.492813338, 5.492928105
5.502813324, 5.502913516
5.512813336, 5.512932055
5.522813332, 5.522914601
5.532813319, 5.532936984
5.542813329, 5.542906110
5.552813324, 5.552990192
5.562813342, 5.562989460
5.572813319, 5.572950708
5.582813327, 5.582934478
5.592815389, 5.592916418
5.602813334, 5.602911292
5.612813338, 5.612911443
5.622813340, 5.622946244
5.632813324, 5.632907379
5.642813326, 5.642909686
5.652813341, 5.652916002
5.662813335, 5.662950663
5.672813336, 5.672909748
5.682813323, 5.682914740
5.692813333, 5.692908468
5.702813321, 5.702957214
5.712813338, 5.712934389
5.722813329, 5.722920562
5.732813327, 5.732940471
5.742813324, 5.742906317
5.752813320, 5.752912444
5.762813367, 5.762912452
5.772813333, 5.772913200
5.782813324, 5.782908649
5.792813339, 5.792901826
5.802813339, 5.803092597
5.812813324, 5.812985384
5.822813327, 5.823015427
5.832813330, 5.833050291
5.842813340, 5.842943572
5.852813341, 5.852965608
5.862813337, 5.862905480
5.872813322, 5.872902899
5.882813335, 5.882902606
5.892813335, 5.892926586
5.902814520, 5.902911513
5.912813327, 5.912945948
5.922813337, 5.922979383
5.932813344, 5.933027424
5.942813347, 5.943001069
5.952813350, 5.953025479
5.962813320, 5.963007232
5.972813317, 5.973021619
5.982813339, 5.982944322
5.992813324, 5.992984625
6.002813342, 6.003001398
6.012813339, 6.012991494
6.022813343, 6.022920596
6.032813320, 6.033049492
6.042813341, 6.042956271
6.052813336, 6.052960714
6.062813334, 6.063009465
6.072813316, 6.073001694
6.082813324, 6.083041088
6.092813346, 6.092944301
6.102813324, 6.102993672
6.112813341, 6.112956158
6.122813326, 6.122991279
6.132813320, 6.133037103
6.142813345, 6.142998384
6.152813339, 6.153007486
6.162813340, 6.162959538
6.172813344, 6.173011019
6.182813338, 6.182994156
6.192813330, 6.192959776
6.202813341, 6.203014633
6.212813341, 6.213011770
6.222813343, 6.222955856
6.232813342, 6.232965694
6.242813331, 6.243019548
6.252813328, 6.252998482
6.262813339, 6.263014278
6.272813338, 6.272962475
6.282813343, 6.282980432
6.292813339, 6.292936637
6.302813324, 6.302993131
6.312813322, 6.312985411
6.322813343, 6.323064800
6.332813339, 6.332956535
6.342813337, 6.342988221
6.352813339, 6.352909328
6.362813325, 6.362901674
6.372813323, 6.372953498
6.382813321, 6.382972270
6.392813339, 6.392990936
6.402813337, 6.402965906
6.412813320, 6.412962412
6.422813324, 6.422955353
6.432813328, 6.432956423
6.442813343, 6.442959317
6.452813339, 6.452957707
6.462813343, 6.462920623
6.472813327, 6.472907630
6.482813329, 6.482901274
6.492813322, 6.492910506
6.502813323, 6.502984453
6.512813324, 6.512912876
6.522813327, 6.522916769
6.532813328, 6.532905839
6.542813326, 6.542910139
6.552813331, 6.552957660
6.562813340, 6.562983178
6.572813327, 6.572918057
6.582813324, 6.582902868
6.592813329, 6.592907439
6.602813322, 6.602903768
6.612813334, 6.612906544
6.622813336, 6.622907437
6.632813335, 6.632903123
6.642813320, 6.642918319
6.652813327, 6.652905908
6.662813327, 6.662900512
6.672813324, 6.672904270
6.682813325, 6.682944314
6.692813321, 6.692953292
6.702813322, 6.702937829
6.712813329, 6.712914090
6.722813344, 6.722903769
6.732813321, 6.732906164
6.742813319, 6.742924641
6.752813327, 6.752909845
6.762813315, 6.762903438
6.772813320, 6.772980872
6.782813316, 6.782907875
6.792813330, 6.792955170
6.802813316, 6.802906694
6.812813316, 6.812906131
6.822813310, 6.822952697
6.832813327, 6.832909857
6.842813327, 6.842948800
6.852813325, 6.852904871
6.862813324, 6.862908500
6.872813330, 6.872905065
6.882813332, 6.882912013
6.892813325, 6.892902279
6.902813329, 6.902965216
6.912813333, 6.912987034
6.922813326, 6.922980732
6.932813312, 6.932948100
6.942813320, 6.942943782
6.952813320, 6.952906627
6.962813310, 6.962965543
6.972813320, 6.972922933
6.982813327, 6.982924482
6.992813328, 6.992924134
7.002813321, 7.002919823
7.012813325, 7.012913936
7.022813321, 7.022910079
7.032813320, 7.032971880
7.042813320, 7.042907158
7.052813319, 7.052908710
7.062813320, 7.062904285
7.072813320, 7.072958999
7.082813345, 7.082906184
7.092813320, 7.092909564
7.102813343, 7.102904450
7.112813331, 7.112903701
7.122813316, 7.122982249
7.132813328, 7.132991078
7.142813323, 7.142912015
7.152813328, 7.152958630
7.162813327, 7.162908129
7.172813317, 7.172904969
7.182813326, 7.182921365
7.192813314, 7.192918473
7.202813320, 7.202972454
7.212813339, 7.212952466
7.222813326, 7.222942090
7.232813322, 7.232920000
7.242813321, 7.242901531
7.252813319, 7.252933936
7.262813329, 7.262935979
7.272813324, 7.272903682
7.282813324, 7.282907098
7.292813327, 7.292908032
7.302813323, 7.302926691
7.312813316, 7.312974987
7.322813326, 7.322905769
7.332813317, 7.332907086
7.342813343, 7.342913190
7.352813330, 7.352909235
7.362813329, 7.362906724
7.372813324, 7.372906753
7.382813324, 7.382905570
7.392813330, 7.392916699
7.402813329, 7.402908971
7.412813327, 7.412919307
7.422813345, 7.422943073
7.432813336, 7.432948640
7.442813323, 7.442945775
7.452813325, 7.452926603
7.462813324, 7.462909186
7.472813327, 7.472957348
7.482813314, 7.482962805
7.492813322, 7.492967194
7.502813325, 7.502893593
7.512813324, 7.512948400
7.522813320, 7.522920115
7.532813327, 7.532907142
7.542813322, 7.542917816
7.552813324, 7.552959094
7.562813328, 7.562905093
7.572813325, 7.572917808
7.582813331, 7.582916997
7.592813314, 7.592908243
7.602813323, 7.602933558
7.612813319, 7.612972802
7.622813328, 7.622957854
7.632813324, 7.632941328
7.642813320, 7.642933234
7.652813321, 7.652901864
7.662813326, 7.662918194
7.672813322, 7.672920627
7.682813340, 7.682994645
7.692813320, 7.693017290
7.702813323, 7.702953816
7.712813319, 7.712920772
7.722813327, 7.722907562
7.732813324, 7.732911141
7.742813326, 7.742956742
7.752813330, 7.752921902
7.762813329, 7.763106115
7.772813322, 7.772907855
7.782813326, 7.782907782
7.792813319, 7.792903463
7.802813327, 7.802994781
7.812813328, 7.812909726
7.822813327, 7.822906662
7.832813336, 7.832982109
7.842813321, 7.842982101
7.852813330, 7.852907677
7.862813315, 7.862948421
7.872813320, 7.872914034
7.882813326, 7.882906642
7.892813330, 7.892936427
7.902813326, 7.902910753
7.912813322, 7.912903565
7.922813323, 7.922908166
7.932813317, 7.932903150
7.942813323, 7.942972728
7.952813324, 7.952958746
7.962813326, 7.962918687
7.972813312, 7.972949101
7.982813327, 7.982912056
7.992813325, 7.992909005
8.002813331, 8.002970570
8.012813316, 8.012902609
8.022813327, 8.023010702
8.032813324, 8.032953924
8.042813321, 8.042906623
8.052813327, 8.052916725
8.062813343, 8.062959541
8.072813327, 8.072909508
8.082813321, 8.082913783
8.092813325, 8.092905883
8.102813321, 8.103001985
8.112813344, 8.112996413
8.122813334, 8.122907106
8.132813328, 8.132929889
8.142813327, 8.142911148
8.152813324, 8.152921263
8.162813320, 8.162904979
8.172813328, 8.172914868
8.182813326, 8.182941654
8.192813341, 8.192950640
8.202813321, 8.202953561
8.212813327, 8.212955729
8.222813329, 8.222945876
8.232813320, 8.232927708
8.242813323, 8.242948994
8.252813324, 8.252975663
8.262813326, 8.262957557
8.272813317, 8.272922129
8.282813331, 8.282951874
8.292813319, 8.292940992
8.302813329, 8.302953821
8.312813325, 8.312923273
8.322813351, 8.322964349
8.332813330, 8.332947153
8.342813326, 8.342952078
8.352813327, 8.352957667
8.362813315, 8.362948578
8.372813330, 8.372966143
8.382813320, 8.382971775
8.392813322, 8.393020750
8.402813324, 8.402956164
8.412813314, 8.412970983
8.422813337, 8.422992422
8.432813328, 8.432980456
8.442813320, 8.442960268
8.452813325, 8.452909758
8.462813329, 8.462918512
8.472813325, 8.472914261
8.482813332, 8.482949143
8.492813319, 8.492940992
8.502813324, 8.502911136
8.512813327, 8.512937258
8.522813326, 8.522925526
8.532813314, 8.532919341
8.542813342, 8.542961862
8.552813312, 8.552945305
8.562813323, 8.562904537
8.572813324, 8.572931711
8.582813329, 8.582949495
8.592813327, 8.592922209
8.602813323, 8.602948494
8.612813317, 8.612984822
8.622813320, 8.622968634
8.632813322, 8.632918200
8.642813320, 8.643000916
8.652813324, 8.652919170
8.662813320, 8.662908622
8.672813312, 8.672966489
8.682813313, 8.682958828
8.692813328, 8.692945353
8.702813324, 8.702959856
8.712813320, 8.712923321
8.722813316, 8.722959760
8.732813331, 8.732914920
8.742813320, 8.742991363
8.752813314, 8.752957095
8.762813323, 8.762972184
8.772813317, 8.772954946
8.782813323, 8.782954306
8.792813330, 8.792931851
8.802813324, 8.802954544
8.812813328, 8.812984190
8.822813321, 8.822946901
8.832813314, 8.833052797
8.842813323, 8.842955226
8.852813314, 8.852926379
8.862813316, 8.862944177
8.872813322, 8.873003443
8.882813326, 8.882950919
8.892813327, 8.892947753
8.902813320, 8.902937012
8.912813324, 8.912913355
8.922813315, 8.922993194
8.932813324, 8.932967345
8.942813315, 8.942948170
8.952813322, 8.952959241
8.962813326, 8.962953630
8.972813322, 8.972939069
8.982813324, 8.982957009
8.992813336, 8.993019764
9.002813322, 9.002934926
9.012813324, 9.013061980
9.022813329, 9.022958403
9.032813317, 9.032967986
9.042813323, 9.042960640
9.052813324, 9.053039218
9.062813329, 9.062958427
9.072813324, 9.072982164
9.082813321, 9.082986195
9.092813322, 9.092967831
9.102813324, 9.102945743
9.112813317, 9.112954798
9.122813321, 9.122944891
9.132813325, 9.132954853
9.142813318, 9.142950466
9.152813322, 9.152926071
9.162813323, 9.162956895
9.172813319, 9.172935642
9.182813321, 9.183008323
9.192813322, 9.192978704
9.202813315, 9.202953390
9.212813317, 9.213005084
9.222813321, 9.222951827
9.232813327, 9.232945765
9.242813329, 9.242955062
9.252813324, 9.252999040
9.262813326, 9.263082814
9.272813324, 9.273008063
9.282813313, 9.283002162
9.292813314, 9.293021553
9.302813321, 9.302954175
9.312813339, 9.313022840
9.322813323, 9.323033969
9.332813328, 9.332984981
9.342813320, 9.342998303
9.352813316, 9.352972413
9.362813324, 9.363035792
9.372813354, 9.372997339
9.382813321, 9.382977810
9.392813325, 9.392988395
9.402813323, 9.402971380
9.412813317, 9.412993635
9.422813326, 9.422979786
9.432813320, 9.433013269
9.442813321, 9.442981706
9.452813320, 9.452959947
9.462813323, 9.462954525
9.472813322, 9.473086435
9.482813326, 9.483027500
9.492813325, 9.493047943
9.502813326, 9.502956117
9.512813322, 9.512944457
9.522813320, 9.522967289
9.532813324, 9.533079119
9.542813327, 9.543074957
9.552813327, 9.553032507
9.562813327, 9.562985907
9.572813330, 9.572960152
9.582813320, 9.582972957
9.592813316, 9.592963043
9.602813321, 9.602981963
9.612813328, 9.612976627
9.622813316, 9.622950917
9.632813317, 9.633023071
9.642813318, 9.642972728
9.652813324, 9.652976506
9.662813324, 9.662977090
9.672813315, 9.672969730
9.682813324, 9.682988251
9.692813319, 9.692998513
9.702813323, 9.702987786
9.712813325, 9.713042436
9.722813329, 9.723110473
9.732813327, 9.733026146
9.742813345, 9.742987166
9.752813314, 9.752980249
9.762813332, 9.763012054
9.772813324, 9.772954739
9.782813329, 9.782987665
9.792813328, 9.793051127
9.802813339, 9.802972968
9.812813342, 9.813066165
9.822813327, 9.823061731
9.832813328, 9.833118927
9.842813321, 9.843002120
9.852813322, 9.853003450
9.862813343, 9.863012651
9.872813324, 9.873012892
9.882813323, 9.883106748
9.892813327, 9.892995652
9.902813343, 9.902950291
9.912813314, 9.913018388
9.922813343, 9.922968003
9.932813322, 9.932992403
9.942813320, 9.942949623
9.952813328, 9.953035166
9.962813346, 9.963027132
9.972813316, 9.973033426
9.982813315, 9.983056403
9.992813317, 9.993037587
10.002813316, 10.003035133
10.012813328, 10.013053373
10.022813329, 10.023034157
10.032813319, 10.033120548
10.042813345, 10.043119217
10.052813346, 10.053118135
10.062813343, 10.063119659
10.072813342, 10.073117320
10.082813321, 10.083106731
10.092813330, 10.093106392
10.102813345, 10.103100975
10.112813341, 10.113099459
10.122813343, 10.123105422
10.132813342, 10.133098448
10.142813329, 10.143099169
10.152813322, 10.153099403
10.162813345, 10.163110730
10.172813346, 10.173102937
10.182813340, 10.183117822
10.192813342, 10.193100544
10.202813327, 10.203118859
10.212813324, 10.213104681
10.222813343, 10.223118431
10.232813342, 10.233100042
10.242813337, 10.243106435
10.252813341, 10.253114331
10.262813321, 10.263118037
10.272813324, 10.273121225
10.282813339, 10.283117652
10.292813341, 10.293099655
10.302813337, 10.303107381
10.312813346, 10.313070646
10.322813324, 10.323083671
10.332813325, 10.333077750
10.342813340, 10.343126744
10.352813339, 10.353073809
10.362813339, 10.363075990
10.372813339, 10.373073856
10.382813324, 10.383117883
10.392813327, 10.393075478
10.402813343, 10.403079391
10.412813324, 10.413072447
10.422813339, 10.423074601
10.432813339, 10.433074989
10.442813324, 10.443072673
10.452813328, 10.453070771
10.462813340, 10.463087021
10.472813341, 10.473071998
10.482813343, 10.483079681
10.492813336, 10.493070450
10.502813323, 10.503096857
10.512813330, 10.513069784
10.522813337, 10.523068330
10.532813338, 10.533071116
10.542813339, 10.543079462
10.552813338, 10.553072590
10.562813327, 10.563083696
10.572813324, 10.573078802
10.582813337, 10.583068785
10.592813336, 10.593076496
10.602813345, 10.603072645
10.612813338, 10.613069428
10.622813326, 10.623083514
10.632813324, 10.633070283
10.642813342, 10.643073616
10.652813344, 10.653071382
10.662813339, 10.663115522
10.672813344, 10.673072754
10.682813327, 10.683069740
10.692813324, 10.693072593
10.702813343, 10.703079679
10.712813346, 10.713072950
10.722813340, 10.723070679
10.732813339, 10.733073054
10.742813329, 10.743072335
10.752813324, 10.753073636
10.762813343, 10.763056785
10.772813336, 10.773072573
10.782813342, 10.783084726
10.792813338, 10.793071867
10.802813321, 10.803072676
10.812813324, 10.813067992
10.822813343, 10.823073590
10.832813342, 10.833069396
10.842813340, 10.843070952
10.852813338, 10.853077218
10.862813342, 10.863076649
10.872813322, 10.873070822
10.882813337, 10.883075438
10.892813338, 10.893074574
10.902813342, 10.903070085
10.912813341, 10.913072231
10.922813324, 10.923071697
10.932813330, 10.933072255
10.942813339, 10.943079181
10.952813341, 10.953069432
10.962813337, 10.963109189
10.972813339, 10.973071646
10.982813324, 10.983068962
10.992813328, 10.993073826
11.002813345, 11.003071482
11.012813336, 11.013067650
11.022813339, 11.023084923
11.032813346, 11.033071455
11.042813323, 11.043072123
11.052813322, 11.053069111
11.062813335, 11.063079857
11.072813344, 11.073069978
11.082813342, 11.083069692
11.092813342, 11.093078977
11.102813327, 11.103079658
11.112813325, 11.113072452
11.122813342, 11.123073085
11.132813342, 11.133074691
11.142813337, 11.143069874
11.152813344, 11.153073710
11.162813320, 11.163101240
11.172813322, 11.173115044
11.182813339, 11.183117142
11.192813341, 11.193123515
11.202813340, 11.203113589
11.212813339, 11.213110942
11.222813323, 11.223113555
11.232813320, 11.233114079
11.242813346, 11.243153861
11.252813341, 11.253116078
11.262813340, 11.263123077
11.272813342, 11.273092283
11.282813323, 11.283119843
11.292813322, 11.293110777
11.302813323, 11.303113945
11.312813338, 11.313108954
11.322813337, 11.323139706
11.332813342, 11.333116063
11.342813324, 11.343119539
11.352813330, 11.353117710
11.362813339, 11.363114064
11.372813339, 11.373118874
11.382813343, 11.383116655
11.392813341, 11.393115289
11.402813339, 11.403113820
11.412813324, 11.413114158
11.422813339, 11.423117274
11.432813327, 11.433115560
11.442813340, 11.443115898
11.452813339, 11.453113332
11.462813320, 11.463124317
11.472813328, 11.473115766
11.482813337, 11.483113225
11.492813339, 11.493115136
11.502813345, 11.503119876
11.512813338, 11.513115902
11.522813326, 11.523110816
11.532813324, 11.533115864
11.542813339, 11.543110703
11.552813346, 11.553118673
11.562813345, 11.563116949
11.572813342, 11.573114688
11.582813340, 11.583116739
11.592813324, 11.593118802
11.602813345, 11.603108981
11.612813339, 11.613113439
11.622813343, 11.623155536
11.632813346, 11.633113456
11.642813329, 11.643119082
11.652813330, 11.653117363
11.662813337, 11.663082342
11.672813342, 11.673116120
11.682813339, 11.683114495
11.692813341, 11.693113844
11.702813321, 11.703119280
11.712813324, 11.713114228
11.722813337, 11.723110597
11.732813346, 11.733121495
11.742813340, 11.743120598
11.752813344, 11.753113052
11.762813321, 11.763080089
11.772813330, 11.773110971
11.782813339, 11.783116187
11.792813341, 11.793116506
11.802813337, 11.803141706
11.812813344, 11.813114442
11.822813324, 11.823118758
11.832813324, 11.833116319
11.842813340, 11.843116420
11.852813342, 11.853113449
11.862813335, 11.863117017
11.872813338, 11.873116250
11.882813323, 11.883113359
11.892813324, 11.893119555
11.902813339, 11.903140245
11.912813341, 11.913119959
11.922813339, 11.923114187
11.932813346, 11.933112899
11.942813326, 11.943116332
11.952813376, 11.953116918
11.962813346, 11.963113409
11.972813342, 11.973113060
11.982813343, 11.983116828
11.992813336, 11.993119129
12.002813320, 12.003119327
12.012813324, 12.013117878
12.022813337, 12.023114537
12.032813344, 12.033115195
12.042813340, 12.043113466
12.052813336, 12.053115952
------------------------------
