------------------------------
test was performed using the following parameters: --mps=100 --burst=1 --reply-every=1 --msg-size=12 --time=10
------------------------------
sockperf: [Total Run] RunTime=10.100 sec; SentMessages=1011; ReceivedMessages=1010
sockperf: ========= Printing statistics for Server No: 0
sockperf: [Valid Duration] RunTime=9.980 sec; SentMessages=999; ReceivedMessages=999
sockperf: [2;35m====> avg-lat=1311.191 (std-dev=633.314)[0m
sockperf: # dropped messages = 0; # duplicated messages = 0; # out-of-order messages = 0
sockperf: [2;35mTotal 999 observations[0m; each percentile contains 9.99 observations
sockperf: ---> <MAX> observation = 1869.396
sockperf: ---> percentile  99.99 = 1869.396
sockperf: ---> percentile  99.90 = 1855.301
sockperf: ---> percentile  99.50 = 1824.110
sockperf: ---> percentile  99.00 = 1819.005
sockperf: ---> percentile  95.00 = 1777.031
sockperf: ---> percentile  90.00 = 1748.265
sockperf: ---> percentile  75.00 = 1693.536
sockperf: ---> percentile  50.00 = 1604.808
sockperf: ---> percentile  25.00 = 1438.871
sockperf: ---> <MIN> observation =   71.000
------------------------------
txTime, rxTime
2.065345906, 2.068445596
2.075345891, 2.078355343
2.085345903, 2.088451939
2.095345898, 2.098410870
2.105345905, 2.108445218
2.115345906, 2.118403142
2.125345905, 2.128426788
2.135348921, 2.138541358
2.145345897, 2.148458750
2.155345900, 2.158357568
2.165345910, 2.168502400
2.175365665, 2.178521639
2.185345892, 2.188382260
2.195345899, 2.198371670
2.205346555, 2.208544305
2.215345901, 2.218386875
2.225345893, 2.228336590
2.235345892, 2.238401580
2.245345898, 2.248462314
2.255345900, 2.258486968
2.265345894, 2.268391245
2.275345895, 2.278540244
2.285345902, 2.288469641
2.295345901, 2.298377166
2.305345903, 2.308520493
2.315345896, 2.318446519
2.325345894, 2.328488567
2.335345890, 2.338381858
2.345345910, 2.348531937
2.355345913, 2.358547376
2.365345884, 2.368382818
2.375345923, 2.378464607
2.385345896, 2.388640321
2.395345901, 2.398454457
2.405345906, 2.408442509
2.415345913, 2.418426077
2.425345905, 2.428429441
2.435345893, 2.438465423
2.445345887, 2.448462105
2.455345891, 2.458403335
2.465345908, 2.468584147
2.475345898, 2.478555514
2.485345883, 2.488582705
2.495345888, 2.498440400
2.505345898, 2.508547906
2.515345909, 2.518454784
2.525345903, 2.528527676
2.535345896, 2.538570263
2.545345906, 2.548518819
2.555345899, 2.558538923
2.565350381, 2.568560385
2.575345910, 2.578459452
2.585345903, 2.588456402
2.595345902, 2.598508581
2.605345910, 2.608464872
2.615345887, 2.618551153
2.625345883, 2.628487330
2.635345902, 2.638634945
2.645345911, 2.648649511
2.655345917, 2.658659625
2.665345923, 2.668532251
2.675345903, 2.678528526
2.685345881, 2.688604812
2.695345883, 2.698614086
2.705345902, 2.708525955
2.715345901, 2.718484959
2.725345887, 2.728552366
2.735345895, 2.738670482
2.745345901, 2.748623537
2.755345899, 2.758627052
2.765345905, 2.768443082
2.775345908, 2.778479750
2.785345902, 2.788545035
2.795345891, 2.798493492
2.805345879, 2.808580978
2.815345904, 2.818515038
2.825346505, 2.828655367
2.835345897, 2.838537578
2.845345896, 2.848591147
2.855345899, 2.858511032
2.865345903, 2.868536881
2.875347690, 2.878478426
2.885345897, 2.888625586
2.895345896, 2.898529606
2.905345891, 2.908700104
2.915345904, 2.918531685
2.925345902, 2.928644715
2.935345901, 2.938453381
2.945345896, 2.948526812
2.955345899, 2.958540809
2.965345897, 2.968604701
2.975345906, 2.978586986
2.985345906, 2.988480882
2.995345893, 2.998549500
3.005345910, 3.008566841
3.015345895, 3.018550017
3.025345903, 3.028412896
3.035345894, 3.038488923
3.045345900, 3.048475664
3.055345899, 3.058506057
3.065356887, 3.068602192
3.075345904, 3.078563165
3.085345895, 3.088618721
3.095345904, 3.098518043
3.105345906, 3.108563047
3.115345894, 3.118567754
3.125349204, 3.128624961
3.135345902, 3.138547138
3.145345906, 3.148548808
3.155348573, 3.158542510
3.165345881, 3.168617330
3.175345887, 3.178707594
3.185357716, 3.188652335
3.195345899, 3.198524525
3.205345896, 3.208557605
3.215345907, 3.218582100
3.225345895, 3.228626284
3.235345904, 3.238773045
3.245345897, 3.248510553
3.255345901, 3.258502761
3.265347635, 3.268567501
3.275345901, 3.278447392
3.285345892, 3.288458307
3.295345888, 3.298598920
3.305345914, 3.308645965
3.315349745, 3.318572904
3.325345908, 3.328650656
3.335345885, 3.338562722
3.345345897, 3.348397816
3.355345895, 3.358496416
3.365345895, 3.368534400
3.375345888, 3.378485771
3.385345900, 3.388661889
3.395345909, 3.398572419
3.405345896, 3.408605527
3.415345900, 3.418413516
3.425345898, 3.428487325
3.435345899, 3.438508152
3.445345900, 3.448649233
3.455345895, 3.458596449
3.465355980, 3.468693443
3.475345909, 3.478551332
3.485345894, 3.488667768
3.495362819, 3.498573800
3.505345903, 3.508575723
3.515345898, 3.518643937
3.525345893, 3.528561804
3.535345911, 3.538592507
3.545345892, 3.548494143
3.555345902, 3.558614600
3.565345904, 3.568682952
3.575354416, 3.578632515
3.585345902, 3.588597046
3.595345895, 3.598589950
3.605351419, 3.608641276
3.615345887, 3.618638838
3.625345900, 3.628630204
3.635345902, 3.638605262
3.645345900, 3.648658669
3.655345895, 3.658573751
3.665345900, 3.668697438
3.675345904, 3.678604579
3.685347569, 3.688562010
3.695345906, 3.698531593
3.705345895, 3.708599928
3.715345893, 3.718671697
3.725345897, 3.728541284
3.735345898, 3.738588504
3.745354277, 3.748496646
3.755345902, 3.758634898
3.765345878, 3.768504997
3.775345901, 3.778529798
3.785345897, 3.788541312
3.795345903, 3.798799127
3.805345899, 3.808751529
3.815345899, 3.818575674
3.825345899, 3.828491035
3.835346095, 3.838600517
3.845345897, 3.848552618
3.855345901, 3.858558024
3.865345896, 3.868631821
3.875355155, 3.878665554
3.885345891, 3.888536340
3.895347160, 3.898650120
3.905345897, 3.908621604
3.915345896, 3.918554333
3.925345915, 3.928611933
3.935345893, 3.938638240
3.945345912, 3.948659307
3.955345900, 3.958634606
3.965350306, 3.968624542
3.975345911, 3.978612189
3.985345904, 3.988566334
3.995345907, 3.998558448
4.005345893, 4.008660295
4.015345899, 4.018749765
4.025345900, 4.028653627
4.035345895, 4.038749571
4.045345907, 4.048743106
4.055345895, 4.058621961
4.065345904, 4.068720002
4.075345879, 4.078759023
4.085352428, 4.088746175
4.095345902, 4.098694326
4.105345894, 4.108586580
4.115346075, 4.118663440
4.125345901, 4.128654144
4.135345888, 4.138644360
4.145350173, 4.148727664
4.155345895, 4.158578277
4.165345899, 4.168566682
4.175345907, 4.178626680
4.185345898, 4.188580627
4.195345893, 4.198635135
4.205345885, 4.208660548
4.215345899, 4.218629656
4.225345897, 4.228652527
4.235345896, 4.238588038
4.245345891, 4.248719168
4.255345909, 4.258708868
4.265345898, 4.268730242
4.275345904, 4.278677295
4.285345900, 4.288655288
4.295354708, 4.298704992
4.305345900, 4.308684001
4.315345895, 4.318659723
4.325345910, 4.328541993
4.335345899, 4.338651462
4.345345898, 4.348560790
4.355345906, 4.358590894
4.365345897, 4.368545212
4.375345908, 4.378587427
4.385345893, 4.388562504
4.395345904, 4.398580215
4.405345914, 4.408752732
4.415345904, 4.418646879
4.425345894, 4.428803419
4.435345893, 4.438699474
4.445345907, 4.448823122
4.455351271, 4.458634912
4.465345895, 4.468634032
4.475353036, 4.478678611
4.485345892, 4.488705843
4.495345901, 4.498642991
4.505345912, 4.508690568
4.515345901, 4.518678989
4.525345904, 4.528620911
4.535345907, 4.538557772
4.545345903, 4.548657353
4.555345898, 4.558736302
4.565345902, 4.568703918
4.575345912, 4.578643491
4.585345904, 4.588687822
4.595345904, 4.598713433
4.605345900, 4.608659872
4.615345908, 4.618705377
4.625345895, 4.628660446
4.635345903, 4.638672075
4.645345900, 4.648666672
4.655345898, 4.658658223
4.665345915, 4.668794243
4.675345879, 4.678770161
4.685345900, 4.688774153
4.695345913, 4.698725831
4.705345906, 4.708781451
4.715345900, 4.718613466
4.725345885, 4.728762693
4.735345885, 4.738853136
4.745347689, 4.748870733
4.755345895, 4.758789557
4.765360186, 4.768783025
4.775360965, 4.778791982
4.785347776, 4.788793666
4.795345901, 4.798566532
4.805345893, 4.808677366
4.815345900, 4.818656292
4.825345900, 4.828649180
4.835345915, 4.838600738
4.845345881, 4.848702704
4.855345886, 4.858683654
4.865345884, 4.868656111
4.875345901, 4.878692461
4.885345906, 4.888694780
4.895345893, 4.898699812
4.905345900, 4.908700496
4.915345909, 4.918755353
4.925348407, 4.928721718
4.935345888, 4.938676429
4.945345897, 4.948806072
4.955345892, 4.958761072
4.965362789, 4.968820319
4.975355100, 4.978811951
4.985345904, 4.988784420
4.995345893, 4.998878761
5.005345896, 5.008804256
5.015345934, 5.018801355
5.025345900, 5.028711704
5.035345891, 5.038628565
5.045345895, 5.048624329
5.055345979, 5.058689097
5.065345903, 5.068758366
5.075346997, 5.078828965
5.085345897, 5.088823547
5.095345911, 5.098769361
5.105345916, 5.108809766
5.115345891, 5.118838980
5.125345904, 5.128941115
5.135345912, 5.138786522
5.145345881, 5.148841545
5.155345905, 5.158727105
5.165345912, 5.168870823
5.175345899, 5.178734619
5.185345898, 5.188763143
5.195345898, 5.198732970
5.205345905, 5.208801192
5.215345902, 5.218785927
5.225345904, 5.228751096
5.235345898, 5.238856058
5.245347921, 5.248786083
5.255345896, 5.258766088
5.265345886, 5.268675164
5.275345906, 5.278653745
5.285345898, 5.288794090
5.295345902, 5.298744091
5.305345899, 5.308654526
5.315345901, 5.318681194
5.325345910, 5.328823364
5.335345903, 5.338799990
5.345345900, 5.348933663
5.355345896, 5.358858403
5.365345898, 5.368704033
5.375345898, 5.378636892
5.385345898, 5.388700968
5.395345898, 5.398750594
5.405345881, 5.408661416
5.415345912, 5.418696220
5.425345905, 5.428768903
5.435345901, 5.438813643
5.445345899, 5.448669395
5.455345891, 5.458845357
5.465345892, 5.468764646
5.475345975, 5.478823701
5.485345898, 5.488728971
5.495346681, 5.498839761
5.505345903, 5.508716040
5.515345901, 5.518752296
5.525345905, 5.528826618
5.535345880, 5.538668757
5.545345898, 5.548671967
5.555345912, 5.558728562
5.565345895, 5.568816926
5.575345902, 5.578803138
5.585345910, 5.588810934
5.595345891, 5.598819217
5.605345904, 5.608802236
5.615345891, 5.618665511
5.625345906, 5.628680085
5.635345891, 5.638661645
5.645345902, 5.648825840
5.655345902, 5.658673015
5.665345898, 5.668737544
5.675345901, 5.678560840
5.685345900, 5.688639391
5.695345885, 5.698619799
5.705345914, 5.708666355
5.715345895, 5.718622028
5.725345905, 5.728619301
5.735345895, 5.738653206
5.745345912, 5.748620245
5.755345895, 5.758600605
5.765345900, 5.768721138
5.775345901, 5.778680948
5.785345878, 5.788567850
5.795345901, 5.798647924
5.805345906, 5.808643825
5.815345896, 5.818685606
5.825345896, 5.828648687
5.835345885, 5.838719608
5.845345910, 5.848961040
5.855345898, 5.858762426
5.865345902, 5.868906518
5.875345904, 5.878738800
5.885345910, 5.888733091
5.895345899, 5.898759306
5.905345906, 5.908297246
5.915345887, 5.918927489
5.925345881, 5.928811017
5.935345882, 5.939056486
5.945345879, 5.948920795
5.955345891, 5.958890253
5.965345878, 5.968803335
5.975345913, 5.978863162
5.985345899, 5.988970215
5.995345898, 5.998779971
6.005345906, 6.008846693
6.015346894, 6.018810226
6.025345903, 6.028756475
6.035356983, 6.038832981
6.045345910, 6.048842405
6.055349931, 6.058810111
6.065347035, 6.068813572
6.075345896, 6.078753269
6.085345902, 6.088785226
6.095345912, 6.098795066
6.105345913, 6.108722242
6.115345906, 6.118792084
6.125345909, 6.128792755
6.135347958, 6.138841375
6.145348900, 6.148884917
6.155345907, 6.158816605
6.165345892, 6.168871019
6.175345883, 6.178795590
6.185345895, 6.188807545
6.195345909, 6.198803209
6.205345880, 6.208802086
6.215345894, 6.218799022
6.225346095, 6.228959587
6.235345896, 6.238795592
6.245345913, 6.248763963
6.255345899, 6.258709371
6.265345907, 6.268655758
6.275345902, 6.278746456
6.285345896, 6.288720911
6.295345903, 6.298769399
6.305345900, 6.308832219
6.315345898, 6.318782410
6.325345916, 6.328812623
6.335345887, 6.338789261
6.345345898, 6.348861487
6.355345899, 6.358764646
6.365345896, 6.368677190
6.375345901, 6.378797815
6.385349821, 6.388858348
6.395345893, 6.398797552
6.405345903, 6.408791739
6.415345899, 6.418819857
6.425345916, 6.428890271
6.435345887, 6.438857576
6.445345901, 6.448729926
6.455345896, 6.458803705
6.465345894, 6.468787487
6.475345897, 6.478897253
6.485345903, 6.488729218
6.495345893, 6.498696526
6.505345900, 6.508810522
6.515345912, 6.518765532
6.525345899, 6.528825806
6.535345896, 6.538809702
6.545345905, 6.548909273
6.555350789, 6.558828629
6.565347423, 6.568890177
6.575345902, 6.578725364
6.585345905, 6.588880841
6.595345906, 6.598839890
6.605345904, 6.608844152
6.615345898, 6.618853970
6.625345901, 6.628878364
6.635345904, 6.639005324
6.645345884, 6.648823642
6.655345901, 6.658778103
6.665345885, 6.668763705
6.675345901, 6.678734815
6.685345898, 6.688808650
6.695345896, 6.698864722
6.705345897, 6.708817396
6.715345902, 6.718791616
6.725345901, 6.728728845
6.735345901, 6.738774890
6.745348056, 6.748808033
6.755345895, 6.758487129
6.765345908, 6.768920413
6.775345887, 6.778803134
6.785345904, 6.788767472
6.795345910, 6.798716196
6.805345906, 6.808757606
6.815345901, 6.818784817
6.825345902, 6.828772192
6.835345885, 6.838751984
6.845345908, 6.848830373
6.855345895, 6.858795827
6.865345886, 6.868986989
6.875345905, 6.878812971
6.885345898, 6.888931690
6.895345893, 6.898867231
6.905345908, 6.908885321
6.915345904, 6.918945625
6.925345883, 6.928769059
6.935345907, 6.938849629
6.945345914, 6.948803533
6.955345901, 6.958938209
6.965360070, 6.968980682
6.975345898, 6.978861457
6.985345910, 6.988875565
6.995349138, 6.998939548
7.005345896, 7.008865357
7.015345903, 7.018945007
7.025345904, 7.028925998
7.035345905, 7.038825834
7.045345899, 7.048783354
7.055345902, 7.058889818
7.065345901, 7.068993151
7.075345905, 7.078959251
7.085345903, 7.088867071
7.095345907, 7.098890453
7.105345900, 7.108915471
7.115345896, 7.118804407
7.125345902, 7.128858830
7.135345891, 7.138947712
7.145347127, 7.149085921
7.155345902, 7.158887698
7.165345912, 7.168987333
7.175345899, 7.178895515
7.185345898, 7.188897829
7.195345893, 7.198911802
7.205345913, 7.208870587
7.215345893, 7.218935169
7.225345899, 7.228931880
7.235345876, 7.238812535
7.245345902, 7.248863526
7.255345893, 7.258955957
7.265345898, 7.268915874
7.275345906, 7.278786579
7.285345911, 7.288871670
7.295345906, 7.298774897
7.305345891, 7.308832036
7.315345901, 7.318842431
7.325345902, 7.328902622
7.335345901, 7.338892877
7.345345894, 7.348911207
7.355345912, 7.358873104
7.365345894, 7.368798428
7.375345891, 7.378775319
7.385345910, 7.388778734
7.395345901, 7.398824341
7.405345910, 7.408887750
7.415345895, 7.418832729
7.425345897, 7.429016075
7.435345885, 7.438860618
7.445345900, 7.448923141
7.455345896, 7.458920411
7.465345894, 7.468769888
7.475345906, 7.478857743
7.485345910, 7.488795645
7.495345902, 7.498955689
7.505345905, 7.508898802
7.515345914, 7.518899869
7.525345917, 7.528840713
7.535345906, 7.538830725
7.545345888, 7.548899951
7.555345912, 7.558895037
7.565374798, 7.568978343
7.575349908, 7.578985763
7.585345905, 7.588983915
7.595345913, 7.598842091
7.605345887, 7.608947452
7.615345882, 7.619009757
7.625345920, 7.628984387
7.635345891, 7.638954205
7.645345906, 7.648994128
7.655345882, 7.658906248
7.665349616, 7.668836034
7.675353306, 7.678963979
7.685345894, 7.688879604
7.695345886, 7.698950081
7.705345887, 7.708949055
7.715345879, 7.718933618
7.725345883, 7.728893268
7.735345893, 7.738198856
7.745345884, 7.748164484
7.755345899, 7.758132728
7.765345895, 7.768083066
7.775346774, 7.778104029
7.785345881, 7.788007844
7.795345902, 7.798192267
7.805345881, 7.808143603
7.815345904, 7.818036679
7.825345887, 7.828224977
7.835347640, 7.838173199
7.845345885, 7.848134026
7.855346489, 7.858155524
7.865345974, 7.868064478
7.875345901, 7.878131633
7.885345896, 7.888141977
7.895345900, 7.898169819
7.905345895, 7.908127339
7.915345890, 7.918251880
7.925345903, 7.928158720
7.935345880, 7.938048760
7.945345898, 7.948151262
7.955345880, 7.958150382
7.965345898, 7.968159582
7.975346446, 7.978203536
7.985345898, 7.988198020
7.995345906, 7.997966318
8.005347208, 8.008196263
8.015345968, 8.017785544
8.025345887, 8.028042237
8.035345910, 8.038067813
8.045345915, 8.048240535
8.055345894, 8.058196238
8.065345900, 8.068201257
8.075345906, 8.078145121
8.085345910, 8.088307922
8.095345904, 8.098248761
8.105345902, 8.108196305
8.115345895, 8.118324289
8.125345903, 8.128240959
8.135345879, 8.138354180
8.145345884, 8.148101150
8.155345901, 8.158378590
8.165345898, 8.168223642
8.175345899, 8.178314346
8.185345905, 8.188146626
8.195345898, 8.198277565
8.205345905, 8.208250243
8.215345904, 8.218271276
8.225368481, 8.228406207
8.235345897, 8.238338256
8.245345907, 8.248303784
8.255345886, 8.258362297
8.265345881, 8.268408112
8.275345895, 8.278360128
8.285345906, 8.288394639
8.295345898, 8.298357047
8.305345915, 8.308252484
8.315345882, 8.318327637
8.325345897, 8.328416772
8.335345903, 8.338296336
8.345345895, 8.348329887
8.355345886, 8.358338182
8.365345897, 8.368405980
8.375345910, 8.378324015
8.385345902, 8.388284491
8.395345891, 8.398324837
8.405345889, 8.408300682
8.415345913, 8.418317269
8.425345895, 8.428294586
8.435345893, 8.438296960
8.445362077, 8.448420507
8.455345898, 8.458268586
8.465346516, 8.468539494
8.475345893, 8.478318843
8.485345904, 8.488309710
8.495350078, 8.498414996
8.505345900, 8.508336113
8.515348587, 8.518506832
8.525345892, 8.528275484
8.535345898, 8.538280059
8.545345903, 8.548342822
8.555345899, 8.558391426
8.565345883, 8.568385702
8.575345896, 8.578298780
8.585345906, 8.588382001
8.595345895, 8.598331515
8.605345897, 8.608554052
8.615347363, 8.618478563
8.625345908, 8.628396279
8.635345904, 8.638264545
8.645345911, 8.648312670
8.655345910, 8.658381847
8.665345911, 8.668432569
8.675345896, 8.678428479
8.685345893, 8.688443067
8.695345895, 8.698347784
8.705345902, 8.708392634
8.715345914, 8.718513511
8.725345892, 8.728384697
8.735345904, 8.738308776
8.745345907, 8.748397265
8.755345893, 8.758319613
8.765345903, 8.768406704
8.775348312, 8.778460918
8.785345900, 8.788435416
8.795345877, 8.798412113
8.805345891, 8.808432749
8.815345901, 8.818472916
8.825348229, 8.828525791
8.835345893, 8.838377269
8.845345893, 8.848397876
8.855345899, 8.858410635
8.865345894, 8.868484995
8.875345894, 8.878245921
8.885345904, 8.888502610
8.895345888, 8.898454296
8.905345887, 8.908522296
8.915345887, 8.918444277
8.925345960, 8.928576160
8.935351312, 8.938544338
8.945345894, 8.948385411
8.955345900, 8.958387704
8.965345910, 8.968456544
8.975345900, 8.978366801
8.985345907, 8.988543585
8.995345897, 8.998409934
9.005345876, 9.008359897
9.015345899, 9.018371731
9.025345885, 9.028481549
9.035356190, 9.038528975
9.045345886, 9.048485293
9.055345891, 9.058413537
9.065349832, 9.068495214
9.075345897, 9.078553305
9.085345901, 9.088343851
9.095345893, 9.098484780
9.105347640, 9.108429210
9.115345904, 9.118425203
9.125345915, 9.128354817
9.135345916, 9.138516428
9.145345906, 9.148557359
9.155349393, 9.158595639
9.165345908, 9.168520213
9.175345900, 9.178374895
9.185345961, 9.188489623
9.195345886, 9.198500582
9.205345913, 9.208580209
9.215345909, 9.218477594
9.225345911, 9.228430415
9.235345887, 9.238396101
9.245345898, 9.248529813
9.255345887, 9.258487395
9.265345892, 9.268514572
9.275345900, 9.278466290
9.285345916, 9.288517799
9.295345899, 9.298622662
9.305345903, 9.308632000
9.315345891, 9.318433311
9.325349479, 9.328489552
9.335345902, 9.338391835
9.345345879, 9.348363664
9.355345890, 9.358513347
9.365345897, 9.368391313
9.375345887, 9.378411469
9.385345897, 9.388580942
9.395345906, 9.398430753
9.405345902, 9.408434942
9.415345892, 9.418416461
9.425345905, 9.428597529
9.435345896, 9.438636893
9.445345905, 9.448473517
9.455345885, 9.458483295
9.465345889, 9.468498880
9.475345896, 9.478632375
9.485362774, 9.488653536
9.495345902, 9.498638683
9.505345897, 9.508586679
9.515345912, 9.518513023
9.525345884, 9.528528268
9.535345898, 9.538537875
9.545345976, 9.548648673
9.555345907, 9.558617047
9.565347376, 9.568674464
9.575345880, 9.578542945
9.585345889, 9.588493558
9.595345904, 9.598623295
9.605345897, 9.608498022
9.615345890, 9.618586290
9.625345910, 9.628612172
9.635345896, 9.638634859
9.645345897, 9.648710308
9.655345973, 9.658583527
9.665345892, 9.668511805
9.675345906, 9.678607828
9.685345892, 9.688490165
9.695345912, 9.698624585
9.705347319, 9.708620735
9.715345905, 9.718541551
9.725345902, 9.728611179
9.735345899, 9.738592269
9.745345895, 9.748539842
9.755346378, 9.758699761
9.765345902, 9.768601278
9.775345899, 9.778542108
9.785345892, 9.788618864
9.795345906, 9.798579675
9.805345889, 9.808557014
9.815345895, 9.818589394
9.825345902, 9.828606786
9.835345898, 9.838678999
9.845345901, 9.848607499
9.855345903, 9.858678343
9.865345903, 9.868794986
9.875363788, 9.878733110
9.885345908, 9.888732525
9.895345895, 9.898749282
9.905345909, 9.908688194
9.915345895, 9.918089074
9.925347735, 9.928055596
9.935345892, 9.938109090
9.945345902, 9.948043362
9.955346737, 9.956390910
9.965352954, 9.966375406
9.975346040, 9.976395422
9.985352699, 9.986292787
9.995347368, 9.996238478
10.005357662, 10.006333169
10.015345879, 10.015562541
10.025345877, 10.025514411
10.035345873, 10.035505641
10.045345870, 10.045507876
10.055345871, 10.055489086
10.065345863, 10.065510039
10.075345866, 10.075512508
10.085345869, 10.085514744
10.095345871, 10.095519242
10.105345870, 10.105522043
10.115345870, 10.115524757
10.125345867, 10.125522122
10.135345870, 10.135521545
10.145345877, 10.145523131
10.155345866, 10.155518158
10.165345880, 10.165518295
10.175345862, 10.175525267
10.185345866, 10.185519671
10.195345870, 10.195523626
10.205345875, 10.205512019
10.215345871, 10.215513161
10.225345869, 10.225510953
10.235345873, 10.235517068
10.245345866, 10.245519142
10.255345871, 10.255518596
10.265345872, 10.265519740
10.275345866, 10.275526670
10.285345866, 10.285517804
10.295345874, 10.295519376
10.305345869, 10.305517388
10.315345873, 10.315517750
10.325345867, 10.325525365
10.335345873, 10.335520096
10.345345872, 10.345522279
10.355345870, 10.355521896
10.365345878, 10.365522103
10.375345878, 10.375522714
10.385345883, 10.385522223
10.395345873, 10.395519147
10.405345875, 10.405522227
10.415345871, 10.415524313
10.425345869, 10.425522590
10.435345870, 10.435518542
10.445345867, 10.445519246
10.455345870, 10.455521056
10.465345866, 10.465521938
10.475345871, 10.475518259
10.485345870, 10.485521736
10.495345868, 10.495518110
10.505345870, 10.505518779
10.515345868, 10.515521739
10.525345869, 10.525517716
10.535345870, 10.535522764
10.545345864, 10.545521494
10.555345866, 10.555511571
10.565345881, 10.565524772
10.575345865, 10.575524155
10.585345872, 10.585523190
10.595345881, 10.595522608
10.605345870, 10.605518395
10.615345874, 10.615519152
10.625345872, 10.625523913
10.635345865, 10.635525027
10.645345875, 10.645524603
10.655345868, 10.655522076
10.665345867, 10.665519317
10.675345868, 10.675522767
10.685345874, 10.685523311
10.695345874, 10.695521763
10.705345874, 10.705525144
10.715345868, 10.715521851
10.725345867, 10.725520408
10.735345866, 10.735516112
10.745345867, 10.745521327
10.755345874, 10.755524062
10.765345875, 10.765520521
10.775345870, 10.775524056
10.785345872, 10.785519286
10.795345871, 10.795520290
10.805345880, 10.805522637
10.815345866, 10.815522922
10.825345875, 10.825517819
10.835345871, 10.835521607
10.845345869, 10.845513318
10.855345867, 10.855520933
10.865345872, 10.865525493
10.875345871, 10.875522540
10.885345875, 10.885517845
10.895345871, 10.895519181
10.905345866, 10.905520537
10.915345865, 10.915519655
10.925345872, 10.925519536
10.935345870, 10.935521027
10.945345875, 10.945517793
10.955345868, 10.955522058
10.965345867, 10.965521337
10.975345882, 10.975522864
10.985345877, 10.985512923
10.995345870, 10.995520871
11.005345869, 11.005524851
11.015345874, 11.015517611
11.025345867, 11.025519660
11.035345871, 11.035521831
11.045345867, 11.045521335
11.055345868, 11.055520830
11.065345874, 11.065522444
11.075345868, 11.075523926
11.085345869, 11.085524811
11.095345870, 11.095521610
11.105345870, 11.105519450
11.115345866, 11.115523841
11.125345875, 11.125519371
11.135345873, 11.135521335
11.145345870, 11.145519515
11.155345868, 11.155521106
11.165345875, 11.165524604
11.175345871, 11.175522633
11.185345874, 11.185520072
11.195345874, 11.195522308
11.205345872, 11.205521873
11.215345868, 11.215525109
11.225345883, 11.225512257
11.235345873, 11.235517761
11.245345870, 11.245520060
11.255345870, 11.255525167
11.265345867, 11.265522864
11.275345868, 11.275516972
11.285345870, 11.285519171
11.295345866, 11.295487868
11.305345873, 11.305518902
11.315345866, 11.315523882
11.325345863, 11.325519073
11.335345871, 11.335521852
11.345345869, 11.345519084
11.355345868, 11.355522889
11.365345883, 11.365523365
11.375345873, 11.375514782
11.385345869, 11.385524249
11.395345866, 11.395517039
11.405345874, 11.405522133
11.415345868, 11.415524627
11.425345872, 11.425521126
11.435345876, 11.435519256
11.445345866, 11.445522806
11.455345873, 11.455519583
11.465345867, 11.465519462
11.475345866, 11.475521334
11.485345872, 11.485523431
11.495345870, 11.495522218
11.505345864, 11.505512507
11.515345871, 11.515518673
11.525345870, 11.525517433
11.535345874, 11.535520069
11.545345869, 11.545520144
11.555345870, 11.555521788
11.565345872, 11.565520325
11.575345866, 11.575522962
11.585345867, 11.585524908
11.595345870, 11.595518230
11.605345877, 11.605522378
11.615345866, 11.615521964
11.625345869, 11.625522122
11.635345874, 11.635523517
11.645345870, 11.645517470
11.655345871, 11.655518997
11.665345870, 11.665521477
11.675345868, 11.675524826
11.685345866, 11.685522214
11.695345873, 11.695523205
11.705345867, 11.705519648
11.715345871, 11.715522669
11.725345874, 11.725523487
11.735345868, 11.735518679
11.745345872, 11.745522408
11.755345874, 11.755520895
11.765345880, 11.765522659
11.775345871, 11.775519694
11.785345878, 11.785525376
11.795345873, 11.795526056
11.805345872, 11.805522868
11.815345868, 11.815521828
11.825345869, 11.825519865
11.835345866, 11.835525527
11.845345869, 11.845520197
11.855345881, 11.855524877
11.865345872, 11.865521327
11.875345870, 11.875523208
11.885345877, 11.885519396
11.895345871, 11.895519075
11.905345867, 11.905522217
11.915345865, 11.915521648
11.925345863, 11.925521506
11.935345885, 11.935521679
11.945345877, 11.945518782
11.955345881, 11.955524439
11.965345870, 11.965521057
11.975345868, 11.975519748
11.985345872, 11.985522369
11.995345866, 11.995520612
12.005345874, 12.005521552
12.015345868, 12.015519773
12.025345872, 12.025519467
12.035345868, 12.035520175
12.045345869, 12.045521898
------------------------------
