------------------------------
test was performed using the following parameters: --mps=100 --burst=1 --reply-every=1 --msg-size=12 --time=10
------------------------------
sockperf: [Total Run] RunTime=10.100 sec; SentMessages=1011; ReceivedMessages=1010
sockperf: ========= Printing statistics for Server No: 0
sockperf: [Valid Duration] RunTime=9.990 sec; SentMessages=1000; ReceivedMessages=1000
sockperf: [2;35m====> avg-lat= 78.301 (std-dev=20.962)[0m
sockperf: # dropped messages = 0; # duplicated messages = 0; # out-of-order messages = 0
sockperf: [2;35mTotal 1000 observations[0m; each percentile contains 10.00 observations
sockperf: ---> <MAX> observation =  148.694
sockperf: ---> percentile  99.99 =  148.694
sockperf: ---> percentile  99.90 =  145.872
sockperf: ---> percentile  99.50 =  138.989
sockperf: ---> percentile  99.00 =  134.398
sockperf: ---> percentile  95.00 =  116.737
sockperf: ---> percentile  90.00 =  107.652
sockperf: ---> percentile  75.00 =   87.185
sockperf: ---> percentile  50.00 =   80.059
sockperf: ---> percentile  25.00 =   64.136
sockperf: ---> <MIN> observation =   31.031
------------------------------
txTime, rxTime
2.063436770, 2.063597449
2.073436770, 2.073563655
2.083436776, 2.083646077
2.093436764, 2.093577746
2.103436762, 2.103642155
2.113436784, 2.113581108
2.123436767, 2.123604818
2.133436773, 2.133547039
2.143436768, 2.143541878
2.153436761, 2.153513593
2.163436754, 2.163531855
2.173436757, 2.173532865
2.183436816, 2.183588059
2.193436762, 2.193514589
2.203436762, 2.203550083
2.213436764, 2.213504672
2.223436764, 2.223518826
2.233436896, 2.233514405
2.243436817, 2.243515366
2.253436983, 2.253536255
2.263436761, 2.263536006
2.273436827, 2.273533080
2.283436757, 2.283540603
2.293436830, 2.293545492
2.303436770, 2.303518404
2.313436759, 2.313536438
2.323436762, 2.323511905
2.333436764, 2.333522069
2.343436749, 2.343508520
2.353436821, 2.353513462
2.363436756, 2.363511084
2.373436756, 2.373560168
2.383436835, 2.383519048
2.393436827, 2.393521582
2.403436767, 2.403552144
2.413436757, 2.413523880
2.423436759, 2.423543670
2.433436786, 2.433531757
2.443436770, 2.443537319
2.453436764, 2.453537111
2.463436764, 2.463599179
2.473436768, 2.473607517
2.483436770, 2.483552532
2.493436762, 2.493553988
2.503436759, 2.503587284
2.513436776, 2.513548790
2.523436751, 2.523570086
2.533436855, 2.533580562
2.543436762, 2.543568267
2.553436756, 2.553574288
2.563436762, 2.563572767
2.573436821, 2.573566232
2.583436754, 2.583566813
2.593436759, 2.593535777
2.603436833, 2.603543780
2.613436770, 2.613523922
2.623436830, 2.623575863
2.633436762, 2.633589641
2.643436753, 2.643613738
2.653436764, 2.653568784
2.663436756, 2.663608151
2.673436753, 2.673553996
2.683436759, 2.683557070
2.693436761, 2.693661506
2.703436819, 2.703625116
2.713436762, 2.713606538
2.723436833, 2.723514821
2.733436784, 2.733578134
2.743436764, 2.743599888
2.753436816, 2.753645021
2.763436754, 2.763596367
2.773436822, 2.773655180
2.783436816, 2.783564479
2.793436751, 2.793585556
2.803436757, 2.803567579
2.813436754, 2.813552878
2.823436857, 2.823581618
2.833436753, 2.833590113
2.843436824, 2.843580542
2.853436761, 2.853629271
2.863436759, 2.863605668
2.873436751, 2.873593448
2.883436757, 2.883574657
2.893436828, 2.893648607
2.903436756, 2.903565983
2.913436768, 2.913570105
2.923436759, 2.923547525
2.933436772, 2.933566257
2.943437001, 2.943592276
2.953436756, 2.953639686
2.963436778, 2.963590911
2.973436764, 2.973698152
2.983436779, 2.983575625
2.993436779, 2.993572102
3.003436761, 3.003585788
3.013436783, 3.013619645
3.023436767, 3.023638520
3.033436767, 3.033611768
3.043436776, 3.043566390
3.053436855, 3.053569107
3.063436753, 3.063560758
3.073436759, 3.073553981
3.083436835, 3.083578421
3.093436754, 3.093643190
3.103436781, 3.103624524
3.113436783, 3.113579566
3.123436756, 3.123534037
3.133436756, 3.133525894
3.143436835, 3.143529147
3.153436768, 3.153602398
3.163436765, 3.163651932
3.173436779, 3.173666913
3.183436767, 3.183657545
3.193436776, 3.193665033
3.203436832, 3.203667800
3.213436781, 3.213614908
3.223436767, 3.223619807
3.233436778, 3.233679749
3.243436764, 3.243655072
3.253436783, 3.253623120
3.263436770, 3.263614495
3.273436765, 3.273639472
3.283436778, 3.283636058
3.293436781, 3.293659677
3.303436761, 3.303670646
3.313436772, 3.313652161
3.323436764, 3.323670297
3.333436772, 3.333673655
3.343436767, 3.343684427
3.353436778, 3.353671253
3.363436761, 3.363658242
3.373436765, 3.373705561
3.383436781, 3.383694827
3.393436772, 3.393679504
3.403436775, 3.403663760
3.413436783, 3.413666466
3.423436765, 3.423643902
3.433436789, 3.433649580
3.443436767, 3.443653504
3.453436819, 3.453657101
3.463436786, 3.463637018
3.473436876, 3.473706204
3.483436767, 3.483665390
3.493436778, 3.493654312
3.503436767, 3.503633708
3.513436773, 3.513638309
3.523436776, 3.523652137
3.533436776, 3.533620039
3.543436767, 3.543664875
3.553436778, 3.553640402
3.563436767, 3.563657024
3.573436779, 3.573644725
3.583436781, 3.583649648
3.593436779, 3.593648223
3.603436783, 3.603667448
3.613436772, 3.613670402
3.623436767, 3.623667729
3.633436781, 3.633646631
3.643436781, 3.643666129
3.653436761, 3.653664607
3.663436759, 3.663649616
3.673436781, 3.673666275
3.683436767, 3.683641562
3.693436762, 3.693646873
3.703436779, 3.703711772
3.713436784, 3.713682253
3.723436765, 3.723627137
3.733436773, 3.733643378
3.743436786, 3.743617197
3.753436761, 3.753640984
3.763436784, 3.763673311
3.773436781, 3.773624250
3.783436764, 3.783672767
3.793436778, 3.793666859
3.803436773, 3.803698860
3.813436772, 3.813656746
3.823436779, 3.823660207
3.833436781, 3.833697744
3.843436765, 3.843648507
3.853436772, 3.853626891
3.863436773, 3.863672920
3.873436765, 3.873645474
3.883436784, 3.883613697
3.893436784, 3.893666248
3.903436768, 3.903662902
3.913436779, 3.913649696
3.923436776, 3.923663592
3.933436791, 3.933682120
3.943436775, 3.943667615
3.953436783, 3.953660366
3.963436767, 3.963671833
3.973436776, 3.973637299
3.983436785, 3.983658577
3.993436785, 3.993669864
4.003436763, 4.003669965
4.013436783, 4.013656410
4.023436782, 4.023536818
4.033436781, 4.033606592
4.043436770, 4.043672130
4.053436779, 4.053564254
4.063436768, 4.063717652
4.073436776, 4.073647313
4.083436765, 4.083625338
4.093436784, 4.093615086
4.103436762, 4.103568646
4.113436781, 4.113618830
4.123436771, 4.123611318
4.133436778, 4.133629895
4.143436762, 4.143646872
4.153436781, 4.153646941
4.163436776, 4.163635946
4.173436767, 4.173660143
4.183436832, 4.183611938
4.193436761, 4.193572502
4.203436753, 4.203604472
4.213436759, 4.213590844
4.223436762, 4.223664632
4.233436754, 4.233584413
4.243436816, 4.243594894
4.253436751, 4.253598664
4.263436759, 4.263582713
4.273436833, 4.273601604
4.283436768, 4.283627283
4.293436761, 4.293630779
4.303436835, 4.303581067
4.313436759, 4.313574196
4.323436765, 4.323592437
4.333436765, 4.333596054
4.343436832, 4.343597567
4.353436757, 4.353599455
4.363436757, 4.363589944
4.373436843, 4.373646338
4.383436751, 4.383620681
4.393436762, 4.393584988
4.403436764, 4.403532524
4.413436757, 4.413532573
4.423436866, 4.423532938
4.433436779, 4.433529927
4.443436764, 4.443534018
4.453436754, 4.453498818
4.463436759, 4.463537213
4.473436759, 4.473531335
4.483436757, 4.483535815
4.493436764, 4.493534836
4.503436753, 4.503534458
4.513436753, 4.513528642
4.523436756, 4.523532906
4.533436756, 4.533539165
4.543436756, 4.543597179
4.553436754, 4.553602705
4.563436761, 4.563579402
4.573436757, 4.573577431
4.583436974, 4.583530442
4.593436757, 4.593533257
4.603436761, 4.603553555
4.613436852, 4.613600766
4.623436753, 4.623601415
4.633436877, 4.633583227
4.643436751, 4.643592030
4.653436986, 4.653617946
4.663436767, 4.663588056
4.673436767, 4.673592118
4.683436767, 4.683603606
4.693436762, 4.693606736
4.703436761, 4.703594692
4.713436832, 4.713594515
4.723436939, 4.723600718
4.733436832, 4.733612743
4.743436768, 4.743611090
4.753436762, 4.753598132
4.763436757, 4.763602081
4.773436819, 4.773594739
4.783436847, 4.783625035
4.793436759, 4.793606283
4.803436751, 4.803594616
4.813436770, 4.813579689
4.823436757, 4.823613815
4.833436819, 4.833586139
4.843436757, 4.843585351
4.853436827, 4.853621835
4.863436855, 4.863596004
4.873436770, 4.873638041
4.883436756, 4.883605897
4.893436762, 4.893604702
4.903436841, 4.903623489
4.913436756, 4.913588637
4.923436757, 4.923557427
4.933436835, 4.933527731
4.943436772, 4.943557384
4.953436833, 4.953567315
4.963436762, 4.963547689
4.973436854, 4.973543881
4.983436765, 4.983537918
4.993436757, 4.993592630
5.003436828, 5.003588695
5.013436765, 5.013590258
5.023436767, 5.023601671
5.033436915, 5.033604224
5.043436756, 5.043577134
5.053436830, 5.053598906
5.063436754, 5.063608619
5.073436824, 5.073544754
5.083436756, 5.083522298
5.093436762, 5.093563641
5.103436756, 5.103566990
5.113436761, 5.113579586
5.123436759, 5.123583604
5.133436751, 5.133595521
5.143436756, 5.143581260
5.153436762, 5.153552630
5.163436756, 5.163548162
5.173436830, 5.173588479
5.183436770, 5.183564223
5.193436819, 5.193576604
5.203436762, 5.203555310
5.213436762, 5.213585591
5.223436759, 5.223597877
5.233436762, 5.233562203
5.243436815, 5.243560809
5.253436859, 5.253559127
5.263436756, 5.263545048
5.273436759, 5.273559813
5.283436766, 5.283558548
5.293436769, 5.293569580
5.303436832, 5.303585906
5.313436766, 5.313560709
5.323436832, 5.323572393
5.333436755, 5.333590306
5.343436824, 5.343590052
5.353436830, 5.353576361
5.363436818, 5.363556252
5.373436764, 5.373607039
5.383436810, 5.383586507
5.393436778, 5.393586220
5.403436759, 5.403559036
5.413436761, 5.413592107
5.423436762, 5.423578232
5.433436772, 5.433575865
5.443436759, 5.443583082
5.453437127, 5.453569161
5.463436816, 5.463641513
5.473436833, 5.473585619
5.483436761, 5.483569346
5.493436822, 5.493624890
5.503436753, 5.503615097
5.513436771, 5.513574353
5.523436757, 5.523547114
5.533436774, 5.533540749
5.543436764, 5.543609643
5.553436832, 5.553598430
5.563436755, 5.563604578
5.573436761, 5.573576344
5.583436750, 5.583610332
5.593436758, 5.593580565
5.603436829, 5.603574413
5.613436818, 5.613602230
5.623436753, 5.623557340
5.633436761, 5.633637924
5.643436755, 5.643576183
5.653436820, 5.653585658
5.663436761, 5.663559797
5.673436821, 5.673567221
5.683436764, 5.683566863
5.693436755, 5.693594036
5.703436824, 5.703580430
5.713436836, 5.713596955
5.723436769, 5.723531636
5.733436758, 5.733536951
5.743436836, 5.743568224
5.753436859, 5.753536472
5.763436752, 5.763554383
5.773436757, 5.773554832
5.783436834, 5.783578736
5.793436763, 5.793574296
5.803436763, 5.803597323
5.813436761, 5.813573340
5.823436757, 5.823598256
5.833436760, 5.833601951
5.843436761, 5.843599838
5.853436753, 5.853558218
5.863436766, 5.863558689
5.873436758, 5.873584266
5.883436760, 5.883585331
5.893436758, 5.893574088
5.903436769, 5.903560653
5.913436926, 5.913566961
5.923436760, 5.923590783
5.933436853, 5.933560252
5.943436757, 5.943562755
5.953436757, 5.953578019
5.963436755, 5.963574456
5.973436757, 5.973565030
5.983436820, 5.983571546
5.993436766, 5.993557963
6.003436764, 6.003575195
6.013436752, 6.013545925
6.023436858, 6.023597966
6.033436761, 6.033582909
6.043436831, 6.043529909
6.053436758, 6.053586883
6.063436813, 6.063610685
6.073436760, 6.073567877
6.083436758, 6.083527471
6.093436813, 6.093533834
6.103436774, 6.103533827
6.113436768, 6.113575498
6.123436761, 6.123577866
6.133436761, 6.133560336
6.143436764, 6.143551579
6.153436867, 6.153579276
6.163436766, 6.163573897
6.173436859, 6.173586209
6.183436752, 6.183558809
6.193436817, 6.193557119
6.203436764, 6.203573999
6.213436834, 6.213575779
6.223436764, 6.223577631
6.233436769, 6.233564114
6.243436753, 6.243586310
6.253436829, 6.253572477
6.263436837, 6.263579704
6.273436758, 6.273557473
6.283436818, 6.283560535
6.293436957, 6.293550614
6.303436813, 6.303549572
6.313436831, 6.313569425
6.323436757, 6.323580999
6.333436836, 6.333531443
6.343436839, 6.343570467
6.353436832, 6.353554492
6.363436766, 6.363577167
6.373436752, 6.373575746
6.383436826, 6.383582559
6.393436831, 6.393562065
6.403436891, 6.403565352
6.413436924, 6.413562298
6.423436761, 6.423582121
6.433436837, 6.433558886
6.443436785, 6.443583216
6.453436758, 6.453567785
6.463436760, 6.463563189
6.473436764, 6.473580487
6.483436757, 6.483567333
6.493436837, 6.493568772
6.503436764, 6.503564916
6.513436752, 6.513579540
6.523436771, 6.523571080
6.533436760, 6.533571948
6.543436757, 6.543567275
6.553436752, 6.553564594
6.563436769, 6.563582762
6.573436908, 6.573578683
6.583436771, 6.583592889
6.593436758, 6.593561569
6.603436752, 6.603591156
6.613436812, 6.613554372
6.623436769, 6.623580482
6.633436826, 6.633571238
6.643436818, 6.643548145
6.653436757, 6.653568151
6.663436757, 6.663561772
6.673436899, 6.673548363
6.683436828, 6.683581577
6.693436859, 6.693579106
6.703436832, 6.703558798
6.713436757, 6.713564908
6.723436757, 6.723555064
6.733436831, 6.733603733
6.743436758, 6.743570475
6.753436763, 6.753580004
6.763436757, 6.763578004
6.773436769, 6.773600520
6.783436758, 6.783578253
6.793436766, 6.793576622
6.803436755, 6.803559474
6.813436763, 6.813550633
6.823436824, 6.823584769
6.833436858, 6.833586796
6.843436758, 6.843589597
6.853436896, 6.853568642
6.863436764, 6.863567111
6.873436771, 6.873568672
6.883436769, 6.883587853
6.893436758, 6.893555695
6.903436854, 6.903569706
6.913436761, 6.913580167
6.923436832, 6.923567698
6.933436760, 6.933547275
6.943436820, 6.943564851
6.953436763, 6.953588401
6.963436771, 6.963573079
6.973436842, 6.973580250
6.983436752, 6.983609539
6.993436753, 6.993598370
7.003436818, 7.003622115
7.013436824, 7.013643501
7.023436764, 7.023611219
7.033436752, 7.033576458
7.043436839, 7.043591705
7.053436764, 7.053532419
7.063436821, 7.063533606
7.073436832, 7.073533202
7.083436753, 7.083570215
7.093436927, 7.093587858
7.103436763, 7.103604019
7.113436760, 7.113577805
7.123436768, 7.123588337
7.133436763, 7.133600902
7.143436766, 7.143630638
7.153436761, 7.153673000
7.163436757, 7.163612844
7.173436760, 7.173603155
7.183436769, 7.183636816
7.193436757, 7.193603830
7.203436750, 7.203633811
7.213436818, 7.213587722
7.223436921, 7.223595649
7.233436763, 7.233585518
7.243436757, 7.243622546
7.253436815, 7.253598450
7.263436760, 7.263601005
7.273436768, 7.273617113
7.283436752, 7.283587166
7.293436820, 7.293594138
7.303436758, 7.303607887
7.313436823, 7.313592815
7.323436755, 7.323604190
7.333436821, 7.333608568
7.343436763, 7.343617710
7.353436760, 7.353612386
7.363436763, 7.363611189
7.373436760, 7.373615180
7.383436817, 7.383599762
7.393436764, 7.393576423
7.403436760, 7.403597969
7.413436761, 7.413565472
7.423436768, 7.423622702
7.433436764, 7.433600782
7.443436763, 7.443606242
7.453436764, 7.453610995
7.463436764, 7.463616101
7.473436764, 7.473599559
7.483436763, 7.483613483
7.493436755, 7.493606858
7.503436761, 7.503638067
7.513436760, 7.513620790
7.523436764, 7.523602598
7.533437085, 7.533602483
7.543436760, 7.543601728
7.553436758, 7.553632280
7.563436856, 7.563604485
7.573436760, 7.573599191
7.583436848, 7.583678449
7.593436768, 7.593639701
7.603436763, 7.603606852
7.613436760, 7.613619830
7.623436820, 7.623620936
7.633436829, 7.633588715
7.643436823, 7.643624436
7.653436764, 7.653593805
7.663436768, 7.663597501
7.673436845, 7.673623863
7.683436760, 7.683578473
7.693436888, 7.693597028
7.703436764, 7.703624573
7.713436758, 7.713611217
7.723436818, 7.723593643
7.733436763, 7.733522988
7.743437003, 7.743514836
7.753436836, 7.753532893
7.763436761, 7.763546762
7.773436817, 7.773616529
7.783436839, 7.783601512
7.793436766, 7.793606665
7.803436755, 7.803618603
7.813436815, 7.813616303
7.823437136, 7.823604498
7.833436820, 7.833596050
7.843436829, 7.843581311
7.853436769, 7.853598932
7.863436831, 7.863590543
7.873436757, 7.873592793
7.883436764, 7.883604670
7.893436764, 7.893577366
7.903436768, 7.903591173
7.913436761, 7.913593939
7.923436761, 7.923602811
7.933436757, 7.933594457
7.943436777, 7.943606659
7.953436900, 7.953583910
7.963436758, 7.963602966
7.973436761, 7.973643122
7.983436753, 7.983585958
7.993436834, 7.993586429
8.003436829, 8.003593579
8.013436766, 8.013640400
8.023436766, 8.023558397
8.033436764, 8.033536861
8.043436764, 8.043526064
8.053436774, 8.053539982
8.063436761, 8.063623185
8.073436771, 8.073593328
8.083436766, 8.083612195
8.093436836, 8.093576118
8.103436771, 8.103570865
8.113436760, 8.113619724
8.123436764, 8.123601093
8.133436907, 8.133578899
8.143436763, 8.143569909
8.153436758, 8.153610625
8.163436769, 8.163628491
8.173436902, 8.173601206
8.183436780, 8.183648078
8.193436766, 8.193580864
8.203436756, 8.203603654
8.213436756, 8.213585797
8.223436768, 8.223586485
8.233436762, 8.233605384
8.243436757, 8.243616730
8.253436759, 8.253619616
8.263436761, 8.263612121
8.273436756, 8.273617395
8.283436767, 8.283613007
8.293436768, 8.293619154
8.303436762, 8.303628067
8.313436852, 8.313636793
8.323436772, 8.323662166
8.333436784, 8.333651788
8.343436841, 8.343613330
8.353436779, 8.353673325
8.363436767, 8.363642158
8.373436757, 8.373647465
8.383436776, 8.383685858
8.393436866, 8.393634286
8.403436768, 8.403638339
8.413436783, 8.413654425
8.423436770, 8.423655162
8.433436770, 8.433627027
8.443436781, 8.443673513
8.453436784, 8.453634104
8.463436757, 8.463652062
8.473436786, 8.473644682
8.483436764, 8.483662160
8.493436761, 8.493574341
8.503436784, 8.503580077
8.513436779, 8.513538928
8.523436754, 8.523528965
8.533436978, 8.533542196
8.543436828, 8.543536143
8.553436901, 8.553532789
8.563436757, 8.563530276
8.573436830, 8.573535983
8.583436756, 8.583531100
8.593436822, 8.593537493
8.603436754, 8.603530430
8.613436824, 8.613536726
8.623436767, 8.623584118
8.633436825, 8.633539249
8.643436759, 8.643575827
8.653436767, 8.653590133
8.663436830, 8.663527472
8.673436765, 8.673532428
8.683436762, 8.683529639
8.693436762, 8.693547345
8.703436759, 8.703570014
8.713436822, 8.713557210
8.723436858, 8.723569764
8.733436822, 8.733531090
8.743436898, 8.743540325
8.753436816, 8.753596225
8.763436757, 8.763593712
8.773436821, 8.773599452
8.783436833, 8.783588285
8.793436764, 8.793636823
8.803436827, 8.803651790
8.813436757, 8.813574712
8.823437031, 8.823600524
8.833436762, 8.833584676
8.843436815, 8.843608110
8.853436760, 8.853591215
8.863436755, 8.863572787
8.873436754, 8.873602455
8.883436757, 8.883579940
8.893436754, 8.893611076
8.903436760, 8.903630383
8.913436817, 8.913605833
8.923436765, 8.923606879
8.933436832, 8.933608001
8.943436815, 8.943638873
8.953436768, 8.953595556
8.963436771, 8.963609670
8.973436831, 8.973600051
8.983436772, 8.983577948
8.993436829, 8.993610425
9.003436768, 9.003641460
9.013436760, 9.013598448
9.023436766, 9.023655496
9.033436768, 9.033691223
9.043436778, 9.043676536
9.053436759, 9.053662205
9.063436759, 9.063649196
9.073436757, 9.073710666
9.083436770, 9.083723955
9.093436768, 9.093644400
9.103436779, 9.103660496
9.113436778, 9.113551797
9.123436762, 9.123577024
9.133436784, 9.133565903
9.143436778, 9.143574012
9.153436772, 9.153563707
9.163436776, 9.163569006
9.173436784, 9.173547306
9.183436754, 9.183523341
9.193436851, 9.193534523
9.203436824, 9.203518777
9.213436759, 9.213524716
9.223436833, 9.223526561
9.233436756, 9.233503772
9.243436839, 9.243526668
9.253436828, 9.253537256
9.263436824, 9.263533176
9.273436836, 9.273531207
9.283436768, 9.283517362
9.293436757, 9.293526537
9.303436873, 9.303516334
9.313436835, 9.313529436
9.323436767, 9.323523346
9.333436764, 9.333512003
9.343436754, 9.343532734
9.353436756, 9.353548943
9.363436813, 9.363522950
9.373436825, 9.373520805
9.383436822, 9.383538892
9.393436762, 9.393525387
9.403436765, 9.403545444
9.413436764, 9.413540414
9.423436817, 9.423541660
9.433436764, 9.433511675
9.443436892, 9.443551062
9.453436765, 9.453543344
9.463436898, 9.463535312
9.473436761, 9.473537164
9.483436874, 9.483550950
9.493436765, 9.493534795
9.503436757, 9.503513167
9.513436767, 9.513607887
9.523436833, 9.523523875
9.533436888, 9.533531948
9.543436762, 9.543545368
9.553436828, 9.553530704
9.563436817, 9.563531510
9.573436759, 9.573513713
9.583436767, 9.583533312
9.593436756, 9.593518257
9.603436773, 9.603540030
9.613436762, 9.613522342
9.623436764, 9.623517400
9.633436931, 9.633509158
9.643436816, 9.643515448
9.653436828, 9.653529403
9.663436765, 9.663534575
9.673436762, 9.673524705
9.683436827, 9.683539539
9.693436836, 9.693540406
9.703436756, 9.703596964
9.713436814, 9.713585714
9.723436761, 9.723530203
9.733436816, 9.733626462
9.743436761, 9.743644590
9.753436762, 9.753640543
9.763436830, 9.763658012
9.773436756, 9.773668614
9.783436759, 9.783645338
9.793436757, 9.793628913
9.803436835, 9.803656005
9.813436757, 9.813684738
9.823436778, 9.823683147
9.833436781, 9.833696890
9.843436768, 9.843670243
9.853436783, 9.853691193
9.863436761, 9.863673920
9.873436764, 9.873678928
9.883436783, 9.883679456
9.893436784, 9.893679251
9.903436761, 9.903714740
9.913436776, 9.913702771
9.923436768, 9.923728514
9.933436762, 9.933687394
9.943436781, 9.943727211
9.953436786, 9.953711081
9.963436759, 9.963703273
9.973436778, 9.973692894
9.983436770, 9.983734159
9.993436765, 9.993679166
10.003436783, 10.003658442
10.013436778, 10.013618277
10.023436778, 10.023644189
10.033436781, 10.033626040
10.043436767, 10.043587023
10.053436761, 10.053616962
10.063436765, 10.063612385
10.073436756, 10.073611376
10.083436759, 10.083589567
10.093436753, 10.093611733
10.103436764, 10.103608768
10.113436756, 10.113612818
10.123436767, 10.123611138
10.133436754, 10.133611992
10.143436751, 10.143566524
10.153436759, 10.153564326
10.163436758, 10.163563625
10.173436761, 10.173567346
10.183436762, 10.183566532
10.193436759, 10.193562135
10.203436759, 10.203562882
10.213436762, 10.213564913
10.223436753, 10.223563268
10.233436756, 10.233556201
10.243436756, 10.243561596
10.253436757, 10.253562080
10.263436753, 10.263564325
10.273436762, 10.273563553
10.283436754, 10.283561947
10.293436767, 10.293563709
10.303436759, 10.303564110
10.313436757, 10.313563497
10.323436757, 10.323563095
10.333436762, 10.333558044
10.343436759, 10.343565108
10.353436755, 10.353563668
10.363436761, 10.363564599
10.373436762, 10.373564699
10.383436754, 10.383565822
10.393436787, 10.393564844
10.403436757, 10.403571313
10.413436765, 10.413606223
10.423436754, 10.423611434
10.433436759, 10.433604243
10.443436784, 10.443613446
10.453436778, 10.453609371
10.463436765, 10.463604914
10.473436761, 10.473602097
10.483436762, 10.483602910
10.493436757, 10.493605493
10.503436753, 10.503609491
10.513436757, 10.513605613
10.523436756, 10.523606090
10.533436754, 10.533610238
10.543436762, 10.543601389
10.553436754, 10.553606832
10.563436756, 10.563606420
10.573436756, 10.573606497
10.583436768, 10.583609796
10.593436767, 10.593608652
10.603436756, 10.603604767
10.613436756, 10.613605098
10.623436761, 10.623606398
10.633436759, 10.633602125
10.643436764, 10.643604808
10.653436762, 10.653602424
10.663436770, 10.663609079
10.673436762, 10.673605335
10.683436761, 10.683599654
10.693436761, 10.693609353
10.703436759, 10.703603714
10.713436762, 10.713606657
10.723436863, 10.723615548
10.733436762, 10.733609886
10.743436759, 10.743610219
10.753436762, 10.753606631
10.763436764, 10.763609852
10.773436762, 10.773609805
10.783436762, 10.783610424
10.793436764, 10.793610272
10.803436754, 10.803603382
10.813436753, 10.813603401
10.823436759, 10.823606671
10.833436754, 10.833604666
10.843436764, 10.843606597
10.853436764, 10.853611667
10.863436757, 10.863604104
10.873436762, 10.873604808
10.883436762, 10.883606955
10.893436757, 10.893607937
10.903436764, 10.903608259
10.913436757, 10.913605840
10.923436765, 10.923609548
10.933436754, 10.933605054
10.943436765, 10.943612371
10.953436756, 10.953607239
10.963436768, 10.963545686
10.973436759, 10.973543014
10.983436753, 10.983597364
10.993436754, 10.993586443
11.003436760, 11.003599972
11.013436756, 11.013598761
11.023436756, 11.023596809
11.033436751, 11.033602315
11.043436762, 11.043599146
11.053436754, 11.053598532
11.063436756, 11.063599621
11.073436754, 11.073598607
11.083436761, 11.083598078
11.093436770, 11.093604198
11.103436762, 11.103597634
11.113436768, 11.113593052
11.123436761, 11.123599735
11.133436757, 11.133596733
11.143436754, 11.143601874
11.153436756, 11.153598457
11.163436757, 11.163598015
11.173436759, 11.173598874
11.183436789, 11.183596522
11.193436753, 11.193600712
11.203436764, 11.203602386
11.213436754, 11.213602634
11.223436754, 11.223597712
11.233436761, 11.233600497
11.243436761, 11.243595841
11.253436754, 11.253601014
11.263436756, 11.263597513
11.273436761, 11.273595930
11.283436751, 11.283597331
11.293436756, 11.293597696
11.303436754, 11.303603442
11.313436754, 11.313597528
11.323436754, 11.323600326
11.333436754, 11.333603554
11.343436749, 11.343593827
11.353436762, 11.353598068
11.363436757, 11.363601527
11.373436756, 11.373602334
11.383436762, 11.383602415
11.393436761, 11.393602409
11.403436756, 11.403597271
11.413436754, 11.413605174
11.423436759, 11.423600490
11.433436759, 11.433597798
11.443436783, 11.443607146
11.453436762, 11.453598354
11.463436761, 11.463603172
11.473436768, 11.473596441
11.483436768, 11.483605572
11.493436762, 11.493600137
11.503436757, 11.503600713
11.513436757, 11.513598139
11.523436757, 11.523598524
11.533436754, 11.533594830
11.543436759, 11.543600508
11.553436757, 11.553599916
11.563436764, 11.563598594
11.573436759, 11.573604096
11.583436756, 11.583600628
11.593436764, 11.593601033
11.603436759, 11.603599149
11.613436768, 11.613598847
11.623436756, 11.623602121
11.633436754, 11.633601907
11.643436756, 11.643600567
11.653436775, 11.653604124
11.663436757, 11.663605452
11.673436759, 11.673599680
11.683436756, 11.683598515
11.693436754, 11.693598803
11.703436753, 11.703602053
11.713436754, 11.713599274
11.723436759, 11.723599612
11.733436762, 11.733609008
11.743436762, 11.743600166
11.753436759, 11.753603025
11.763436756, 11.763601340
11.773436756, 11.773603100
11.783436759, 11.783603212
11.793436761, 11.793601486
11.803436756, 11.803601802
11.813436762, 11.813602331
11.823436751, 11.823601914
11.833436768, 11.833601034
11.843436757, 11.843602047
11.853436754, 11.853601551
11.863436756, 11.863606740
11.873436759, 11.873597067
11.883436753, 11.883602777
11.893436761, 11.893604285
11.903436753, 11.903599189
11.913436759, 11.913600466
11.923436754, 11.923600148
11.933436762, 11.933602402
11.943436768, 11.943608769
11.953436768, 11.953603158
11.963436768, 11.963600483
11.973436754, 11.973605239
11.983436761, 11.983600595
11.993436761, 11.993603567
12.003436757, 12.003604306
12.013436762, 12.013600566
12.023436754, 12.023605424
12.033436754, 12.033600630
12.043436757, 12.043604574
12.053436756, 12.053604274
------------------------------
