------------------------------
test was performed using the following parameters: --mps=100 --burst=1 --reply-every=1 --msg-size=12 --time=10
------------------------------
sockperf: [Total Run] RunTime=10.100 sec; SentMessages=1011; ReceivedMessages=1010
sockperf: ========= Printing statistics for Server No: 0
sockperf: [Valid Duration] RunTime=9.980 sec; SentMessages=999; ReceivedMessages=999
sockperf: [2;35m====> avg-lat= 56.288 (std-dev=18.968)[0m
sockperf: # dropped messages = 0; # duplicated messages = 0; # out-of-order messages = 0
sockperf: [2;35mTotal 999 observations[0m; each percentile contains 9.99 observations
sockperf: ---> <MAX> observation =  143.693
sockperf: ---> percentile  99.99 =  143.693
sockperf: ---> percentile  99.90 =  135.995
sockperf: ---> percentile  99.50 =  108.318
sockperf: ---> percentile  99.00 =   95.725
sockperf: ---> percentile  95.00 =   89.602
sockperf: ---> percentile  90.00 =   88.338
sockperf: ---> percentile  75.00 =   68.447
sockperf: ---> percentile  50.00 =   48.663
sockperf: ---> percentile  25.00 =   44.024
sockperf: ---> <MIN> observation =   24.416
------------------------------
txTime, rxTime
2.063277440, 2.063456419
2.073277425, 2.073475207
2.083277427, 2.083435897
2.093277438, 2.093417608
2.103277438, 2.103368853
2.113277420, 2.113438380
2.123277420, 2.123403578
2.133277413, 2.133385064
2.143277423, 2.143409579
2.153277421, 2.153338184
2.163277415, 2.163393931
2.173277424, 2.173361151
2.183277420, 2.183363266
2.193277416, 2.193378340
2.203277442, 2.203373399
2.213277427, 2.213368488
2.223277420, 2.223380239
2.233277427, 2.233350247
2.243277432, 2.243367497
2.253277424, 2.253363694
2.263277412, 2.263383588
2.273277414, 2.273383138
2.283277423, 2.283382891
2.293277417, 2.293352761
2.303277418, 2.303364121
2.313277421, 2.313355449
2.323277420, 2.323367413
2.333277432, 2.333368903
2.343277415, 2.343362394
2.353277422, 2.353373733
2.363277432, 2.363379593
2.373277422, 2.373408952
2.383277413, 2.383347600
2.393277417, 2.393365265
2.403277417, 2.403362833
2.413277416, 2.413358429
2.423277423, 2.423365066
2.433277417, 2.433343775
2.443277420, 2.443405299
2.453277432, 2.453333604
2.463277417, 2.463384252
2.473277421, 2.473383475
2.483277413, 2.483377252
2.493277416, 2.493372920
2.503277418, 2.503387890
2.513277428, 2.513387520
2.523277417, 2.523414311
2.533277416, 2.533371039
2.543277421, 2.543370753
2.553277421, 2.553382521
2.563277418, 2.563345538
2.573277417, 2.573363118
2.583277420, 2.583358090
2.593277416, 2.593376750
2.603277418, 2.603350210
2.613277421, 2.613336730
2.623277413, 2.623371255
2.633277414, 2.633352792
2.643277418, 2.643343777
2.653277432, 2.653387343
2.663277421, 2.663377236
2.673277414, 2.673356937
2.683277417, 2.683346883
2.693277417, 2.693350070
2.703277417, 2.703353851
2.713277435, 2.713368849
2.723277431, 2.723383829
2.733277414, 2.733359094
2.743277420, 2.743383307
2.753277416, 2.753342359
2.763277420, 2.763377828
2.773277417, 2.773344868
2.783277425, 2.783351966
2.793277427, 2.793345485
2.803277410, 2.803356064
2.813277417, 2.813368614
2.823277417, 2.823376328
2.833277424, 2.833350814
2.843277425, 2.843339102
2.853277414, 2.853370349
2.863277415, 2.863374514
2.873277435, 2.873368835
2.883277418, 2.883406294
2.893277419, 2.893388974
2.903277420, 2.903396640
2.913277424, 2.913344776
2.923277413, 2.923373268
2.933277417, 2.933360968
2.943277418, 2.943333253
2.953277413, 2.953369659
2.963277423, 2.963354875
2.973277414, 2.973357365
2.983277420, 2.983370216
2.993277417, 2.993372298
3.003277423, 3.003394229
3.013277416, 3.013353588
3.023277417, 3.023443347
3.033277413, 3.033344869
3.043277421, 3.043361261
3.053277419, 3.053352012
3.063277421, 3.063368178
3.073277417, 3.073372102
3.083277417, 3.083413429
3.093277438, 3.093375594
3.103277423, 3.103345660
3.113277416, 3.113396082
3.123277417, 3.123385838
3.133277424, 3.133371802
3.143277420, 3.143347088
3.153277414, 3.153363573
3.163277415, 3.163379007
3.173277417, 3.173338072
3.183277421, 3.183355067
3.193277421, 3.193374344
3.203277417, 3.203374177
3.213277419, 3.213356424
3.223277423, 3.223371490
3.233277421, 3.233388208
3.243277413, 3.243335278
3.253277416, 3.253357194
3.263277415, 3.263346157
3.273277416, 3.273427725
3.283277412, 3.283368452
3.293277432, 3.293378466
3.303277418, 3.303400223
3.313277421, 3.313365936
3.323277423, 3.323360687
3.333277414, 3.333357090
3.343277417, 3.343408354
3.353277422, 3.353365747
3.363277421, 3.363455617
3.373277419, 3.373386560
3.383277425, 3.383364347
3.393277428, 3.393364515
3.403277420, 3.403355569
3.413277414, 3.413376524
3.423277417, 3.423368651
3.433277424, 3.433381665
3.443277423, 3.443344106
3.453277422, 3.453361678
3.463277415, 3.463403261
3.473277416, 3.473351545
3.483277418, 3.483356533
3.493277433, 3.493343365
3.503277423, 3.503361398
3.513277417, 3.513359896
3.523277428, 3.523341177
3.533277432, 3.533390629
3.543277421, 3.543385468
3.553277419, 3.553385234
3.563277423, 3.563359686
3.573277417, 3.573374573
3.583277418, 3.583351625
3.593277417, 3.593366292
3.603277421, 3.603362123
3.613277417, 3.613360808
3.623277417, 3.623403321
3.633277422, 3.633371374
3.643277421, 3.643365702
3.653277417, 3.653355222
3.663277420, 3.663381145
3.673277419, 3.673391241
3.683277428, 3.683342919
3.693277416, 3.693374311
3.703277426, 3.703404401
3.713277432, 3.713365899
3.723277417, 3.723372910
3.733277424, 3.733382823
3.743277421, 3.743336857
3.753277419, 3.753351766
3.763277415, 3.763368323
3.773277433, 3.773354232
3.783277413, 3.783397843
3.793277417, 3.793382365
3.803277417, 3.803360067
3.813277416, 3.813369101
3.823277413, 3.823349037
3.833277419, 3.833350140
3.843277423, 3.843382186
3.853277421, 3.853399415
3.863277421, 3.863409073
3.873277414, 3.873403225
3.883277418, 3.883373592
3.893277419, 3.893341159
3.903277426, 3.903328544
3.913277416, 3.913373856
3.923277436, 3.923369848
3.933277417, 3.933370059
3.943277412, 3.943386198
3.953277416, 3.953356439
3.963277420, 3.963395895
3.973277422, 3.973368684
3.983277417, 3.983360244
3.993277424, 3.993452079
4.003277421, 4.003364079
4.013277422, 4.013439109
4.023277418, 4.023384391
4.033277436, 4.033338836
4.043277417, 4.043373369
4.053277416, 4.053370338
4.063277420, 4.063347090
4.073277410, 4.073355784
4.083277423, 4.083381065
4.093277414, 4.093411840
4.103277415, 4.103390350
4.113277419, 4.113347438
4.123277418, 4.123376792
4.133277419, 4.133373163
4.143277423, 4.143414177
4.153277416, 4.153371537
4.163277417, 4.163363509
4.173277411, 4.173375754
4.183277432, 4.183386706
4.193277416, 4.193385830
4.203277415, 4.203362085
4.213277417, 4.213372243
4.223277425, 4.223377229
4.233277417, 4.233339604
4.243277423, 4.243371695
4.253277432, 4.253380175
4.263277421, 4.263348693
4.273277419, 4.273400707
4.283277432, 4.283374165
4.293277416, 4.293421487
4.303277410, 4.303369093
4.313277421, 4.313358896
4.323277434, 4.323364774
4.333277422, 4.333408246
4.343277421, 4.343372977
4.353277419, 4.353343300
4.363277420, 4.363360501
4.373277433, 4.373347312
4.383277421, 4.383360372
4.393277419, 4.393370263
4.403277420, 4.403365940
4.413277425, 4.413353836
4.423277413, 4.423371901
4.433277419, 4.433340717
4.443277420, 4.443332834
4.453277424, 4.453386599
4.463277418, 4.463356230
4.473277414, 4.473352358
4.483277420, 4.483347643
4.493277421, 4.493363181
4.503277418, 4.503368250
4.513277419, 4.513389636
4.523277415, 4.523383916
4.533277419, 4.533359357
4.543277421, 4.543391913
4.553277417, 4.553384264
4.563277420, 4.563338997
4.573277417, 4.573366440
4.583277415, 4.583365607
4.593277417, 4.593379504
4.603277413, 4.603352400
4.613277421, 4.613375078
4.623277413, 4.623375183
4.633277413, 4.633347001
4.643277425, 4.643357850
4.653277422, 4.653342351
4.663277420, 4.663365677
4.673277422, 4.673382436
4.683277417, 4.683344933
4.693277419, 4.693373059
4.703277421, 4.703359816
4.713277419, 4.713391461
4.723277425, 4.723347395
4.733277416, 4.733376310
4.743277420, 4.743370633
4.753277552, 4.753395013
4.763277420, 4.763361294
4.773277419, 4.773399180
4.783277415, 4.783351756
4.793277422, 4.793355700
4.803277415, 4.803382301
4.813277414, 4.813398199
4.823277417, 4.823360978
4.833277419, 4.833417342
4.843277410, 4.843331641
4.853277417, 4.853400977
4.863277432, 4.863356246
4.873277417, 4.873343483
4.883277421, 4.883366657
4.893277411, 4.893358122
4.903277423, 4.903362404
4.913277414, 4.913398915
4.923277417, 4.923341365
4.933277511, 4.933372554
4.943277413, 4.943354241
4.953277424, 4.953371022
4.963277420, 4.963344515
4.973277424, 4.973350599
4.983277415, 4.983387871
4.993277417, 4.993399426
5.003277420, 5.003377722
5.013277417, 5.013419023
5.023277420, 5.023464345
5.033277422, 5.033428296
5.043277417, 5.043463513
5.053277432, 5.053389587
5.063277418, 5.063367788
5.073277422, 5.073377802
5.083277421, 5.083350109
5.093277421, 5.093385273
5.103277420, 5.103388716
5.113277419, 5.113392127
5.123277420, 5.123403030
5.133277417, 5.133381323
5.143277415, 5.143355390
5.153277413, 5.153394994
5.163277423, 5.163370966
5.173277425, 5.173372794
5.183277420, 5.183379137
5.193277428, 5.193385196
5.203277421, 5.203375535
5.213277414, 5.213385489
5.223277417, 5.223342581
5.233277424, 5.233397546
5.243277417, 5.243385220
5.253277411, 5.253384544
5.263277425, 5.263326258
5.273277416, 5.273354512
5.283277420, 5.283365468
5.293277433, 5.293338691
5.303277432, 5.303376821
5.313277427, 5.313335025
5.323277421, 5.323403512
5.333277416, 5.333361156
5.343277418, 5.343394389
5.353277421, 5.353366176
5.363277425, 5.363362820
5.373277424, 5.373408358
5.383277417, 5.383368781
5.393277433, 5.393341868
5.403277425, 5.403334434
5.413277433, 5.413459639
5.423277431, 5.423389221
5.433277422, 5.433374540
5.443277426, 5.443369997
5.453277419, 5.453357074
5.463277413, 5.463371730
5.473277419, 5.473405453
5.483277418, 5.483354029
5.493277422, 5.493349980
5.503277415, 5.503338243
5.513277413, 5.513347545
5.523277425, 5.523371796
5.533277417, 5.533406279
5.543277421, 5.543340470
5.553277416, 5.553373116
5.563277420, 5.563347551
5.573277427, 5.573366678
5.583277425, 5.583380327
5.593277422, 5.593370709
5.603277418, 5.603373333
5.613277422, 5.613381160
5.623277418, 5.623368730
5.633277419, 5.633333035
5.643277426, 5.643368381
5.653277422, 5.653344501
5.663277425, 5.663356702
5.673277422, 5.673365662
5.683277417, 5.683356347
5.693277425, 5.693349019
5.703277415, 5.703379397
5.713277424, 5.713385835
5.723277425, 5.723394114
5.733277417, 5.733381864
5.743277420, 5.743337628
5.753277416, 5.753383623
5.763277423, 5.763356101
5.773277416, 5.773353430
5.783277421, 5.783379094
5.793277413, 5.793351021
5.803277425, 5.803350180
5.813277417, 5.813353495
5.823277423, 5.823356543
5.833277417, 5.833365232
5.843277423, 5.843361115
5.853277422, 5.853338513
5.863277418, 5.863358100
5.873277422, 5.873352742
5.883277415, 5.883352589
5.893277421, 5.893386637
5.903277429, 5.903384137
5.913277421, 5.913363511
5.923277421, 5.923353164
5.933277414, 5.933372361
5.943277412, 5.943354973
5.953277421, 5.953348395
5.963277432, 5.963403602
5.973277433, 5.973356108
5.983277417, 5.983343795
5.993277430, 5.993348117
6.003277425, 6.003393441
6.013277422, 6.013391101
6.023277423, 6.023368514
6.033277421, 6.033340003
6.043277421, 6.043494058
6.053277416, 6.053357794
6.063277423, 6.063359312
6.073277421, 6.073367842
6.083277434, 6.083383073
6.093277424, 6.093371976
6.103277415, 6.103344079
6.113277417, 6.113362038
6.123277418, 6.123361516
6.133277421, 6.133353397
6.143277420, 6.143361085
6.153277413, 6.153381021
6.163277415, 6.163417993
6.173277417, 6.173341784
6.183277421, 6.183391068
6.193277419, 6.193334925
6.203277426, 6.203356257
6.213277414, 6.213400907
6.223277425, 6.223377190
6.233277419, 6.233391353
6.243277420, 6.243383670
6.253277419, 6.253350692
6.263277417, 6.263362432
6.273277422, 6.273377298
6.283277413, 6.283348516
6.293277416, 6.293374999
6.303277415, 6.303345099
6.313277422, 6.313358890
6.323277418, 6.323380035
6.333277430, 6.333363966
6.343277415, 6.343369539
6.353277424, 6.353354185
6.363277420, 6.363343945
6.373277422, 6.373372683
6.383277418, 6.383370844
6.393277419, 6.393352020
6.403277417, 6.403410247
6.413277419, 6.413360297
6.423277417, 6.423385879
6.433277410, 6.433374914
6.443277425, 6.443365471
6.453277416, 6.453358531
6.463277415, 6.463367492
6.473277416, 6.473380393
6.483277423, 6.483348934
6.493277424, 6.493339918
6.503277420, 6.503380686
6.513277416, 6.513365717
6.523277420, 6.523468871
6.533277414, 6.533361258
6.543277421, 6.543373555
6.553277417, 6.553365182
6.563277418, 6.563336207
6.573277411, 6.573354245
6.583277423, 6.583394926
6.593277424, 6.593369423
6.603277423, 6.603392812
6.613277419, 6.613384337
6.623277417, 6.623366993
6.633277416, 6.633360462
6.643277415, 6.643351157
6.653277417, 6.653371856
6.663277421, 6.663374597
6.673277416, 6.673354587
6.683277418, 6.683372562
6.693277419, 6.693360093
6.703277417, 6.703406344
6.713277430, 6.713345103
6.723277418, 6.723380304
6.733277424, 6.733372007
6.743277423, 6.743360769
6.753277416, 6.753368434
6.763277418, 6.763373181
6.773277417, 6.773337718
6.783277423, 6.783383128
6.793277422, 6.793338018
6.803277417, 6.803383332
6.813277422, 6.813367127
6.823277413, 6.823384983
6.833277416, 6.833361372
6.843277421, 6.843339560
6.853277417, 6.853355587
6.863277418, 6.863385617
6.873277413, 6.873345575
6.883277420, 6.883380160
6.893277422, 6.893360391
6.903277421, 6.903358453
6.913277419, 6.913361827
6.923277423, 6.923382655
6.933277419, 6.933352277
6.943277410, 6.943347104
6.953277416, 6.953379512
6.963277415, 6.963394771
6.973277433, 6.973369478
6.983277417, 6.983463112
6.993277422, 6.993353599
7.003277412, 7.003404715
7.013277417, 7.013337114
7.023277425, 7.023345510
7.033277422, 7.033457751
7.043277420, 7.043423451
7.053277414, 7.053456855
7.063277417, 7.063367676
7.073277410, 7.073357147
7.083277421, 7.083375568
7.093277432, 7.093387865
7.103277416, 7.103402596
7.113277422, 7.113370537
7.123277421, 7.123403541
7.133277423, 7.133354877
7.143277419, 7.143391824
7.153277419, 7.153378100
7.163277416, 7.163382405
7.173277419, 7.173401011
7.183277412, 7.183385515
7.193277422, 7.193408291
7.203277415, 7.203386655
7.213277423, 7.213372531
7.223277424, 7.223393421
7.233277433, 7.233370284
7.243277416, 7.243383118
7.253277430, 7.253368783
7.263277421, 7.263365040
7.273277415, 7.273392390
7.283277416, 7.283369638
7.293277423, 7.293370098
7.303277412, 7.303370318
7.313277422, 7.313367002
7.323277419, 7.323363578
7.333277417, 7.333368557
7.343277426, 7.343376301
7.353277412, 7.353372844
7.363277419, 7.363397410
7.373277417, 7.373370655
7.383277418, 7.383386958
7.393277415, 7.393371208
7.403277424, 7.403366482
7.413277430, 7.413368994
7.423277418, 7.423372350
7.433277419, 7.433364144
7.443277415, 7.443369066
7.453277419, 7.453382660
7.463277438, 7.463451464
7.473277427, 7.473367127
7.483277413, 7.483383720
7.493277427, 7.493373526
7.503277423, 7.503386576
7.513277428, 7.513390073
7.523277435, 7.523364598
7.533277422, 7.533367775
7.543277415, 7.543398972
7.553277419, 7.553365436
7.563277418, 7.563369472
7.573277415, 7.573380315
7.583277416, 7.583370730
7.593277414, 7.593367723
7.603277424, 7.603396171
7.613277420, 7.613369331
7.623277418, 7.623393492
7.633277423, 7.633366528
7.643277418, 7.643375968
7.653277427, 7.653368904
7.663277413, 7.663381838
7.673277422, 7.673380973
7.683277416, 7.683369565
7.693277423, 7.693369989
7.703277421, 7.703368471
7.713277425, 7.713368404
7.723277413, 7.723368381
7.733277419, 7.733371028
7.743277419, 7.743370197
7.753277419, 7.753400106
7.763277434, 7.763373359
7.773277420, 7.773375351
7.783277412, 7.783366137
7.793277415, 7.793397628
7.803277418, 7.803444097
7.813277423, 7.813399131
7.823277419, 7.823370599
7.833277414, 7.833367990
7.843277416, 7.843384639
7.853277419, 7.853362354
7.863277419, 7.863370636
7.873277415, 7.873372452
7.883277419, 7.883368455
7.893277412, 7.893369604
7.903277412, 7.903365829
7.913277420, 7.913366894
7.923277424, 7.923370014
7.933277420, 7.933367971
7.943277416, 7.943445057
7.953277420, 7.953369863
7.963277418, 7.963379425
7.973277419, 7.973371184
7.983277416, 7.983378854
7.993277422, 7.993369716
8.003277416, 8.003371288
8.013277419, 8.013367507
8.023277418, 8.023369123
8.033277433, 8.033373066
8.043277423, 8.043360442
8.053277422, 8.053459406
8.063277430, 8.063452297
8.073277411, 8.073426646
8.083277419, 8.083374747
8.093277422, 8.093470311
8.103277421, 8.103372261
8.113277417, 8.113387046
8.123277432, 8.123374356
8.133277414, 8.133387348
8.143277417, 8.143392422
8.153277414, 8.153374868
8.163277417, 8.163373631
8.173277417, 8.173368240
8.183277417, 8.183377444
8.193277421, 8.193367836
8.203277421, 8.203388713
8.213277422, 8.213370992
8.223277423, 8.223366543
8.233277417, 8.233371243
8.243277421, 8.243373841
8.253277422, 8.253351456
8.263277413, 8.263370685
8.273277421, 8.273369082
8.283277415, 8.283370764
8.293277424, 8.293370070
8.303277420, 8.303374340
8.313277417, 8.313367735
8.323277413, 8.323381794
8.333277419, 8.333374211
8.343277420, 8.343374170
8.353277436, 8.353396831
8.363277440, 8.363381813
8.373277421, 8.373372411
8.383277421, 8.383375521
8.393277419, 8.393371229
8.403277417, 8.403405487
8.413277414, 8.413394020
8.423277415, 8.423375125
8.433277413, 8.433372078
8.443277420, 8.443373825
8.453277419, 8.453373261
8.463277420, 8.463375392
8.473277435, 8.473370447
8.483277431, 8.483373615
8.493277421, 8.493370147
8.503277431, 8.503374280
8.513277428, 8.513355811
8.523277418, 8.523389486
8.533277416, 8.533376485
8.543277418, 8.543374419
8.553277416, 8.553402035
8.563277412, 8.563368846
8.573277419, 8.573373885
8.583277417, 8.583370816
8.593277416, 8.593368191
8.603277418, 8.603369608
8.613277417, 8.613370098
8.623277423, 8.623373628
8.633277424, 8.633387845
8.643277415, 8.643373274
8.653277421, 8.653374330
8.663277415, 8.663370642
8.673277411, 8.673370956
8.683277418, 8.683376854
8.693277422, 8.693371134
8.703277420, 8.703373110
8.713277417, 8.713373274
8.723277425, 8.723367353
8.733277417, 8.733366465
8.743277423, 8.743367036
8.753277419, 8.753378588
8.763277421, 8.763390838
8.773277416, 8.773381738
8.783277418, 8.783369854
8.793277441, 8.793369014
8.803277421, 8.803373145
8.813277419, 8.813378504
8.823277420, 8.823369867
8.833277419, 8.833399133
8.843277417, 8.843374373
8.853277421, 8.853371196
8.863277420, 8.863368096
8.873277419, 8.873368272
8.883277415, 8.883428783
8.893277438, 8.893417154
8.903277417, 8.903369269
8.913277416, 8.913368663
8.923277413, 8.923373240
8.933277422, 8.933370672
8.943277413, 8.943368050
8.953277424, 8.953374845
8.963277420, 8.963369386
8.973277421, 8.973380877
8.983277418, 8.983370740
8.993277424, 8.993371571
9.003277420, 9.003373097
9.013277436, 9.013369173
9.023277436, 9.023377422
9.033277424, 9.033369374
9.043277417, 9.043370257
9.053277421, 9.053368159
9.063277421, 9.063373759
9.073277416, 9.073479359
9.083277421, 9.083440791
9.093277414, 9.093431576
9.103277420, 9.103373107
9.113277413, 9.113393478
9.123277421, 9.123406581
9.133277416, 9.133428052
9.143277423, 9.143388217
9.153277416, 9.153352451
9.163277423, 9.163391883
9.173277416, 9.173381713
9.183277420, 9.183374255
9.193277422, 9.193362709
9.203277417, 9.203368637
9.213277419, 9.213362387
9.223277415, 9.223355501
9.233277422, 9.233351914
9.243277417, 9.243364144
9.253277433, 9.253370307
9.263277425, 9.263368590
9.273277416, 9.273391453
9.283277417, 9.283372199
9.293277416, 9.293370558
9.303277413, 9.303378120
9.313277428, 9.313381425
9.323277423, 9.323386599
9.333277422, 9.333394189
9.343277415, 9.343362072
9.353277416, 9.353382052
9.363277418, 9.363376179
9.373277417, 9.373384444
9.383277417, 9.383389954
9.393277419, 9.393372789
9.403277421, 9.403360574
9.413277416, 9.413363537
9.423277415, 9.423361291
9.433277421, 9.433362749
9.443277434, 9.443368531
9.453277414, 9.453407959
9.463277412, 9.463413462
9.473277421, 9.473362065
9.483277413, 9.483360228
9.493277421, 9.493366720
9.503277415, 9.503390803
9.513277413, 9.513385524
9.523277425, 9.523372537
9.533277435, 9.533368677
9.543277423, 9.543375160
9.553277419, 9.553370237
9.563277420, 9.563374558
9.573277413, 9.573368139
9.583277413, 9.583367112
9.593277422, 9.593368477
9.603277417, 9.603368754
9.613277417, 9.613365496
9.623277421, 9.623385877
9.633277413, 9.633386680
9.643277421, 9.643381185
9.653277422, 9.653368366
9.663277428, 9.663423373
9.673277414, 9.673364092
9.683277418, 9.683363904
9.693277414, 9.693368107
9.703277417, 9.703413618
9.713277414, 9.713365048
9.723277415, 9.723386625
9.733277417, 9.733364443
9.743277423, 9.743367232
9.753277414, 9.753371218
9.763277417, 9.763382465
9.773277422, 9.773367650
9.783277418, 9.783381311
9.793277419, 9.793371954
9.803277420, 9.803365225
9.813277424, 9.813419259
9.823277420, 9.823368244
9.833277430, 9.833368136
9.843277415, 9.843367807
9.853277417, 9.853364699
9.863277421, 9.863376604
9.873277422, 9.873375113
9.883277413, 9.883371549
9.893277414, 9.893364083
9.903277421, 9.903383303
9.913277421, 9.913379456
9.923277440, 9.923370753
9.933277438, 9.933443880
9.943277412, 9.943424855
9.953277424, 9.953396449
9.963277413, 9.963428873
9.973277414, 9.973417391
9.983277418, 9.983427486
9.993277408, 9.993435814
10.003277413, 10.003425392
10.013277414, 10.013428659
10.023277418, 10.023434628
10.033277421, 10.033427699
10.043277436, 10.043436985
10.053277422, 10.053431206
10.063277415, 10.063436574
10.073277425, 10.073432711
10.083277420, 10.083435364
10.093277419, 10.093426550
10.103277418, 10.103430729
10.113277413, 10.113429260
10.123277417, 10.123438460
10.133277417, 10.133427214
10.143277415, 10.143436885
10.153277421, 10.153425404
10.163277415, 10.163434060
10.173277435, 10.173435558
10.183277413, 10.183439488
10.193277417, 10.193427588
10.203277417, 10.203435296
10.213277413, 10.213431895
10.223277432, 10.223437794
10.233277413, 10.233434127
10.243277420, 10.243436761
10.253277422, 10.253429717
10.263277421, 10.263430588
10.273277421, 10.273434226
10.283277415, 10.283437912
10.293277416, 10.293432004
10.303277417, 10.303436897
10.313277417, 10.313430598
10.323277417, 10.323433219
10.333277417, 10.333428553
10.343277415, 10.343440768
10.353277424, 10.353419181
10.363277412, 10.363436291
10.373277422, 10.373434865
10.383277415, 10.383434068
10.393277422, 10.393434254
10.403277413, 10.403427728
10.413277422, 10.413433816
10.423277418, 10.423435175
10.433277435, 10.433438013
10.443277415, 10.443430987
10.453277417, 10.453439830
10.463277415, 10.463491617
10.473277416, 10.473429415
10.483277409, 10.483425264
10.493277414, 10.493423677
10.503277417, 10.503436096
10.513277413, 10.513427322
10.523277428, 10.523419575
10.533277422, 10.533423387
10.543277418, 10.543432490
10.553277416, 10.553421498
10.563277421, 10.563433257
10.573277414, 10.573423163
10.583277415, 10.583432772
10.593277414, 10.593448291
10.603277415, 10.603453873
10.613277419, 10.613450773
10.623277418, 10.623450541
10.633277417, 10.633450856
10.643277421, 10.643454950
10.653277430, 10.653453192
10.663277418, 10.663458457
10.673277414, 10.673454123
10.683277421, 10.683454816
10.693277419, 10.693449283
10.703277418, 10.703459351
10.713277414, 10.713448340
10.723277418, 10.723457848
10.733277417, 10.733447723
10.743277417, 10.743456770
10.753277416, 10.753449030
10.763277415, 10.763450948
10.773277441, 10.773448756
10.783277418, 10.783450904
10.793277421, 10.793455523
10.803277415, 10.803454785
10.813277422, 10.813457236
10.823277417, 10.823457356
10.833277419, 10.833454921
10.843277418, 10.843454328
10.853277414, 10.853453510
10.863277423, 10.863456763
10.873277413, 10.873454329
10.883277418, 10.883456932
10.893277422, 10.893454373
10.903277410, 10.903458519
10.913277422, 10.913453955
10.923277417, 10.923449570
10.933277414, 10.933450170
10.943277429, 10.943453214
10.953277417, 10.953456475
10.963277420, 10.963448214
10.973277416, 10.973455392
10.983277417, 10.983450493
10.993277419, 10.993459444
11.003277415, 11.003538452
11.013277422, 11.013453241
11.023277417, 11.023451027
11.033277417, 11.033452856
11.043277420, 11.043455982
11.053277421, 11.053453775
11.063277415, 11.063459416
11.073277438, 11.073455701
11.083277412, 11.083549402
11.093277427, 11.093456124
11.103277417, 11.103458568
11.113277417, 11.113448290
11.123277417, 11.123456940
11.133277417, 11.133454666
11.143277417, 11.143452910
11.153277430, 11.153446300
11.163277421, 11.163541776
11.173277435, 11.173457158
11.183277417, 11.183457756
11.193277414, 11.193454562
11.203277415, 11.203454478
11.213277419, 11.213453420
11.223277415, 11.223456620
11.233277417, 11.233456814
11.243277423, 11.243455570
11.253277428, 11.253454204
11.263277420, 11.263452670
11.273277414, 11.273453818
11.283277420, 11.283453822
11.293277421, 11.293454429
11.303277415, 11.303451712
11.313277416, 11.313449482
11.323277410, 11.323457021
11.333277414, 11.333452085
11.343277417, 11.343456469
11.353277421, 11.353458959
11.363277420, 11.363455013
11.373277417, 11.373446681
11.383277418, 11.383458582
11.393277422, 11.393453304
11.403277415, 11.403454570
11.413277414, 11.413453876
11.423277420, 11.423458974
11.433277413, 11.433456103
11.443277413, 11.443458484
11.453277419, 11.453454362
11.463277418, 11.463456998
11.473277414, 11.473453620
11.483277420, 11.483453493
11.493277411, 11.493453302
11.503277412, 11.503455980
11.513277413, 11.513456033
11.523277420, 11.523456225
11.533277416, 11.533450317
11.543277421, 11.543458019
11.553277413, 11.553450803
11.563277410, 11.563456444
11.573277428, 11.573454642
11.583277423, 11.583515647
11.593277416, 11.593454091
11.603277421, 11.603451006
11.613277414, 11.613456159
11.623277413, 11.623452713
11.633277416, 11.633455531
11.643277423, 11.643454307
11.653277419, 11.653454189
11.663277421, 11.663457279
11.673277411, 11.673453756
11.683277417, 11.683449530
11.693277414, 11.693454858
11.703277413, 11.703451799
11.713277432, 11.713458815
11.723277420, 11.723448511
11.733277416, 11.733455832
11.743277413, 11.743450239
11.753277422, 11.753454277
11.763277421, 11.763450301
11.773277414, 11.773450137
11.783277421, 11.783458322
11.793277419, 11.793454223
11.803277420, 11.803457797
11.813277422, 11.813450047
11.823277420, 11.823564807
11.833277416, 11.833432288
11.843277421, 11.843431032
11.853277422, 11.853453972
11.863277410, 11.863456915
11.873277422, 11.873455564
11.883277415, 11.883455524
11.893277421, 11.893457986
11.903277423, 11.903458047
11.913277414, 11.913455336
11.923277417, 11.923449686
11.933277416, 11.933455780
11.943277415, 11.943451062
11.953277416, 11.953454092
11.963277434, 11.963452438
11.973277422, 11.973456470
11.983277410, 11.983460798
11.993277419, 11.993454227
12.003277420, 12.003454553
12.013277416, 12.013455747
12.023277421, 12.023456810
12.033277421, 12.033453921
12.043277413, 12.043454121
------------------------------
