------------------------------
test was performed using the following parameters: --mps=100 --burst=1 --reply-every=1 --msg-size=12 --time=10
------------------------------
sockperf: [Total Run] RunTime=10.100 sec; SentMessages=1011; ReceivedMessages=1010
sockperf: ========= Printing statistics for Server No: 0
sockperf: [Valid Duration] RunTime=9.990 sec; SentMessages=1000; ReceivedMessages=1000
sockperf: [2;35m====> avg-lat= 64.571 (std-dev=14.708)[0m
sockperf: # dropped messages = 0; # duplicated messages = 0; # out-of-order messages = 0
sockperf: [2;35mTotal 1000 observations[0m; each percentile contains 10.00 observations
sockperf: ---> <MAX> observation =  123.571
sockperf: ---> percentile  99.99 =  123.571
sockperf: ---> percentile  99.90 =  123.385
sockperf: ---> percentile  99.50 =  110.130
sockperf: ---> percentile  99.00 =  106.168
sockperf: ---> percentile  95.00 =   90.139
sockperf: ---> percentile  90.00 =   83.554
sockperf: ---> percentile  75.00 =   71.706
sockperf: ---> percentile  50.00 =   62.914
sockperf: ---> percentile  25.00 =   58.264
sockperf: ---> <MIN> observation =   26.166
------------------------------
txTime, rxTime
2.063670353, 2.063784639
2.073670344, 2.073827104
2.083670371, 2.083829540
2.093670346, 2.093852346
2.103670364, 2.103797211
2.113670344, 2.113873785
2.123670349, 2.123785993
2.133670338, 2.133788859
2.143670356, 2.143786156
2.153670342, 2.153785598
2.163670340, 2.163808440
2.173670343, 2.173797860
2.183670340, 2.183808954
2.193670359, 2.193780655
2.203670345, 2.203788005
2.213670348, 2.213800560
2.223670345, 2.223796569
2.233670343, 2.233754483
2.243670340, 2.243765321
2.253670338, 2.253784812
2.263670340, 2.263804239
2.273670340, 2.273797898
2.283670337, 2.283804072
2.293670353, 2.293803097
2.303670342, 2.303786004
2.313670346, 2.313839297
2.323670342, 2.323797683
2.333670342, 2.333840238
2.343670338, 2.343793657
2.353670346, 2.353840300
2.363670348, 2.363773218
2.373670340, 2.373827932
2.383670345, 2.383809569
2.393670342, 2.393824171
2.403670345, 2.403750656
2.413670342, 2.413818245
2.423670348, 2.423823928
2.433670342, 2.433765853
2.443670372, 2.443798755
2.453670346, 2.453814161
2.463670345, 2.463777961
2.473670342, 2.473814699
2.483670342, 2.483800994
2.493670345, 2.493789388
2.503670338, 2.503809080
2.513670345, 2.513794845
2.523670337, 2.523803074
2.533670343, 2.533771731
2.543670348, 2.543825736
2.553670346, 2.553828698
2.563670348, 2.563842829
2.573670346, 2.573795445
2.583670343, 2.583807760
2.593670441, 2.593798778
2.603670351, 2.603820614
2.613670348, 2.613841023
2.623670340, 2.623806255
2.633670343, 2.633819605
2.643670337, 2.643815719
2.653670348, 2.653808287
2.663670342, 2.663782213
2.673670346, 2.673783745
2.683670342, 2.683808935
2.693670345, 2.693882682
2.703670340, 2.703766824
2.713670346, 2.713823184
2.723670342, 2.723782401
2.733670354, 2.733748466
2.743670348, 2.743761329
2.753670346, 2.753732958
2.763670348, 2.763743748
2.773670346, 2.773754346
2.783670348, 2.783771000
2.793670346, 2.793743611
2.803670349, 2.803754709
2.813670342, 2.813751395
2.823670342, 2.823763110
2.833670348, 2.833751366
2.843670348, 2.843797402
2.853670342, 2.853752134
2.863670345, 2.863777728
2.873670348, 2.873744956
2.883670345, 2.883752497
2.893670349, 2.893752249
2.903670349, 2.903755926
2.913670342, 2.913772017
2.923670349, 2.923775904
2.933670338, 2.933742764
2.943670405, 2.943733735
2.953670349, 2.953757805
2.963670345, 2.963748785
2.973670338, 2.973777571
2.983670345, 2.983766180
2.993670338, 2.993744372
3.003670337, 3.003799018
3.013670343, 3.013753724
3.023670346, 3.023769064
3.033670346, 3.033735320
3.043670340, 3.043728507
3.053670343, 3.053746258
3.063670337, 3.063761012
3.073670345, 3.073760353
3.083670345, 3.083746781
3.093670340, 3.093753206
3.103670340, 3.103745717
3.113670340, 3.113762188
3.123670342, 3.123757074
3.133670348, 3.133777827
3.143670342, 3.143750514
3.153670343, 3.153758776
3.163670338, 3.163760911
3.173670335, 3.173736567
3.183670343, 3.183770589
3.193670346, 3.193760309
3.203670338, 3.203754838
3.213670345, 3.213764291
3.223670342, 3.223789124
3.233670343, 3.233818820
3.243670342, 3.243818571
3.253670343, 3.253803579
3.263670349, 3.263836905
3.273670353, 3.273802629
3.283670451, 3.283740857
3.293670338, 3.293732280
3.303670338, 3.303743737
3.313670348, 3.313833701
3.323670346, 3.323821909
3.333670338, 3.333821118
3.343670411, 3.343825328
3.353670345, 3.353843806
3.363670338, 3.363794786
3.373670345, 3.373896190
3.383670343, 3.383803420
3.393670343, 3.393864829
3.403670351, 3.403795768
3.413670349, 3.413790607
3.423670340, 3.423824934
3.433670338, 3.433810678
3.443670346, 3.443855522
3.453670342, 3.453827870
3.463670343, 3.463766120
3.473670348, 3.473854827
3.483670345, 3.483800609
3.493670338, 3.493825837
3.503670345, 3.503791415
3.513670340, 3.513823622
3.523670345, 3.523784654
3.533670345, 3.533811115
3.543670441, 3.543792842
3.553670343, 3.553822995
3.563670345, 3.563802919
3.573670348, 3.573788234
3.583670417, 3.583770004
3.593670338, 3.593827934
3.603670345, 3.603765300
3.613670338, 3.613797513
3.623670353, 3.623814361
3.633670345, 3.633802109
3.643670351, 3.643826855
3.653670346, 3.653805606
3.663670340, 3.663786869
3.673670340, 3.673778631
3.683670340, 3.683790948
3.693670348, 3.693794218
3.703670337, 3.703789479
3.713670343, 3.713779455
3.723670343, 3.723782158
3.733670343, 3.733789448
3.743670457, 3.743817442
3.753670349, 3.753815861
3.763670411, 3.763791404
3.773670348, 3.773816873
3.783670340, 3.783761847
3.793670348, 3.793814957
3.803670340, 3.803858673
3.813670348, 3.813866628
3.823670340, 3.823798628
3.833670343, 3.833837795
3.843670340, 3.843793949
3.853670343, 3.853777268
3.863670349, 3.863807139
3.873670343, 3.873805974
3.883670356, 3.883817927
3.893670348, 3.893863877
3.903670353, 3.903889775
3.913670338, 3.913797118
3.923670351, 3.923831557
3.933670354, 3.933788669
3.943670348, 3.943812888
3.953670345, 3.953783309
3.963670338, 3.963882744
3.973670346, 3.973806588
3.983670342, 3.983800031
3.993670414, 3.993791605
4.003670345, 4.003847292
4.013670345, 4.013777104
4.023670342, 4.023781070
4.033670348, 4.033810927
4.043670338, 4.043835771
4.053670338, 4.053812171
4.063670346, 4.063853035
4.073670355, 4.073836457
4.083670342, 4.083813792
4.093670338, 4.093786424
4.103670342, 4.103831595
4.113670348, 4.113788706
4.123670340, 4.123793634
4.133670346, 4.133806893
4.143670343, 4.143795746
4.153670343, 4.153847665
4.163670342, 4.163811128
4.173670346, 4.173794815
4.183670343, 4.183807506
4.193670345, 4.193815511
4.203670342, 4.203788142
4.213670338, 4.213860506
4.223670342, 4.223807938
4.233670451, 4.233805879
4.243670353, 4.243825771
4.253670409, 4.253804485
4.263670345, 4.263796799
4.273670342, 4.273801650
4.283670345, 4.283808568
4.293670346, 4.293811832
4.303670345, 4.303813758
4.313670338, 4.313837055
4.323670335, 4.323771734
4.333670348, 4.333848256
4.343670342, 4.343800301
4.353670342, 4.353776908
4.363670345, 4.363812779
4.373670342, 4.373735835
4.383670343, 4.383735394
4.393670349, 4.393753927
4.403670345, 4.403766345
4.413670338, 4.413761005
4.423670356, 4.423777385
4.433670340, 4.433739048
4.443670338, 4.443764867
4.453670348, 4.453798479
4.463670338, 4.463757579
4.473670342, 4.473739033
4.483670337, 4.483762486
4.493670436, 4.493763157
4.503670345, 4.503728392
4.513670337, 4.513750760
4.523670349, 4.523761659
4.533670346, 4.533732884
4.543670342, 4.543791639
4.553670345, 4.553775133
4.563670343, 4.563743816
4.573670348, 4.573784785
4.583670346, 4.583734305
4.593670340, 4.593735675
4.603670349, 4.603786524
4.613670345, 4.613832582
4.623670342, 4.623805894
4.633670473, 4.633787547
4.643670348, 4.643782499
4.653670354, 4.653825867
4.663670348, 4.663814265
4.673670348, 4.673827769
4.683670345, 4.683827296
4.693670343, 4.693797188
4.703670373, 4.703803628
4.713670346, 4.713801571
4.723670340, 4.723850356
4.733670348, 4.733787953
4.743670398, 4.743781940
4.753670343, 4.753797323
4.763670354, 4.763812655
4.773670414, 4.773796131
4.783670506, 4.783783876
4.793670351, 4.793809618
4.803670345, 4.803793949
4.813670463, 4.813815759
4.823670349, 4.823804855
4.833670451, 4.833789345
4.843670348, 4.843797120
4.853670353, 4.853781272
4.863670338, 4.863768625
4.873670342, 4.873797655
4.883670348, 4.883794098
4.893670408, 4.893815934
4.903670349, 4.903820115
4.913670351, 4.913778550
4.923670343, 4.923793888
4.933670356, 4.933805106
4.943670379, 4.943803276
4.953670349, 4.953803099
4.963670351, 4.963839409
4.973670343, 4.973777633
4.983670342, 4.983829421
4.993670340, 4.993804965
5.003670346, 5.003800680
5.013670348, 5.013785903
5.023670343, 5.023791301
5.033670340, 5.033780287
5.043670334, 5.043778854
5.053670344, 5.053793693
5.063670340, 5.063780418
5.073670343, 5.073772081
5.083670346, 5.083794263
5.093670348, 5.093770311
5.103670344, 5.103808634
5.113670341, 5.113785178
5.123670354, 5.123789953
5.133670349, 5.133823272
5.143670349, 5.143796230
5.153670348, 5.153779606
5.163670363, 5.163812522
5.173670343, 5.173771003
5.183670346, 5.183813523
5.193670354, 5.193872302
5.203670348, 5.203839928
5.213670371, 5.213814866
5.223670348, 5.223787104
5.233670349, 5.233845049
5.243670341, 5.243798818
5.253670349, 5.253829320
5.263670351, 5.263819704
5.273670349, 5.273773965
5.283670338, 5.283801100
5.293670344, 5.293808784
5.303670348, 5.303799642
5.313670349, 5.313827456
5.323670341, 5.323825619
5.333670343, 5.333814721
5.343670344, 5.343810725
5.353670343, 5.353791958
5.363670357, 5.363872308
5.373671492, 5.373793268
5.383670349, 5.383816688
5.393670442, 5.393805841
5.403670341, 5.403805203
5.413671377, 5.413812793
5.423670352, 5.423852690
5.433670453, 5.433837842
5.443670346, 5.443817478
5.453670349, 5.453827407
5.463670348, 5.463801116
5.473670346, 5.473831424
5.483670475, 5.483794129
5.493670344, 5.493796707
5.503670344, 5.503888213
5.513670351, 5.513772185
5.523670346, 5.523787837
5.533670351, 5.533804337
5.543670352, 5.543751784
5.553670355, 5.553759584
5.563670472, 5.563752143
5.573670346, 5.573727627
5.583670382, 5.583764723
5.593670340, 5.593765966
5.603670344, 5.603770936
5.613670348, 5.613754931
5.623670423, 5.623767627
5.633670348, 5.633758750
5.643670338, 5.643749934
5.653670349, 5.653746197
5.663670343, 5.663750846
5.673670349, 5.673740070
5.683670346, 5.683773860
5.693670336, 5.693765739
5.703670633, 5.703774269
5.713670346, 5.713749324
5.723670344, 5.723769427
5.733670349, 5.733755888
5.743670344, 5.743769386
5.753670346, 5.753803882
5.763670438, 5.763795141
5.773670344, 5.773815861
5.783670344, 5.783785625
5.793670346, 5.793772193
5.803670348, 5.803850039
5.813670344, 5.813812078
5.823670338, 5.823857509
5.833670351, 5.833782897
5.843670355, 5.843818848
5.853670346, 5.853815435
5.863670349, 5.863872946
5.873670352, 5.873791521
5.883670341, 5.883779243
5.893670344, 5.893823375
5.903670346, 5.903784597
5.913670349, 5.913873412
5.923670351, 5.923831306
5.933670351, 5.933784643
5.943670351, 5.943816835
5.953670346, 5.953820954
5.963670348, 5.963833110
5.973670346, 5.973857508
5.983670344, 5.983766610
5.993670354, 5.993773166
6.003670346, 6.003822006
6.013670351, 6.013808224
6.023670355, 6.023868271
6.033670354, 6.033800776
6.043670348, 6.043786877
6.053670346, 6.053805195
6.063670355, 6.063798828
6.073670346, 6.073781065
6.083670343, 6.083774726
6.093670344, 6.093843964
6.103670344, 6.103787362
6.113670343, 6.113836481
6.123670341, 6.123862983
6.133670348, 6.133795376
6.143670341, 6.143805074
6.153670343, 6.153793619
6.163670341, 6.163828145
6.173670349, 6.173812282
6.183670348, 6.183806826
6.193670340, 6.193792368
6.203670341, 6.203840075
6.213670351, 6.213823875
6.223670341, 6.223776895
6.233670338, 6.233805151
6.243670341, 6.243809226
6.253670344, 6.253786054
6.263670340, 6.263836963
6.273670340, 6.273837855
6.283670348, 6.283863693
6.293670342, 6.293806601
6.303670349, 6.303872587
6.313670413, 6.313799408
6.323670344, 6.323811767
6.333670348, 6.333837391
6.343670346, 6.343824559
6.353670344, 6.353836530
6.363670353, 6.363771530
6.373670346, 6.373801025
6.383670434, 6.383784115
6.393670347, 6.393809090
6.403670612, 6.403807046
6.413670347, 6.413815291
6.423670336, 6.423823139
6.433670349, 6.433806460
6.443670353, 6.443779595
6.453670339, 6.453820373
6.463670344, 6.463789888
6.473670349, 6.473778376
6.483670344, 6.483798614
6.493670339, 6.493864126
6.503670339, 6.503807604
6.513670349, 6.513808399
6.523670341, 6.523793440
6.533670352, 6.533843482
6.543670339, 6.543802083
6.553670339, 6.553813123
6.563670341, 6.563785869
6.573670434, 6.573778848
6.583670355, 6.583824295
6.593670342, 6.593811215
6.603670342, 6.603807693
6.613670341, 6.613827369
6.623670339, 6.623823888
6.633670352, 6.633794668
6.643670344, 6.643837653
6.653670346, 6.653796631
6.663670339, 6.663775543
6.673670342, 6.673809775
6.683670344, 6.683782233
6.693670341, 6.693855546
6.703670347, 6.703801281
6.713670344, 6.713792949
6.723670342, 6.723845151
6.733670409, 6.733776420
6.743670349, 6.743746509
6.753670344, 6.753750592
6.763670443, 6.763732468
6.773670342, 6.773855019
6.783670344, 6.783838894
6.793670508, 6.793890769
6.803670346, 6.803833222
6.813670339, 6.813852160
6.823670347, 6.823841691
6.833670488, 6.833848542
6.843670334, 6.843830278
6.853670344, 6.853900343
6.863670347, 6.863828860
6.873670346, 6.873845439
6.883670341, 6.883797708
6.893670344, 6.893850624
6.903670343, 6.903828225
6.913670411, 6.913830597
6.923670343, 6.923837516
6.933670346, 6.933845683
6.943670344, 6.943832270
6.953670583, 6.953870477
6.963670341, 6.963827947
6.973670354, 6.973850482
6.983670471, 6.983844644
6.993670346, 6.993816494
7.003670420, 7.003840748
7.013670349, 7.013834670
7.023670346, 7.023814271
7.033670340, 7.033822112
7.043670349, 7.043837457
7.053670344, 7.053858543
7.063670344, 7.063836527
7.073670348, 7.073856469
7.083670348, 7.083814366
7.093670341, 7.093874620
7.103670349, 7.103824283
7.113670343, 7.113875259
7.123670352, 7.123844374
7.133670343, 7.133876123
7.143670340, 7.143872487
7.153670346, 7.153826052
7.163670340, 7.163818054
7.173670346, 7.173729524
7.183670411, 7.183749012
7.193670346, 7.193758831
7.203670338, 7.203759224
7.213670512, 7.213761678
7.223670349, 7.223745845
7.233670340, 7.233776119
7.243670354, 7.243757522
7.253670348, 7.253798746
7.263670343, 7.263774624
7.273670345, 7.273755157
7.283670340, 7.283723986
7.293670340, 7.293762987
7.303670340, 7.303764849
7.313670340, 7.313737415
7.323670335, 7.323747997
7.333670338, 7.333732051
7.343670351, 7.343772988
7.353670351, 7.353757699
7.363670342, 7.363749487
7.373670340, 7.373743379
7.383670342, 7.383726898
7.393670343, 7.393722676
7.403670343, 7.403826225
7.413670346, 7.413832201
7.423670348, 7.423804457
7.433670348, 7.433829659
7.443670338, 7.443825962
7.453670338, 7.453818004
7.463670356, 7.463838061
7.473670353, 7.473809683
7.483670342, 7.483807010
7.493670343, 7.493830059
7.503670343, 7.503849986
7.513670346, 7.513843233
7.523670338, 7.523737802
7.533670346, 7.533824091
7.543670340, 7.543770918
7.553670342, 7.553801566
7.563670337, 7.563859433
7.573670345, 7.573732064
7.583670345, 7.583810304
7.593670354, 7.593882025
7.603670345, 7.603818899
7.613670351, 7.613809914
7.623670348, 7.623757251
7.633670345, 7.633783964
7.643670342, 7.643818673
7.653670346, 7.653785911
7.663670343, 7.663804271
7.673670346, 7.673841399
7.683670676, 7.683828669
7.693670346, 7.693831178
7.703670338, 7.703796198
7.713670340, 7.713804886
7.723670345, 7.723823000
7.733670342, 7.733814120
7.743670340, 7.743808379
7.753670343, 7.753788333
7.763670345, 7.763789105
7.773670343, 7.773803235
7.783670345, 7.783813753
7.793670340, 7.793794088
7.803670338, 7.803844313
7.813670343, 7.813803559
7.823670340, 7.823803377
7.833670342, 7.833794121
7.843670346, 7.843792058
7.853670349, 7.853788932
7.863670356, 7.863820609
7.873670343, 7.873804130
7.883670345, 7.883802780
7.893670340, 7.893805744
7.903670348, 7.903817235
7.913670345, 7.913793926
7.923670343, 7.923747241
7.933670342, 7.933818752
7.943670345, 7.943894985
7.953670342, 7.953787199
7.963670345, 7.963792966
7.973670343, 7.973811264
7.983670349, 7.983827934
7.993670343, 7.993797292
8.003670343, 8.003759338
8.013670342, 8.013750360
8.023670351, 8.023767376
8.033670342, 8.033762471
8.043670439, 8.043805194
8.053670342, 8.053816933
8.063670342, 8.063800813
8.073670351, 8.073837453
8.083670346, 8.083789121
8.093670346, 8.093836918
8.103670351, 8.103794346
8.113670340, 8.113828742
8.123670343, 8.123777036
8.133670345, 8.133795988
8.143670340, 8.143770616
8.153670349, 8.153790446
8.163670351, 8.163837974
8.173670349, 8.173807997
8.183670443, 8.183784582
8.193670348, 8.193786832
8.203670354, 8.203789279
8.213670348, 8.213832293
8.223670345, 8.223780207
8.233670354, 8.233801749
8.243670346, 8.243808740
8.253670351, 8.253809429
8.263670348, 8.263780675
8.273670349, 8.273917121
8.283670337, 8.283778714
8.293670337, 8.293797916
8.303670340, 8.303803996
8.313670340, 8.313800233
8.323670432, 8.323785155
8.333670405, 8.333799248
8.343670348, 8.343790971
8.353670343, 8.353803091
8.363670348, 8.363792533
8.373670345, 8.373806468
8.383670340, 8.383805707
8.393670346, 8.393773597
8.403670342, 8.403785543
8.413670343, 8.413810544
8.423670338, 8.423790859
8.433670356, 8.433802486
8.443670340, 8.443805262
8.453670411, 8.453794663
8.463670348, 8.463811882
8.473670342, 8.473780609
8.483670416, 8.483828590
8.493670406, 8.493796526
8.503670345, 8.503783246
8.513670346, 8.513810695
8.523670335, 8.523794216
8.533670342, 8.533805834
8.543670346, 8.543794740
8.553670351, 8.553774091
8.563670346, 8.563799114
8.573670342, 8.573812708
8.583670455, 8.583808474
8.593670340, 8.593797805
8.603670342, 8.603830370
8.613670422, 8.613796708
8.623670342, 8.623806386
8.633670343, 8.633826735
8.643670338, 8.643791199
8.653670348, 8.653834022
8.663670345, 8.663794224
8.673670351, 8.673819633
8.683670345, 8.683786120
8.693670345, 8.693796614
8.703670349, 8.703798108
8.713670416, 8.713774789
8.723670406, 8.723731253
8.733670345, 8.733754549
8.743670353, 8.743755415
8.753670346, 8.753767684
8.763670342, 8.763758047
8.773670343, 8.773771673
8.783670343, 8.783756253
8.793670345, 8.793748092
8.803670348, 8.803756397
8.813670411, 8.813741402
8.823670439, 8.823748298
8.833670402, 8.833759633
8.843670479, 8.843771046
8.853670348, 8.853745480
8.863670342, 8.863787970
8.873670346, 8.873748289
8.883670348, 8.883780336
8.893670356, 8.893750893
8.903670346, 8.903771613
8.913670343, 8.913758287
8.923670359, 8.923755239
8.933670346, 8.933806666
8.943670405, 8.943805611
8.953670414, 8.953814309
8.963670357, 8.963818203
8.973670349, 8.973798031
8.983670419, 8.983789099
8.993670340, 8.993781386
9.003670353, 9.003802644
9.013670345, 9.013808529
9.023670340, 9.023816307
9.033670343, 9.033844668
9.043670351, 9.043837465
9.053670368, 9.053851958
9.063670342, 9.063865420
9.073670345, 9.073815716
9.083670343, 9.083849454
9.093670349, 9.093812497
9.103670342, 9.103788777
9.113670417, 9.113782587
9.123670351, 9.123804601
9.133670414, 9.133856496
9.143670342, 9.143793441
9.153670345, 9.153790263
9.163670345, 9.163804590
9.173670348, 9.173837805
9.183670340, 9.183792612
9.193670342, 9.193780778
9.203670340, 9.203789331
9.213670342, 9.213824296
9.223670340, 9.223798264
9.233670400, 9.233780563
9.243670338, 9.243812407
9.253670345, 9.253779494
9.263670354, 9.263780385
9.273670343, 9.273818489
9.283670345, 9.283815325
9.293670340, 9.293812058
9.303670405, 9.303818238
9.313670409, 9.313799869
9.323670343, 9.323801883
9.333670345, 9.333816079
9.343670345, 9.343793706
9.353670346, 9.353796477
9.363670346, 9.363810465
9.373670346, 9.373810741
9.383670408, 9.383790646
9.393670345, 9.393791995
9.403670343, 9.403823678
9.413670466, 9.413819333
9.423670342, 9.423798141
9.433670438, 9.433781833
9.443670338, 9.443798538
9.453670346, 9.453833147
9.463670345, 9.463787708
9.473670348, 9.473795381
9.483670337, 9.483801921
9.493670343, 9.493794194
9.503670705, 9.503807548
9.513670476, 9.513804350
9.523670408, 9.523816147
9.533670342, 9.533837314
9.543670343, 9.543793330
9.553670342, 9.553824160
9.563670346, 9.563804885
9.573670351, 9.573801026
9.583670342, 9.583770244
9.593670340, 9.593796564
9.603670338, 9.603805826
9.613670349, 9.613813116
9.623670354, 9.623791317
9.633670351, 9.633781716
9.643670338, 9.643792697
9.653670353, 9.653802415
9.663670338, 9.663781236
9.673670348, 9.673802899
9.683670345, 9.683809757
9.693670346, 9.693822807
9.703670345, 9.703793720
9.713670343, 9.713792399
9.723670343, 9.723788281
9.733670419, 9.733809563
9.743670348, 9.743795978
9.753670354, 9.753814961
9.763670635, 9.763812336
9.773670435, 9.773802791
9.783670343, 9.783805014
9.793670353, 9.793813569
9.803670343, 9.803822190
9.813670338, 9.813788641
9.823670340, 9.823792326
9.833670345, 9.833800458
9.843670353, 9.843785504
9.853670422, 9.853794889
9.863670512, 9.863823348
9.873670340, 9.873833054
9.883670346, 9.883813049
9.893670340, 9.893834797
9.903670335, 9.903814702
9.913670400, 9.913808567
9.923670351, 9.923769994
9.933670342, 9.933806530
9.943670346, 9.943798844
9.953670340, 9.953800710
9.963670349, 9.963803006
9.973670345, 9.973802785
9.983670342, 9.983800669
9.993670343, 9.993799777
10.003670345, 10.003798530
10.013670337, 10.013802287
10.023670365, 10.023886241
10.033670353, 10.033809729
10.043670366, 10.043917509
10.053670362, 10.053804616
10.063670346, 10.063850501
10.073670365, 10.073801579
10.083670338, 10.083845069
10.093670364, 10.093806637
10.103670348, 10.103845422
10.113670354, 10.113800952
10.123670337, 10.123852300
10.133670364, 10.133800368
10.143670334, 10.143848575
10.153670361, 10.153803792
10.163670340, 10.163851213
10.173670348, 10.173804793
10.183670342, 10.183848199
10.193670365, 10.193800634
10.203670337, 10.203847329
10.213670370, 10.213799368
10.223670335, 10.223793949
10.233670342, 10.233798954
10.243670342, 10.243805139
10.253670338, 10.253799297
10.263670337, 10.263805797
10.273670338, 10.273795697
10.283670351, 10.283804612
10.293670345, 10.293796333
10.303670345, 10.303795431
10.313670340, 10.313796721
10.323670337, 10.323791093
10.333670347, 10.333794545
10.343670342, 10.343792462
10.353670340, 10.353793665
10.363670340, 10.363797998
10.373670347, 10.373792050
10.383670336, 10.383793781
10.393670340, 10.393791444
10.403670339, 10.403793024
10.413670345, 10.413793773
10.423670344, 10.423794046
10.433670347, 10.433791575
10.443670342, 10.443794911
10.453670345, 10.453793901
10.463670344, 10.463791780
10.473670340, 10.473793062
10.483670347, 10.483794288
10.493670342, 10.493794461
10.503670337, 10.503793250
10.513670342, 10.513796811
10.523670337, 10.523794482
10.533670337, 10.533791460
10.543670344, 10.543793708
10.553670347, 10.553792900
10.563670375, 10.563794657
10.573670345, 10.573849516
10.583670339, 10.583793239
10.593670339, 10.593791626
10.603670340, 10.603795860
10.613670344, 10.613795426
10.623670342, 10.623792316
10.633670340, 10.633794717
10.643670345, 10.643791255
10.653670345, 10.653794749
10.663670353, 10.663797008
10.673670348, 10.673792639
10.683670339, 10.683794817
10.693670345, 10.693792650
10.703670344, 10.703794128
10.713670345, 10.713791359
10.723670339, 10.723792248
10.733670344, 10.733800158
10.743670347, 10.743795265
10.753670339, 10.753792931
10.763670345, 10.763796991
10.773670350, 10.773794098
10.783670339, 10.783793490
10.793670347, 10.793792336
10.803670342, 10.803793157
10.813670339, 10.813795756
10.823670347, 10.823793004
10.833670345, 10.833795326
10.843670337, 10.843797022
10.853670340, 10.853792668
10.863670342, 10.863791771
10.873670337, 10.873795345
10.883670342, 10.883792197
10.893670342, 10.893794581
10.903670348, 10.903793388
10.913670339, 10.913791395
10.923670374, 10.923795139
10.933670347, 10.933793534
10.943670344, 10.943792805
10.953670337, 10.953793806
10.963670347, 10.963792974
10.973670345, 10.973796855
10.983670344, 10.983793323
10.993670344, 10.993791520
11.003670347, 11.003797725
11.013670342, 11.013793422
11.023670339, 11.023791441
11.033670339, 11.033792334
11.043670337, 11.043792338
11.053670344, 11.053794854
11.063670344, 11.063791894
11.073670340, 11.073794607
11.083670345, 11.083796916
11.093670337, 11.093791319
11.103670369, 11.103794267
11.113670347, 11.113791245
11.123670340, 11.123795773
11.133670348, 11.133793977
11.143670345, 11.143795827
11.153670340, 11.153794085
11.163670337, 11.163794120
11.173670340, 11.173794635
11.183670348, 11.183794348
11.193670344, 11.193796997
11.203670342, 11.203791859
11.213670340, 11.213797589
11.223670345, 11.223791198
11.233670345, 11.233799158
11.243670340, 11.243796170
11.253670342, 11.253792808
11.263670344, 11.263792668
11.273670347, 11.273794310
11.283670340, 11.283796476
11.293670340, 11.293795366
11.303670342, 11.303793699
11.313670344, 11.313793626
11.323670350, 11.323798808
11.333670347, 11.333791393
11.343670340, 11.343792863
11.353670342, 11.353793080
11.363670339, 11.363791791
11.373670342, 11.373794809
11.383670345, 11.383794739
11.393670347, 11.393792196
11.403670339, 11.403794044
11.413670340, 11.413796992
11.423670347, 11.423794815
11.433670350, 11.433792098
11.443670337, 11.443793767
11.453670340, 11.453797291
11.463670334, 11.463793841
11.473670339, 11.473790088
11.483670347, 11.483795009
11.493670344, 11.493792694
11.503670337, 11.503794706
11.513670340, 11.513792162
11.523670339, 11.523791363
11.533670344, 11.533798527
11.543670344, 11.543791269
11.553670339, 11.553793334
11.563670339, 11.563797218
11.573670347, 11.573792514
11.583670336, 11.583791700
11.593670337, 11.593792653
11.603670344, 11.603791894
11.613670339, 11.613796378
11.623670347, 11.623796634
11.633670344, 11.633793789
11.643670340, 11.643796970
11.653670344, 11.653793744
11.663670344, 11.663795052
11.673670342, 11.673794242
11.683670344, 11.683792947
11.693670345, 11.693794022
11.703670337, 11.703791793
11.713670339, 11.713793661
11.723670347, 11.723792856
11.733670345, 11.733796943
11.743670347, 11.743792909
11.753670348, 11.753795941
11.763670342, 11.763792691
11.773670347, 11.773794867
11.783670347, 11.783792652
11.793670347, 11.793791878
11.803670340, 11.803795840
11.813670345, 11.813794889
11.823670340, 11.823794374
11.833670339, 11.833793836
11.843670344, 11.843795045
11.853670345, 11.853795251
11.863670345, 11.863795825
11.873670347, 11.873792364
11.883670340, 11.883794633
11.893670345, 11.893795061
11.903670339, 11.903791444
11.913670344, 11.913792829
11.923670342, 11.923792980
11.933670345, 11.933794689
11.943670342, 11.943795693
11.953670340, 11.953792124
11.963670345, 11.963794599
11.973670337, 11.973793151
11.983670342, 11.983794937
11.993670344, 11.993792931
12.003670342, 12.003796438
12.013670337, 12.013793620
12.023670348, 12.023792241
12.033670348, 12.033793217
12.043670345, 12.043796285
12.053670342, 12.053791881
------------------------------
