------------------------------
test was performed using the following parameters: --mps=100 --burst=1 --reply-every=1 --msg-size=12 --time=10
------------------------------
sockperf: [Total Run] RunTime=10.100 sec; SentMessages=1011; ReceivedMessages=1010
sockperf: ========= Printing statistics for Server No: 0
sockperf: [Valid Duration] RunTime=9.990 sec; SentMessages=1000; ReceivedMessages=1000
sockperf: [2;35m====> avg-lat=1283.979 (std-dev=612.396)[0m
sockperf: # dropped messages = 0; # duplicated messages = 0; # out-of-order messages = 0
sockperf: [2;35mTotal 1000 observations[0m; each percentile contains 10.00 observations
sockperf: ---> <MAX> observation = 1778.569
sockperf: ---> percentile  99.99 = 1778.569
sockperf: ---> percentile  99.90 = 1775.077
sockperf: ---> percentile  99.50 = 1752.512
sockperf: ---> percentile  99.00 = 1734.550
sockperf: ---> percentile  95.00 = 1699.551
sockperf: ---> percentile  90.00 = 1679.877
sockperf: ---> percentile  75.00 = 1636.089
sockperf: ---> percentile  50.00 = 1571.630
sockperf: ---> percentile  25.00 = 1478.315
sockperf: ---> <MIN> observation =   79.212
------------------------------
txTime, rxTime
2.064538427, 2.067364795
2.074538432, 2.077384652
2.084538424, 2.087296861
2.094538432, 2.097280962
2.104538436, 2.107452926
2.114538440, 2.117425985
2.124538430, 2.127407673
2.134538436, 2.137400785
2.144538424, 2.147461440
2.154538433, 2.157434627
2.164538435, 2.167456144
2.174538439, 2.177302431
2.184538442, 2.187391310
2.194538437, 2.197461493
2.204538432, 2.207469583
2.214538438, 2.217346481
2.224538438, 2.227462102
2.234538435, 2.237495641
2.244538408, 2.247419460
2.254538407, 2.257431798
2.264538403, 2.267391980
2.274538406, 2.277389250
2.284538405, 2.287431951
2.294538421, 2.297435165
2.304538409, 2.307426050
2.314538413, 2.317484119
2.324538405, 2.327489936
2.334538403, 2.337470915
2.344538403, 2.347561582
2.354538424, 2.357510529
2.364538420, 2.367587437
2.374538409, 2.377574731
2.384538408, 2.387523313
2.394538403, 2.397565087
2.404538406, 2.407549171
2.414538427, 2.417512632
2.424538411, 2.427575716
2.434538412, 2.437486965
2.444538414, 2.447592041
2.454538405, 2.457387695
2.464538402, 2.467559476
2.474538419, 2.477564954
2.484538415, 2.487517841
2.494538409, 2.497528979
2.504538411, 2.507489353
2.514538406, 2.517548401
2.524538402, 2.527596250
2.534538430, 2.537482260
2.544538413, 2.547515217
2.554538411, 2.557482336
2.564538406, 2.567526263
2.574538406, 2.577461613
2.584538397, 2.587554385
2.594538427, 2.597517574
2.604538409, 2.607555469
2.614538416, 2.617541682
2.624538409, 2.627602720
2.634538405, 2.637509022
2.644538405, 2.647459619
2.654538425, 2.657551126
2.664538412, 2.667508473
2.674538411, 2.677502252
2.684538408, 2.687526477
2.694538403, 2.697517912
2.704538403, 2.707565655
2.714538427, 2.717586415
2.724538411, 2.727620705
2.734538413, 2.737621263
2.744538413, 2.747573215
2.754538397, 2.757579370
2.764538406, 2.767582183
2.774538425, 2.777542790
2.784538415, 2.787535949
2.794538413, 2.797582435
2.804538414, 2.807654488
2.814538406, 2.817526918
2.824538408, 2.827658046
2.834538421, 2.837496301
2.844538415, 2.847582008
2.854538415, 2.857571619
2.864538409, 2.867686287
2.874538400, 2.877631937
2.884538408, 2.887495038
2.894538422, 2.897565513
2.904538407, 2.907636811
2.914538415, 2.917635329
2.924538430, 2.927596953
2.934538427, 2.937519377
2.944538427, 2.947571673
2.954538517, 2.957499671
2.964538429, 2.967537670
2.974538519, 2.977565488
2.984538432, 2.987619458
2.994538513, 2.997553744
3.004538446, 3.007521816
3.014538434, 3.017546598
3.024538431, 3.027508965
3.034538444, 3.037580305
3.044538517, 3.047534398
3.054538449, 3.057521089
3.064538428, 3.067441717
3.074538539, 3.077558838
3.084538514, 3.087611496
3.094538424, 3.097585771
3.104538430, 3.107514079
3.114538435, 3.117554983
3.124538439, 3.127590495
3.134538431, 3.137619237
3.144538431, 3.147518754
3.154538440, 3.157581284
3.164538435, 3.167655899
3.174538430, 3.177582707
3.184538515, 3.187511263
3.194538528, 3.197484995
3.204538517, 3.207568025
3.214538436, 3.217531422
3.224538439, 3.227599892
3.234538438, 3.237635251
3.244538436, 3.247655348
3.254538430, 3.257656846
3.264538511, 3.267635518
3.274538409, 3.277656432
3.284538405, 3.287603035
3.294538422, 3.297643422
3.304538403, 3.307663009
3.314538425, 3.317617781
3.324538412, 3.327604262
3.334538416, 3.337598300
3.344538403, 3.347641014
3.354538438, 3.357691080
3.364538406, 3.367629486
3.374538417, 3.377642816
3.384538412, 3.387640484
3.394538419, 3.397582786
3.404538403, 3.407609768
3.414538422, 3.417635700
3.424538409, 3.427697691
3.434538419, 3.437555145
3.444538409, 3.447642772
3.454538407, 3.457527654
3.464538406, 3.467569738
3.474538417, 3.477644758
3.484538409, 3.487609688
3.494538424, 3.497626167
3.504538416, 3.507474699
3.514538412, 3.517610926
3.524538413, 3.527548425
3.534538422, 3.537555730
3.544538403, 3.547666941
3.554538425, 3.557664557
3.564538411, 3.567718205
3.574538487, 3.577592018
3.584538427, 3.587688142
3.594538402, 3.597705987
3.604538414, 3.607643348
3.614538417, 3.617603467
3.624538415, 3.627713749
3.634538402, 3.637632185
3.644538411, 3.647604361
3.654538403, 3.657650658
3.664538422, 3.667721825
3.674538417, 3.677674943
3.684538409, 3.687618533
3.694538407, 3.697716295
3.704538413, 3.707657772
3.714538409, 3.717684895
3.724538398, 3.727650176
3.734538428, 3.737688595
3.744538409, 3.747662244
3.754538419, 3.757686306
3.764538414, 3.767619537
3.774538403, 3.777610323
3.784538402, 3.787706365
3.794538422, 3.797548089
3.804538406, 3.807739025
3.814538406, 3.817656436
3.824538409, 3.827663646
3.834538403, 3.837675769
3.844538406, 3.847681667
3.854538424, 3.857675957
3.864538420, 3.867691727
3.874538430, 3.877564733
3.884538413, 3.887537599
3.894538421, 3.897608439
3.904538421, 3.907606900
3.914538432, 3.917621927
3.924538435, 3.927649464
3.934538411, 3.937618408
3.944538437, 3.947619859
3.954538435, 3.957668610
3.964538425, 3.967624212
3.974538430, 3.977604926
3.984538430, 3.987657955
3.994538427, 3.997625809
4.004538424, 4.007620092
4.014538428, 4.017646454
4.024538422, 4.027686011
4.034538427, 4.037559339
4.044538424, 4.047527518
4.054538433, 4.057543873
4.064538425, 4.067624158
4.074538427, 4.077629618
4.084538422, 4.087583128
4.094538430, 4.097591411
4.104538427, 4.107625140
4.114538424, 4.117618605
4.124538432, 4.127594859
4.134538428, 4.137617892
4.144538428, 4.147604148
4.154538427, 4.157523869
4.164538422, 4.167719264
4.174538408, 4.177622381
4.184538431, 4.187628276
4.194538428, 4.197712789
4.204538424, 4.207581527
4.214538422, 4.217534529
4.224538432, 4.227620559
4.234538429, 4.237565639
4.244538425, 4.247614657
4.254538427, 4.257675996
4.264538430, 4.267646637
4.274538433, 4.277613267
4.284538424, 4.287625829
4.294538428, 4.297532651
4.304538433, 4.307642097
4.314538427, 4.317657227
4.324538405, 4.327628229
4.334538413, 4.337591443
4.344538427, 4.347644584
4.354538428, 4.357576562
4.364538427, 4.367584803
4.374538427, 4.377573469
4.384538421, 4.387721051
4.394538426, 4.397685805
4.404538431, 4.407697345
4.414538411, 4.417655685
4.424538429, 4.427680300
4.434538424, 4.437620765
4.444538427, 4.447753623
4.454538426, 4.457801261
4.464538424, 4.467473492
4.474538436, 4.477708813
4.484538430, 4.487637532
4.494538421, 4.497663981
4.504538418, 4.507777030
4.514538421, 4.517625666
4.524538427, 4.527761489
4.534538435, 4.537689128
4.544538431, 4.547728396
4.554538418, 4.557756746
4.564538427, 4.567731125
4.574538426, 4.577726345
4.584538430, 4.587617823
4.594538429, 4.597609661
4.604538424, 4.607678596
4.614538424, 4.617570399
4.624538411, 4.627681285
4.634538427, 4.637641249
4.644538413, 4.647601664
4.654538443, 4.657686954
4.664538435, 4.667752314
4.674538408, 4.677591371
4.684538426, 4.687712119
4.694538419, 4.697723327
4.704538428, 4.707587623
4.714538424, 4.717710176
4.724538425, 4.727641344
4.734538400, 4.737618708
4.744538411, 4.747761336
4.754538410, 4.757692156
4.764538442, 4.767782289
4.774538409, 4.777640769
4.784538438, 4.787717279
4.794538432, 4.797686899
4.804538432, 4.807598140
4.814538424, 4.817689707
4.824538422, 4.827714942
4.834538421, 4.837691923
4.844538428, 4.847628068
4.854538437, 4.857661825
4.864538415, 4.867670923
4.874538428, 4.877681218
4.884538427, 4.887685431
4.894538427, 4.897630886
4.904538425, 4.907701234
4.914538433, 4.917657106
4.924538428, 4.927648510
4.934538428, 4.937645445
4.944538421, 4.947685567
4.954538425, 4.957790145
4.964538420, 4.967748020
4.974538432, 4.977664112
4.984538405, 4.987631061
4.994538427, 4.997726910
5.004538432, 5.007674080
5.014538427, 5.017589816
5.024538428, 5.027705068
5.034538427, 5.037698636
5.044538435, 5.047644019
5.054538429, 5.057634290
5.064538426, 5.067650508
5.074538427, 5.077569251
5.084538425, 5.087696306
5.094538425, 5.097636809
5.104538413, 5.107636801
5.114538430, 5.117650165
5.124538424, 5.127579815
5.134538430, 5.137615962
5.144538424, 5.147670778
5.154538428, 5.157740528
5.164538417, 5.167761373
5.174538430, 5.177733922
5.184538432, 5.187677167
5.194538426, 5.197734253
5.204538409, 5.207741541
5.214538427, 5.217722922
5.224538421, 5.227695941
5.234538426, 5.237607633
5.244538424, 5.247683232
5.254538416, 5.257609331
5.264538428, 5.267695621
5.274538422, 5.277711478
5.284538408, 5.287611370
5.294538496, 5.297730498
5.304538408, 5.307582782
5.314538428, 5.317745704
5.324538422, 5.327670905
5.334538424, 5.337680307
5.344538427, 5.347650934
5.354538424, 5.357761060
5.364538436, 5.367762561
5.374538425, 5.377730730
5.384538421, 5.387689950
5.394538424, 5.397661351
5.404538414, 5.407638843
5.414538428, 5.417723755
5.424538432, 5.427697789
5.434538432, 5.437686168
5.444538422, 5.447710060
5.454538430, 5.457652932
5.464538428, 5.467695191
5.474538422, 5.477682885
5.484538414, 5.487718991
5.494538428, 5.497643817
5.504538422, 5.507746166
5.514538432, 5.517654023
5.524538403, 5.527710969
5.534538428, 5.537604806
5.544538433, 5.547704352
5.554538424, 5.557648550
5.564538428, 5.567617604
5.574538424, 5.577615058
5.584538430, 5.587718424
5.594538421, 5.597713452
5.604538432, 5.607644805
5.614538432, 5.617768094
5.624538420, 5.627728063
5.634538429, 5.637778327
5.644538411, 5.647724762
5.654538424, 5.657708058
5.664538417, 5.667762464
5.674538430, 5.677700402
5.684538421, 5.687678496
5.694538413, 5.697593437
5.704538427, 5.707822109
5.714538424, 5.717804295
5.724538427, 5.727794684
5.734538430, 5.737781787
5.744538421, 5.747820693
5.754548543, 5.757866807
5.764538433, 5.767825562
5.774538438, 5.777817145
5.784538437, 5.787785647
5.794538422, 5.797630841
5.804538427, 5.807717303
5.814538428, 5.817812289
5.824538411, 5.827789994
5.834538427, 5.837698333
5.844538429, 5.847755279
5.854538427, 5.857700724
5.864547167, 5.867851229
5.874538421, 5.877694133
5.884538416, 5.887717260
5.894538428, 5.897734922
5.904538432, 5.907815257
5.914538424, 5.917736688
5.924538428, 5.927740366
5.934538435, 5.937815411
5.944538422, 5.947738165
5.954538432, 5.957713256
5.964538431, 5.967806068
5.974538425, 5.977873369
5.984538435, 5.987740704
5.994538430, 5.997793530
6.004538427, 6.007734905
6.014538400, 6.017691198
6.024538445, 6.027768063
6.034538428, 6.037735282
6.044538409, 6.047719681
6.054538430, 6.057714406
6.064538427, 6.067757703
6.074538430, 6.077565643
6.084538434, 6.087648965
6.094538434, 6.097792680
6.104538422, 6.107810163
6.114543931, 6.117719962
6.124538425, 6.127703086
6.134538430, 6.137751642
6.144538435, 6.147771924
6.154538427, 6.157780196
6.164538435, 6.167679816
6.174538426, 6.177725195
6.184538430, 6.187772583
6.194538427, 6.197861143
6.204538423, 6.207821723
6.214538425, 6.217640603
6.224538434, 6.227807169
6.234538430, 6.237863285
6.244538416, 6.247750315
6.254538431, 6.257809476
6.264538434, 6.267728787
6.274538430, 6.277752499
6.284538434, 6.287743757
6.294538428, 6.297766492
6.304538424, 6.307809748
6.314538427, 6.317854944
6.324538432, 6.327802102
6.334538424, 6.337760897
6.344538437, 6.347665556
6.354538427, 6.357820265
6.364538428, 6.367688921
6.374538433, 6.377749327
6.384538425, 6.387772612
6.394538418, 6.397726866
6.404538409, 6.407821301
6.414547492, 6.417873276
6.424538402, 6.427770611
6.434538435, 6.437688970
6.444538431, 6.447798826
6.454538427, 6.457807056
6.464538417, 6.467769923
6.474538428, 6.477824364
6.484538413, 6.487770469
6.494538438, 6.497805759
6.504538426, 6.507841992
6.514538421, 6.518017954
6.524538430, 6.527884885
6.534538421, 6.537745620
6.544538424, 6.547770608
6.554538420, 6.557900438
6.564538430, 6.567736365
6.574538427, 6.577750116
6.584538427, 6.587753739
6.594538416, 6.597819857
6.604538424, 6.607725637
6.614538426, 6.617857075
6.624538425, 6.627877970
6.634538424, 6.637933411
6.644538429, 6.647808121
6.654538427, 6.657807837
6.664538428, 6.667791306
6.674538425, 6.677795151
6.684538432, 6.687733384
6.694538428, 6.697786790
6.704538426, 6.707723728
6.714538421, 6.717685212
6.724538432, 6.727715427
6.734538422, 6.737683258
6.744538432, 6.747869739
6.754538435, 6.757820257
6.764538431, 6.767859446
6.774538422, 6.777795869
6.784538428, 6.787774908
6.794538428, 6.797841163
6.804538429, 6.807806887
6.814538432, 6.817726889
6.824538426, 6.827725884
6.834538424, 6.837726705
6.844538417, 6.847706978
6.854538428, 6.857744015
6.864538424, 6.867830685
6.874538432, 6.877785999
6.884538426, 6.887700606
6.894538409, 6.897838901
6.904544913, 6.907732998
6.914538427, 6.917637085
6.924538427, 6.927668976
6.934538423, 6.937731575
6.944538407, 6.947815964
6.954538425, 6.957592176
6.964538424, 6.967696268
6.974538428, 6.977792642
6.984538430, 6.987816224
6.994538428, 6.997748922
7.004538413, 7.007702959
7.014538422, 7.017721358
7.024538422, 7.027774229
7.034538426, 7.037758494
7.044538430, 7.047762722
7.054538424, 7.057792475
7.064538436, 7.067841177
7.074538430, 7.077841588
7.084538424, 7.087799183
7.094538430, 7.097867408
7.104538431, 7.107927896
7.114538424, 7.117703160
7.124538426, 7.127822276
7.134538431, 7.137815689
7.144538432, 7.147911469
7.154538427, 7.157805533
7.164538428, 7.167814056
7.174538430, 7.177602935
7.184538421, 7.187848601
7.194543743, 7.197850101
7.204538428, 7.207932630
7.214538424, 7.217843367
7.224538444, 7.227795760
7.234538427, 7.237804173
7.244545777, 7.247732736
7.254538432, 7.257789792
7.264538427, 7.267814776
7.274538428, 7.277793745
7.284538424, 7.287808975
7.294538428, 7.297782971
7.304538421, 7.307764462
7.314538426, 7.317857887
7.324538432, 7.327826591
7.334538422, 7.337897334
7.344538426, 7.347786164
7.354538430, 7.357751808
7.364538426, 7.367752456
7.374538425, 7.377822364
7.384538430, 7.387862443
7.394538424, 7.397749510
7.404538430, 7.407905468
7.414538432, 7.417848573
7.424538432, 7.427949424
7.434538425, 7.437854284
7.444538433, 7.447819573
7.454538424, 7.457873639
7.464538425, 7.467798087
7.474538413, 7.477878250
7.484538430, 7.487796213
7.494538424, 7.497851187
7.504538406, 7.507836298
7.514538409, 7.517810042
7.524538432, 7.527798401
7.534538428, 7.537716564
7.544538425, 7.547869526
7.554538419, 7.557818906
7.564538427, 7.567695456
7.574538430, 7.577883832
7.584538408, 7.587831930
7.594538422, 7.597867684
7.604538433, 7.607932015
7.614538427, 7.617817302
7.624538428, 7.627819307
7.634538424, 7.637899540
7.644538424, 7.647867701
7.654538430, 7.657807900
7.664538433, 7.667866815
7.674538409, 7.677810588
7.684538425, 7.687825703
7.694538433, 7.697875547
7.704538425, 7.707806452
7.714538422, 7.717804963
7.724538429, 7.727845602
7.734538433, 7.737803881
7.744538405, 7.747863102
7.754538424, 7.757758459
7.764538434, 7.767824887
7.774538422, 7.777845782
7.784538434, 7.787784167
7.794544289, 7.798006079
7.804538424, 7.807901256
7.814538430, 7.817817065
7.824538430, 7.827880883
7.834538425, 7.837876009
7.844538429, 7.847763104
7.854538425, 7.857908506
7.864538408, 7.867893385
7.874538422, 7.877902802
7.884538426, 7.887866632
7.894538427, 7.897822697
7.904538432, 7.907789431
7.914538435, 7.917881043
7.924538419, 7.927852597
7.934538427, 7.937886786
7.944538430, 7.947869987
7.954538422, 7.957923463
7.964538426, 7.967873418
7.974538416, 7.977828478
7.984538406, 7.987841565
7.994538427, 7.997705766
8.004538413, 8.007838132
8.014540470, 8.017997016
8.024538419, 8.027890111
8.034538428, 8.037790328
8.044538424, 8.047874801
8.054538430, 8.057870108
8.064538431, 8.067831018
8.074538427, 8.077828983
8.084538431, 8.087803247
8.094538422, 8.097868548
8.104540784, 8.107870478
8.114543073, 8.117930716
8.124538426, 8.127781125
8.134538414, 8.137607675
8.144538430, 8.147829290
8.154538430, 8.157835715
8.164538430, 8.167705775
8.174538432, 8.177894036
8.184538434, 8.187902364
8.194538425, 8.197825685
8.204538430, 8.207705905
8.214538430, 8.217885326
8.224538422, 8.227712351
8.234538430, 8.237736770
8.244538428, 8.247493810
8.254538427, 8.257803576
8.264538422, 8.267830801
8.274538426, 8.277759262
8.284538424, 8.287753610
8.294538433, 8.297784667
8.304538427, 8.307925584
8.314538425, 8.317758913
8.324538430, 8.327823219
8.334538425, 8.337786939
8.344538428, 8.347761142
8.354538449, 8.357810779
8.364538438, 8.367771906
8.374538424, 8.377857893
8.384538435, 8.387810178
8.394538433, 8.397533669
8.404538406, 8.407901040
8.414538430, 8.417709508
8.424538430, 8.427891984
8.434538430, 8.437794476
8.444538429, 8.447782467
8.454538433, 8.457872304
8.464538432, 8.467868662
8.474538425, 8.477838611
8.484538419, 8.487893690
8.494538439, 8.497856857
8.504538425, 8.507945651
8.514538435, 8.517941970
8.524538421, 8.527826912
8.534538422, 8.537834880
8.544539046, 8.547881964
8.554538424, 8.557792570
8.564538425, 8.567687395
8.574538423, 8.577831440
8.584538424, 8.587838997
8.594538430, 8.597900515
8.604538410, 8.607861705
8.614538426, 8.617814820
8.624538411, 8.627782272
8.634538429, 8.637842817
8.644538403, 8.647894726
8.654538439, 8.657802282
8.664538432, 8.667852641
8.674538419, 8.677840585
8.684538439, 8.687913757
8.694538415, 8.697870729
8.704538426, 8.707923840
8.714538432, 8.717975984
8.724538427, 8.727909747
8.734538427, 8.737780060
8.744538420, 8.747822526
8.754538428, 8.757933245
8.764538421, 8.767906369
8.774538428, 8.777847897
8.784538428, 8.787957743
8.794538430, 8.797816042
8.804538430, 8.807943502
8.814538408, 8.817901892
8.824538422, 8.827843955
8.834538425, 8.837915258
8.844538434, 8.847905123
8.854538408, 8.857789266
8.864538428, 8.867866654
8.874538427, 8.877920239
8.884538424, 8.887785255
8.894538427, 8.897909173
8.904538430, 8.907929181
8.914538421, 8.917924644
8.924538430, 8.927938666
8.934538430, 8.937781593
8.944538430, 8.947875985
8.954538419, 8.957902299
8.964538433, 8.967802054
8.974538427, 8.977878026
8.984538434, 8.987899191
8.994538424, 8.997819984
9.004538425, 9.007889750
9.014538431, 9.017850962
9.024538426, 9.027923345
9.034538427, 9.037909713
9.044538425, 9.047910936
9.054538430, 9.057907382
9.064538430, 9.067882143
9.074538430, 9.077914595
9.084538424, 9.087897334
9.094538432, 9.097928408
9.104538423, 9.107809463
9.114538432, 9.117865161
9.124538428, 9.127818334
9.134538430, 9.137809357
9.144538424, 9.147908846
9.154538433, 9.157859806
9.164538434, 9.167759861
9.174538428, 9.177826741
9.184538409, 9.187808715
9.194538427, 9.197845466
9.204538413, 9.207970542
9.214538412, 9.217885216
9.224538439, 9.227929108
9.234538424, 9.237601536
9.244538433, 9.247832942
9.254538428, 9.257809841
9.264538431, 9.267861170
9.274538430, 9.277898341
9.284538425, 9.287791566
9.294538422, 9.297755638
9.304538411, 9.307713675
9.314538422, 9.317725993
9.324538428, 9.327983671
9.334538425, 9.337947155
9.344538432, 9.348005356
9.354538424, 9.357872049
9.364550278, 9.367911623
9.374538433, 9.377814620
9.384542082, 9.387957935
9.394538422, 9.397849780
9.404538427, 9.407987722
9.414538432, 9.417861150
9.424538428, 9.427935723
9.434538422, 9.437875883
9.444538431, 9.447877136
9.454538422, 9.457792335
9.464538430, 9.467876694
9.474538427, 9.477945995
9.484538427, 9.487826127
9.494538413, 9.497818818
9.504538434, 9.507973418
9.514538430, 9.517871318
9.524538435, 9.528066733
9.534538428, 9.538037352
9.544538430, 9.547886366
9.554538425, 9.557939637
9.564538433, 9.567898189
9.574538433, 9.578025467
9.584541576, 9.587920897
9.594538409, 9.597957176
9.604538417, 9.607988645
9.614538406, 9.618006167
9.624538441, 9.627994914
9.634538430, 9.637959023
9.644538427, 9.647857205
9.654538422, 9.657970171
9.664538433, 9.668043459
9.674538421, 9.678071873
9.684549223, 9.688106362
9.694538428, 9.697932762
9.704538424, 9.707901721
9.714538412, 9.717937515
9.724538426, 9.727937371
9.734538427, 9.737924434
9.744538430, 9.747863077
9.754538430, 9.757972239
9.764538433, 9.768007535
9.774538427, 9.778040227
9.784538409, 9.787972348
9.794538445, 9.797960154
9.804538406, 9.807999585
9.814538426, 9.817961930
9.824538421, 9.827961623
9.834538405, 9.837968563
9.844538409, 9.847997395
9.854538436, 9.857975449
9.864538428, 9.867989534
9.874538430, 9.877910912
9.884538428, 9.887926470
9.894538424, 9.897972171
9.904538409, 9.907946695
9.914538432, 9.917965112
9.924538426, 9.927975792
9.934538422, 9.938074649
9.944538435, 9.948088591
9.954538425, 9.957988111
9.964538421, 9.966595338
9.974538420, 9.976177930
9.984538406, 9.986207704
9.994538404, 9.996205812
10.004538405, 10.006198506
10.014538424, 10.016185534
10.024538399, 10.025387616
10.034538423, 10.034748894
10.044538408, 10.044737007
10.054538404, 10.054752192
10.064538421, 10.064751215
10.074538421, 10.074750429
10.084538404, 10.084763866
10.094538418, 10.094713909
10.104538405, 10.104707153
10.114538396, 10.114706258
10.124538400, 10.124706133
10.134538400, 10.134704858
10.144538397, 10.144708390
10.154538407, 10.154700104
10.164538405, 10.164699505
10.174538397, 10.174705764
10.184538394, 10.184706441
10.194538405, 10.194698739
10.204538404, 10.204705892
10.214538413, 10.214698476
10.224538410, 10.224705424
10.234538400, 10.234704531
10.244538404, 10.244704752
10.254538399, 10.254699144
10.264538400, 10.264705669
10.274538405, 10.274704321
10.284538408, 10.284705584
10.294538407, 10.294705211
10.304538407, 10.304701041
10.314538404, 10.314698968
10.324538396, 10.324704475
10.334538394, 10.334697345
10.344538407, 10.344698242
10.354538404, 10.354710774
10.364538410, 10.364705851
10.374538405, 10.374707351
10.384538405, 10.384706119
10.394538394, 10.394699151
10.404538407, 10.404704987
10.414538410, 10.414705297
10.424538404, 10.424707640
10.434538408, 10.434697781
10.444538392, 10.444706253
10.454538399, 10.454697689
10.464538402, 10.464708126
10.474538410, 10.474705767
10.484538410, 10.484705660
10.494538405, 10.494705470
10.504538400, 10.504705806
10.514538407, 10.514709024
10.524538392, 10.524706168
10.534538400, 10.534696826
10.544538404, 10.544704774
10.554538402, 10.554700590
10.564538400, 10.564708824
10.574538394, 10.574707245
10.584538400, 10.584705821
10.594538405, 10.594706796
10.604538407, 10.604697999
10.614538410, 10.614706007
10.624538404, 10.624697805
10.634538394, 10.634704168
10.644538400, 10.644704101
10.654538402, 10.654706850
10.664538394, 10.664698544
10.674538404, 10.674698253
10.684538400, 10.684704689
10.694538394, 10.694705061
10.704538408, 10.704697546
10.714538410, 10.714704431
10.724538407, 10.724700383
10.734538404, 10.734698277
10.744538402, 10.744704597
10.754538413, 10.754705219
10.764538413, 10.764708045
10.774538404, 10.774702229
10.784538407, 10.784700321
10.794538402, 10.794698517
10.804538404, 10.804704243
10.814538408, 10.814697560
10.824538404, 10.824705527
10.834538408, 10.834697664
10.844538400, 10.844704858
10.854538407, 10.854706166
10.864538400, 10.864705663
10.874538396, 10.874704854
10.884538405, 10.884705590
10.894538402, 10.894699128
10.904538405, 10.904705690
10.914538394, 10.914698332
10.924538405, 10.924705327
10.934538407, 10.934704974
10.944538408, 10.944704483
10.954538407, 10.954705183
10.964538410, 10.964700446
10.974538400, 10.974711955
10.984538399, 10.984711942
10.994538394, 10.994711666
11.004538408, 11.004711547
11.014538405, 11.014712512
11.024538407, 11.024712560
11.034538399, 11.034711785
11.044538400, 11.044711481
11.054538408, 11.054711421
11.064538400, 11.064707223
11.074538407, 11.074712090
11.084538407, 11.084706822
11.094538394, 11.094712221
11.104538402, 11.104712641
11.114538410, 11.114705789
11.124538402, 11.124712621
11.134538408, 11.134705039
11.144538408, 11.144712572
11.154538405, 11.154714506
11.164538402, 11.164706457
11.174538408, 11.174711854
11.184538402, 11.184712718
11.194538400, 11.194710087
11.204538407, 11.204710285
11.214538402, 11.214714720
11.224538402, 11.224712253
11.234538410, 11.234704344
11.244538404, 11.244709654
11.254538407, 11.254707791
11.264538392, 11.264714815
11.274538410, 11.274712366
11.284538402, 11.284712626
11.294538407, 11.294705947
11.304538408, 11.304712392
11.314538408, 11.314710801
11.324538400, 11.324712336
11.334538399, 11.334714290
11.344538400, 11.344703337
11.354538405, 11.354714735
11.364538411, 11.364712062
11.374538405, 11.374705184
11.384538404, 11.384706757
11.394538402, 11.394712400
11.404538400, 11.404713267
11.414538410, 11.414705432
11.424538404, 11.424715294
11.434538400, 11.434706899
11.444538404, 11.444713030
11.454538410, 11.454707449
11.464538402, 11.464714651
11.474538407, 11.474711309
11.484538394, 11.484706706
11.494538404, 11.494712902
11.504538399, 11.504707021
11.514538408, 11.514711653
11.524538400, 11.524707668
11.534538397, 11.534711470
11.544538410, 11.544712435
11.554538400, 11.554706304
11.564538402, 11.564714672
11.574538408, 11.574706855
11.584538408, 11.584714991
11.594538400, 11.594712785
11.604538407, 11.604704796
11.614538407, 11.614718393
11.624538410, 11.624713541
11.634538405, 11.634706694
11.644538396, 11.644713552
11.654538394, 11.654706214
11.664538408, 11.664712491
11.674538407, 11.674706888
11.684538408, 11.684712102
11.694538402, 11.694712563
11.704538405, 11.704706125
11.714538402, 11.714710694
11.724538408, 11.724712274
11.734538410, 11.734705694
11.744538410, 11.744709193
11.754538408, 11.754712886
11.764538399, 11.764713590
11.774538404, 11.774705271
11.784538405, 11.784713879
11.794538405, 11.794706602
11.804538399, 11.804711931
11.814538408, 11.814716011
11.824538405, 11.824714827
11.834538399, 11.834711175
11.844538407, 11.844712641
11.854538400, 11.854708896
11.864538402, 11.864713657
11.874538407, 11.874705716
11.884538400, 11.884706976
11.894538402, 11.894703983
11.904538404, 11.904712421
11.914538405, 11.914705428
11.924538404, 11.924715851
11.934538400, 11.934711631
11.944538397, 11.944712776
11.954538400, 11.954706823
11.964538407, 11.964715467
11.974538404, 11.974713260
11.984538407, 11.984713890
11.994538405, 11.994707175
12.004538404, 12.004712236
12.014538415, 12.014712172
12.024538399, 12.024710319
12.034538400, 12.034711077
12.044538402, 12.044713050
12.054538405, 12.054715609
------------------------------
