------------------------------
test was performed using the following parameters: --mps=100 --burst=1 --reply-every=1 --msg-size=12 --time=10
------------------------------
sockperf: [Total Run] RunTime=10.100 sec; SentMessages=1011; ReceivedMessages=1010
sockperf: ========= Printing statistics for Server No: 0
sockperf: [Valid Duration] RunTime=9.980 sec; SentMessages=999; ReceivedMessages=999
sockperf: [2;35m====> avg-lat= 75.294 (std-dev=18.136)[0m
sockperf: # dropped messages = 0; # duplicated messages = 0; # out-of-order messages = 0
sockperf: [2;35mTotal 999 observations[0m; each percentile contains 9.99 observations
sockperf: ---> <MAX> observation =  150.702
sockperf: ---> percentile  99.99 =  150.702
sockperf: ---> percentile  99.90 =  147.656
sockperf: ---> percentile  99.50 =  133.419
sockperf: ---> percentile  99.00 =  127.263
sockperf: ---> percentile  95.00 =  103.821
sockperf: ---> percentile  90.00 =   95.542
sockperf: ---> percentile  75.00 =   86.935
sockperf: ---> percentile  50.00 =   74.526
sockperf: ---> percentile  25.00 =   63.272
sockperf: ---> <MIN> observation =   26.760
------------------------------
txTime, rxTime
2.063716603, 2.063924238
2.073716620, 2.073973260
2.083716606, 2.083929722
2.093716601, 2.093904291
2.103716625, 2.103902876
2.113716623, 2.113905167
2.123716606, 2.123893089
2.133716618, 2.133896978
2.143716603, 2.143871029
2.153716606, 2.153875228
2.163716622, 2.163872852
2.173716598, 2.173905291
2.183716603, 2.183900806
2.193716607, 2.193957941
2.203716604, 2.203898269
2.213716604, 2.213943004
2.223716620, 2.223878163
2.233716611, 2.233928886
2.243716606, 2.243873395
2.253716606, 2.253922225
2.263716607, 2.263862216
2.273716603, 2.273944616
2.283716625, 2.283862421
2.293716601, 2.293861912
2.303716598, 2.303926569
2.313716620, 2.313899483
2.323716604, 2.323867446
2.333716604, 2.333899886
2.343716600, 2.343891543
2.353716603, 2.353885568
2.363716598, 2.363888131
2.373716604, 2.373861863
2.383716671, 2.383915520
2.393716604, 2.393865747
2.403716611, 2.403919759
2.413716601, 2.413892435
2.423716596, 2.423854431
2.433716607, 2.433865259
2.443716603, 2.443884506
2.453716598, 2.453881907
2.463716666, 2.463883064
2.473716671, 2.473874431
2.483716607, 2.483898858
2.493716617, 2.493861436
2.503716609, 2.503887351
2.513716600, 2.513838129
2.523716603, 2.523850327
2.533716601, 2.533866331
2.543716601, 2.543933148
2.553716606, 2.553866904
2.563716601, 2.563878045
2.573716603, 2.573876952
2.583716596, 2.583856531
2.593716600, 2.593846372
2.603716603, 2.603859415
2.613716601, 2.613896201
2.623716600, 2.623888301
2.633716611, 2.633851477
2.643716600, 2.643861913
2.653716600, 2.653905262
2.663716612, 2.663854297
2.673716598, 2.673856835
2.683716604, 2.683865226
2.693716604, 2.693862939
2.703716606, 2.703847632
2.713716604, 2.713897609
2.723716598, 2.723892433
2.733716609, 2.733795533
2.743716611, 2.743818006
2.753716817, 2.753838010
2.763716604, 2.763866579
2.773716596, 2.773791049
2.783716604, 2.783816037
2.793716601, 2.793820818
2.803716600, 2.803812557
2.813716598, 2.813803311
2.823716603, 2.823814671
2.833716604, 2.833828325
2.843716601, 2.843810939
2.853716604, 2.853772474
2.863716600, 2.863805550
2.873716603, 2.873821306
2.883716604, 2.883833556
2.893716607, 2.893774253
2.903716593, 2.903810808
2.913716612, 2.913868376
2.923716607, 2.923791071
2.933716694, 2.933907779
2.943716609, 2.943861782
2.953716606, 2.953861335
2.963716607, 2.963893905
2.973716603, 2.973898231
2.983716604, 2.983879651
2.993716604, 2.993866689
3.003716604, 3.003910767
3.013716606, 3.013926438
3.023716592, 3.023909812
3.033716607, 3.033868518
3.043716601, 3.043863124
3.053716604, 3.053879742
3.063716601, 3.063978980
3.073716598, 3.073870521
3.083716598, 3.083835372
3.093716603, 3.093935989
3.103716604, 3.103888276
3.113716600, 3.113916455
3.123716604, 3.123907818
3.133716606, 3.133879251
3.143716596, 3.143845886
3.153716598, 3.153866925
3.163716674, 3.163942506
3.173716601, 3.173899256
3.183716596, 3.183854128
3.193716603, 3.193864239
3.203716604, 3.203866494
3.213716606, 3.213870848
3.223716596, 3.223901409
3.233716607, 3.233931912
3.243716598, 3.243880085
3.253716596, 3.253870375
3.263716601, 3.263908802
3.273716598, 3.273877917
3.283716603, 3.283881839
3.293716603, 3.293883773
3.303716601, 3.303930333
3.313716609, 3.313856046
3.323716607, 3.323807913
3.333716601, 3.333917640
3.343716606, 3.343780278
3.353716598, 3.353787394
3.363716601, 3.363900681
3.373716606, 3.373867188
3.383716607, 3.383825586
3.393716609, 3.393858558
3.403716614, 3.403853741
3.413716601, 3.413881885
3.423716609, 3.423874132
3.433716705, 3.433874870
3.443716596, 3.443873441
3.453716606, 3.453886588
3.463716611, 3.463902971
3.473716607, 3.473875953
3.483716601, 3.483879995
3.493716603, 3.493865551
3.503716603, 3.503873359
3.513716606, 3.513895421
3.523716604, 3.523831376
3.533716601, 3.533907971
3.543716606, 3.543832374
3.553716606, 3.553842720
3.563716607, 3.563859851
3.573716604, 3.573865434
3.583716607, 3.583899617
3.593716604, 3.593868630
3.603716606, 3.603884398
3.613716603, 3.613868661
3.623716607, 3.623875515
3.633716612, 3.633833970
3.643716600, 3.643904472
3.653716603, 3.653881987
3.663716603, 3.663895700
3.673716598, 3.673914034
3.683716603, 3.683884354
3.693716614, 3.693852509
3.703716603, 3.703875481
3.713716595, 3.713848930
3.723716598, 3.723853990
3.733716607, 3.733915659
3.743716593, 3.743872064
3.753716609, 3.753886932
3.763716604, 3.763879363
3.773716598, 3.773886113
3.783716611, 3.783870106
3.793716611, 3.793890554
3.803716600, 3.803881550
3.813716617, 3.813802544
3.823716604, 3.823818533
3.833716598, 3.833786085
3.843716603, 3.843816045
3.853716596, 3.853836970
3.863716603, 3.863809259
3.873716612, 3.873794374
3.883716607, 3.883796144
3.893716611, 3.893852216
3.903716604, 3.903800734
3.913716603, 3.913805932
3.923716604, 3.923833414
3.933716701, 3.933791847
3.943716611, 3.943819542
3.953716604, 3.953779847
3.963716607, 3.963777738
3.973716601, 3.973822045
3.983716598, 3.983873577
3.993716606, 3.993843009
4.003716611, 4.003995126
4.013716604, 4.013865657
4.023716601, 4.023887539
4.033716607, 4.033917512
4.043716604, 4.043950429
4.053716614, 4.053793582
4.063716611, 4.063852734
4.073716604, 4.073825164
4.083716601, 4.083878367
4.093716606, 4.093844823
4.103716604, 4.103802623
4.113716600, 4.113784031
4.123716609, 4.123863727
4.133716745, 4.133851213
4.143716609, 4.143854685
4.153716600, 4.153820995
4.163716604, 4.163833424
4.173716604, 4.173838514
4.183716601, 4.183855029
4.193716606, 4.193818118
4.203716593, 4.203825747
4.213716606, 4.213838342
4.223716609, 4.223862370
4.233716607, 4.233854833
4.243716609, 4.243830084
4.253716598, 4.253841965
4.263716600, 4.263860427
4.273716603, 4.273852130
4.283716609, 4.283835775
4.293716674, 4.293836825
4.303716600, 4.303856629
4.313716612, 4.313849884
4.323716606, 4.323880022
4.333716672, 4.333805605
4.343716603, 4.343888113
4.353716598, 4.353806587
4.363716600, 4.363855659
4.373716604, 4.373873774
4.383716606, 4.383847307
4.393716598, 4.393820450
4.403716604, 4.403914741
4.413716691, 4.413881572
4.423716607, 4.423902773
4.433716601, 4.433837758
4.443716603, 4.443901551
4.453716603, 4.453861714
4.463716601, 4.463882622
4.473716604, 4.473885148
4.483716607, 4.483868110
4.493716614, 4.493834529
4.503716603, 4.503864539
4.513716604, 4.513859668
4.523716595, 4.523823912
4.533716606, 4.533865597
4.543716606, 4.543983446
4.553716598, 4.553839352
4.563716606, 4.564011919
4.573716596, 4.573825093
4.583716674, 4.583864626
4.593716603, 4.593884605
4.603716604, 4.603865722
4.613716607, 4.613891956
4.623716611, 4.623821511
4.633716606, 4.633822235
4.643716596, 4.643827861
4.653716604, 4.653914948
4.663716604, 4.663843230
4.673716605, 4.673872927
4.683716598, 4.683853050
4.693716598, 4.693857662
4.703716612, 4.703816677
4.713716599, 4.713862420
4.723716607, 4.723800857
4.733716605, 4.733812414
4.743716601, 4.743808541
4.753716605, 4.753856461
4.763716601, 4.763797969
4.773716598, 4.773807335
4.783716599, 4.783852176
4.793716605, 4.793811559
4.803716605, 4.803864032
4.813716605, 4.813856338
4.823716613, 4.823814464
4.833716604, 4.833843255
4.843716609, 4.843808357
4.853716607, 4.853848150
4.863716612, 4.863775997
4.873716604, 4.873827592
4.883716607, 4.883901403
4.893716602, 4.893812122
4.903716598, 4.903857602
4.913716607, 4.913838531
4.923716609, 4.923870219
4.933716601, 4.933837989
4.943716602, 4.943841943
4.953716602, 4.953821113
4.963716613, 4.963855291
4.973716607, 4.973832913
4.983716605, 4.983851738
4.993716612, 4.993861119
5.003716605, 5.003824701
5.013716601, 5.013844081
5.023716694, 5.023838169
5.033716610, 5.033846478
5.043716607, 5.043840159
5.053716604, 5.053850452
5.063716596, 5.063855978
5.073716607, 5.073869065
5.083716602, 5.083857456
5.093716604, 5.093826108
5.103716604, 5.103860468
5.113716609, 5.113837751
5.123716610, 5.123852615
5.133716612, 5.133832249
5.143716604, 5.143852439
5.153716599, 5.153835394
5.163716601, 5.163844185
5.173716601, 5.173843552
5.183716596, 5.183846149
5.193716601, 5.193838788
5.203716604, 5.203818951
5.213716602, 5.213849632
5.223716605, 5.223844878
5.233716610, 5.233866637
5.243716604, 5.243820584
5.253716618, 5.253843500
5.263716599, 5.263846185
5.273716620, 5.273824488
5.283716620, 5.283858060
5.293716607, 5.293836395
5.303716613, 5.303863913
5.313716604, 5.313864857
5.323716601, 5.323873931
5.333716607, 5.333880978
5.343716612, 5.343879173
5.353716598, 5.353900024
5.363716598, 5.363886589
5.373716610, 5.373889021
5.383716609, 5.383858458
5.393716604, 5.393863574
5.403716605, 5.403858667
5.413716601, 5.413876609
5.423716599, 5.423863140
5.433716604, 5.433876344
5.443716599, 5.443874917
5.453716602, 5.453872679
5.463716610, 5.463889695
5.473716598, 5.473900506
5.483716594, 5.483927284
5.493716604, 5.493881207
5.503716599, 5.503897113
5.513716607, 5.513879361
5.523716604, 5.523895745
5.533716610, 5.533800794
5.543716596, 5.543775351
5.553716607, 5.553817952
5.563716610, 5.563870240
5.573716602, 5.573903397
5.583716604, 5.583871628
5.593716602, 5.593892716
5.603716607, 5.603917095
5.613716605, 5.613887721
5.623716599, 5.623894436
5.633716607, 5.633857115
5.643716609, 5.643862990
5.653716632, 5.653896359
5.663716596, 5.663911855
5.673716603, 5.673904985
5.683716595, 5.683852025
5.693716603, 5.693881329
5.703716603, 5.703867851
5.713716600, 5.713891795
5.723716603, 5.723875244
5.733716600, 5.733930930
5.743716612, 5.743862576
5.753716606, 5.753924248
5.763716597, 5.763876580
5.773716603, 5.773950032
5.783716606, 5.783949828
5.793716598, 5.793945150
5.803716609, 5.803804333
5.813716606, 5.813874497
5.823716595, 5.823832642
5.833716606, 5.833921168
5.843716594, 5.843951792
5.853716606, 5.853920979
5.863716606, 5.863914456
5.873716611, 5.873920912
5.883716605, 5.883931909
5.893716598, 5.893904430
5.903716595, 5.903917653
5.913716597, 5.913975648
5.923716602, 5.923917447
5.933716598, 5.933911977
5.943716600, 5.943903257
5.953716598, 5.953960855
5.963716592, 5.963962874
5.973716596, 5.974000033
5.983716603, 5.983926385
5.993716601, 5.993949959
6.003716607, 6.003981225
6.013716609, 6.013843990
6.023716601, 6.023836365
6.033716604, 6.033836937
6.043716603, 6.043864160
6.053716607, 6.053891650
6.063716609, 6.063841226
6.073716602, 6.073881597
6.083716602, 6.083853627
6.093716599, 6.093844333
6.103716598, 6.103799191
6.113716609, 6.113837920
6.123716602, 6.123903583
6.133716596, 6.133832009
6.143716602, 6.143834468
6.153716601, 6.153854429
6.163716602, 6.163830431
6.173716605, 6.173838188
6.183716602, 6.183854795
6.193716602, 6.193864573
6.203716598, 6.203906114
6.213716605, 6.213865972
6.223716601, 6.223842852
6.233716604, 6.233845936
6.243716602, 6.243850324
6.253716604, 6.253823295
6.263716610, 6.263859604
6.273716605, 6.273826378
6.283716607, 6.283843288
6.293716604, 6.293862276
6.303716612, 6.303820333
6.313716609, 6.313878906
6.323716605, 6.323889640
6.333716609, 6.333894964
6.343716609, 6.343874126
6.353716602, 6.353883842
6.363716621, 6.363896470
6.373716612, 6.373862966
6.383716604, 6.383885290
6.393716602, 6.393880763
6.403716599, 6.403872719
6.413716598, 6.413863479
6.423716609, 6.423870013
6.433716594, 6.433882524
6.443716602, 6.443868740
6.453716602, 6.453879963
6.463716601, 6.463842928
6.473716612, 6.473784670
6.483716598, 6.483777217
6.493716604, 6.493871074
6.503716606, 6.503884689
6.513716604, 6.513868492
6.523716598, 6.523829701
6.533716598, 6.533864613
6.543716606, 6.543800218
6.553716612, 6.553901493
6.563716607, 6.563962547
6.573716615, 6.573775131
6.583716603, 6.583893490
6.593716603, 6.593870886
6.603716606, 6.603884468
6.613716601, 6.613921843
6.623716609, 6.623779129
6.633716595, 6.633853259
6.643716607, 6.643872590
6.653716596, 6.653854407
6.663716607, 6.663870638
6.673716606, 6.673862824
6.683716606, 6.683868197
6.693716606, 6.693865019
6.703716604, 6.703923239
6.713716606, 6.713840317
6.723716604, 6.723844316
6.733716603, 6.733828447
6.743716596, 6.743868137
6.753716604, 6.753858318
6.763716601, 6.763824159
6.773716612, 6.773875031
6.783716601, 6.783859348
6.793716606, 6.793829274
6.803716593, 6.803829134
6.813716598, 6.813813013
6.823716600, 6.823833203
6.833716611, 6.833885935
6.843716601, 6.843884979
6.853716601, 6.853786530
6.863716601, 6.863904037
6.873716603, 6.873918783
6.883716606, 6.883930392
6.893716600, 6.893895533
6.903716603, 6.903900546
6.913716604, 6.913907269
6.923716601, 6.923939393
6.933716611, 6.933898738
6.943716607, 6.943920435
6.953716607, 6.953889547
6.963716606, 6.963942298
6.973716607, 6.973934328
6.983716603, 6.983915065
6.993716611, 6.993943987
7.003716598, 7.003923135
7.013716607, 7.013865946
7.023716600, 7.023997234
7.033716606, 7.033956380
7.043716606, 7.043846320
7.053716603, 7.053841362
7.063716603, 7.063865974
7.073716598, 7.073850837
7.083716607, 7.083855424
7.093716600, 7.093854862
7.103716595, 7.103802083
7.113716598, 7.113818500
7.123716611, 7.123839128
7.133716598, 7.133918607
7.143716596, 7.143776893
7.153716596, 7.153859475
7.163716614, 7.163837431
7.173716600, 7.173877738
7.183716598, 7.183862684
7.193716601, 7.193891573
7.203716609, 7.203854772
7.213716609, 7.213828747
7.223716606, 7.223839993
7.233716603, 7.233868706
7.243716612, 7.243889263
7.253716601, 7.253862840
7.263716606, 7.263859452
7.273716609, 7.273885677
7.283716598, 7.283810675
7.293716598, 7.293802793
7.303716606, 7.303832877
7.313716606, 7.313820451
7.323716606, 7.323871739
7.333716603, 7.333865120
7.343716609, 7.343839160
7.353716611, 7.353846366
7.363716600, 7.363844890
7.373716598, 7.373887967
7.383716598, 7.383847874
7.393716604, 7.393864870
7.403716604, 7.403849555
7.413716611, 7.413837044
7.423716601, 7.423882636
7.433716598, 7.433856711
7.443716598, 7.443835655
7.453716606, 7.453846888
7.463716598, 7.463832959
7.473716603, 7.473863502
7.483716609, 7.483843604
7.493716609, 7.493829502
7.503716606, 7.503860375
7.513716609, 7.513852321
7.523716606, 7.523841479
7.533716609, 7.533846566
7.543716601, 7.543842546
7.553716603, 7.553852880
7.563716614, 7.563881338
7.573716607, 7.573886566
7.583716601, 7.583823759
7.593716606, 7.593857222
7.603716603, 7.603852110
7.613716603, 7.613869680
7.623716598, 7.623846839
7.633716606, 7.633873565
7.643716604, 7.643888006
7.653716607, 7.653846754
7.663716600, 7.663837391
7.673716609, 7.673867446
7.683716598, 7.683863172
7.693716603, 7.693848575
7.703716596, 7.703834112
7.713716612, 7.713909695
7.723716607, 7.723861182
7.733716609, 7.733884804
7.743716611, 7.743857780
7.753716604, 7.753864498
7.763716595, 7.763899418
7.773716607, 7.773820968
7.783716600, 7.783849764
7.793716600, 7.793856272
7.803716598, 7.803892525
7.813716672, 7.813863161
7.823716593, 7.823817335
7.833716600, 7.833844155
7.843716601, 7.843818999
7.853716600, 7.853844072
7.863716606, 7.863930221
7.873716603, 7.873879407
7.883716609, 7.883841943
7.893716601, 7.893859695
7.903716607, 7.903852778
7.913716601, 7.913840028
7.923716600, 7.923875370
7.933716604, 7.933855418
7.943716601, 7.943838872
7.953716596, 7.953829371
7.963716611, 7.963828076
7.973716607, 7.973868846
7.983716600, 7.983838255
7.993716600, 7.993849033
8.003716601, 8.003859704
8.013716612, 8.013868102
8.023716601, 8.023858384
8.033716607, 8.033843153
8.043716606, 8.043893153
8.053716593, 8.053850619
8.063716603, 8.063852896
8.073716598, 8.073860064
8.083716598, 8.083835241
8.093716601, 8.093861698
8.103716609, 8.103855154
8.113716609, 8.113866296
8.123716606, 8.123842651
8.133716609, 8.133874638
8.143716606, 8.143846192
8.153716607, 8.153836457
8.163716606, 8.163830419
8.173716598, 8.173855569
8.183716598, 8.183847499
8.193716607, 8.193844717
8.203716612, 8.203832347
8.213716601, 8.213826884
8.223716600, 8.223829963
8.233716611, 8.233876439
8.243716600, 8.243852898
8.253716606, 8.253878278
8.263716603, 8.263840797
8.273716603, 8.273940080
8.283716598, 8.283832140
8.293716606, 8.293833863
8.303716604, 8.303859785
8.313716600, 8.313893365
8.323716596, 8.323871150
8.333716604, 8.333923812
8.343716598, 8.343912924
8.353716598, 8.353908844
8.363716615, 8.363922628
8.373716609, 8.373890387
8.383716604, 8.383874195
8.393716671, 8.393882523
8.403716604, 8.403886299
8.413716604, 8.413912271
8.423716595, 8.423885597
8.433716602, 8.433886274
8.443716605, 8.443911256
8.453716603, 8.453883830
8.463716603, 8.463864757
8.473716600, 8.473870950
8.483716598, 8.483862687
8.493716605, 8.493904100
8.503716604, 8.503954954
8.513716598, 8.513888581
8.523716596, 8.523867490
8.533716596, 8.533907976
8.543716595, 8.543854625
8.553716598, 8.553884119
8.563716604, 8.563895515
8.573716606, 8.573863366
8.583716600, 8.583861698
8.593716609, 8.593895531
8.603716674, 8.603913287
8.613716603, 8.613874825
8.623716601, 8.623871196
8.633716596, 8.633883544
8.643716596, 8.643882810
8.653716607, 8.653826664
8.663716656, 8.663799316
8.673716675, 8.673800793
8.683716600, 8.683841285
8.693716604, 8.693818713
8.703716604, 8.703847307
8.713716600, 8.713864308
8.723716592, 8.723867570
8.733716609, 8.733830331
8.743716606, 8.744018011
8.753716607, 8.753826110
8.763716606, 8.763831158
8.773716604, 8.773874405
8.783716596, 8.783831575
8.793716609, 8.793856024
8.803716596, 8.803829164
8.813716604, 8.813907649
8.823716607, 8.823883934
8.833716604, 8.833836561
8.843716603, 8.843862287
8.853716669, 8.853865246
8.863716604, 8.863848608
8.873716601, 8.873829806
8.883716603, 8.883883634
8.893716666, 8.893858860
8.903716600, 8.903943087
8.913716598, 8.913905039
8.923716606, 8.923869441
8.933716606, 8.933842952
8.943716604, 8.943829960
8.953716598, 8.953828257
8.963716598, 8.963829915
8.973716600, 8.973851251
8.983716604, 8.983831759
8.993716606, 8.993833785
9.003716598, 9.003917482
9.013716600, 9.013849383
9.023716595, 9.023823227
9.033716606, 9.033786155
9.043716600, 9.043823819
9.053716606, 9.053832787
9.063716606, 9.063922372
9.073716600, 9.073770121
9.083716604, 9.083848115
9.093716611, 9.093825520
9.103716606, 9.103851360
9.113716603, 9.113841171
9.123716601, 9.123859663
9.133716600, 9.133865960
9.143716601, 9.143868262
9.153716606, 9.153814518
9.163716604, 9.163879829
9.173716666, 9.173860603
9.183716603, 9.183901176
9.193716607, 9.193831456
9.203716598, 9.203859401
9.213716600, 9.213834350
9.223716604, 9.223892348
9.233716604, 9.233897157
9.243716598, 9.243842370
9.253716603, 9.253861788
9.263716604, 9.263848273
9.273716609, 9.273853135
9.283716612, 9.283857262
9.293716611, 9.293850678
9.303716603, 9.303826756
9.313716607, 9.313827945
9.323716603, 9.323859540
9.333716609, 9.333853534
9.343716603, 9.343954849
9.353716611, 9.353889618
9.363716598, 9.363899676
9.373716606, 9.373914549
9.383716620, 9.383858067
9.393716606, 9.393867053
9.403716604, 9.403851153
9.413716600, 9.413853588
9.423716596, 9.423865854
9.433716609, 9.433886241
9.443716598, 9.443931124
9.453716604, 9.453905003
9.463716604, 9.463874991
9.473716606, 9.473905791
9.483716607, 9.483871262
9.493716601, 9.493896662
9.503716598, 9.503835544
9.513716601, 9.513800355
9.523716601, 9.523787565
9.533716609, 9.533839146
9.543716600, 9.543829797
9.553716609, 9.553832042
9.563716603, 9.563811543
9.573716598, 9.573845220
9.583716603, 9.583853990
9.593716598, 9.593834286
9.603716603, 9.603870142
9.613716598, 9.613866445
9.623716600, 9.623890253
9.633716600, 9.633866325
9.643716603, 9.643869662
9.653716603, 9.653886029
9.663716600, 9.663882350
9.673716606, 9.673887141
9.683716598, 9.683912924
9.693716606, 9.693890318
9.703716603, 9.703879133
9.713716609, 9.713898624
9.723716612, 9.723884727
9.733716611, 9.733882646
9.743716609, 9.743838323
9.753716598, 9.753837492
9.763716606, 9.763794198
9.773716596, 9.773889388
9.783716606, 9.783833030
9.793716625, 9.793837022
9.803716607, 9.803871150
9.813716604, 9.813858803
9.823716607, 9.823916672
9.833716598, 9.833914792
9.843716611, 9.843904682
9.853716596, 9.853890196
9.863716601, 9.863971129
9.873716607, 9.873877909
9.883716609, 9.883860982
9.893716598, 9.893884938
9.903716683, 9.903859843
9.913716612, 9.913881400
9.923716598, 9.923904998
9.933716600, 9.933927927
9.943716607, 9.943899395
9.953716723, 9.953866462
9.963716660, 9.963887755
9.973716628, 9.973866100
9.983716617, 9.983890062
9.993716617, 9.993878331
10.003716606, 10.003834477
10.013716609, 10.013885663
10.023716604, 10.023881381
10.033716604, 10.033877952
10.043716611, 10.043880955
10.053716601, 10.053874375
10.063716596, 10.063881842
10.073716609, 10.073880773
10.083716596, 10.083880421
10.093716607, 10.093875796
10.103716598, 10.103880776
10.113716607, 10.113878811
10.123716598, 10.123880290
10.133716609, 10.133879936
10.143716609, 10.143874590
10.153716601, 10.153874015
10.163716596, 10.163873535
10.173716596, 10.173883711
10.183716596, 10.183880244
10.193716603, 10.193876128
10.203716604, 10.203875664
10.213716598, 10.213876414
10.223716596, 10.223875798
10.233716603, 10.233874001
10.243716598, 10.243873864
10.253716601, 10.253878616
10.263716604, 10.263883664
10.273716598, 10.273877956
10.283716598, 10.283879057
10.293716601, 10.293872809
10.303716596, 10.303881117
10.313716596, 10.313877674
10.323716606, 10.323888287
10.333716607, 10.333896357
10.343716598, 10.343902597
10.353716603, 10.353890240
10.363716604, 10.363898769
10.373716601, 10.373902660
10.383716606, 10.383904231
10.393716609, 10.393900914
10.403716596, 10.403893265
10.413716607, 10.413894941
10.423716601, 10.423907202
10.433716600, 10.433898855
10.443716609, 10.443905784
10.453716598, 10.453904125
10.463716601, 10.463903315
10.473716603, 10.473900392
10.483716601, 10.483896273
10.493716598, 10.493897310
10.503716595, 10.503904908
10.513716611, 10.513899003
10.523716598, 10.523902963
10.533716595, 10.533903370
10.543716596, 10.543896114
10.553716595, 10.553898411
10.563716606, 10.563900705
10.573716603, 10.573905889
10.583716596, 10.583907823
10.593716604, 10.593901381
10.603716604, 10.603905663
10.613716601, 10.613898316
10.623716601, 10.623904870
10.633716603, 10.633897772
10.643716598, 10.643894462
10.653716609, 10.653894945
10.663716598, 10.663900887
10.673716604, 10.673889054
10.683716600, 10.683897811
10.693716606, 10.693893152
10.703716593, 10.703897563
10.713716601, 10.713902893
10.723716604, 10.723902199
10.733716604, 10.733903463
10.743716611, 10.743905641
10.753716600, 10.753900347
10.763716596, 10.763887897
10.773716611, 10.773896254
10.783716604, 10.783892348
10.793716604, 10.793895199
10.803716598, 10.803896660
10.813716601, 10.813891800
10.823716598, 10.823911593
10.833716603, 10.833901356
10.843716611, 10.843879595
10.853716601, 10.853899557
10.863716604, 10.863898883
10.873716601, 10.873893167
10.883716603, 10.883891631
10.893716601, 10.893894375
10.903716601, 10.903899508
10.913716604, 10.913890641
10.923716595, 10.923892623
10.933716604, 10.933904182
10.943716598, 10.943900290
10.953716596, 10.953902949
10.963716596, 10.963892514
10.973716612, 10.973895604
10.983716601, 10.983899857
10.993716609, 10.993893344
11.003716592, 11.003897966
11.013716604, 11.013891994
11.023716604, 11.023900050
11.033716603, 11.033890663
11.043716603, 11.043895372
11.053716595, 11.053896576
11.063716600, 11.063902413
11.073716596, 11.073950309
11.083716598, 11.083846421
11.093716604, 11.093812762
11.103716600, 11.103841236
11.113716604, 11.113840854
11.123716603, 11.123843375
11.133716595, 11.133841103
11.143716598, 11.143848128
11.153716604, 11.153839104
11.163716603, 11.163842357
11.173716603, 11.173846227
11.183716593, 11.183842951
11.193716611, 11.193840173
11.203716601, 11.203842801
11.213716604, 11.213846336
11.223716609, 11.223850013
11.233716595, 11.233843197
11.243716590, 11.243844410
11.253716596, 11.253842813
11.263716596, 11.263841594
11.273716596, 11.273844040
11.283716609, 11.283844721
11.293716603, 11.293841200
11.303716596, 11.303852140
11.313716606, 11.313841714
11.323716596, 11.323845368
11.333716604, 11.333841713
11.343716600, 11.343840677
11.353716604, 11.353846082
11.363716603, 11.363846309
11.373716604, 11.373842002
11.383716596, 11.383848373
11.393716606, 11.393841629
11.403716600, 11.403844787
11.413716596, 11.413844189
11.423716604, 11.423843459
11.433716604, 11.433843543
11.443716603, 11.443842096
11.453716600, 11.453840639
11.463716600, 11.463849312
11.473716601, 11.473843308
11.483716604, 11.483841152
11.493716611, 11.493847962
11.503716604, 11.503846656
11.513716596, 11.513845216
11.523716600, 11.523846401
11.533716603, 11.533843319
11.543716596, 11.543850855
11.553716614, 11.553844263
11.563716600, 11.563842248
11.573716606, 11.573843274
11.583716604, 11.583840789
11.593716598, 11.593844269
11.603716595, 11.603845810
11.613716611, 11.613843555
11.623716603, 11.623848448
11.633716598, 11.633844290
11.643716611, 11.643840284
11.653716601, 11.653844937
11.663716593, 11.663844425
11.673716603, 11.673845502
11.683716600, 11.683843241
11.693716604, 11.693845430
11.703716598, 11.703848824
11.713716607, 11.713843176
11.723716598, 11.723843128
11.733716609, 11.733842946
11.743716609, 11.743843061
11.753716603, 11.753840036
11.763716596, 11.763841197
11.773716603, 11.773848111
11.783716595, 11.783849639
11.793716600, 11.793844228
11.803716604, 11.803840600
11.813716595, 11.813843298
11.823716603, 11.823841099
11.833716603, 11.833839330
11.843716596, 11.843844935
11.853716614, 11.853889064
11.863716609, 11.863893393
11.873716604, 11.873887327
11.883716598, 11.883886201
11.893716601, 11.893886530
11.903716606, 11.903887872
11.913716600, 11.913877748
11.923716601, 11.923887327
11.933716598, 11.933879685
11.943716600, 11.943894710
11.953716604, 11.953887204
11.963716592, 11.963890463
11.973716601, 11.973887468
11.983716596, 11.983888143
11.993716609, 11.993891846
12.003716600, 12.003888475
12.013716606, 12.013881312
12.023716598, 12.023893654
12.033716601, 12.033889118
12.043716604, 12.043888702
------------------------------
