------------------------------
test was performed using the following parameters: --mps=100 --burst=1 --reply-every=1 --msg-size=12 --time=10
------------------------------
sockperf: [Total Run] RunTime=10.100 sec; SentMessages=1011; ReceivedMessages=1010
sockperf: ========= Printing statistics for Server No: 0
sockperf: [Valid Duration] RunTime=9.990 sec; SentMessages=1000; ReceivedMessages=1000
sockperf: [2;35m====> avg-lat= 63.623 (std-dev=18.399)[0m
sockperf: # dropped messages = 0; # duplicated messages = 0; # out-of-order messages = 0
sockperf: [2;35mTotal 1000 observations[0m; each percentile contains 10.00 observations
sockperf: ---> <MAX> observation =  134.220
sockperf: ---> percentile  99.99 =  134.220
sockperf: ---> percentile  99.90 =  131.951
sockperf: ---> percentile  99.50 =  109.757
sockperf: ---> percentile  99.00 =  106.911
sockperf: ---> percentile  95.00 =   92.794
sockperf: ---> percentile  90.00 =   86.638
sockperf: ---> percentile  75.00 =   77.628
sockperf: ---> percentile  50.00 =   63.466
sockperf: ---> percentile  25.00 =   47.899
sockperf: ---> <MIN> observation =   28.647
------------------------------
txTime, rxTime
2.062589095, 2.062754471
2.072589092, 2.072769323
2.082589093, 2.082795156
2.092589106, 2.092708545
2.102589095, 2.102783505
2.112589084, 2.112765936
2.122589087, 2.122732203
2.132589091, 2.132728185
2.142589106, 2.142736257
2.152589092, 2.152775642
2.162589103, 2.162794414
2.172589106, 2.172760009
2.182589101, 2.182731106
2.192589110, 2.192740942
2.202589101, 2.202738824
2.212589106, 2.212681592
2.222589091, 2.222707559
2.232589092, 2.232702953
2.242589104, 2.242717140
2.252589099, 2.252703717
2.262589093, 2.262687304
2.272589105, 2.272695482
2.282589108, 2.282803242
2.292589091, 2.292717275
2.302589104, 2.302735393
2.312589092, 2.312715124
2.322589101, 2.322687758
2.332589108, 2.332688640
2.342589088, 2.342684439
2.352589091, 2.352728452
2.362589098, 2.362712911
2.372589105, 2.372687028
2.382589095, 2.382706651
2.392589103, 2.392698536
2.402589085, 2.402716443
2.412589110, 2.412723161
2.422589099, 2.422680988
2.432589106, 2.432789822
2.442589137, 2.442672493
2.452589102, 2.452706418
2.462589129, 2.462716063
2.472589089, 2.472747902
2.482589104, 2.482729577
2.492589105, 2.492732718
2.502589109, 2.502703669
2.512589092, 2.512793502
2.522589099, 2.522715239
2.532589091, 2.532755165
2.542589090, 2.542702374
2.552589088, 2.552697870
2.562589106, 2.562681382
2.572589089, 2.572722394
2.582589078, 2.582753759
2.592589089, 2.592764341
2.602589090, 2.602684700
2.612589092, 2.612710083
2.622589088, 2.622678852
2.632589088, 2.632712993
2.642589088, 2.642676871
2.652589086, 2.652698504
2.662589090, 2.662726394
2.672589088, 2.672766555
2.682589087, 2.682752771
2.692589084, 2.692780531
2.702589090, 2.702741625
2.712589086, 2.712715139
2.722589087, 2.722752022
2.732589089, 2.732744479
2.742589085, 2.742749586
2.752589081, 2.752733306
2.762589085, 2.762785944
2.772589087, 2.772677030
2.782589087, 2.782735897
2.792589091, 2.792691894
2.802589091, 2.802762137
2.812589102, 2.812729888
2.822589088, 2.822741978
2.832589084, 2.832730312
2.842589090, 2.842789966
2.852589092, 2.852727697
2.862589088, 2.862743335
2.872589088, 2.872721105
2.882589093, 2.882755701
2.892589086, 2.892818375
2.902589090, 2.902723309
2.912589084, 2.912709405
2.922589091, 2.922713469
2.932589092, 2.932781750
2.942589085, 2.942738680
2.952589083, 2.952700543
2.962589101, 2.962763642
2.972589089, 2.972691290
2.982589090, 2.982723741
2.992589086, 2.992718485
3.002589085, 3.002703467
3.012589089, 3.012802913
3.022589087, 3.022741202
3.032589307, 3.032728707
3.042589088, 3.042767413
3.052589092, 3.052754631
3.062589091, 3.062776591
3.072589081, 3.072758942
3.082589088, 3.082765789
3.092589092, 3.092751391
3.102589086, 3.102789802
3.112589086, 3.112754475
3.122589088, 3.122762365
3.132589084, 3.132778815
3.142589090, 3.142766711
3.152589089, 3.152758170
3.162589091, 3.162747925
3.172589089, 3.172758815
3.182589085, 3.182816002
3.192589084, 3.192730109
3.202589090, 3.202741110
3.212589088, 3.212707838
3.222589090, 3.222747273
3.232589092, 3.232729120
3.242589085, 3.242776807
3.252589088, 3.252737228
3.262589084, 3.262739448
3.272589088, 3.272717811
3.282589082, 3.282750306
3.292589081, 3.292737826
3.302589091, 3.302708008
3.312589082, 3.312785951
3.322589091, 3.322725788
3.332589091, 3.332764828
3.342589082, 3.342728933
3.352589089, 3.352756539
3.362589085, 3.362783444
3.372589083, 3.372739420
3.382589085, 3.382724703
3.392589091, 3.392703634
3.402589090, 3.402791257
3.412589086, 3.412717292
3.422589109, 3.422688466
3.432589086, 3.432717392
3.442589087, 3.442774146
3.452589083, 3.452696784
3.462589085, 3.462718791
3.472589089, 3.472681855
3.482589087, 3.482674044
3.492589080, 3.492716574
3.502589085, 3.502696901
3.512589132, 3.512667252
3.522589090, 3.522700336
3.532589160, 3.532665735
3.542589087, 3.542683868
3.552589080, 3.552694810
3.562589091, 3.562670300
3.572589084, 3.572689289
3.582589147, 3.582650952
3.592589088, 3.592676051
3.602589084, 3.602658046
3.612589084, 3.612695926
3.622589084, 3.622685650
3.632589084, 3.632698802
3.642589087, 3.642686481
3.652589088, 3.652675080
3.662589082, 3.662705767
3.672589088, 3.672696397
3.682589088, 3.682659624
3.692589089, 3.692663971
3.702589091, 3.702676384
3.712589094, 3.712691229
3.722589088, 3.722686647
3.732589081, 3.732661767
3.742589084, 3.742676633
3.752589083, 3.752687891
3.762589087, 3.762681089
3.772589100, 3.772716083
3.782589084, 3.782660274
3.792589088, 3.792697614
3.802589088, 3.802672634
3.812589083, 3.812699555
3.822589087, 3.822760207
3.832589116, 3.832735857
3.842589088, 3.842732891
3.852589084, 3.852723379
3.862589087, 3.862720241
3.872589088, 3.872793945
3.882589085, 3.882774072
3.892589083, 3.892701186
3.902589091, 3.902726577
3.912589088, 3.912756750
3.922589087, 3.922790628
3.932589088, 3.932768274
3.942589091, 3.942764146
3.952589091, 3.952782590
3.962589090, 3.962692953
3.972589090, 3.972711850
3.982589087, 3.982710824
3.992589081, 3.992705259
4.002589084, 4.002693962
4.012589084, 4.012705492
4.022589083, 4.022735849
4.032589084, 4.032699063
4.042589088, 4.042728774
4.052589085, 4.052719784
4.062589088, 4.062719420
4.072589089, 4.072772890
4.082589090, 4.082742547
4.092589092, 4.092696255
4.102589095, 4.102689962
4.112589084, 4.112734920
4.122589084, 4.122718801
4.132589091, 4.132687614
4.142589090, 4.142753844
4.152589083, 4.152734988
4.162589088, 4.162770170
4.172589099, 4.172694367
4.182589091, 4.182744434
4.192589097, 4.192727274
4.202589084, 4.202658514
4.212589086, 4.212684005
4.222589088, 4.222674764
4.232589095, 4.232755286
4.242589088, 4.242686853
4.252589092, 4.252713042
4.262589101, 4.262702742
4.272589088, 4.272713294
4.282589084, 4.282718125
4.292589081, 4.292727130
4.302589082, 4.302711810
4.312589089, 4.312715603
4.322589088, 4.322690521
4.332589078, 4.332736586
4.342589085, 4.342727526
4.352589094, 4.352719375
4.362589085, 4.362706050
4.372589090, 4.372659445
4.382589088, 4.382721741
4.392589086, 4.392702037
4.402589103, 4.402714276
4.412589083, 4.412737554
4.422589087, 4.422660554
4.432589092, 4.432675327
4.442589088, 4.442686266
4.452589081, 4.452701563
4.462589090, 4.462714691
4.472589088, 4.472726044
4.482589088, 4.482688222
4.492589088, 4.492719289
4.502589084, 4.502759421
4.512589083, 4.512748703
4.522589091, 4.522718994
4.532589091, 4.532785057
4.542589084, 4.542762212
4.552589092, 4.552723480
4.562589082, 4.562731819
4.572589088, 4.572778692
4.582589084, 4.582719786
4.592589083, 4.592748873
4.602589084, 4.602688508
4.612589092, 4.612735547
4.622589087, 4.622723629
4.632589089, 4.632759709
4.642589090, 4.642739501
4.652589090, 4.652770606
4.662589083, 4.662755005
4.672589083, 4.672857524
4.682589087, 4.682767295
4.692589086, 4.692735359
4.702589084, 4.702752193
4.712589081, 4.712740917
4.722589091, 4.722753100
4.732589091, 4.732730709
4.742589084, 4.742735418
4.752589081, 4.752751907
4.762589096, 4.762771202
4.772589084, 4.772734677
4.782589091, 4.782808607
4.792589088, 4.792725458
4.802589091, 4.802720752
4.812589086, 4.812709630
4.822589099, 4.822712270
4.832589084, 4.832797204
4.842589085, 4.842752979
4.852589088, 4.852852990
4.862589084, 4.862743810
4.872589088, 4.872734727
4.882589090, 4.882729516
4.892589091, 4.892747651
4.902589090, 4.902749976
4.912589092, 4.912737981
4.922589092, 4.922762233
4.932589081, 4.932679648
4.942589085, 4.942736830
4.952589086, 4.952720014
4.962589088, 4.962708375
4.972589084, 4.972687616
4.982589090, 4.982694192
4.992589089, 4.992675895
5.002589091, 5.002698976
5.012589090, 5.012672145
5.022589093, 5.022666181
5.032589089, 5.032650187
5.042589090, 5.042689406
5.052589086, 5.052658836
5.062589099, 5.062665941
5.072589092, 5.072713877
5.082589086, 5.082669021
5.092589090, 5.092680322
5.102589093, 5.102667988
5.112589081, 5.112708020
5.122589093, 5.122722097
5.132589090, 5.132679993
5.142589093, 5.142659863
5.152589086, 5.152686481
5.162589093, 5.162673680
5.172589089, 5.172781257
5.182589093, 5.182670737
5.192589089, 5.192674208
5.202589091, 5.202677372
5.212589092, 5.212686385
5.222589088, 5.222692537
5.232589081, 5.232666646
5.242589094, 5.242720997
5.252589093, 5.252701879
5.262589094, 5.262692674
5.272589087, 5.272706234
5.282589084, 5.282664321
5.292589081, 5.292672310
5.302589087, 5.302684886
5.312589089, 5.312693192
5.322589088, 5.322696519
5.332589089, 5.332649526
5.342589087, 5.342669013
5.352589088, 5.352681009
5.362589082, 5.362700449
5.372589089, 5.372701827
5.382589091, 5.382675536
5.392589089, 5.392654738
5.402589088, 5.402682491
5.412589092, 5.412659992
5.422589091, 5.422693305
5.432589086, 5.432669699
5.442589087, 5.442714476
5.452589091, 5.452666878
5.462589091, 5.462683898
5.472589086, 5.472681331
5.482589090, 5.482681169
5.492589083, 5.492668102
5.502589091, 5.502651794
5.512589091, 5.512710774
5.522589082, 5.522691300
5.532589086, 5.532714682
5.542589091, 5.542676358
5.552589089, 5.552652966
5.562589090, 5.562701311
5.572589092, 5.572678440
5.582589091, 5.582720034
5.592589084, 5.592682144
5.602589085, 5.602661774
5.612589088, 5.612670304
5.622589090, 5.622721793
5.632589084, 5.632651882
5.642589084, 5.642678436
5.652589088, 5.652684658
5.662589084, 5.662690769
5.672589091, 5.672690558
5.682589088, 5.682686560
5.692589092, 5.692653448
5.702589088, 5.702689089
5.712589089, 5.712683515
5.722589091, 5.722697535
5.732589084, 5.732709615
5.742589088, 5.742728483
5.752589088, 5.752675524
5.762589087, 5.762677101
5.772589089, 5.772682029
5.782589087, 5.782670854
5.792589086, 5.792662776
5.802589085, 5.802806214
5.812589084, 5.812754173
5.822589088, 5.822729678
5.832589081, 5.832715552
5.842589085, 5.842769589
5.852589086, 5.852758854
5.862589093, 5.862798413
5.872589089, 5.872738448
5.882589088, 5.882784581
5.892589084, 5.892749437
5.902589087, 5.902741508
5.912589085, 5.912757883
5.922589091, 5.922778258
5.932589088, 5.932796527
5.942589088, 5.942805078
5.952589095, 5.952849169
5.962589106, 5.962779313
5.972589083, 5.972703475
5.982589087, 5.982670348
5.992589084, 5.992696343
6.002589090, 6.002681648
6.012589086, 6.012733786
6.022589086, 6.022669308
6.032589088, 6.032715181
6.042589080, 6.042702375
6.052589084, 6.052735004
6.062589095, 6.062646389
6.072589083, 6.072665582
6.082589088, 6.082697255
6.092589092, 6.092722561
6.102589090, 6.102659104
6.112589083, 6.112649158
6.122589088, 6.122696614
6.132589089, 6.132685578
6.142589082, 6.142675556
6.152589086, 6.152730796
6.162589084, 6.162657739
6.172589083, 6.172656036
6.182589088, 6.182669566
6.192589081, 6.192667334
6.202589090, 6.202669801
6.212589086, 6.212691725
6.222589082, 6.222689495
6.232589092, 6.232668021
6.242589087, 6.242686705
6.252589088, 6.252680341
6.262589088, 6.262680143
6.272589084, 6.272717526
6.282589084, 6.282673303
6.292589084, 6.292672385
6.302589084, 6.302655879
6.312589081, 6.312704471
6.322589087, 6.322675533
6.332589084, 6.332685531
6.342589085, 6.342674380
6.352589086, 6.352687310
6.362589084, 6.362716630
6.372589081, 6.372716379
6.382589085, 6.382659419
6.392589084, 6.392714821
6.402589087, 6.402661117
6.412589086, 6.412734594
6.422589091, 6.422690865
6.432589083, 6.432697922
6.442589088, 6.442778417
6.452589092, 6.452779003
6.462589090, 6.462791455
6.472589092, 6.472769907
6.482589084, 6.482771477
6.492589086, 6.492807058
6.502589091, 6.502774681
6.512589086, 6.512753149
6.522589084, 6.522781407
6.532589084, 6.532802803
6.542589087, 6.542756473
6.552589083, 6.552709999
6.562589091, 6.562755022
6.572589086, 6.572757997
6.582589082, 6.582734643
6.592589089, 6.592753117
6.602589088, 6.602699278
6.612589080, 6.612678958
6.622589087, 6.622757943
6.632589092, 6.632722357
6.642589088, 6.642733381
6.652589110, 6.652664893
6.662589085, 6.662725415
6.672589092, 6.672720841
6.682589096, 6.682688641
6.692589088, 6.692676313
6.702589087, 6.702743403
6.712589091, 6.712661799
6.722589088, 6.722703781
6.732589091, 6.732680873
6.742589090, 6.742670547
6.752589086, 6.752662457
6.762589088, 6.762676996
6.772589089, 6.772697695
6.782589087, 6.782737654
6.792589083, 6.792689000
6.802589087, 6.802659578
6.812589084, 6.812752902
6.822589091, 6.822705217
6.832589086, 6.832724969
6.842589091, 6.842752316
6.852589084, 6.852672354
6.862589090, 6.862690726
6.872589083, 6.872740154
6.882589087, 6.882691150
6.892589103, 6.892689865
6.902589082, 6.902709540
6.912589089, 6.912691894
6.922589090, 6.922718562
6.932589092, 6.932753040
6.942589084, 6.942697609
6.952589086, 6.952672009
6.962589088, 6.962718509
6.972589080, 6.972710536
6.982589093, 6.982659763
6.992589089, 6.992756052
7.002589090, 7.002677731
7.012589086, 7.012734152
7.022589090, 7.022701875
7.032589080, 7.032713282
7.042589091, 7.042674524
7.052589088, 7.052692797
7.062589085, 7.062695267
7.072589088, 7.072733070
7.082589085, 7.082682437
7.092589083, 7.092717118
7.102589080, 7.102653471
7.112589089, 7.112744741
7.122589090, 7.122673035
7.132589091, 7.132704415
7.142589090, 7.142667787
7.152589089, 7.152750154
7.162589090, 7.162694350
7.172589088, 7.172679672
7.182589088, 7.182697902
7.192589091, 7.192681633
7.202589084, 7.202676898
7.212589080, 7.212689474
7.222589088, 7.222668230
7.232589086, 7.232719840
7.242589088, 7.242660600
7.252589088, 7.252724642
7.262589090, 7.262704663
7.272589091, 7.272670402
7.282589104, 7.282690270
7.292589086, 7.292712500
7.302589095, 7.302689214
7.312589092, 7.312721451
7.322589091, 7.322691503
7.332589083, 7.332659599
7.342589087, 7.342666271
7.352589086, 7.352700137
7.362589085, 7.362662684
7.372589114, 7.372701495
7.382589090, 7.382655130
7.392589080, 7.392697723
7.402589084, 7.402702388
7.412589091, 7.412702812
7.422589090, 7.422669937
7.432589086, 7.432673871
7.442589090, 7.442693016
7.452589084, 7.452686410
7.462589084, 7.462672099
7.472589091, 7.472677515
7.482589091, 7.482677487
7.492589086, 7.492674125
7.502589085, 7.502665315
7.512589079, 7.512656451
7.522589086, 7.522655711
7.532589084, 7.532669453
7.542589086, 7.542650927
7.552589089, 7.552732046
7.562589091, 7.562693865
7.572589089, 7.572678560
7.582589090, 7.582684800
7.592589084, 7.592683979
7.602589091, 7.602700916
7.612589092, 7.612684926
7.622589090, 7.622660992
7.632589089, 7.632673905
7.642589090, 7.642694428
7.652589081, 7.652690019
7.662589085, 7.662671740
7.672589086, 7.672789030
7.682589085, 7.682656440
7.692589084, 7.692671564
7.702589102, 7.702682682
7.712589086, 7.712669788
7.722589178, 7.722719975
7.732589089, 7.732736583
7.742589090, 7.742665113
7.752589086, 7.752683480
7.762589090, 7.762671359
7.772589084, 7.772679245
7.782589090, 7.782675741
7.792589087, 7.792723557
7.802589085, 7.802680449
7.812589089, 7.812656550
7.822589088, 7.822698317
7.832589084, 7.832700808
7.842589086, 7.842684358
7.852589093, 7.852671311
7.862589083, 7.862658501
7.872589084, 7.872690034
7.882589086, 7.882727495
7.892589082, 7.892711990
7.902589093, 7.902780551
7.912589089, 7.912729766
7.922589090, 7.922669272
7.932589084, 7.932657354
7.942589091, 7.942735942
7.952589087, 7.952706683
7.962589086, 7.962702820
7.972589084, 7.972695336
7.982589090, 7.982680563
7.992589082, 7.992693514
8.002589091, 8.002713866
8.012589087, 8.012677440
8.022589091, 8.022686521
8.032589090, 8.032670515
8.042589090, 8.042707786
8.052589086, 8.052682692
8.062589091, 8.062686019
8.072589086, 8.072680025
8.082589086, 8.082695032
8.092589087, 8.092678535
8.102589091, 8.102713350
8.112589084, 8.112707420
8.122589086, 8.122675269
8.132589081, 8.132657221
8.142589093, 8.142677650
8.152589090, 8.152680638
8.162589093, 8.162703509
8.172589084, 8.172694854
8.182589091, 8.182683878
8.192589090, 8.192662812
8.202589088, 8.202670151
8.212589087, 8.212657136
8.222589091, 8.222674635
8.232589086, 8.232724550
8.242589091, 8.242686095
8.252589089, 8.252674409
8.262589091, 8.262677173
8.272589089, 8.272716584
8.282589086, 8.282694530
8.292589086, 8.292693765
8.302589090, 8.302680026
8.312589082, 8.312666456
8.322589088, 8.322684183
8.332589092, 8.332736892
8.342589085, 8.342676260
8.352589079, 8.352674908
8.362589090, 8.362661897
8.372589089, 8.372667785
8.382589086, 8.382670905
8.392589084, 8.392698009
8.402589083, 8.402670128
8.412589084, 8.412700058
8.422589083, 8.422672843
8.432589090, 8.432703050
8.442589086, 8.442767643
8.452589087, 8.452732122
8.462589093, 8.462682028
8.472589082, 8.472712945
8.482589085, 8.482683359
8.492589084, 8.492701364
8.502589093, 8.502731544
8.512589092, 8.512727074
8.522589082, 8.522719246
8.532589084, 8.532691346
8.542589085, 8.542680059
8.552589084, 8.552687153
8.562589087, 8.562661619
8.572589089, 8.572700595
8.582589088, 8.582679052
8.592589086, 8.592726049
8.602589084, 8.602672092
8.612589088, 8.612712263
8.622589085, 8.622683407
8.632589091, 8.632656378
8.642589087, 8.642692659
8.652589088, 8.652684290
8.662589090, 8.662753549
8.672589086, 8.672702621
8.682589084, 8.682684708
8.692589086, 8.692743257
8.702589095, 8.702756345
8.712589088, 8.712689532
8.722589090, 8.722687662
8.732589086, 8.732684814
8.742589085, 8.742656112
8.752589094, 8.752679703
8.762589085, 8.762748351
8.772589088, 8.772693759
8.782589099, 8.782692585
8.792589083, 8.792663592
8.802589088, 8.802680026
8.812589088, 8.812739444
8.822589104, 8.822701183
8.832589083, 8.832725951
8.842589091, 8.842730671
8.852589086, 8.852764763
8.862589090, 8.862687959
8.872589088, 8.872683313
8.882589090, 8.882695314
8.892589087, 8.892696358
8.902589095, 8.902716237
8.912589087, 8.912733849
8.922589089, 8.922690077
8.932589090, 8.932680771
8.942589083, 8.942698426
8.952589079, 8.952678722
8.962589094, 8.962710512
8.972589090, 8.972660535
8.982589088, 8.982724564
8.992589085, 8.992694022
9.002589092, 9.002774814
9.012589087, 9.012678867
9.022589102, 9.022673382
9.032589092, 9.032665275
9.042589088, 9.042743045
9.052589089, 9.052680635
9.062589090, 9.062706080
9.072589088, 9.072695358
9.082589085, 9.082680388
9.092589089, 9.092716602
9.102589087, 9.102674200
9.112589084, 9.112657428
9.122589084, 9.122702844
9.132589080, 9.132685812
9.142589090, 9.142697584
9.152589086, 9.152671255
9.162589087, 9.162753544
9.172589089, 9.172695472
9.182589093, 9.182719225
9.192589083, 9.192701664
9.202589085, 9.202749673
9.212589092, 9.212790137
9.222589090, 9.222723348
9.232589089, 9.232763634
9.242589087, 9.242751958
9.252589088, 9.252705084
9.262589087, 9.262708747
9.272589088, 9.272680308
9.282589088, 9.282650256
9.292589083, 9.292692303
9.302589084, 9.302695347
9.312589088, 9.312701424
9.322589087, 9.322684139
9.332589091, 9.332755121
9.342589088, 9.342746823
9.352589092, 9.352698653
9.362589085, 9.362670228
9.372589092, 9.372685457
9.382589085, 9.382699578
9.392589086, 9.392694185
9.402589082, 9.402670101
9.412589083, 9.412679107
9.422589091, 9.422700713
9.432589086, 9.432728821
9.442589101, 9.442666230
9.452589084, 9.452680041
9.462589093, 9.462677543
9.472589089, 9.472705351
9.482589077, 9.482652958
9.492589089, 9.492698541
9.502589090, 9.502659703
9.512589089, 9.512681945
9.522589085, 9.522690917
9.532589100, 9.532708616
9.542589079, 9.542670243
9.552589084, 9.552714742
9.562589104, 9.562691840
9.572589092, 9.572723393
9.582589084, 9.582696013
9.592589102, 9.592694204
9.602589085, 9.602721160
9.612589086, 9.612705487
9.622589090, 9.622711174
9.632589093, 9.632702979
9.642589232, 9.642654327
9.652589086, 9.652691844
9.662589089, 9.662665647
9.672589084, 9.672708894
9.682589090, 9.682679327
9.692589088, 9.692712923
9.702589090, 9.702669086
9.712589092, 9.712688905
9.722589090, 9.722690100
9.732589084, 9.732649002
9.742589090, 9.742657619
9.752589088, 9.752693075
9.762589090, 9.762685330
9.772589088, 9.772686752
9.782589090, 9.782692245
9.792589084, 9.792671814
9.802589084, 9.802684065
9.812589091, 9.812712268
9.822589085, 9.822695681
9.832589088, 9.832687190
9.842589085, 9.842721511
9.852589082, 9.852728063
9.862589091, 9.862683244
9.872589081, 9.872686353
9.882589086, 9.882658884
9.892589087, 9.892656075
9.902589090, 9.902672354
9.912589079, 9.912659247
9.922589091, 9.922697708
9.932589086, 9.932736374
9.942589090, 9.942691176
9.952589082, 9.952676413
9.962589088, 9.962667943
9.972589082, 9.972687981
9.982589085, 9.982674031
9.992589087, 9.992758739
10.002589091, 10.002752638
10.012589086, 10.012756508
10.022589086, 10.022764708
10.032589082, 10.032754190
10.042589091, 10.042770596
10.052589081, 10.052743793
10.062589090, 10.062761263
10.072589084, 10.072795679
10.082589082, 10.082742878
10.092589083, 10.092758086
10.102589090, 10.102756131
10.112589084, 10.112764383
10.122589082, 10.122766958
10.132589089, 10.132757570
10.142589087, 10.142759572
10.152589084, 10.152747768
10.162589103, 10.162748200
10.172589086, 10.172743524
10.182589085, 10.182745860
10.192589084, 10.192752984
10.202589084, 10.202739941
10.212589086, 10.212743780
10.222589087, 10.222750716
10.232589089, 10.232743812
10.242589087, 10.242744244
10.252589083, 10.252747280
10.262589090, 10.262738892
10.272589084, 10.272748770
10.282589085, 10.282738720
10.292589088, 10.292739019
10.302589088, 10.302745392
10.312589083, 10.312745864
10.322589090, 10.322741796
10.332589081, 10.332742032
10.342589085, 10.342742001
10.352589091, 10.352743717
10.362589088, 10.362738626
10.372589084, 10.372743250
10.382589084, 10.382744394
10.392589083, 10.392748403
10.402589087, 10.402747177
10.412589083, 10.412744678
10.422589096, 10.422740668
10.432589084, 10.432747699
10.442589088, 10.442745143
10.452589083, 10.452738667
10.462589090, 10.462744043
10.472589091, 10.472744985
10.482589087, 10.482752981
10.492589094, 10.492734783
10.502589085, 10.502745422
10.512589083, 10.512746383
10.522589084, 10.522741377
10.532589091, 10.532729996
10.542589089, 10.542739117
10.552589086, 10.552740979
10.562589082, 10.562745653
10.572589084, 10.572745619
10.582589082, 10.582740273
10.592589089, 10.592754573
10.602589080, 10.602741513
10.612589088, 10.612747262
10.622589084, 10.622744689
10.632589078, 10.632743820
10.642589082, 10.642748829
10.652589081, 10.652743028
10.662589084, 10.662742357
10.672589088, 10.672741369
10.682589082, 10.682730906
10.692589081, 10.692748414
10.702589082, 10.702746720
10.712589088, 10.712743192
10.722589085, 10.722741048
10.732589084, 10.732743655
10.742589088, 10.742741446
10.752589089, 10.752751207
10.762589082, 10.762750092
10.772589086, 10.772743791
10.782589090, 10.782746425
10.792589097, 10.792747843
10.802589087, 10.802741255
10.812589081, 10.812743369
10.822589088, 10.822740188
10.832589091, 10.832746094
10.842589084, 10.842744493
10.852589083, 10.852742772
10.862589087, 10.862739454
10.872589083, 10.872731248
10.882589085, 10.882748184
10.892589083, 10.892748328
10.902589090, 10.902746282
10.912589088, 10.912744801
10.922589082, 10.922731598
10.932589085, 10.932742054
10.942589088, 10.942746957
10.952589081, 10.952737882
10.962589082, 10.962741741
10.972589084, 10.972741617
10.982589082, 10.982745721
10.992589080, 10.992746427
11.002589087, 11.002740711
11.012589086, 11.012744343
11.022589084, 11.022742199
11.032589088, 11.032743963
11.042589088, 11.042742960
11.052589080, 11.052741911
11.062589082, 11.062740320
11.072589089, 11.072748326
11.082589085, 11.082743855
11.092589081, 11.092743229
11.102589088, 11.102747333
11.112589088, 11.112743690
11.122589087, 11.122741056
11.132589089, 11.132744288
11.142589082, 11.142747486
11.152589088, 11.152747958
11.162589080, 11.162740890
11.172589080, 11.172729877
11.182589089, 11.182739533
11.192589089, 11.192738679
11.202589080, 11.202743485
11.212589084, 11.212743029
11.222589084, 11.222745308
11.232589086, 11.232752607
11.242589090, 11.242746621
11.252589091, 11.252731365
11.262589087, 11.262737772
11.272589086, 11.272747978
11.282589084, 11.282739497
11.292589086, 11.292743978
11.302589082, 11.302738353
11.312589089, 11.312748806
11.322589088, 11.322744923
11.332589089, 11.332747687
11.342589077, 11.342745028
11.352589081, 11.352741210
11.362589077, 11.362737254
11.372589088, 11.372748940
11.382589082, 11.382745854
11.392589081, 11.392750170
11.402589077, 11.402746074
11.412589084, 11.412740381
11.422589080, 11.422732932
11.432589091, 11.432744419
11.442589088, 11.442730582
11.452589089, 11.452744754
11.462589087, 11.462745133
11.472589083, 11.472744710
11.482589088, 11.482742021
11.492589081, 11.492738725
11.502589090, 11.502744386
11.512589083, 11.512748365
11.522589085, 11.522744334
11.532589086, 11.532747878
11.542589084, 11.542740562
11.552589083, 11.552744383
11.562589088, 11.562742428
11.572589089, 11.572741751
11.582589080, 11.582733039
11.592589084, 11.592738765
11.602589082, 11.602742346
11.612589086, 11.612750638
11.622589087, 11.622747823
11.632589086, 11.632745898
11.642589080, 11.642742509
11.652589084, 11.652738968
11.662589088, 11.662743739
11.672589084, 11.672747976
11.682589085, 11.682732522
11.692589080, 11.692745111
11.702589090, 11.702746880
11.712589081, 11.712747252
11.722589096, 11.722744441
11.732589083, 11.732741502
11.742589082, 11.742740336
11.752589091, 11.752745077
11.762589082, 11.762738506
11.772589083, 11.772748703
11.782589084, 11.782746134
11.792589089, 11.792739451
11.802589084, 11.802742330
11.812589091, 11.812744011
11.822589088, 11.822739268
11.832589088, 11.832761031
11.842589080, 11.842761410
11.852589089, 11.852765350
11.862589082, 11.862764163
11.872589081, 11.872763506
11.882589085, 11.882764150
11.892589083, 11.892764329
11.902589090, 11.902765691
11.912589084, 11.912765361
11.922589085, 11.922764287
11.932589086, 11.932767536
11.942589090, 11.942766551
11.952589086, 11.952767776
11.962589085, 11.962766085
11.972589084, 11.972763986
11.982589082, 11.982765702
11.992589086, 11.992764923
12.002589088, 12.002765222
12.012589083, 12.012769238
12.022589082, 12.022765820
12.032589088, 12.032768882
12.042589087, 12.042765757
12.052589091, 12.052767268
------------------------------
