------------------------------
test was performed using the following parameters: --mps=100 --burst=1 --reply-every=1 --msg-size=12 --time=10
------------------------------
sockperf: [Total Run] RunTime=10.100 sec; SentMessages=1011; ReceivedMessages=1010
sockperf: ========= Printing statistics for Server No: 0
sockperf: [Valid Duration] RunTime=9.990 sec; SentMessages=1000; ReceivedMessages=1000
sockperf: [2;35m====> avg-lat= 69.093 (std-dev=14.957)[0m
sockperf: # dropped messages = 0; # duplicated messages = 0; # out-of-order messages = 0
sockperf: [2;35mTotal 1000 observations[0m; each percentile contains 10.00 observations
sockperf: ---> <MAX> observation =  110.327
sockperf: ---> percentile  99.99 =  110.327
sockperf: ---> percentile  99.90 =  110.254
sockperf: ---> percentile  99.50 =  100.294
sockperf: ---> percentile  99.00 =   93.626
sockperf: ---> percentile  95.00 =   89.477
sockperf: ---> percentile  90.00 =   88.186
sockperf: ---> percentile  75.00 =   82.251
sockperf: ---> percentile  50.00 =   68.889
sockperf: ---> percentile  25.00 =   59.018
sockperf: ---> <MIN> observation =   29.057
------------------------------
txTime, rxTime
2.063153488, 2.063289682
2.073153488, 2.073300443
2.083153493, 2.083288257
2.093153488, 2.093291418
2.103153489, 2.103251484
2.113153488, 2.113300481
2.123153489, 2.123292024
2.133153483, 2.133266133
2.143153482, 2.143265156
2.153153510, 2.153322149
2.163153865, 2.163284609
2.173153616, 2.173283345
2.183153499, 2.183293770
2.193153543, 2.193258445
2.203153560, 2.203277159
2.213153489, 2.213255861
2.223153494, 2.223352193
2.233153496, 2.233247835
2.243153963, 2.243296107
2.253153485, 2.253272839
2.263154217, 2.263282219
2.273153485, 2.273267302
2.283154841, 2.283303754
2.293153493, 2.293311004
2.303153493, 2.303274920
2.313155394, 2.313306829
2.323153493, 2.323280817
2.333153499, 2.333269278
2.343153488, 2.343254021
2.353153491, 2.353249427
2.363153491, 2.363247860
2.373153489, 2.373245438
2.383153483, 2.383247401
2.393153497, 2.393246182
2.403153480, 2.403245683
2.413153556, 2.413243722
2.423153502, 2.423248843
2.433153559, 2.433252559
2.443153504, 2.443252806
2.453153486, 2.453249619
2.463153494, 2.463249427
2.473153491, 2.473250148
2.483153485, 2.483249987
2.493153491, 2.493249005
2.503153486, 2.503251778
2.513153583, 2.513295665
2.523153489, 2.523253718
2.533153578, 2.533318306
2.543153493, 2.543311411
2.553153488, 2.553294386
2.563153488, 2.563311662
2.573153488, 2.573312774
2.583153500, 2.583319056
2.593153815, 2.593306621
2.603153502, 2.603313914
2.613153496, 2.613305383
2.623153485, 2.623343375
2.633153655, 2.633323195
2.643153489, 2.643327661
2.653153494, 2.653315111
2.663153497, 2.663330262
2.673153491, 2.673256358
2.683153496, 2.683291274
2.693153493, 2.693283515
2.703153504, 2.703286594
2.713153486, 2.713250088
2.723153485, 2.723278319
2.733153499, 2.733292068
2.743153488, 2.743277290
2.753153493, 2.753293219
2.763153486, 2.763274045
2.773153494, 2.773269550
2.783153493, 2.783304739
2.793153486, 2.793280209
2.803153488, 2.803267038
2.813153478, 2.813305803
2.823153488, 2.823292139
2.833154716, 2.833293712
2.843153493, 2.843287990
2.853153485, 2.853314585
2.863153485, 2.863285598
2.873153483, 2.873251272
2.883153488, 2.883295098
2.893155040, 2.893296241
2.903153494, 2.903305094
2.913153489, 2.913299383
2.923153494, 2.923300032
2.933153485, 2.933268211
2.943153489, 2.943309607
2.953153486, 2.953310792
2.963153504, 2.963285746
2.973153491, 2.973308328
2.983153488, 2.983273925
2.993153497, 2.993339931
3.003153500, 3.003309594
3.013153485, 3.013320700
3.023153491, 3.023283097
3.033153489, 3.033295357
3.043153499, 3.043282090
3.053153488, 3.053275403
3.063153486, 3.063301006
3.073153497, 3.073285620
3.083153485, 3.083299194
3.093153485, 3.093304103
3.103153493, 3.103274521
3.113153483, 3.113276183
3.123153493, 3.123288530
3.133153488, 3.133296549
3.143153493, 3.143291029
3.153153491, 3.153273731
3.163153489, 3.163274874
3.173153493, 3.173279221
3.183153821, 3.183254966
3.193153507, 3.193279094
3.203153488, 3.203287535
3.213153489, 3.213279128
3.223153505, 3.223302855
3.233153486, 3.233281147
3.243153504, 3.243299337
3.253153493, 3.253277010
3.263153486, 3.263310091
3.273153489, 3.273299596
3.283153488, 3.283308377
3.293153559, 3.293294932
3.303153483, 3.303287807
3.313153489, 3.313280653
3.323154674, 3.323255660
3.333153499, 3.333261232
3.343153502, 3.343252627
3.353153486, 3.353272596
3.363153485, 3.363248224
3.373153483, 3.373250799
3.383153493, 3.383253895
3.393153488, 3.393250701
3.403153491, 3.403254517
3.413153493, 3.413252990
3.423153485, 3.423282960
3.433153493, 3.433252509
3.443153494, 3.443255329
3.453153507, 3.453253791
3.463153557, 3.463249079
3.473153489, 3.473255288
3.483153494, 3.483264118
3.493153562, 3.493252927
3.503153489, 3.503278924
3.513153489, 3.513252250
3.523153485, 3.523247674
3.533153540, 3.533254580
3.543153497, 3.543271159
3.553153486, 3.553254113
3.563153496, 3.563247518
3.573153486, 3.573259205
3.583153483, 3.583253028
3.593153489, 3.593250496
3.603153489, 3.603244824
3.613153502, 3.613256000
3.623153497, 3.623253920
3.633153482, 3.633246706
3.643153485, 3.643302911
3.653153496, 3.653290758
3.663153507, 3.663310147
3.673153489, 3.673312858
3.683153494, 3.683324999
3.693153488, 3.693297678
3.703153507, 3.703319240
3.713153496, 3.713283534
3.723153489, 3.723313988
3.733153488, 3.733291326
3.743153494, 3.743308418
3.753153500, 3.753340754
3.763153489, 3.763314991
3.773154093, 3.773300784
3.783153485, 3.783304829
3.793153507, 3.793309231
3.803153488, 3.803293240
3.813153848, 3.813284384
3.823153491, 3.823316803
3.833153486, 3.833257531
3.843153502, 3.843279547
3.853153519, 3.853284308
3.863153483, 3.863292569
3.873153486, 3.873306316
3.883153491, 3.883302748
3.893153504, 3.893250687
3.903153508, 3.903288478
3.913153485, 3.913268093
3.923153483, 3.923273560
3.933153482, 3.933296252
3.943153491, 3.943277176
3.953153496, 3.953328302
3.963153486, 3.963295104
3.973153497, 3.973302936
3.983153496, 3.983263346
3.993153502, 3.993267319
4.003153488, 4.003299270
4.013153489, 4.013256617
4.023153491, 4.023281516
4.033153673, 4.033311737
4.043153491, 4.043302898
4.053153491, 4.053269035
4.063153551, 4.063302554
4.073153505, 4.073300416
4.083153507, 4.083279473
4.093153502, 4.093279776
4.103153493, 4.103298079
4.113153559, 4.113252207
4.123153518, 4.123272941
4.133153500, 4.133311756
4.143153502, 4.143263811
4.153153486, 4.153274056
4.163153500, 4.163300411
4.173153489, 4.173280190
4.183153496, 4.183267900
4.193153565, 4.193283449
4.203153491, 4.203307450
4.213153554, 4.213304259
4.223153508, 4.223272940
4.233153491, 4.233297582
4.243153496, 4.243254942
4.253153488, 4.253286945
4.263153493, 4.263274778
4.273153488, 4.273255548
4.283153489, 4.283281392
4.293153493, 4.293287518
4.303153491, 4.303271053
4.313153489, 4.313260897
4.323153483, 4.323311388
4.333153500, 4.333325045
4.343153497, 4.343288981
4.353153493, 4.353287540
4.363153491, 4.363309976
4.373153500, 4.373316151
4.383153489, 4.383288980
4.393153491, 4.393311336
4.403153486, 4.403298570
4.413153491, 4.413272433
4.423153493, 4.423294197
4.433153548, 4.433312052
4.443153491, 4.443292918
4.453153491, 4.453291460
4.463153488, 4.463313928
4.473153486, 4.473301958
4.483153483, 4.483292463
4.493153731, 4.493273848
4.503153486, 4.503274697
4.513153493, 4.513301025
4.523153548, 4.523309065
4.533153504, 4.533287324
4.543153496, 4.543281273
4.553153494, 4.553293565
4.563153573, 4.563289995
4.573153508, 4.573296374
4.583153489, 4.583282189
4.593153491, 4.593288748
4.603153493, 4.603275420
4.613153500, 4.613280724
4.623153486, 4.623296450
4.633153491, 4.633296131
4.643153493, 4.643280050
4.653153720, 4.653313101
4.663153515, 4.663284617
4.673153486, 4.673298834
4.683153497, 4.683299478
4.693153494, 4.693285383
4.703153745, 4.703247486
4.713153485, 4.713284979
4.723153486, 4.723292734
4.733153505, 4.733287025
4.743153496, 4.743277951
4.753153494, 4.753298935
4.763153494, 4.763317117
4.773153796, 4.773314135
4.783153504, 4.783253486
4.793153502, 4.793302876
4.803153500, 4.803301442
4.813153480, 4.813300751
4.823153486, 4.823273132
4.833153489, 4.833283774
4.843153489, 4.843301564
4.853153489, 4.853276890
4.863153497, 4.863268476
4.873153489, 4.873291036
4.883153575, 4.883292845
4.893153486, 4.893286881
4.903153568, 4.903255580
4.913153488, 4.913286927
4.923153581, 4.923280290
4.933153493, 4.933281793
4.943153589, 4.943250107
4.953153497, 4.953295805
4.963153483, 4.963285841
4.973153494, 4.973295392
4.983153586, 4.983292101
4.993153508, 4.993333645
5.003153512, 5.003333507
5.013153632, 5.013305244
5.023153493, 5.023274782
5.033153486, 5.033321652
5.043153489, 5.043300454
5.053153493, 5.053276451
5.063153496, 5.063274443
5.073153489, 5.073284158
5.083153480, 5.083303721
5.093153491, 5.093284854
5.103153496, 5.103293754
5.113153496, 5.113252705
5.123153496, 5.123228258
5.133153496, 5.133294048
5.143153483, 5.143317204
5.153153493, 5.153252932
5.163153488, 5.163261733
5.173153488, 5.173290065
5.183153493, 5.183273346
5.193153502, 5.193308869
5.203153491, 5.203242418
5.213153505, 5.213292022
5.223153502, 5.223262857
5.233153491, 5.233266623
5.243153589, 5.243278493
5.253153493, 5.253295706
5.263153493, 5.263261057
5.273153485, 5.273229735
5.283153494, 5.283273355
5.293153491, 5.293291724
5.303153491, 5.303284958
5.313153488, 5.313239028
5.323153486, 5.323251506
5.333153488, 5.333266769
5.343153493, 5.343270944
5.353153497, 5.353270308
5.363153502, 5.363317217
5.373153482, 5.373310473
5.383153477, 5.383315371
5.393153486, 5.393335408
5.403153488, 5.403296685
5.413153481, 5.413313312
5.423154547, 5.423300120
5.433153487, 5.433328676
5.443153494, 5.443345006
5.453153494, 5.453285056
5.463153497, 5.463309114
5.473153489, 5.473321568
5.483153496, 5.483325453
5.493153488, 5.493326839
5.503153486, 5.503333292
5.513153570, 5.513328519
5.523153489, 5.523276701
5.533153483, 5.533290886
5.543153486, 5.543291482
5.553153496, 5.553305558
5.563153489, 5.563309315
5.573153491, 5.573273039
5.583153494, 5.583255788
5.593153485, 5.593293803
5.603153793, 5.603357801
5.613153553, 5.613270172
5.623153486, 5.623260159
5.633153491, 5.633307133
5.643153494, 5.643307511
5.653153488, 5.653272765
5.663153485, 5.663291197
5.673153491, 5.673300653
5.683153486, 5.683295444
5.693153488, 5.693321437
5.703153507, 5.703284431
5.713153486, 5.713282633
5.723153488, 5.723257804
5.733153482, 5.733271798
5.743153494, 5.743256533
5.753153493, 5.753302980
5.763153489, 5.763265969
5.773153496, 5.773285415
5.783153579, 5.783312597
5.793153493, 5.793306823
5.803153491, 5.803278906
5.813153486, 5.813249935
5.823153488, 5.823311203
5.833153486, 5.833295578
5.843153489, 5.843291697
5.853153493, 5.853285827
5.863154012, 5.863272318
5.873153489, 5.873307284
5.883153491, 5.883298335
5.893153493, 5.893261167
5.903153493, 5.903278641
5.913153485, 5.913328550
5.923153491, 5.923281644
5.933153493, 5.933270963
5.943153494, 5.943284826
5.953153827, 5.953294845
5.963153486, 5.963301289
5.973153486, 5.973257560
5.983153927, 5.983296532
5.993153507, 5.993253112
6.003153497, 6.003277004
6.013153489, 6.013275109
6.023153486, 6.023318610
6.033153491, 6.033313996
6.043153489, 6.043303607
6.053153485, 6.053306188
6.063153499, 6.063290601
6.073153493, 6.073325541
6.083153493, 6.083258840
6.093153504, 6.093282988
6.103153494, 6.103295790
6.113153486, 6.113252870
6.123153485, 6.123284327
6.133153499, 6.133305004
6.143153728, 6.143301840
6.153153516, 6.153306953
6.163153493, 6.163274697
6.173153507, 6.173279041
6.183153491, 6.183315376
6.193153579, 6.193312123
6.203153486, 6.203270295
6.213153480, 6.213307183
6.223153507, 6.223254055
6.233153494, 6.233289502
6.243153849, 6.243307630
6.253153512, 6.253250958
6.263153489, 6.263332258
6.273153513, 6.273294940
6.283153494, 6.283287680
6.293153687, 6.293264262
6.303153496, 6.303276549
6.313153488, 6.313250693
6.323153489, 6.323292416
6.333153493, 6.333250873
6.343153491, 6.343282615
6.353153493, 6.353309566
6.363153489, 6.363279761
6.373153488, 6.373251692
6.383153497, 6.383298771
6.393153534, 6.393300610
6.403153488, 6.403322056
6.413153488, 6.413265814
6.423153662, 6.423312206
6.433153494, 6.433278210
6.443153485, 6.443281944
6.453153494, 6.453313933
6.463153482, 6.463279244
6.473153622, 6.473251179
6.483153496, 6.483284404
6.493153505, 6.493288254
6.503153589, 6.503304401
6.513153500, 6.513354089
6.523153488, 6.523248244
6.533153500, 6.533309662
6.543153502, 6.543253455
6.553153494, 6.553311918
6.563153504, 6.563275251
6.573153491, 6.573265292
6.583153488, 6.583319345
6.593153488, 6.593295242
6.603154997, 6.603287785
6.613153499, 6.613262085
6.623153489, 6.623333093
6.633153488, 6.633283986
6.643153488, 6.643261234
6.653153483, 6.653273816
6.663153660, 6.663283334
6.673153483, 6.673299374
6.683153575, 6.683294306
6.693153488, 6.693355343
6.703153598, 6.703278682
6.713153493, 6.713249111
6.723153483, 6.723253734
6.733153486, 6.733310500
6.743153500, 6.743273737
6.753153486, 6.753256074
6.763153489, 6.763283204
6.773153494, 6.773285345
6.783153486, 6.783290783
6.793153513, 6.793290096
6.803153486, 6.803274241
6.813153478, 6.813276390
6.823153475, 6.823310914
6.833153483, 6.833297034
6.843153478, 6.843263192
6.853153489, 6.853296947
6.863153485, 6.863288219
6.873153488, 6.873303040
6.883153477, 6.883258982
6.893153478, 6.893303721
6.903153486, 6.903250908
6.913153485, 6.913284984
6.923153488, 6.923233174
6.933153478, 6.933275607
6.943153486, 6.943295569
6.953153493, 6.953266916
6.963153483, 6.963300209
6.973153494, 6.973312573
6.983153488, 6.983271298
6.993153554, 6.993309861
7.003153486, 7.003286252
7.013153486, 7.013283326
7.023153486, 7.023287600
7.033153486, 7.033230851
7.043153497, 7.043239173
7.053153489, 7.053244681
7.063153482, 7.063224313
7.073153486, 7.073234612
7.083153480, 7.083235027
7.093153480, 7.093238311
7.103153553, 7.103249768
7.113153502, 7.113245989
7.123153489, 7.123237176
7.133153482, 7.133225044
7.143153489, 7.143244562
7.153153496, 7.153279431
7.163153556, 7.163243703
7.173153482, 7.173247215
7.183153486, 7.183228904
7.193153482, 7.193221918
7.203153480, 7.203259671
7.213153478, 7.213249992
7.223153480, 7.223228792
7.233153491, 7.233215349
7.243153483, 7.243217064
7.253153485, 7.253229258
7.263153488, 7.263274850
7.273153579, 7.273257247
7.283153482, 7.283271863
7.293153491, 7.293222265
7.303153485, 7.303267439
7.313153483, 7.313236134
7.323153485, 7.323223774
7.333153486, 7.333228573
7.343153556, 7.343278332
7.353153485, 7.353231614
7.363153480, 7.363217012
7.373153485, 7.373236398
7.383153480, 7.383229089
7.393153485, 7.393277771
7.403153562, 7.403282791
7.413153480, 7.413275089
7.423153483, 7.423275348
7.433153485, 7.433294902
7.443153482, 7.443272836
7.453153480, 7.453276172
7.463153478, 7.463273167
7.473153489, 7.473312556
7.483153485, 7.483264512
7.493153486, 7.493275292
7.503153546, 7.503285768
7.513153551, 7.513257152
7.523153485, 7.523285356
7.533153483, 7.533266793
7.543153491, 7.543312532
7.553153488, 7.553258217
7.563153567, 7.563290777
7.573153551, 7.573282412
7.583153484, 7.583278850
7.593153487, 7.593278697
7.603153476, 7.603257917
7.613153488, 7.613288406
7.623153482, 7.623298653
7.633153580, 7.633306934
7.643153487, 7.643240659
7.653153485, 7.653271254
7.663153482, 7.663237907
7.673153484, 7.673279701
7.683153482, 7.683238888
7.693153558, 7.693259194
7.703153488, 7.703225609
7.713153482, 7.713277527
7.723153553, 7.723214000
7.733153487, 7.733219600
7.743153626, 7.743242548
7.753153547, 7.753261975
7.763153482, 7.763298029
7.773153548, 7.773211663
7.783153537, 7.783238108
7.793153621, 7.793226075
7.803153484, 7.803285028
7.813153488, 7.813248200
7.823153490, 7.823305470
7.833153495, 7.833278384
7.843153484, 7.843265091
7.853153502, 7.853294044
7.863153480, 7.863286185
7.873153491, 7.873292022
7.883153493, 7.883307909
7.893153483, 7.893256811
7.903153480, 7.903273516
7.913153493, 7.913308105
7.923153486, 7.923280648
7.933153488, 7.933313718
7.943153489, 7.943294748
7.953153483, 7.953234977
7.963153483, 7.963267208
7.973153725, 7.973248479
7.983153486, 7.983276748
7.993153500, 7.993304688
8.003153559, 8.003245581
8.013153486, 8.013231517
8.023153485, 8.023289172
8.033153485, 8.033283599
8.043153485, 8.043237580
8.053153592, 8.053276195
8.063153489, 8.063278943
8.073153489, 8.073268208
8.083153485, 8.083268364
8.093153557, 8.093290295
8.103153483, 8.103286405
8.113153488, 8.113284150
8.123153557, 8.123300293
8.133153483, 8.133271165
8.143153488, 8.143306226
8.153153489, 8.153284355
8.163153551, 8.163322394
8.173153486, 8.173274841
8.183153488, 8.183285914
8.193153477, 8.193285558
8.203153491, 8.203279189
8.213153482, 8.213295916
8.223153485, 8.223305262
8.233153483, 8.233297672
8.243153485, 8.243272722
8.253153477, 8.253260585
8.263153480, 8.263247418
8.273153486, 8.273252163
8.283153491, 8.283226097
8.293153606, 8.293274681
8.303153485, 8.303278378
8.313153488, 8.313250883
8.323153542, 8.323278892
8.333153480, 8.333271947
8.343153483, 8.343283267
8.353153540, 8.353268364
8.363153482, 8.363303897
8.373153485, 8.373290204
8.383153480, 8.383303414
8.393153480, 8.393278141
8.403153478, 8.403270342
8.413153488, 8.413244144
8.423153548, 8.423265612
8.433153605, 8.433254550
8.443153478, 8.443256031
8.453153545, 8.453299977
8.463153556, 8.463255757
8.473153486, 8.473316795
8.483153482, 8.483266981
8.493153540, 8.493272449
8.503153477, 8.503310293
8.513153551, 8.513266338
8.523153775, 8.523288651
8.533153486, 8.533325291
8.543153775, 8.543318278
8.553153486, 8.553338017
8.563153482, 8.563307797
8.573153480, 8.573279672
8.583153483, 8.583324414
8.593153486, 8.593222557
8.603153486, 8.603279339
8.613153483, 8.613285156
8.623153480, 8.623242102
8.633153488, 8.633329196
8.643153482, 8.643239118
8.653153488, 8.653286275
8.663153488, 8.663236609
8.673153488, 8.673289411
8.683153486, 8.683309275
8.693153549, 8.693289730
8.703153485, 8.703268394
8.713153652, 8.713259246
8.723153485, 8.723283081
8.733153479, 8.733280914
8.743153536, 8.743308331
8.753153476, 8.753296884
8.763153484, 8.763270707
8.773153494, 8.773291942
8.783153553, 8.783289416
8.793153556, 8.793270071
8.803153535, 8.803265659
8.813153486, 8.813284521
8.823153562, 8.823258464
8.833153491, 8.833276712
8.843153562, 8.843272945
8.853153489, 8.853222309
8.863153482, 8.863282442
8.873153486, 8.873301333
8.883153489, 8.883261597
8.893153482, 8.893259911
8.903153488, 8.903292319
8.913153488, 8.913313709
8.923153483, 8.923321368
8.933153590, 8.933243375
8.943153867, 8.943297304
8.953153551, 8.953260770
8.963153485, 8.963311694
8.973153485, 8.973277353
8.983153478, 8.983315128
8.993153507, 8.993270180
9.003153485, 9.003290038
9.013153488, 9.013310807
9.023153488, 9.023300762
9.033153551, 9.033306863
9.043153480, 9.043294844
9.053153486, 9.053277571
9.063153553, 9.063300593
9.073153491, 9.073277945
9.083153496, 9.083305514
9.093153485, 9.093265911
9.103153480, 9.103311877
9.113153545, 9.113324758
9.123153482, 9.123258136
9.133153560, 9.133311733
9.143153482, 9.143290222
9.153153480, 9.153266229
9.163153480, 9.163273698
9.173153556, 9.173273775
9.183153483, 9.183311380
9.193153485, 9.193264505
9.203153482, 9.203222015
9.213153556, 9.213273991
9.223153482, 9.223274511
9.233153543, 9.233292363
9.243153554, 9.243282249
9.253153540, 9.253326414
9.263153581, 9.263264551
9.273153542, 9.273288757
9.283153480, 9.283258528
9.293153549, 9.293265767
9.303153480, 9.303295870
9.313153488, 9.313268975
9.323153562, 9.323298922
9.333153485, 9.333246209
9.343153482, 9.343290766
9.353153486, 9.353280350
9.363153482, 9.363275299
9.373153542, 9.373292981
9.383153480, 9.383306002
9.393153482, 9.393271748
9.403153478, 9.403297219
9.413153486, 9.413278125
9.423153483, 9.423284939
9.433153491, 9.433306128
9.443153483, 9.443280724
9.453153488, 9.453280080
9.463153485, 9.463293216
9.473153477, 9.473277841
9.483153477, 9.483315024
9.493153587, 9.493285121
9.503153486, 9.503263286
9.513153553, 9.513279533
9.523153478, 9.523291830
9.533153551, 9.533333019
9.543153480, 9.543300613
9.553153486, 9.553308865
9.563153483, 9.563295895
9.573153486, 9.573282404
9.583153478, 9.583323301
9.593153476, 9.593313927
9.603153480, 9.603281474
9.613153482, 9.613255378
9.623153480, 9.623279682
9.633153487, 9.633302455
9.643153540, 9.643275286
9.653153480, 9.653290567
9.663153487, 9.663264855
9.673153476, 9.673269073
9.683153547, 9.683278705
9.693153547, 9.693287243
9.703153477, 9.703267029
9.713153482, 9.713318420
9.723153488, 9.723304970
9.733153480, 9.733284804
9.743153553, 9.743303885
9.753153575, 9.753287739
9.763153478, 9.763267066
9.773153485, 9.773289384
9.783153483, 9.783293006
9.793153485, 9.793257842
9.803153489, 9.803309010
9.813153488, 9.813313000
9.823153486, 9.823235275
9.833153494, 9.833252894
9.843153483, 9.843229893
9.853153482, 9.853310222
9.863153542, 9.863259901
9.873153488, 9.873266689
9.883153477, 9.883307164
9.893153482, 9.893271519
9.903153486, 9.903261261
9.913153483, 9.913278853
9.923153483, 9.923287611
9.933153483, 9.933276461
9.943153540, 9.943274242
9.953153483, 9.953237599
9.963153480, 9.963270641
9.973153543, 9.973315103
9.983153478, 9.983250811
9.993153515, 9.993276521
10.003153499, 10.003328007
10.013153482, 10.013298982
10.023153482, 10.023322168
10.033153486, 10.033374140
10.043153581, 10.043339208
10.053153478, 10.053373988
10.063153480, 10.063331977
10.073153485, 10.073330501
10.083153507, 10.083341158
10.093153485, 10.093333999
10.103153480, 10.103333526
10.113153485, 10.113338225
10.123153480, 10.123332051
10.133153480, 10.133329450
10.143153482, 10.143331946
10.153153480, 10.153333904
10.163153486, 10.163331459
10.173153478, 10.173329322
10.183153475, 10.183330754
10.193153483, 10.193330138
10.203153478, 10.203326769
10.213153480, 10.213328343
10.223153486, 10.223330835
10.233153480, 10.233328960
10.243153482, 10.243329921
10.253153478, 10.253331462
10.263153485, 10.263329308
10.273153483, 10.273328217
10.283153480, 10.283329837
10.293153483, 10.293329536
10.303153477, 10.303327346
10.313153482, 10.313327905
10.323153486, 10.323327728
10.333153483, 10.333329354
10.343153482, 10.343328020
10.353153485, 10.353331980
10.363153483, 10.363334490
10.373153489, 10.373330930
10.383153478, 10.383329371
10.393153482, 10.393328064
10.403153483, 10.403328298
10.413153482, 10.413328610
10.423153477, 10.423328356
10.433153485, 10.433330691
10.443153480, 10.443329957
10.453153505, 10.453326844
10.463153482, 10.463328291
10.473153488, 10.473333167
10.483153480, 10.483328456
10.493153478, 10.493327440
10.503153488, 10.503328686
10.513153485, 10.513329213
10.523153482, 10.523326701
10.533153478, 10.533325467
10.543153474, 10.543325463
10.553153477, 10.553332106
10.563153480, 10.563325837
10.573153480, 10.573328909
10.583153483, 10.583331591
10.593153478, 10.593331653
10.603153483, 10.603328915
10.613153486, 10.613327308
10.623153482, 10.623328550
10.633153488, 10.633331898
10.643153483, 10.643330786
10.653153482, 10.653328737
10.663153477, 10.663326698
10.673153480, 10.673330507
10.683153482, 10.683331124
10.693153505, 10.693327489
10.703153480, 10.703331171
10.713153478, 10.713330399
10.723153482, 10.723328323
10.733153477, 10.733328375
10.743153480, 10.743328953
10.753153486, 10.753331317
10.763153480, 10.763328548
10.773153485, 10.773329371
10.783153475, 10.783329068
10.793153485, 10.793330428
10.803153478, 10.803328323
10.813153483, 10.813325294
10.823153483, 10.823333194
10.833153480, 10.833330437
10.843153478, 10.843327303
10.853153493, 10.853331282
10.863153483, 10.863329027
10.873153486, 10.873329622
10.883153486, 10.883328869
10.893153483, 10.893328579
10.903153482, 10.903325561
10.913153483, 10.913328632
10.923153486, 10.923332659
10.933153485, 10.933325584
10.943153478, 10.943324943
10.953153480, 10.953307361
10.963153480, 10.963308212
10.973153485, 10.973327312
10.983153480, 10.983326171
10.993153482, 10.993325215
11.003153478, 11.003326474
11.013153507, 11.013328468
11.023153475, 11.023328877
11.033153480, 11.033326089
11.043153485, 11.043322663
11.053153482, 11.053328219
11.063153482, 11.063328542
11.073153483, 11.073329305
11.083153478, 11.083328198
11.093153480, 11.093325053
11.103153486, 11.103325489
11.113153482, 11.113325136
11.123153480, 11.123325479
11.133153486, 11.133329555
11.143153488, 11.143327358
11.153153478, 11.153329851
11.163153480, 11.163329848
11.173153482, 11.173326622
11.183153486, 11.183330739
11.193153478, 11.193329243
11.203153477, 11.203325334
11.213153485, 11.213325628
11.223153483, 11.223327314
11.233153483, 11.233329951
11.243153485, 11.243326677
11.253153477, 11.253327192
11.263153482, 11.263325011
11.273153483, 11.273328951
11.283153478, 11.283324974
11.293153486, 11.293322369
11.303153480, 11.303322331
11.313153486, 11.313328776
11.323153475, 11.323323615
11.333153486, 11.333324201
11.343153482, 11.343327428
11.353153485, 11.353327687
11.363153486, 11.363328026
11.373153486, 11.373330890
11.383153482, 11.383329063
11.393153482, 11.393328733
11.403153480, 11.403328961
11.413153486, 11.413327532
11.423153478, 11.423328263
11.433153489, 11.433332444
11.443153493, 11.443328823
11.453153486, 11.453326881
11.463153485, 11.463323525
11.473153478, 11.473329157
11.483153478, 11.483327019
11.493153483, 11.493326615
11.503153477, 11.503313352
11.513153478, 11.513331733
11.523153482, 11.523325544
11.533153483, 11.533324482
11.543153478, 11.543325291
11.553153485, 11.553328864
11.563153474, 11.563324695
11.573153486, 11.573322179
11.583153483, 11.583327770
11.593153482, 11.593326698
11.603153478, 11.603334184
11.613153477, 11.613331771
11.623153477, 11.623333775
11.633153483, 11.633337391
11.643153482, 11.643332725
11.653153486, 11.653323897
11.663153482, 11.663326337
11.673153482, 11.673333687
11.683153478, 11.683330885
11.693153482, 11.693331329
11.703153478, 11.703331664
11.713153480, 11.713333953
11.723153486, 11.723327744
11.733153485, 11.733330688
11.743153482, 11.743330917
11.753153482, 11.753335015
11.763153480, 11.763334374
11.773153478, 11.773326264
11.783153485, 11.783334337
11.793153478, 11.793334909
11.803153475, 11.803333627
11.813153478, 11.813335033
11.823153482, 11.823332016
11.833153485, 11.833333451
11.843153482, 11.843332352
11.853153485, 11.853334320
11.863153482, 11.863331114
11.873153478, 11.873329523
11.883153485, 11.883332134
11.893153485, 11.893331590
11.903153477, 11.903332426
11.913153480, 11.913333947
11.923153474, 11.923333972
11.933153486, 11.933324494
11.943153486, 11.943332805
11.953153485, 11.953333554
11.963153497, 11.963367209
11.973153480, 11.973333748
11.983153483, 11.983329951
11.993153486, 11.993334578
12.003153480, 12.003332264
12.013153488, 12.013331463
12.023153491, 12.023334381
12.033153480, 12.033332659
12.043153485, 12.043331392
12.053153483, 12.053327919
------------------------------
