------------------------------
test was performed using the following parameters: --mps=100 --burst=1 --reply-every=1 --msg-size=12 --time=10
------------------------------
sockperf: [Total Run] RunTime=10.100 sec; SentMessages=1011; ReceivedMessages=1010
sockperf: ========= Printing statistics for Server No: 0
sockperf: [Valid Duration] RunTime=9.980 sec; SentMessages=999; ReceivedMessages=999
sockperf: [2;35m====> avg-lat= 59.482 (std-dev=18.410)[0m
sockperf: # dropped messages = 0; # duplicated messages = 0; # out-of-order messages = 0
sockperf: [2;35mTotal 999 observations[0m; each percentile contains 9.99 observations
sockperf: ---> <MAX> observation =  132.975
sockperf: ---> percentile  99.99 =  132.975
sockperf: ---> percentile  99.90 =  115.205
sockperf: ---> percentile  99.50 =  105.869
sockperf: ---> percentile  99.00 =   96.975
sockperf: ---> percentile  95.00 =   87.720
sockperf: ---> percentile  90.00 =   86.832
sockperf: ---> percentile  75.00 =   76.806
sockperf: ---> percentile  50.00 =   53.108
sockperf: ---> percentile  25.00 =   45.636
sockperf: ---> <MIN> observation =   26.970
------------------------------
txTime, rxTime
2.063435930, 2.063561286
2.073436024, 2.073538408
2.083435924, 2.083531173
2.093435929, 2.093494502
2.103435928, 2.103520635
2.113435932, 2.113526593
2.123435933, 2.123558376
2.133435928, 2.133527296
2.143435928, 2.143518502
2.153435932, 2.153544328
2.163435932, 2.163539293
2.173435929, 2.173521310
2.183435933, 2.183554714
2.193435932, 2.193530095
2.203435924, 2.203532398
2.213435931, 2.213527195
2.223435930, 2.223555731
2.233435926, 2.233513563
2.243436028, 2.243524845
2.253436013, 2.253539730
2.263435932, 2.263523152
2.273435935, 2.273529503
2.283435932, 2.283504363
2.293435934, 2.293529781
2.303435930, 2.303528577
2.313435935, 2.313562333
2.323435925, 2.323535823
2.333435929, 2.333525092
2.343435932, 2.343503504
2.353436027, 2.353522692
2.363435928, 2.363496851
2.373435934, 2.373536859
2.383435925, 2.383522528
2.393435929, 2.393581508
2.403435939, 2.403593175
2.413435929, 2.413587836
2.423435930, 2.423550988
2.433435932, 2.433509746
2.443435922, 2.443495731
2.453435929, 2.453516229
2.463435933, 2.463505385
2.473435931, 2.473586289
2.483435933, 2.483503714
2.493435934, 2.493613648
2.503435925, 2.503605514
2.513435940, 2.513559150
2.523435939, 2.523508149
2.533435932, 2.533530174
2.543435928, 2.543501568
2.553435929, 2.553545297
2.563435933, 2.563528533
2.573435924, 2.573519894
2.583435932, 2.583589640
2.593435926, 2.593552393
2.603435935, 2.603529521
2.613435929, 2.613518283
2.623435932, 2.623527598
2.633435929, 2.633510248
2.643435932, 2.643542364
2.653435932, 2.653545605
2.663435928, 2.663564019
2.673435932, 2.673555143
2.683435928, 2.683543722
2.693435934, 2.693551752
2.703435932, 2.703592441
2.713435934, 2.713561550
2.723435933, 2.723577945
2.733435931, 2.733565341
2.743435928, 2.743587076
2.753435937, 2.753591167
2.763435935, 2.763563891
2.773435928, 2.773510664
2.783435928, 2.783569641
2.793435931, 2.793503126
2.803435932, 2.803555951
2.813435934, 2.813518565
2.823436040, 2.823527773
2.833435932, 2.833525182
2.843435928, 2.843614536
2.853435934, 2.853603657
2.863435927, 2.863587632
2.873435935, 2.873510774
2.883435936, 2.883566750
2.893435934, 2.893549009
2.903435928, 2.903559563
2.913435929, 2.913536000
2.923435932, 2.923545663
2.933435934, 2.933539161
2.943435928, 2.943529393
2.953435934, 2.953530421
2.963435933, 2.963555379
2.973435928, 2.973594674
2.983435928, 2.983534266
2.993435937, 2.993505572
3.003436137, 3.003554446
3.013435935, 3.013573005
3.023435941, 3.023517394
3.033435926, 3.033516817
3.043435927, 3.043551591
3.053435929, 3.053586177
3.063435927, 3.063512054
3.073435931, 3.073581732
3.083435935, 3.083489875
3.093435932, 3.093504995
3.103435928, 3.103556465
3.113435926, 3.113532505
3.123435928, 3.123528364
3.133435928, 3.133544708
3.143435925, 3.143525195
3.153435934, 3.153500860
3.163435932, 3.163545031
3.173435928, 3.173588100
3.183435925, 3.183541827
3.193435937, 3.193542008
3.203435928, 3.203521202
3.213436007, 3.213519479
3.223435925, 3.223569360
3.233435929, 3.233529767
3.243435930, 3.243507702
3.253435932, 3.253557014
3.263435932, 3.263549804
3.273435934, 3.273548925
3.283435924, 3.283517954
3.293435935, 3.293513318
3.303435927, 3.303591140
3.313435926, 3.313516136
3.323435932, 3.323578079
3.333435931, 3.333568652
3.343435930, 3.343542582
3.353435928, 3.353628232
3.363435930, 3.363520528
3.373435931, 3.373520132
3.383435932, 3.383540747
3.393435932, 3.393628409
3.403435928, 3.403614151
3.413435932, 3.413534161
3.423435935, 3.423555444
3.433435928, 3.433525003
3.443435935, 3.443558289
3.453436019, 3.453521493
3.463435925, 3.463554485
3.473435931, 3.473626575
3.483435935, 3.483583721
3.493435928, 3.493549420
3.503435930, 3.503578269
3.513435934, 3.513610826
3.523435932, 3.523548576
3.533435928, 3.533561563
3.543435927, 3.543587013
3.553435932, 3.553540551
3.563435933, 3.563503501
3.573435931, 3.573533042
3.583435925, 3.583548298
3.593435928, 3.593616435
3.603435927, 3.603503188
3.613435931, 3.613497267
3.623435932, 3.623574140
3.633435928, 3.633612061
3.643435933, 3.643554557
3.653435961, 3.653629912
3.663435941, 3.663563068
3.673435931, 3.673497102
3.683435928, 3.683587960
3.693435935, 3.693578588
3.703435928, 3.703556750
3.713435937, 3.713524695
3.723435927, 3.723540858
3.733435929, 3.733527050
3.743435936, 3.743517957
3.753435934, 3.753531723
3.763435958, 3.763523894
3.773435932, 3.773518403
3.783435928, 3.783563304
3.793435935, 3.793637660
3.803435930, 3.803515897
3.813435934, 3.813558587
3.823435932, 3.823539225
3.833435932, 3.833524214
3.843435932, 3.843494915
3.853435928, 3.853505036
3.863435932, 3.863521459
3.873435931, 3.873536706
3.883435932, 3.883527489
3.893435943, 3.893564585
3.903435927, 3.903538055
3.913435932, 3.913501099
3.923435936, 3.923557733
3.933435934, 3.933526997
3.943435925, 3.943516086
3.953435932, 3.953535110
3.963435927, 3.963522290
3.973435923, 3.973540215
3.983435927, 3.983522023
3.993435942, 3.993542193
4.003435927, 4.003500299
4.013435929, 4.013646971
4.023435935, 4.023555128
4.033435934, 4.033614390
4.043435928, 4.043507533
4.053435935, 4.053701887
4.063435935, 4.063532460
4.073435931, 4.073592799
4.083435938, 4.083591639
4.093435935, 4.093660657
4.103435944, 4.103548173
4.113435932, 4.113605656
4.123435943, 4.123592626
4.133435934, 4.133592836
4.143435941, 4.143570175
4.153435934, 4.153614065
4.163435952, 4.163534222
4.173435931, 4.173596270
4.183435932, 4.183504878
4.193435932, 4.193522681
4.203435933, 4.203531220
4.213435929, 4.213589541
4.223435927, 4.223553256
4.233435939, 4.233580350
4.243435933, 4.243538635
4.253435929, 4.253533779
4.263435927, 4.263580465
4.273435934, 4.273504828
4.283435930, 4.283531645
4.293435931, 4.293554224
4.303435928, 4.303558570
4.313435929, 4.313534268
4.323435933, 4.323502298
4.333435928, 4.333554628
4.343435936, 4.343627911
4.353435932, 4.353506920
4.363435925, 4.363549708
4.373435935, 4.373562463
4.383435930, 4.383614329
4.393435932, 4.393574682
4.403435933, 4.403610144
4.413435929, 4.413511867
4.423435950, 4.423558204
4.433435940, 4.433527798
4.443435932, 4.443524234
4.453435928, 4.453553113
4.463435935, 4.463573139
4.473435929, 4.473540862
4.483435930, 4.483555327
4.493435931, 4.493569266
4.503435932, 4.503520632
4.513436022, 4.513506265
4.523435928, 4.523504756
4.533435926, 4.533557909
4.543435933, 4.543499783
4.553435928, 4.553574962
4.563435943, 4.563532090
4.573435928, 4.573556791
4.583435943, 4.583507799
4.593435931, 4.593512083
4.603435935, 4.603511192
4.613435934, 4.613510951
4.623435935, 4.623536727
4.633435937, 4.633532269
4.643435928, 4.643547924
4.653435934, 4.653523889
4.663435930, 4.663524172
4.673435928, 4.673499929
4.683435930, 4.683576140
4.693435932, 4.693512963
4.703435928, 4.703523659
4.713435932, 4.713534399
4.723435920, 4.723531844
4.733435926, 4.733527986
4.743435932, 4.743528765
4.753435931, 4.753523882
4.763436034, 4.763518589
4.773435928, 4.773501399
4.783435932, 4.783543160
4.793435928, 4.793537267
4.803435927, 4.803585612
4.813435937, 4.813520950
4.823435935, 4.823530287
4.833435932, 4.833502144
4.843435924, 4.843524301
4.853435932, 4.853530953
4.863435925, 4.863517700
4.873435934, 4.873498118
4.883435932, 4.883529859
4.893435931, 4.893511729
4.903435924, 4.903509899
4.913435932, 4.913518181
4.923435933, 4.923494354
4.933435929, 4.933512355
4.943436015, 4.943517141
4.953435929, 4.953491150
4.963435928, 4.963519906
4.973435931, 4.973506484
4.983435936, 4.983513639
4.993435937, 4.993491614
5.003435936, 5.003534725
5.013435939, 5.013534115
5.023435928, 5.023509957
5.033435929, 5.033531545
5.043435932, 5.043517578
5.053435928, 5.053511922
5.063435928, 5.063514743
5.073435928, 5.073530888
5.083435933, 5.083500512
5.093435934, 5.093523930
5.103435933, 5.103526829
5.113435928, 5.113511845
5.123435933, 5.123511429
5.133435931, 5.133531344
5.143435925, 5.143507115
5.153435928, 5.153504545
5.163435927, 5.163503589
5.173435928, 5.173510799
5.183435932, 5.183515649
5.193435928, 5.193519553
5.203435938, 5.203535024
5.213436008, 5.213546101
5.223435932, 5.223547271
5.233435932, 5.233535778
5.243435933, 5.243524309
5.253435932, 5.253526487
5.263435933, 5.263525683
5.273435926, 5.273505065
5.283435932, 5.283516655
5.293435934, 5.293502329
5.303435930, 5.303533923
5.313435932, 5.313514530
5.323435922, 5.323491961
5.333435928, 5.333533081
5.343435932, 5.343521818
5.353435931, 5.353543147
5.363435933, 5.363519871
5.373435928, 5.373576255
5.383435976, 5.383528099
5.393435929, 5.393564348
5.403435927, 5.403583569
5.413435935, 5.413540275
5.423435933, 5.423561452
5.433435932, 5.433537873
5.443435933, 5.443565156
5.453435932, 5.453581137
5.463435944, 5.463544287
5.473435934, 5.473577229
5.483436153, 5.483505931
5.493435932, 5.493559965
5.503435935, 5.503504181
5.513435931, 5.513524768
5.523435928, 5.523524553
5.533435935, 5.533595925
5.543435941, 5.543569184
5.553435934, 5.553511562
5.563435933, 5.563500310
5.573435928, 5.573531494
5.583435927, 5.583561545
5.593435926, 5.593561441
5.603435927, 5.603513518
5.613435932, 5.613532922
5.623435935, 5.623513942
5.633435935, 5.633574267
5.643435928, 5.643499348
5.653435928, 5.653526014
5.663435935, 5.663518017
5.673435926, 5.673553768
5.683435936, 5.683532734
5.693435940, 5.693535137
5.703435930, 5.703511885
5.713435931, 5.713569271
5.723435932, 5.723579115
5.733435937, 5.733553981
5.743435928, 5.743506670
5.753435929, 5.753503282
5.763435933, 5.763564309
5.773435929, 5.773509036
5.783435943, 5.783546226
5.793435934, 5.793537721
5.803435924, 5.803528490
5.813435931, 5.813518541
5.823436029, 5.823538087
5.833435932, 5.833500966
5.843435973, 5.843500319
5.853435931, 5.853623491
5.863435935, 5.863579459
5.873435928, 5.873593007
5.883435932, 5.883512108
5.893435932, 5.893647670
5.903435930, 5.903547508
5.913435929, 5.913532112
5.923435928, 5.923525260
5.933435929, 5.933522452
5.943435933, 5.943524620
5.953435926, 5.953527117
5.963435952, 5.963521126
5.973435931, 5.973523355
5.983435969, 5.983563804
5.993435932, 5.993572410
6.003435927, 6.003549608
6.013435932, 6.013535563
6.023435928, 6.023552176
6.033435924, 6.033517840
6.043435935, 6.043535044
6.053435928, 6.053548922
6.063435935, 6.063530257
6.073435931, 6.073523811
6.083435928, 6.083527859
6.093435926, 6.093530959
6.103435925, 6.103532487
6.113435931, 6.113523323
6.123435987, 6.123548623
6.133435934, 6.133528671
6.143435928, 6.143544005
6.153435999, 6.153533469
6.163435927, 6.163585693
6.173435931, 6.173524391
6.183435960, 6.183538635
6.193435932, 6.193536646
6.203435943, 6.203529153
6.213435935, 6.213546372
6.223435933, 6.223531291
6.233435940, 6.233561912
6.243435933, 6.243526409
6.253435935, 6.253528418
6.263435932, 6.263532430
6.273435931, 6.273527351
6.283435932, 6.283531105
6.293435931, 6.293538647
6.303435933, 6.303523648
6.313435931, 6.313526707
6.323435925, 6.323521458
6.333435929, 6.333522652
6.343435925, 6.343517327
6.353435939, 6.353540404
6.363435935, 6.363525171
6.373435928, 6.373524621
6.383435933, 6.383544665
6.393435935, 6.393522678
6.403435928, 6.403555082
6.413435932, 6.413525935
6.423435930, 6.423528667
6.433435932, 6.433527092
6.443435930, 6.443526935
6.453435929, 6.453534903
6.463435930, 6.463553786
6.473435931, 6.473544064
6.483435933, 6.483552657
6.493435928, 6.493524643
6.503435930, 6.503605678
6.513435931, 6.513546132
6.523435930, 6.523535719
6.533435928, 6.533555119
6.543435936, 6.543524734
6.553435931, 6.553542881
6.563435933, 6.563526021
6.573435928, 6.573536237
6.583435927, 6.583526221
6.593435931, 6.593551854
6.603435935, 6.603527174
6.613435937, 6.613543521
6.623435928, 6.623528062
6.633435939, 6.633547547
6.643435927, 6.643530822
6.653435939, 6.653522632
6.663435935, 6.663530617
6.673435937, 6.673524184
6.683435932, 6.683527289
6.693435939, 6.693538344
6.703435932, 6.703530646
6.713435926, 6.713529045
6.723435928, 6.723528277
6.733435928, 6.733523661
6.743435930, 6.743527642
6.753435932, 6.753531365
6.763435984, 6.763653999
6.773435929, 6.773553600
6.783435973, 6.783550644
6.793435929, 6.793541951
6.803435927, 6.803530579
6.813435929, 6.813529415
6.823435935, 6.823528898
6.833435929, 6.833529020
6.843435939, 6.843514170
6.853435932, 6.853558094
6.863435938, 6.863529234
6.873435935, 6.873527299
6.883435930, 6.883530344
6.893435940, 6.893531745
6.903435936, 6.903604074
6.913435934, 6.913571658
6.923435927, 6.923608039
6.933435935, 6.933582643
6.943435935, 6.943534708
6.953435945, 6.953530013
6.963435957, 6.963519852
6.973435931, 6.973523578
6.983435933, 6.983537905
6.993435935, 6.993545878
7.003435930, 7.003533895
7.013435932, 7.013527675
7.023435965, 7.023556731
7.033435999, 7.033523262
7.043435933, 7.043531733
7.053435926, 7.053544710
7.063435944, 7.063525246
7.073435988, 7.073522608
7.083435935, 7.083552850
7.093435937, 7.093528226
7.103435935, 7.103527393
7.113435935, 7.113524323
7.123435930, 7.123531905
7.133435935, 7.133529162
7.143435928, 7.143549286
7.153435940, 7.153524500
7.163435932, 7.163533246
7.173435939, 7.173521066
7.183435932, 7.183573500
7.193435929, 7.193569636
7.203435928, 7.203529487
7.213435928, 7.213524697
7.223435933, 7.223542691
7.233435934, 7.233522106
7.243435932, 7.243552676
7.253436008, 7.253573904
7.263435928, 7.263533394
7.273435931, 7.273545526
7.283435928, 7.283536235
7.293436314, 7.293548573
7.303435932, 7.303547497
7.313435932, 7.313525392
7.323435941, 7.323573327
7.333435929, 7.333529075
7.343436006, 7.343525380
7.353436060, 7.353521165
7.363435933, 7.363527014
7.373435942, 7.373553048
7.383435932, 7.383537451
7.393435931, 7.393551324
7.403435935, 7.403527687
7.413435997, 7.413569491
7.423435924, 7.423527609
7.433435978, 7.433563232
7.443435935, 7.443587875
7.453435935, 7.453543492
7.463435935, 7.463551197
7.473435965, 7.473526797
7.483435933, 7.483550971
7.493435935, 7.493523023
7.503436168, 7.503530762
7.513435932, 7.513548186
7.523436029, 7.523531127
7.533435939, 7.533538943
7.543435930, 7.543562737
7.553435935, 7.553545614
7.563435928, 7.563544515
7.573435932, 7.573529150
7.583435927, 7.583530865
7.593435932, 7.593532554
7.603435932, 7.603553012
7.613435931, 7.613561446
7.623435932, 7.623530325
7.633435931, 7.633532017
7.643435933, 7.643526000
7.653435932, 7.653556874
7.663435930, 7.663540512
7.673435929, 7.673560210
7.683435933, 7.683554342
7.693435928, 7.693553774
7.703435935, 7.703531795
7.713435940, 7.713605056
7.723435928, 7.723530454
7.733435932, 7.733585665
7.743435927, 7.743534429
7.753435934, 7.753575659
7.763435938, 7.763538598
7.773437350, 7.773558571
7.783435933, 7.783530173
7.793435939, 7.793543788
7.803435938, 7.803527363
7.813435934, 7.813529480
7.823436029, 7.823555840
7.833435934, 7.833531638
7.843435941, 7.843527309
7.853435932, 7.853525608
7.863435932, 7.863528501
7.873435929, 7.873526110
7.883435933, 7.883553358
7.893435928, 7.893582774
7.903435963, 7.903542727
7.913435935, 7.913526977
7.923435943, 7.923526193
7.933435934, 7.933527207
7.943435935, 7.943525454
7.953435923, 7.953528088
7.963435927, 7.963533800
7.973435931, 7.973546202
7.983435936, 7.983542154
7.993435935, 7.993528403
8.003435936, 8.003536547
8.013435935, 8.013520930
8.023435932, 8.023555652
8.033435931, 8.033546279
8.043435933, 8.043532051
8.053435934, 8.053529527
8.063435928, 8.063528356
8.073435932, 8.073524899
8.083435928, 8.083549019
8.093435928, 8.093527635
8.103435935, 8.103529120
8.113435929, 8.113528606
8.123435933, 8.123553950
8.133435980, 8.133526012
8.143435933, 8.143552963
8.153435937, 8.153556817
8.163435944, 8.163528673
8.173435929, 8.173543131
8.183435935, 8.183527213
8.193435937, 8.193524923
8.203435939, 8.203531399
8.213435934, 8.213525791
8.223435977, 8.223546812
8.233435929, 8.233525434
8.243435941, 8.243527350
8.253435937, 8.253552888
8.263435930, 8.263547912
8.273435948, 8.273531147
8.283435928, 8.283525200
8.293435926, 8.293568294
8.303435930, 8.303542975
8.313435934, 8.313532784
8.323435939, 8.323563438
8.333435929, 8.333525149
8.343435927, 8.343528018
8.353435934, 8.353554579
8.363435928, 8.363553216
8.373435924, 8.373537859
8.383435939, 8.383504181
8.393435929, 8.393524997
8.403435990, 8.403538527
8.413436038, 8.413530354
8.423435935, 8.423527717
8.433435923, 8.433528084
8.443435941, 8.443539517
8.453435932, 8.453566194
8.463435928, 8.463522227
8.473435986, 8.473525280
8.483435939, 8.483533154
8.493435932, 8.493522114
8.503435928, 8.503507464
8.513435935, 8.513549369
8.523435932, 8.523587286
8.533435929, 8.533552165
8.543435938, 8.543562895
8.553435929, 8.553531748
8.563435928, 8.563530237
8.573435935, 8.573529300
8.583435933, 8.583540700
8.593435932, 8.593571207
8.603435935, 8.603526349
8.613435935, 8.613638808
8.623435998, 8.623548601
8.633435932, 8.633532839
8.643435932, 8.643563291
8.653435935, 8.653569985
8.663435932, 8.663574296
8.673435932, 8.673564670
8.683435996, 8.683564684
8.693435934, 8.693568466
8.703435928, 8.703573124
8.713435929, 8.713556128
8.723436026, 8.723551980
8.733435928, 8.733575413
8.743435922, 8.743559840
8.753435931, 8.753577248
8.763435930, 8.763532025
8.773435928, 8.773541506
8.783435936, 8.783556772
8.793435931, 8.793534213
8.803435936, 8.803526618
8.813435929, 8.813529258
8.823435938, 8.823551004
8.833435928, 8.833541141
8.843435935, 8.843526667
8.853435932, 8.853530272
8.863435924, 8.863525948
8.873435932, 8.873521542
8.883435935, 8.883531999
8.893435931, 8.893525292
8.903435932, 8.903533682
8.913435923, 8.913531379
8.923435928, 8.923529877
8.933435928, 8.933529868
8.943435927, 8.943522757
8.953435926, 8.953524362
8.963435933, 8.963539540
8.973435928, 8.973535786
8.983435924, 8.983540359
8.993435928, 8.993576769
9.003435941, 9.003522176
9.013435934, 9.013567651
9.023435927, 9.023530663
9.033435932, 9.033534109
9.043435933, 9.043526608
9.053435935, 9.053524973
9.063435936, 9.063529457
9.073435932, 9.073524462
9.083435939, 9.083533710
9.093435935, 9.093525368
9.103435925, 9.103545724
9.113435940, 9.113526066
9.123435932, 9.123526990
9.133435980, 9.133537147
9.143435927, 9.143535589
9.153435937, 9.153525649
9.163435932, 9.163527194
9.173435928, 9.173529296
9.183435932, 9.183545844
9.193435940, 9.193536883
9.203435930, 9.203528883
9.213435924, 9.213524654
9.223435935, 9.223543837
9.233435937, 9.233546394
9.243435998, 9.243525759
9.253435937, 9.253550128
9.263435936, 9.263572398
9.273435931, 9.273552277
9.283435932, 9.283530034
9.293435932, 9.293534448
9.303435935, 9.303589885
9.313435932, 9.313525793
9.323435932, 9.323525904
9.333435929, 9.333525011
9.343435957, 9.343522541
9.353435931, 9.353524460
9.363435935, 9.363526720
9.373435932, 9.373527495
9.383435933, 9.383526892
9.393435937, 9.393529273
9.403435928, 9.403535543
9.413435937, 9.413529121
9.423435935, 9.423547590
9.433435934, 9.433526540
9.443435933, 9.443532616
9.453435935, 9.453538206
9.463435922, 9.463531084
9.473435923, 9.473596571
9.483435930, 9.483542421
9.493435926, 9.493532045
9.503435927, 9.503527303
9.513435923, 9.513530155
9.523435930, 9.523529250
9.533435928, 9.533527741
9.543435928, 9.543528563
9.553435928, 9.553532700
9.563435928, 9.563527788
9.573435931, 9.573531319
9.583435927, 9.583531440
9.593435934, 9.593531557
9.603435936, 9.603534215
9.613435928, 9.613528726
9.623435935, 9.623532531
9.633435926, 9.633545813
9.643435925, 9.643531672
9.653435931, 9.653551480
9.663435935, 9.663530259
9.673435934, 9.673528469
9.683435936, 9.683527260
9.693435928, 9.693531051
9.703435925, 9.703530142
9.713435932, 9.713530432
9.723435933, 9.723539415
9.733435928, 9.733536356
9.743435928, 9.743530821
9.753435928, 9.753549767
9.763435932, 9.763587508
9.773435934, 9.773530978
9.783435935, 9.783540654
9.793435931, 9.793528232
9.803435932, 9.803549973
9.813435937, 9.813540522
9.823435927, 9.823532619
9.833435932, 9.833526743
9.843435933, 9.843527614
9.853435940, 9.853531458
9.863435928, 9.863516203
9.873435928, 9.873508268
9.883435932, 9.883581474
9.893435928, 9.893564888
9.903435932, 9.903584213
9.913435989, 9.913610108
9.923435999, 9.923587586
9.933435929, 9.933599604
9.943435928, 9.943600958
9.953435991, 9.953610193
9.963435995, 9.963658417
9.973436005, 9.973629934
9.983436241, 9.983666651
9.993435942, 9.993566308
10.003435950, 10.003603053
10.013435931, 10.013582262
10.023435925, 10.023606696
10.033435926, 10.033611733
10.043435930, 10.043609526
10.053435929, 10.053614185
10.063435930, 10.063614672
10.073435932, 10.073611339
10.083435925, 10.083612378
10.093435931, 10.093611316
10.103435927, 10.103607809
10.113435929, 10.113610923
10.123435924, 10.123612437
10.133435931, 10.133615562
10.143435930, 10.143610390
10.153435928, 10.153615828
10.163435925, 10.163611803
10.173435932, 10.173613244
10.183435925, 10.183607434
10.193435931, 10.193606713
10.203435928, 10.203607305
10.213435931, 10.213614616
10.223435935, 10.223607653
10.233435929, 10.233545726
10.243435930, 10.243610159
10.253435929, 10.253606632
10.263435933, 10.263609854
10.273435929, 10.273607511
10.283435932, 10.283610900
10.293435926, 10.293612271
10.303435924, 10.303610985
10.313435928, 10.313609970
10.323435933, 10.323610371
10.333435924, 10.333616015
10.343435957, 10.343608244
10.353435931, 10.353614196
10.363435930, 10.363607977
10.373435924, 10.373612536
10.383435935, 10.383609568
10.393435924, 10.393614174
10.403435928, 10.403610629
10.413435926, 10.413608858
10.423435927, 10.423611119
10.433435934, 10.433613206
10.443435927, 10.443611915
10.453435924, 10.453616986
10.463435933, 10.463606348
10.473435928, 10.473608135
10.483435928, 10.483609612
10.493435932, 10.493606696
10.503435935, 10.503610666
10.513435931, 10.513609857
10.523435928, 10.523605280
10.533435934, 10.533609014
10.543435924, 10.543605971
10.553435929, 10.553636742
10.563435928, 10.563577692
10.573435929, 10.573580183
10.583435926, 10.583605727
10.593435929, 10.593608771
10.603435930, 10.603607400
10.613435932, 10.613592140
10.623435932, 10.623609866
10.633435931, 10.633607823
10.643435941, 10.643607212
10.653435926, 10.653584483
10.663435928, 10.663609532
10.673435926, 10.673605946
10.683435928, 10.683608211
10.693435931, 10.693609652
10.703435941, 10.703615139
10.713435928, 10.713611148
10.723435928, 10.723606619
10.733435926, 10.733605846
10.743435935, 10.743605988
10.753435926, 10.753610322
10.763435958, 10.763608895
10.773435931, 10.773610557
10.783435927, 10.783608606
10.793435928, 10.793609495
10.803435932, 10.803607877
10.813435931, 10.813604971
10.823435932, 10.823605880
10.833435939, 10.833607049
10.843435930, 10.843597798
10.853435932, 10.853606507
10.863435928, 10.863607294
10.873435931, 10.873610345
10.883435930, 10.883606375
10.893435931, 10.893607461
10.903435927, 10.903604863
10.913435942, 10.913603437
10.923435930, 10.923605984
10.933435926, 10.933611741
10.943435936, 10.943606531
10.953435934, 10.953610218
10.963435932, 10.963611094
10.973435932, 10.973603829
10.983435935, 10.983608845
10.993435929, 10.993579495
11.003435931, 11.003604099
11.013435928, 11.013609452
11.023435927, 11.023607267
11.033435929, 11.033609471
11.043435925, 11.043609024
11.053435928, 11.053609222
11.063435925, 11.063604868
11.073435929, 11.073608869
11.083435922, 11.083604694
11.093435926, 11.093608594
11.103435930, 11.103607459
11.113435928, 11.113613550
11.123435928, 11.123608781
11.133435926, 11.133610751
11.143435927, 11.143604396
11.153435934, 11.153606131
11.163435930, 11.163611451
11.173435928, 11.173610260
11.183435930, 11.183604087
11.193435926, 11.193607403
11.203435925, 11.203603985
11.213435940, 11.213606712
11.223435932, 11.223604866
11.233435926, 11.233607849
11.243435928, 11.243603389
11.253435926, 11.253610170
11.263435922, 11.263607467
11.273435934, 11.273607429
11.283435930, 11.283605693
11.293435932, 11.293608370
11.303435935, 11.303609345
11.313435934, 11.313609083
11.323435928, 11.323610008
11.333435928, 11.333609233
11.343435927, 11.343609659
11.353435929, 11.353610943
11.363435927, 11.363606773
11.373435934, 11.373608080
11.383435922, 11.383608233
11.393435934, 11.393605230
11.403435930, 11.403608783
11.413435926, 11.413610004
11.423435927, 11.423607002
11.433435931, 11.433611371
11.443435928, 11.443607366
11.453435928, 11.453605535
11.463435928, 11.463605504
11.473435945, 11.473546194
11.483435930, 11.483608484
11.493435932, 11.493610921
11.503435928, 11.503608648
11.513435932, 11.513610511
11.523435932, 11.523610095
11.533435934, 11.533610367
11.543435932, 11.543608808
11.553435928, 11.553609792
11.563435932, 11.563609976
11.573435924, 11.573606906
11.583435977, 11.583606653
11.593435934, 11.593611415
11.603435932, 11.603605491
11.613435931, 11.613608169
11.623435927, 11.623604032
11.633435926, 11.633605290
11.643435930, 11.643605899
11.653435937, 11.653612715
11.663435943, 11.663609427
11.673435932, 11.673610670
11.683435927, 11.683609593
11.693435928, 11.693603108
11.703435930, 11.703610136
11.713435931, 11.713604246
11.723435971, 11.723604532
11.733435931, 11.733608847
11.743435925, 11.743610935
11.753435934, 11.753608779
11.763435927, 11.763607772
11.773435928, 11.773596650
11.783435933, 11.783605304
11.793435931, 11.793606761
11.803435925, 11.803609672
11.813435934, 11.813609920
11.823435927, 11.823605148
11.833435928, 11.833609330
11.843435930, 11.843606209
11.853435965, 11.853602328
11.863435924, 11.863611178
11.873435934, 11.873603099
11.883435933, 11.883605603
11.893435929, 11.893600744
11.903435927, 11.903607117
11.913435926, 11.913611717
11.923435924, 11.923606681
11.933435924, 11.933605131
11.943435925, 11.943609657
11.953435928, 11.953610353
11.963435928, 11.963608819
11.973435926, 11.973609033
11.983435924, 11.983603853
11.993435931, 11.993610348
12.003435930, 12.003606421
12.013435928, 12.013605308
12.023435935, 12.023606214
12.033435932, 12.033608562
12.043435925, 12.043603928
------------------------------
