------------------------------
test was performed using the following parameters: --mps=100 --burst=1 --reply-every=1 --msg-size=12 --time=10
------------------------------
sockperf: [Total Run] RunTime=10.100 sec; SentMessages=1011; ReceivedMessages=1010
sockperf: ========= Printing statistics for Server No: 0
sockperf: [Valid Duration] RunTime=9.990 sec; SentMessages=1000; ReceivedMessages=1000
sockperf: [2;35m====> avg-lat= 75.871 (std-dev=15.390)[0m
sockperf: # dropped messages = 0; # duplicated messages = 0; # out-of-order messages = 0
sockperf: [2;35mTotal 1000 observations[0m; each percentile contains 10.00 observations
sockperf: ---> <MAX> observation =  137.938
sockperf: ---> percentile  99.99 =  137.938
sockperf: ---> percentile  99.90 =  137.410
sockperf: ---> percentile  99.50 =  131.614
sockperf: ---> percentile  99.00 =  127.057
sockperf: ---> percentile  95.00 =  102.278
sockperf: ---> percentile  90.00 =   94.701
sockperf: ---> percentile  75.00 =   83.657
sockperf: ---> percentile  50.00 =   74.609
sockperf: ---> percentile  25.00 =   65.440
sockperf: ---> <MIN> observation =   24.932
------------------------------
txTime, rxTime
2.063429453, 2.063697425
2.073429446, 2.073643112
2.083429451, 2.083686611
2.093429472, 2.093689341
2.103429453, 2.103633604
2.113429465, 2.113657755
2.123429456, 2.123661841
2.133429473, 2.133617588
2.143429456, 2.143688270
2.153429470, 2.153607376
2.163429451, 2.163692915
2.173429459, 2.173629974
2.183429457, 2.183642093
2.193429449, 2.193610108
2.203429449, 2.203646595
2.213429453, 2.213581372
2.223429453, 2.223638435
2.233429451, 2.233579790
2.243429446, 2.243705323
2.253429465, 2.253619349
2.263429454, 2.263683569
2.273429467, 2.273594937
2.283429462, 2.283681399
2.293429462, 2.293611663
2.303429478, 2.303677252
2.313429449, 2.313585733
2.323429470, 2.323696129
2.333429468, 2.333613484
2.343429459, 2.343656257
2.353429457, 2.353632757
2.363429473, 2.363650499
2.373429449, 2.373579383
2.383429448, 2.383626294
2.393429470, 2.393581633
2.403429446, 2.403586813
2.413429448, 2.413579346
2.423429451, 2.423579610
2.433429448, 2.433561315
2.443429451, 2.443576334
2.453429448, 2.453562976
2.463429446, 2.463640546
2.473429451, 2.473585588
2.483429448, 2.483608843
2.493429448, 2.493592827
2.503429451, 2.503619711
2.513429446, 2.513578966
2.523429446, 2.523577902
2.533429453, 2.533576890
2.543429446, 2.543600748
2.553429453, 2.553575769
2.563429445, 2.563632163
2.573429456, 2.573581301
2.583429451, 2.583604239
2.593429446, 2.593595382
2.603429454, 2.603581168
2.613429461, 2.613580703
2.623429462, 2.623597183
2.633429445, 2.633569309
2.643429451, 2.643617843
2.653429453, 2.653584939
2.663429453, 2.663588491
2.673429451, 2.673569579
2.683429456, 2.683592983
2.693429448, 2.693561688
2.703429449, 2.703623022
2.713429451, 2.713563595
2.723429449, 2.723609446
2.733429451, 2.733566722
2.743429440, 2.743560965
2.753429449, 2.753548547
2.763429453, 2.763571662
2.773429453, 2.773555091
2.783429451, 2.783531800
2.793429449, 2.793567468
2.803429462, 2.803574641
2.813429448, 2.813575158
2.823429459, 2.823550533
2.833429451, 2.833510990
2.843429448, 2.843500593
2.853429449, 2.853507361
2.863429451, 2.863504368
2.873429448, 2.873572219
2.883429449, 2.883576975
2.893429454, 2.893584457
2.903429446, 2.903553803
2.913429448, 2.913573569
2.923429446, 2.923577902
2.933429449, 2.933591982
2.943429446, 2.943563114
2.953429451, 2.953592800
2.963429445, 2.963569380
2.973429451, 2.973588138
2.983429443, 2.983572074
2.993429445, 2.993579241
3.003429449, 3.003598042
3.013429468, 3.013655267
3.023429454, 3.023681572
3.033430645, 3.033593703
3.043429562, 3.043663634
3.053437751, 3.053593967
3.063431674, 3.063616783
3.073429705, 3.073632893
3.083432711, 3.083608780
3.093436335, 3.093614927
3.103432525, 3.103592532
3.113429547, 3.113646154
3.123438808, 3.123606969
3.133429599, 3.133659058
3.143430643, 3.143630952
3.153441206, 3.153623918
3.163454506, 3.163646463
3.173430703, 3.173634492
3.183429642, 3.183704462
3.193430713, 3.193593296
3.203429472, 3.203604725
3.213429470, 3.213569742
3.223429456, 3.223631738
3.233429459, 3.233608542
3.243429467, 3.243609149
3.253429477, 3.253617288
3.263446863, 3.263603285
3.273429449, 3.273594778
3.283430987, 3.283594465
3.293429449, 3.293534474
3.303440289, 3.303594285
3.313430163, 3.313539544
3.323429445, 3.323621840
3.333450429, 3.333596232
3.343429453, 3.343573050
3.353429475, 3.353550798
3.363429476, 3.363537758
3.373431309, 3.373587572
3.383429453, 3.383578254
3.393429569, 3.393600229
3.403429459, 3.403598356
3.413429476, 3.413607675
3.423429456, 3.423581310
3.433429473, 3.433584304
3.443437895, 3.443613184
3.453429478, 3.453615372
3.463448606, 3.463605572
3.473434222, 3.473591977
3.483429479, 3.483574488
3.493431204, 3.493616815
3.503433542, 3.503590866
3.513429459, 3.513589622
3.523429475, 3.523548763
3.533429473, 3.533527574
3.543436597, 3.543607770
3.553431500, 3.553603105
3.563430679, 3.563637276
3.573433231, 3.573615868
3.583434385, 3.583605366
3.593436319, 3.593657524
3.603435928, 3.603606353
3.613437649, 3.613615541
3.623433730, 3.623604001
3.633429476, 3.633579094
3.643430150, 3.643578011
3.653429468, 3.653590995
3.663429457, 3.663613632
3.673429472, 3.673586946
3.683436971, 3.683598246
3.693429457, 3.693586286
3.703441798, 3.703628922
3.713432839, 3.713613526
3.723429472, 3.723566114
3.733435261, 3.733614166
3.743429470, 3.743608741
3.753434492, 3.753603653
3.763429462, 3.763643239
3.773434568, 3.773614158
3.783435345, 3.783580123
3.793441801, 3.793615146
3.803429470, 3.803601950
3.813478520, 3.813692330
3.823429479, 3.823602476
3.833429472, 3.833625062
3.843429454, 3.843601590
3.853436291, 3.853614020
3.863433191, 3.863601241
3.873448963, 3.873615801
3.883429457, 3.883597210
3.893429464, 3.893626852
3.903429476, 3.903659185
3.913429459, 3.913612753
3.923429453, 3.923610953
3.933437219, 3.933602989
3.943429465, 3.943625338
3.953429476, 3.953580903
3.963431590, 3.963599289
3.973429473, 3.973583388
3.983429467, 3.983603969
3.993429479, 3.993612710
4.003445985, 4.003617101
4.013429472, 4.013619160
4.023447829, 4.023673079
4.033429472, 4.033579897
4.043433706, 4.043597292
4.053429483, 4.053641913
4.063429459, 4.063610001
4.073439976, 4.073650013
4.083429454, 4.083581686
4.093432612, 4.093603849
4.103429465, 4.103631496
4.113429472, 4.113643997
4.123438197, 4.123614905
4.133429476, 4.133635512
4.143432517, 4.143604901
4.153429475, 4.153604493
4.163441790, 4.163642984
4.173443719, 4.173648677
4.183430400, 4.183605962
4.193432246, 4.193630458
4.203429464, 4.203563264
4.213446317, 4.213608573
4.223429456, 4.223541947
4.233429472, 4.233617833
4.243442289, 4.243572353
4.253429470, 4.253574145
4.263448292, 4.263649804
4.273429468, 4.273513382
4.283434567, 4.283589809
4.293429451, 4.293575172
4.303455298, 4.303569159
4.313433183, 4.313575150
4.323434392, 4.323546866
4.333429475, 4.333625370
4.343443373, 4.343582105
4.353459540, 4.353602627
4.363439447, 4.363606099
4.373429475, 4.373602790
4.383429475, 4.383587366
4.393440546, 4.393627681
4.403431981, 4.403595688
4.413441089, 4.413593375
4.423433261, 4.423574217
4.433429469, 4.433577100
4.443429469, 4.443584017
4.453429455, 4.453528674
4.463430367, 4.463498980
4.473429472, 4.473503533
4.483441631, 4.483520456
4.493440188, 4.493635674
4.503429598, 4.503611057
4.513433850, 4.513689108
4.523429478, 4.523639229
4.533434010, 4.533619342
4.543431228, 4.543589568
4.553431834, 4.553610625
4.563429456, 4.563584502
4.573435600, 4.573588599
4.583429467, 4.583592576
4.593434051, 4.593626372
4.603445035, 4.603620592
4.613435465, 4.613670187
4.623429638, 4.623612870
4.633444213, 4.633615285
4.643429459, 4.643546234
4.653432881, 4.653570964
4.663429455, 4.663588421
4.673429467, 4.673574364
4.683444835, 4.683610320
4.693440614, 4.693596053
4.703431730, 4.703585258
4.713429965, 4.713618789
4.723429467, 4.723588558
4.733429478, 4.733579465
4.743429472, 4.743603316
4.753432972, 4.753619495
4.763429453, 4.763576184
4.773429475, 4.773587721
4.783431272, 4.783574340
4.793429472, 4.793571736
4.803429459, 4.803585437
4.813430560, 4.813639791
4.823438827, 4.823604497
4.833445054, 4.833590882
4.843429475, 4.843581402
4.853429469, 4.853601961
4.863433522, 4.863589248
4.873440218, 4.873595736
4.883463398, 4.883615669
4.893429475, 4.893606729
4.903429469, 4.903603711
4.913429472, 4.913599853
4.923429469, 4.923559393
4.933433137, 4.933624497
4.943429474, 4.943573379
4.953429466, 4.953570830
4.963429440, 4.963579320
4.973429456, 4.973569185
4.983429451, 4.983547194
4.993429447, 4.993505622
5.003429478, 5.003520607
5.013429475, 5.013490556
5.023429470, 5.023517187
5.033429478, 5.033588242
5.043429474, 5.043599547
5.053429481, 5.053567641
5.063429467, 5.063585143
5.073429485, 5.073605359
5.083429483, 5.083573911
5.093429549, 5.093595057
5.103429480, 5.103577754
5.113429486, 5.113587055
5.123429466, 5.123592317
5.133429477, 5.133574683
5.143429568, 5.143592944
5.153429511, 5.153587105
5.163429485, 5.163595666
5.173429587, 5.173566578
5.183429475, 5.183590257
5.193429652, 5.193601721
5.203429483, 5.203565078
5.213429652, 5.213581680
5.223429480, 5.223578617
5.233429481, 5.233595856
5.243429472, 5.243573162
5.253429475, 5.253598649
5.263429505, 5.263594396
5.273429481, 5.273575026
5.283429481, 5.283601654
5.293429479, 5.293640702
5.303429473, 5.303615596
5.313429465, 5.313578661
5.323429446, 5.323576681
5.333429451, 5.333584062
5.343429446, 5.343572756
5.353429461, 5.353573298
5.363429459, 5.363574996
5.373429454, 5.373587967
5.383429468, 5.383603115
5.393429445, 5.393593015
5.403429445, 5.403564053
5.413429448, 5.413568708
5.423429454, 5.423571848
5.433429453, 5.433571337
5.443429442, 5.443584276
5.453429454, 5.453576937
5.463429446, 5.463577535
5.473429454, 5.473572319
5.483429451, 5.483568902
5.493429446, 5.493578974
5.503429443, 5.503564712
5.513429448, 5.513565536
5.523429449, 5.523491854
5.533429467, 5.533573444
5.543429465, 5.543584209
5.553429457, 5.553579646
5.563429448, 5.563616457
5.573429470, 5.573579638
5.583429456, 5.583642791
5.593429453, 5.593581176
5.603429454, 5.603573067
5.613429468, 5.613567393
5.623429454, 5.623582122
5.633429473, 5.633560963
5.643429462, 5.643572042
5.653429446, 5.653579045
5.663429467, 5.663566152
5.673429444, 5.673584955
5.683429455, 5.683575221
5.693429466, 5.693592486
5.703429446, 5.703585103
5.713429461, 5.713588888
5.723429461, 5.723565367
5.733429443, 5.733573945
5.743429462, 5.743565580
5.753429454, 5.753579979
5.763429475, 5.763568814
5.773429470, 5.773562392
5.783429459, 5.783579847
5.793429473, 5.793581805
5.803429465, 5.803566564
5.813429467, 5.813578355
5.823429461, 5.823570383
5.833429467, 5.833577414
5.843429468, 5.843559511
5.853429461, 5.853577114
5.863429457, 5.863577984
5.873429454, 5.873575585
5.883429461, 5.883559411
5.893429453, 5.893579147
5.903429457, 5.903581224
5.913429453, 5.913609809
5.923429454, 5.923577622
5.933429459, 5.933571539
5.943429475, 5.943580017
5.953429459, 5.953571867
5.963429473, 5.963619131
5.973429459, 5.973589719
5.983429459, 5.983577329
5.993429468, 5.993576849
6.003429578, 6.003542235
6.013429483, 6.013560886
6.023429469, 6.023538569
6.033429477, 6.033495738
6.043429480, 6.043580371
6.053429483, 6.053593102
6.063429755, 6.063639850
6.073429457, 6.073618978
6.083429472, 6.083582983
6.093429475, 6.093642505
6.103429449, 6.103596474
6.113429446, 6.113631375
6.123429469, 6.123561802
6.133429466, 6.133584328
6.143429445, 6.143577065
6.153429451, 6.153634009
6.163429451, 6.163584435
6.173429454, 6.173617420
6.183429454, 6.183583781
6.193429446, 6.193627243
6.203429473, 6.203571035
6.213429468, 6.213626698
6.223429454, 6.223594279
6.233429464, 6.233602651
6.243429451, 6.243585041
6.253429447, 6.253601895
6.263429467, 6.263589731
6.273429446, 6.273573088
6.283429467, 6.283573632
6.293429472, 6.293578027
6.303429448, 6.303571607
6.313429465, 6.313575997
6.323429446, 6.323580098
6.333429440, 6.333617309
6.343429462, 6.343581083
6.353429446, 6.353604558
6.363429467, 6.363581280
6.373429470, 6.373590090
6.383429457, 6.383581596
6.393429462, 6.393628228
6.403429455, 6.403628228
6.413429449, 6.413629475
6.423429462, 6.423576269
6.433429464, 6.433570449
6.443429454, 6.443558292
6.453429461, 6.453585123
6.463429445, 6.463576714
6.473429448, 6.473587279
6.483429445, 6.483573056
6.493429465, 6.493570675
6.503429448, 6.503580403
6.513429454, 6.513559680
6.523429453, 6.523576526
6.533429446, 6.533580377
6.543429451, 6.543591906
6.553429453, 6.553620913
6.563429448, 6.563572511
6.573429462, 6.573579239
6.583429446, 6.583569641
6.593429467, 6.593589895
6.603429448, 6.603567669
6.613429451, 6.613578603
6.623429462, 6.623570070
6.633429467, 6.633563883
6.643429446, 6.643610473
6.653429451, 6.653586055
6.663429453, 6.663573089
6.673429446, 6.673598519
6.683429449, 6.683534662
6.693429446, 6.693558304
6.703429446, 6.703499960
6.713429467, 6.713559152
6.723429445, 6.723491885
6.733429453, 6.733568294
6.743429451, 6.743496387
6.753429446, 6.753485431
6.763429457, 6.763597537
6.773429468, 6.773576818
6.783429444, 6.783568019
6.793429460, 6.793553436
6.803429464, 6.803579980
6.813429447, 6.813580015
6.823429442, 6.823568732
6.833429460, 6.833570174
6.843429460, 6.843584000
6.853429464, 6.853556017
6.863429452, 6.863586672
6.873429444, 6.873571972
6.883429448, 6.883608995
6.893429449, 6.893566295
6.903429456, 6.903582152
6.913429456, 6.913600068
6.923429454, 6.923576301
6.933429459, 6.933573523
6.943429446, 6.943570029
6.953429461, 6.953560771
6.963429453, 6.963579313
6.973429457, 6.973559616
6.983429465, 6.983571757
6.993429465, 6.993631480
7.003429479, 7.003635539
7.013429481, 7.013568319
7.023429525, 7.023584828
7.033429479, 7.033586401
7.043429481, 7.043577370
7.053429486, 7.053575071
7.063429569, 7.063571209
7.073429604, 7.073579409
7.083429647, 7.083567126
7.093429483, 7.093589478
7.103429478, 7.103563357
7.113429483, 7.113572259
7.123429483, 7.123577370
7.133429483, 7.133582774
7.143429484, 7.143593804
7.153429478, 7.153566144
7.163429479, 7.163597788
7.173429479, 7.173582485
7.183429475, 7.183569592
7.193429481, 7.193580598
7.203429552, 7.203575963
7.213429481, 7.213585362
7.223429470, 7.223567426
7.233429481, 7.233604069
7.243429479, 7.243565556
7.253429475, 7.253599839
7.263429475, 7.263574076
7.273429486, 7.273576097
7.283429481, 7.283589115
7.293429484, 7.293583391
7.303429484, 7.303568897
7.313429483, 7.313549109
7.323429484, 7.323556396
7.333429479, 7.333553228
7.343429453, 7.343548542
7.353429454, 7.353554757
7.363429449, 7.363540960
7.373429454, 7.373542285
7.383429448, 7.383549333
7.393429465, 7.393530083
7.403429467, 7.403528241
7.413429468, 7.413536770
7.423429445, 7.423546212
7.433429462, 7.433534683
7.443429461, 7.443552944
7.453429465, 7.453542339
7.463429459, 7.463538084
7.473429468, 7.473549208
7.483429451, 7.483553407
7.493429459, 7.493539377
7.503429470, 7.503531230
7.513429475, 7.513531249
7.523429468, 7.523535568
7.533429467, 7.533543862
7.543429440, 7.543549597
7.553429461, 7.553542975
7.563429462, 7.563536233
7.573429467, 7.573542842
7.583429462, 7.583486151
7.593429451, 7.593500135
7.603429446, 7.603492136
7.613429468, 7.613516405
7.623429461, 7.623594868
7.633429454, 7.633587659
7.643429448, 7.643574141
7.653429451, 7.653575115
7.663429443, 7.663568441
7.673429459, 7.673581056
7.683429461, 7.683577995
7.693429467, 7.693580519
7.703429464, 7.703578898
7.713429451, 7.713576713
7.723429448, 7.723603794
7.733429448, 7.733573337
7.743429453, 7.743479317
7.753429446, 7.753577687
7.763429465, 7.763580999
7.773429449, 7.773565886
7.783429454, 7.783589134
7.793429476, 7.793575175
7.803429475, 7.803583292
7.813429456, 7.813584279
7.823429454, 7.823584430
7.833429448, 7.833578368
7.843429466, 7.843632673
7.853429444, 7.853574181
7.863429442, 7.863582835
7.873429461, 7.873568660
7.883429460, 7.883579499
7.893429463, 7.893584611
7.903429447, 7.903616071
7.913429468, 7.913575520
7.923429444, 7.923563784
7.933429466, 7.933587906
7.943429452, 7.943592926
7.953429461, 7.953572103
7.963429444, 7.963570742
7.973429468, 7.973586166
7.983429449, 7.983662972
7.993429446, 7.993570704
8.003429482, 8.003576663
8.013429482, 8.013594187
8.023429815, 8.023591282
8.033429559, 8.033581510
8.043429482, 8.043585465
8.053429502, 8.053563389
8.063429480, 8.063578558
8.073429483, 8.073585925
8.083429566, 8.083574921
8.093429528, 8.093596609
8.103429472, 8.103589586
8.113429477, 8.113590946
8.123429469, 8.123570676
8.133429477, 8.133581736
8.143429483, 8.143595951
8.153429479, 8.153591582
8.163429540, 8.163580100
8.173429569, 8.173587946
8.183429477, 8.183586128
8.193429479, 8.193581602
8.203429476, 8.203585328
8.213429474, 8.213578864
8.223429472, 8.223588080
8.233429480, 8.233692710
8.243429476, 8.243579378
8.253429477, 8.253581480
8.263429469, 8.263584944
8.273429484, 8.273592672
8.283429511, 8.283594477
8.293429486, 8.293585831
8.303429533, 8.303573858
8.313429479, 8.313575003
8.323429478, 8.323582676
8.333429554, 8.333589259
8.343429470, 8.343579351
8.353429479, 8.353587432
8.363429457, 8.363576132
8.373429461, 8.373561483
8.383429451, 8.383563504
8.393429449, 8.393580620
8.403429448, 8.403563788
8.413429451, 8.413568395
8.423429448, 8.423574659
8.433429453, 8.433557801
8.443429448, 8.443573356
8.453429454, 8.453574046
8.463429454, 8.463573910
8.473429449, 8.473564299
8.483429457, 8.483562454
8.493429457, 8.493583049
8.503429454, 8.503589364
8.513429454, 8.513567077
8.523429453, 8.523557122
8.533429467, 8.533570925
8.543429468, 8.543572306
8.553429473, 8.553593312
8.563429445, 8.563611789
8.573429465, 8.573599886
8.583429454, 8.583601651
8.593429456, 8.593601628
8.603429457, 8.603586998
8.613429468, 8.613592145
8.623429445, 8.623604015
8.633429468, 8.633586914
8.643429448, 8.643578620
8.653429462, 8.653578560
8.663429467, 8.663618871
8.673429454, 8.673562092
8.683429448, 8.683581653
8.693429451, 8.693584298
8.703429457, 8.703578677
8.713429459, 8.713582847
8.723429461, 8.723578257
8.733429451, 8.733575015
8.743429449, 8.743580039
8.753429453, 8.753588032
8.763429457, 8.763560371
8.773429464, 8.773574046
8.783429465, 8.783585285
8.793429467, 8.793571734
8.803429451, 8.803555815
8.813429467, 8.813609969
8.823429459, 8.823562836
8.833429473, 8.833577583
8.843429462, 8.843580287
8.853429473, 8.853585774
8.863429456, 8.863573348
8.873429453, 8.873554662
8.883429454, 8.883568488
8.893429453, 8.893631412
8.903429473, 8.903577346
8.913429464, 8.913572848
8.923429449, 8.923566436
8.933429468, 8.933567789
8.943429473, 8.943569906
8.953429449, 8.953609541
8.963429457, 8.963579607
8.973429473, 8.973577098
8.983429446, 8.983583087
8.993429448, 8.993584358
9.003429481, 9.003582379
9.013429478, 9.013580036
9.023429475, 9.023520853
9.033429483, 9.033564473
9.043429476, 9.043538786
9.053429483, 9.053496410
9.063429483, 9.063571528
9.073429486, 9.073577545
9.083429472, 9.083590228
9.093429479, 9.093603694
9.103429476, 9.103597054
9.113429479, 9.113597174
9.123429481, 9.123602864
9.133429522, 9.133588640
9.143429472, 9.143597091
9.153429483, 9.153599829
9.163429625, 9.163585963
9.173429522, 9.173581760
9.183429481, 9.183599359
9.193429483, 9.193601121
9.203429483, 9.203596798
9.213429541, 9.213587193
9.223429457, 9.223639565
9.233429466, 9.233633934
9.243429455, 9.243616880
9.253429452, 9.253634189
9.263429470, 9.263629797
9.273429475, 9.273610553
9.283429454, 9.283635503
9.293429475, 9.293601606
9.303429459, 9.303575038
9.313429454, 9.313565368
9.323429454, 9.323594537
9.333429454, 9.333576594
9.343429453, 9.343587372
9.353429454, 9.353572306
9.363429448, 9.363582597
9.373429457, 9.373588558
9.383429456, 9.383572969
9.393429461, 9.393589898
9.403429442, 9.403604880
9.413429461, 9.413579280
9.423429445, 9.423592033
9.433429448, 9.433574635
9.443429462, 9.443597541
9.453429453, 9.453590277
9.463429456, 9.463585660
9.473429449, 9.473624452
9.483429453, 9.483570566
9.493429454, 9.493586706
9.503429473, 9.503584484
9.513429454, 9.513597115
9.523429456, 9.523598932
9.533429465, 9.533583295
9.543429453, 9.543584408
9.553429456, 9.553590141
9.563429459, 9.563570906
9.573429456, 9.573587980
9.583429454, 9.583598508
9.593429446, 9.593632083
9.603429475, 9.603583219
9.613429462, 9.613624936
9.623429451, 9.623574182
9.633429449, 9.633608049
9.643429457, 9.643583110
9.653429465, 9.653617629
9.663429474, 9.663592659
9.673429453, 9.673588007
9.683429447, 9.683581580
9.693429446, 9.693580400
9.703429442, 9.703579369
9.713429450, 9.713609552
9.723429461, 9.723586126
9.733429449, 9.733617107
9.743429453, 9.743587744
9.753429467, 9.753622597
9.763429453, 9.763569676
9.773429465, 9.773628918
9.783429475, 9.783569077
9.793429465, 9.793622957
9.803429473, 9.803565479
9.813429467, 9.813490780
9.823429448, 9.823484692
9.833429448, 9.833546422
9.843429468, 9.843488113
9.853429467, 9.853615676
9.863429473, 9.863583617
9.873429468, 9.873596550
9.883429473, 9.883586150
9.893429462, 9.893600702
9.903429464, 9.903585509
9.913429468, 9.913624522
9.923429475, 9.923509076
9.933429463, 9.933627641
9.943429454, 9.943584958
9.953429446, 9.953609518
9.963429464, 9.963585570
9.973429462, 9.973610540
9.983429473, 9.983573455
9.993429470, 9.993560171
10.003429562, 10.003576752
10.013429446, 10.013622280
10.023429454, 10.023573330
10.033429453, 10.033560869
10.043429450, 10.043558607
10.053429476, 10.053567795
10.063429442, 10.063560738
10.073429442, 10.073561632
10.083429452, 10.083564592
10.093429452, 10.093564518
10.103429445, 10.103559018
10.113429448, 10.113567890
10.123429442, 10.123564869
10.133429465, 10.133562279
10.143429450, 10.143563801
10.153429462, 10.153559178
10.163429459, 10.163559959
10.173429457, 10.173563710
10.183429449, 10.183560391
10.193429454, 10.193562534
10.203429467, 10.203561359
10.213429464, 10.213565261
10.223429462, 10.223563108
10.233429463, 10.233557580
10.243429456, 10.243561558
10.253429446, 10.253557893
10.263429447, 10.263558861
10.273429449, 10.273556287
10.283429447, 10.283556797
10.293429446, 10.293554302
10.303429444, 10.303558808
10.313429459, 10.313557044
10.323429446, 10.323557617
10.333429447, 10.333560039
10.343429447, 10.343556872
10.353429446, 10.353561791
10.363429448, 10.363555680
10.373429462, 10.373555922
10.383429448, 10.383559018
10.393429447, 10.393558643
10.403429452, 10.403560322
10.413429444, 10.413556626
10.423429445, 10.423564134
10.433429461, 10.433557999
10.443429452, 10.443554756
10.453429453, 10.453556520
10.463429447, 10.463572808
10.473429447, 10.473557553
10.483429454, 10.483559839
10.493429451, 10.493557387
10.503429447, 10.503559045
10.513429444, 10.513554315
10.523429454, 10.523559271
10.533429447, 10.533556878
10.543429452, 10.543559639
10.553429470, 10.553558079
10.563429449, 10.563562471
10.573429447, 10.573558012
10.583429453, 10.583557165
10.593429441, 10.593557913
10.603429439, 10.603559243
10.613429460, 10.613555402
10.623429464, 10.623556582
10.633429449, 10.633558779
10.643429453, 10.643558824
10.653429443, 10.653558107
10.663429440, 10.663556945
10.673429460, 10.673556889
10.683429460, 10.683556807
10.693429471, 10.693558330
10.703429449, 10.703560856
10.713429445, 10.713559117
10.723429443, 10.723556754
10.733429458, 10.733560152
10.743429459, 10.743556536
10.753429465, 10.753555749
10.763429474, 10.763558345
10.773429466, 10.773555398
10.783429444, 10.783558119
10.793429451, 10.793556385
10.803429449, 10.803559600
10.813429444, 10.813559708
10.823429460, 10.823556118
10.833429464, 10.833560042
10.843429444, 10.843557780
10.853429459, 10.853557962
10.863429451, 10.863555538
10.873429476, 10.873560228
10.883429470, 10.883557349
10.893429461, 10.893559213
10.903429445, 10.903558411
10.913429472, 10.913560031
10.923429454, 10.923555039
10.933429471, 10.933555390
10.943429467, 10.943559384
10.953429470, 10.953558096
10.963429453, 10.963556662
10.973429475, 10.973560576
10.983429472, 10.983556328
10.993429469, 10.993564394
11.003429475, 11.003554545
11.013429475, 11.013556888
11.023429449, 11.023556505
11.033429467, 11.033554146
11.043429459, 11.043556032
11.053429473, 11.053561040
11.063429471, 11.063559196
11.073429458, 11.073558699
11.083429445, 11.083553320
11.093429470, 11.093554735
11.103429459, 11.103557518
11.113429467, 11.113560881
11.123429448, 11.123556030
11.133429463, 11.133559885
11.143429458, 11.143560338
11.153429453, 11.153553214
11.163429447, 11.163554405
11.173429465, 11.173557515
11.183429445, 11.183557899
11.193429459, 11.193555221
11.203429439, 11.203559346
11.213429466, 11.213556386
11.223429459, 11.223550678
11.233429462, 11.233557785
11.243429449, 11.243557309
11.253429452, 11.253558153
11.263429456, 11.263555991
11.273429470, 11.273552892
11.283429448, 11.283552395
11.293429446, 11.293555106
11.303429451, 11.303552973
11.313429449, 11.313551806
11.323429443, 11.323555811
11.333429462, 11.333552312
11.343429451, 11.343555625
11.353429466, 11.353557333
11.363429465, 11.363556761
11.373429462, 11.373558060
11.383429451, 11.383559308
11.393429458, 11.393557335
11.403429457, 11.403558453
11.413429462, 11.413554356
11.423429464, 11.423557555
11.433429448, 11.433555249
11.443429461, 11.443555061
11.453429451, 11.453552928
11.463429452, 11.463558334
11.473429462, 11.473556648
11.483429461, 11.483557626
11.493429443, 11.493558249
11.503429445, 11.503556829
11.513429458, 11.513551643
11.523429454, 11.523555762
11.533429459, 11.533554653
11.543429453, 11.543556446
11.553429446, 11.553554227
11.563429447, 11.563554740
11.573429468, 11.573556350
11.583429449, 11.583553710
11.593429449, 11.593555773
11.603429450, 11.603554773
11.613429452, 11.613556828
11.623429443, 11.623562792
11.633429461, 11.633555167
11.643429454, 11.643534968
11.653429461, 11.653556632
11.663429457, 11.663554358
11.673429460, 11.673555265
11.683429449, 11.683555416
11.693429460, 11.693554649
11.703429461, 11.703573492
11.713429459, 11.713556755
11.723429460, 11.723554544
11.733429459, 11.733556380
11.743429454, 11.743557629
11.753429453, 11.753552941
11.763429456, 11.763561519
11.773429462, 11.773556894
11.783429465, 11.783556544
11.793429461, 11.793555347
11.803429454, 11.803556061
11.813429461, 11.813557281
11.823429460, 11.823557225
11.833429461, 11.833557044
11.843429463, 11.843556748
11.853429468, 11.853555171
11.863429455, 11.863555428
11.873429465, 11.873553509
11.883429453, 11.883605648
11.893429459, 11.893607414
11.903429459, 11.903604703
11.913429462, 11.913605231
11.923429442, 11.923605586
11.933429465, 11.933605867
11.943429461, 11.943605821
11.953429461, 11.953606109
11.963429454, 11.963604118
11.973429456, 11.973603853
11.983429446, 11.983606266
11.993429461, 11.993602932
12.003429454, 12.003604221
12.013429464, 12.013602738
12.023429467, 12.023607037
12.033429464, 12.033603656
12.043429445, 12.043603956
12.053429445, 12.053604176
------------------------------
