------------------------------
test was performed using the following parameters: --mps=100 --burst=1 --reply-every=1 --msg-size=12 --time=10
------------------------------
sockperf: [Total Run] RunTime=10.100 sec; SentMessages=1011; ReceivedMessages=1010
sockperf: ========= Printing statistics for Server No: 0
sockperf: [Valid Duration] RunTime=9.990 sec; SentMessages=1000; ReceivedMessages=1000
sockperf: [2;35m====> avg-lat= 68.769 (std-dev=17.139)[0m
sockperf: # dropped messages = 0; # duplicated messages = 0; # out-of-order messages = 0
sockperf: [2;35mTotal 1000 observations[0m; each percentile contains 10.00 observations
sockperf: ---> <MAX> observation =  142.864
sockperf: ---> percentile  99.99 =  142.864
sockperf: ---> percentile  99.90 =  139.518
sockperf: ---> percentile  99.50 =  130.723
sockperf: ---> percentile  99.00 =  125.014
sockperf: ---> percentile  95.00 =   99.463
sockperf: ---> percentile  90.00 =   88.387
sockperf: ---> percentile  75.00 =   80.290
sockperf: ---> percentile  50.00 =   64.503
sockperf: ---> percentile  25.00 =   56.104
sockperf: ---> <MIN> observation =   35.574
------------------------------
txTime, rxTime
2.063416419, 2.063544598
2.073416421, 2.073549638
2.083416422, 2.083550602
2.093416426, 2.093567007
2.103416420, 2.103543958
2.113416419, 2.113533774
2.123416433, 2.123511856
2.133416442, 2.133525505
2.143416417, 2.143501192
2.153416431, 2.153568601
2.163416425, 2.163546367
2.173416412, 2.173524779
2.183416452, 2.183576226
2.193416426, 2.193539107
2.203416449, 2.203566168
2.213416425, 2.213541578
2.223416420, 2.223553010
2.233416441, 2.233557814
2.243416422, 2.243584997
2.253416456, 2.253551339
2.263416450, 2.263579420
2.273416434, 2.273559605
2.283416422, 2.283582335
2.293416423, 2.293559081
2.303416455, 2.303565292
2.313416441, 2.313537132
2.323416437, 2.323571461
2.333416428, 2.333533992
2.343416463, 2.343524700
2.353416467, 2.353533067
2.363416450, 2.363543028
2.373416422, 2.373534262
2.383416516, 2.383569471
2.393416617, 2.393574315
2.403416420, 2.403562230
2.413416456, 2.413557211
2.423416516, 2.423588350
2.433416480, 2.433549066
2.443416425, 2.443555591
2.453416417, 2.453547114
2.463416441, 2.463529312
2.473416414, 2.473543688
2.483416439, 2.483549397
2.493416442, 2.493552234
2.503416423, 2.503568057
2.513416425, 2.513531513
2.523416425, 2.523557492
2.533416467, 2.533542150
2.543416425, 2.543608696
2.553416541, 2.553559617
2.563416445, 2.563582017
2.573416441, 2.573581921
2.583416465, 2.583558401
2.593416458, 2.593528878
2.603416436, 2.603561250
2.613416631, 2.613574730
2.623416477, 2.623541264
2.633416425, 2.633521427
2.643416474, 2.643580423
2.653416564, 2.653622771
2.663416419, 2.663540731
2.673416462, 2.673564931
2.683416419, 2.683568352
2.693416492, 2.693515858
2.703416454, 2.703555304
2.713416477, 2.713539057
2.723416444, 2.723531685
2.733416433, 2.733550852
2.743416481, 2.743588321
2.753416525, 2.753526159
2.763416514, 2.763522188
2.773416416, 2.773508635
2.783416474, 2.783532604
2.793416550, 2.793562222
2.803416430, 2.803591712
2.813416421, 2.813599672
2.823416421, 2.823559802
2.833416418, 2.833530344
2.843416415, 2.843542345
2.853416453, 2.853529981
2.863416440, 2.863540124
2.873416413, 2.873531216
2.883416415, 2.883532322
2.893416418, 2.893550767
2.903416413, 2.903544658
2.913416418, 2.913535019
2.923416418, 2.923536769
2.933416420, 2.933556469
2.943416431, 2.943531689
2.953416698, 2.953540361
2.963416412, 2.963548707
2.973416417, 2.973553136
2.983416420, 2.983571906
2.993416423, 2.993536748
3.003416421, 3.003503697
3.013416412, 3.013504775
3.023416413, 3.023545851
3.033416415, 3.033518130
3.043416415, 3.043542600
3.053416418, 3.053530608
3.063416434, 3.063540028
3.073416407, 3.073559319
3.083416492, 3.083521226
3.093416432, 3.093522289
3.103416417, 3.103577059
3.113416447, 3.113545331
3.123416431, 3.123512367
3.133416429, 3.133540688
3.143416420, 3.143571680
3.153416424, 3.153565666
3.163416440, 3.163544930
3.173416417, 3.173556383
3.183416451, 3.183523890
3.193416418, 3.193511914
3.203416417, 3.203556649
3.213416418, 3.213559478
3.223416428, 3.223560500
3.233416413, 3.233555596
3.243416418, 3.243506169
3.253416412, 3.253510733
3.263416434, 3.263529051
3.273416447, 3.273527267
3.283416421, 3.283522964
3.293416420, 3.293528787
3.303416417, 3.303602915
3.313416701, 3.313598766
3.323416423, 3.323504499
3.333416436, 3.333605996
3.343416458, 3.343549801
3.353416421, 3.353558602
3.363416421, 3.363541469
3.373416442, 3.373509581
3.383416448, 3.383553728
3.393416424, 3.393557116
3.403416428, 3.403512266
3.413416439, 3.413487587
3.423416469, 3.423550903
3.433416448, 3.433533794
3.443416573, 3.443529455
3.453416464, 3.453539331
3.463416461, 3.463515210
3.473416442, 3.473585652
3.483416439, 3.483538542
3.493416437, 3.493558049
3.503416415, 3.503536415
3.513416434, 3.513510294
3.523416442, 3.523551538
3.533416436, 3.533576057
3.543416462, 3.543528566
3.553416439, 3.553558447
3.563416448, 3.563536537
3.573416423, 3.573573623
3.583416480, 3.583538561
3.593416415, 3.593541330
3.603416420, 3.603541368
3.613416467, 3.613549504
3.623416505, 3.623574110
3.633416443, 3.633549518
3.643416431, 3.643569054
3.653416418, 3.653593827
3.663416440, 3.663588708
3.673416417, 3.673575420
3.683416415, 3.683578210
3.693416412, 3.693556538
3.703416439, 3.703523836
3.713416421, 3.713538521
3.723416516, 3.723541254
3.733416466, 3.733543929
3.743416415, 3.743531882
3.753416418, 3.753558392
3.763416413, 3.763535157
3.773416415, 3.773517912
3.783416417, 3.783538311
3.793416439, 3.793516041
3.803416410, 3.803541336
3.813416421, 3.813546866
3.823416418, 3.823534525
3.833416417, 3.833527374
3.843416456, 3.843585535
3.853416420, 3.853539072
3.863416418, 3.863541791
3.873416418, 3.873521777
3.883416451, 3.883620119
3.893416426, 3.893568749
3.903416423, 3.903564709
3.913416417, 3.913575441
3.923416420, 3.923532520
3.933416421, 3.933545429
3.943416434, 3.943528869
3.953416415, 3.953540320
3.963416417, 3.963549681
3.973416552, 3.973527103
3.983416421, 3.983536241
3.993416450, 3.993562020
4.003416421, 4.003511891
4.013416443, 4.013533631
4.023416420, 4.023525303
4.033416432, 4.033540185
4.043416413, 4.043561136
4.053416417, 4.053536230
4.063416415, 4.063537534
4.073416421, 4.073540501
4.083416453, 4.083525639
4.093416421, 4.093556107
4.103416421, 4.103530936
4.113416420, 4.113547486
4.123416560, 4.123542631
4.133421801, 4.133549828
4.143416424, 4.143561984
4.153416892, 4.153564837
4.163416423, 4.163651215
4.173416413, 4.173527845
4.183416415, 4.183525353
4.193416421, 4.193553183
4.203416418, 4.203569135
4.213416417, 4.213519344
4.223416423, 4.223543910
4.233416421, 4.233530194
4.243416420, 4.243584615
4.253416446, 4.253577027
4.263416417, 4.263561048
4.273416451, 4.273517785
4.283416418, 4.283541447
4.293416420, 4.293549139
4.303416421, 4.303543286
4.313416437, 4.313577716
4.323416422, 4.323544276
4.333416419, 4.333533072
4.343416422, 4.343578863
4.353416413, 4.353540995
4.363416424, 4.363520432
4.373416426, 4.373545436
4.383416495, 4.383546736
4.393416419, 4.393513507
4.403416428, 4.403530031
4.413416421, 4.413548891
4.423416678, 4.423536485
4.433416421, 4.433527654
4.443416425, 4.443543617
4.453416427, 4.453543437
4.463416457, 4.463537268
4.473416422, 4.473555731
4.483416435, 4.483538367
4.493416422, 4.493539199
4.503416438, 4.503571025
4.513416421, 4.513531483
4.523416422, 4.523546846
4.533416465, 4.533527081
4.543416436, 4.543544896
4.553416542, 4.553525736
4.563416422, 4.563535170
4.573416580, 4.573510138
4.583416436, 4.583526347
4.593416455, 4.593537262
4.603416471, 4.603566655
4.613416506, 4.613547413
4.623416436, 4.623545558
4.633416624, 4.633545592
4.643416439, 4.643540241
4.653416460, 4.653539975
4.663416444, 4.663554508
4.673416578, 4.673540624
4.683416468, 4.683542688
4.693416424, 4.693523559
4.703416473, 4.703572881
4.713416525, 4.713547215
4.723416469, 4.723536165
4.733416435, 4.733542798
4.743416428, 4.743536503
4.753416428, 4.753556043
4.763416515, 4.763553613
4.773416421, 4.773561000
4.783416407, 4.783533849
4.793416421, 4.793566094
4.803416424, 4.803566370
4.813416420, 4.813528012
4.823416417, 4.823530796
4.833416473, 4.833571721
4.843416424, 4.843540045
4.853416443, 4.853548659
4.863416440, 4.863566233
4.873416428, 4.873563651
4.883416437, 4.883521886
4.893416423, 4.893537435
4.903416442, 4.903594407
4.913416436, 4.913523926
4.923416470, 4.923538551
4.933416421, 4.933534126
4.943416568, 4.943523984
4.953416420, 4.953526945
4.963416432, 4.963547368
4.973416418, 4.973540621
4.983416418, 4.983523828
4.993416415, 4.993552022
5.003416413, 5.003517905
5.013416418, 5.013523299
5.023416424, 5.023550696
5.033416420, 5.033553016
5.043416413, 5.043518337
5.053416481, 5.053520868
5.063416413, 5.063536925
5.073416420, 5.073553020
5.083416420, 5.083553346
5.093416415, 5.093559630
5.103416436, 5.103551855
5.113416434, 5.113584114
5.123416418, 5.123539631
5.133416439, 5.133519399
5.143416410, 5.143535059
5.153416410, 5.153530854
5.163416450, 5.163548437
5.173416418, 5.173524887
5.183416413, 5.183534888
5.193416415, 5.193523230
5.203416420, 5.203592010
5.213416436, 5.213541767
5.223416453, 5.223525093
5.233416456, 5.233511961
5.243416428, 5.243608558
5.253416417, 5.253543577
5.263416412, 5.263547494
5.273416426, 5.273531298
5.283416447, 5.283550216
5.293416421, 5.293601685
5.303416442, 5.303562255
5.313416423, 5.313527480
5.323416423, 5.323622060
5.333416450, 5.333544988
5.343416418, 5.343540778
5.353416418, 5.353548157
5.363416413, 5.363534571
5.373416417, 5.373527845
5.383416418, 5.383571959
5.393416415, 5.393554288
5.403416442, 5.403518537
5.413416456, 5.413561651
5.423416428, 5.423561237
5.433416437, 5.433542983
5.443416420, 5.443559331
5.453416415, 5.453530961
5.463416453, 5.463557151
5.473416437, 5.473524932
5.483416436, 5.483524889
5.493416590, 5.493536241
5.503416423, 5.503526801
5.513416437, 5.513535223
5.523416434, 5.523529480
5.533416442, 5.533519549
5.543416436, 5.543560092
5.553416436, 5.553528325
5.563416421, 5.563542936
5.573416469, 5.573537785
5.583416533, 5.583511907
5.593416421, 5.593543533
5.603416434, 5.603608010
5.613416473, 5.613583354
5.623416420, 5.623544910
5.633416472, 5.633547202
5.643416421, 5.643547039
5.653416470, 5.653552874
5.663416439, 5.663533532
5.673416453, 5.673538755
5.683416428, 5.683544965
5.693416434, 5.693522478
5.703416417, 5.703579574
5.713416532, 5.713538790
5.723416424, 5.723543817
5.733416478, 5.733515659
5.743416434, 5.743546711
5.753416423, 5.753509720
5.763416440, 5.763525153
5.773416439, 5.773557599
5.783416443, 5.783516950
5.793416544, 5.793561625
5.803416415, 5.803500332
5.813416481, 5.813530605
5.823416481, 5.823605601
5.833416434, 5.833588274
5.843416436, 5.843550241
5.853416417, 5.853562137
5.863416421, 5.863575215
5.873416488, 5.873529321
5.883416511, 5.883517408
5.893416420, 5.893523389
5.903416439, 5.903503670
5.913416439, 5.913513832
5.923416486, 5.923511168
5.933416436, 5.933521902
5.943416450, 5.943549495
5.953416448, 5.953556867
5.963416413, 5.963516066
5.973416470, 5.973538974
5.983416434, 5.983521559
5.993416434, 5.993518095
6.003416477, 6.003558946
6.013416426, 6.013533803
6.023416439, 6.023572198
6.033416442, 6.033566367
6.043416443, 6.043522465
6.053416461, 6.053529409
6.063416415, 6.063539912
6.073416548, 6.073548726
6.083416439, 6.083521785
6.093416486, 6.093561226
6.103416431, 6.103516865
6.113416573, 6.113533770
6.123416421, 6.123555024
6.133416480, 6.133525082
6.143416530, 6.143527710
6.153416436, 6.153556742
6.163416436, 6.163513691
6.173416442, 6.173521760
6.183416417, 6.183532471
6.193416432, 6.193559986
6.203416439, 6.203552223
6.213416502, 6.213541850
6.223416436, 6.223531187
6.233425576, 6.233573822
6.243416437, 6.243560518
6.253416428, 6.253563572
6.263416423, 6.263517395
6.273416417, 6.273535994
6.283416419, 6.283543391
6.293416421, 6.293576372
6.303416424, 6.303574433
6.313416422, 6.313559534
6.323416421, 6.323565302
6.333416413, 6.333557885
6.343416436, 6.343571998
6.353416421, 6.353526086
6.363416409, 6.363517981
6.373416416, 6.373554045
6.383416443, 6.383521226
6.393416422, 6.393578177
6.403416418, 6.403525275
6.413416519, 6.413557686
6.423416421, 6.423544489
6.433416422, 6.433553468
6.443416421, 6.443500477
6.453416427, 6.453528215
6.463416574, 6.463526180
6.473416422, 6.473533734
6.483416419, 6.483555860
6.493416471, 6.493523303
6.503416441, 6.503530680
6.513416430, 6.513555922
6.523416441, 6.523580210
6.533416419, 6.533549497
6.543416457, 6.543569197
6.553416438, 6.553537291
6.563416522, 6.563530528
6.573416476, 6.573536689
6.583416473, 6.583508291
6.593416473, 6.593515631
6.603416429, 6.603532826
6.613416416, 6.613531623
6.623416422, 6.623532867
6.633416434, 6.633533249
6.643416421, 6.643518778
6.653416418, 6.653547396
6.663416418, 6.663555264
6.673416422, 6.673554244
6.683416416, 6.683527799
6.693416421, 6.693532887
6.703416407, 6.703527380
6.713416438, 6.713532712
6.723416443, 6.723511378
6.733416418, 6.733540523
6.743416422, 6.743558104
6.753416434, 6.753520572
6.763416429, 6.763562345
6.773416424, 6.773594621
6.783416429, 6.783554610
6.793416419, 6.793598143
6.803416419, 6.803524915
6.813416415, 6.813577035
6.823416430, 6.823563515
6.833416422, 6.833550566
6.843416435, 6.843604592
6.853416416, 6.853522605
6.863416413, 6.863523654
6.873416424, 6.873519482
6.883416418, 6.883549384
6.893416416, 6.893526755
6.903416421, 6.903538485
6.913416665, 6.913535630
6.923416431, 6.923523301
6.933416424, 6.933531183
6.943416421, 6.943534909
6.953416411, 6.953522253
6.963416419, 6.963536198
6.973416422, 6.973540879
6.983416417, 6.983568119
6.993416440, 6.993551143
7.003416420, 7.003529088
7.013416444, 7.013527978
7.023416518, 7.023543044
7.033416419, 7.033521628
7.043416425, 7.043534970
7.053416425, 7.053532110
7.063416428, 7.063541264
7.073416414, 7.073521738
7.083416411, 7.083565081
7.093416427, 7.093527138
7.103416419, 7.103523683
7.113416422, 7.113511804
7.123416422, 7.123514455
7.133416419, 7.133530820
7.143416419, 7.143506980
7.153416414, 7.153505180
7.163416454, 7.163524326
7.173416428, 7.173523353
7.183416417, 7.183537076
7.193416424, 7.193526399
7.203416439, 7.203523903
7.213416416, 7.213585215
7.223416432, 7.223551783
7.233416424, 7.233530751
7.243416425, 7.243549999
7.253416439, 7.253521291
7.263416416, 7.263516073
7.273416424, 7.273512421
7.283416424, 7.283532134
7.293416419, 7.293511782
7.303416421, 7.303528630
7.313416529, 7.313574439
7.323416428, 7.323537665
7.333416417, 7.333549279
7.343416446, 7.343525198
7.353416441, 7.353545749
7.363416421, 7.363524574
7.373416449, 7.373533083
7.383416422, 7.383598533
7.393416421, 7.393515470
7.403416422, 7.403525401
7.413416435, 7.413532172
7.423416416, 7.423572105
7.433416417, 7.433533170
7.443416422, 7.443578743
7.453416430, 7.453525536
7.463416422, 7.463586649
7.473416424, 7.473533337
7.483416424, 7.483541593
7.493416422, 7.493555271
7.503416422, 7.503572251
7.513416454, 7.513605753
7.523416422, 7.523537308
7.533416438, 7.533551823
7.543416443, 7.543540420
7.553416571, 7.553567168
7.563416427, 7.563574603
7.573416441, 7.573535383
7.583416444, 7.583529203
7.593416443, 7.593535659
7.603416473, 7.603518514
7.613416441, 7.613531305
7.623416435, 7.623553260
7.633416433, 7.633524141
7.643416425, 7.643600069
7.653416436, 7.653540174
7.663416452, 7.663604805
7.673421045, 7.673550247
7.683416437, 7.683523994
7.693416417, 7.693530931
7.703416418, 7.703541377
7.713416421, 7.713573660
7.723416440, 7.723579147
7.733416412, 7.733505659
7.743416417, 7.743513374
7.753416410, 7.753536364
7.763416415, 7.763544220
7.773416412, 7.773526307
7.783416415, 7.783528846
7.793416415, 7.793523353
7.803416415, 7.803544859
7.813416415, 7.813517822
7.823416406, 7.823509045
7.833416406, 7.833521692
7.843416404, 7.843503176
7.853416409, 7.853503953
7.863416401, 7.863536222
7.873416410, 7.873528186
7.883416412, 7.883527158
7.893416409, 7.893503751
7.903416410, 7.903543466
7.913416424, 7.913534440
7.923416442, 7.923551516
7.933416428, 7.933534972
7.943416442, 7.943530810
7.953416429, 7.953513519
7.963416434, 7.963504418
7.973416507, 7.973529332
7.983416434, 7.983526338
7.993416563, 7.993537388
8.003416434, 8.003562925
8.013416407, 8.013510014
8.023416407, 8.023546139
8.033416412, 8.033524608
8.043416417, 8.043508691
8.053416410, 8.053549490
8.063416409, 8.063509791
8.073416410, 8.073528648
8.083416410, 8.083527845
8.093416406, 8.093541341
8.103416409, 8.103567085
8.113416407, 8.113545906
8.123416415, 8.123517212
8.133416412, 8.133535307
8.143416413, 8.143515823
8.153416407, 8.153522958
8.163416412, 8.163542690
8.173416412, 8.173552337
8.183416409, 8.183531580
8.193416407, 8.193532922
8.203416413, 8.203516784
8.213416410, 8.213515676
8.223416404, 8.223516513
8.233416409, 8.233516849
8.243416412, 8.243520436
8.253416417, 8.253548931
8.263416415, 8.263542328
8.273416401, 8.273530409
8.283416409, 8.283531374
8.293416407, 8.293591088
8.303416418, 8.303524742
8.313416410, 8.313540962
8.323416401, 8.323524115
8.333416409, 8.333530564
8.343416412, 8.343522044
8.353416406, 8.353581003
8.363416404, 8.363520406
8.373416406, 8.373516852
8.383416412, 8.383516740
8.393416401, 8.393550006
8.403416413, 8.403512056
8.413416420, 8.413539390
8.423416410, 8.423504630
8.433416417, 8.433531648
8.443416404, 8.443517163
8.453416417, 8.453535935
8.463416410, 8.463523389
8.473416409, 8.473552994
8.483416409, 8.483507344
8.493416409, 8.493521087
8.503416410, 8.503543008
8.513416409, 8.513525811
8.523416410, 8.523537473
8.533416412, 8.533567357
8.543416412, 8.543538097
8.553416413, 8.553533428
8.563416406, 8.563566127
8.573416404, 8.573526749
8.583416404, 8.583530862
8.593416407, 8.593566907
8.603416413, 8.603515840
8.613416417, 8.613542896
8.623416412, 8.623525072
8.633416413, 8.633512910
8.643416412, 8.643571075
8.653416407, 8.653513721
8.663416413, 8.663500582
8.673416421, 8.673534460
8.683416451, 8.683535149
8.693416477, 8.693523684
8.703416407, 8.703521518
8.713416415, 8.713532782
8.723416417, 8.723518745
8.733416410, 8.733576462
8.743416412, 8.743538564
8.753416407, 8.753542541
8.763416404, 8.763530543
8.773416415, 8.773547140
8.783416412, 8.783562265
8.793416410, 8.793496581
8.803416415, 8.803515179
8.813416413, 8.813518490
8.823416420, 8.823539009
8.833416413, 8.833502110
8.843416418, 8.843565963
8.853416417, 8.853551080
8.863416420, 8.863521414
8.873416409, 8.873561873
8.883416407, 8.883529302
8.893416402, 8.893531105
8.903416410, 8.903522405
8.913416415, 8.913575398
8.923416417, 8.923507892
8.933416413, 8.933535648
8.943416412, 8.943588749
8.953416410, 8.953581859
8.963416402, 8.963519634
8.973416410, 8.973525966
8.983416404, 8.983523788
8.993416410, 8.993503684
9.003416409, 9.003518807
9.013416417, 9.013522731
9.023416418, 9.023534276
9.033416417, 9.033503686
9.043416413, 9.043519860
9.053416410, 9.053518997
9.063416412, 9.063540321
9.073416417, 9.073497062
9.083416409, 9.083535346
9.093416412, 9.093528906
9.103416415, 9.103550025
9.113416410, 9.113538149
9.123416412, 9.123534080
9.133416409, 9.133525677
9.143416415, 9.143525511
9.153416409, 9.153516713
9.163416412, 9.163510691
9.173416406, 9.173520054
9.183416418, 9.183525686
9.193416409, 9.193550308
9.203416417, 9.203524777
9.213416404, 9.213527594
9.223416413, 9.223582028
9.233416413, 9.233603640
9.243416412, 9.243532479
9.253416404, 9.253501142
9.263416404, 9.263547745
9.273416415, 9.273538247
9.283416413, 9.283511866
9.293416410, 9.293523561
9.303416417, 9.303522453
9.313416410, 9.313524575
9.323416412, 9.323542153
9.333416404, 9.333546481
9.343416409, 9.343536492
9.353416410, 9.353536270
9.363416417, 9.363523572
9.373416415, 9.373536650
9.383416410, 9.383540997
9.393416417, 9.393567548
9.403416404, 9.403558461
9.413416407, 9.413586512
9.423416415, 9.423526853
9.433416417, 9.433561696
9.443416412, 9.443505091
9.453416418, 9.453545606
9.463416415, 9.463567908
9.473416412, 9.473528055
9.483416412, 9.483541769
9.493416413, 9.493513398
9.503416415, 9.503546075
9.513416415, 9.513532430
9.523416409, 9.523521158
9.533416417, 9.533623858
9.543416413, 9.543563880
9.553416412, 9.553546951
9.563416417, 9.563510853
9.573416418, 9.573540675
9.583416409, 9.583523098
9.593416409, 9.593502115
9.603416406, 9.603560533
9.613416410, 9.613557748
9.623416413, 9.623540969
9.633416410, 9.633531228
9.643416412, 9.643526605
9.653416415, 9.653550218
9.663416413, 9.663510589
9.673416409, 9.673509668
9.683416409, 9.683532255
9.693416413, 9.693520588
9.703416413, 9.703524737
9.713416417, 9.713516415
9.723416417, 9.723516472
9.733416413, 9.733532885
9.743416406, 9.743498158
9.753416404, 9.753494577
9.763416398, 9.763516598
9.773416442, 9.773525915
9.783416434, 9.783568811
9.793416440, 9.793574893
9.803416436, 9.803584660
9.813416458, 9.813531203
9.823416439, 9.823561226
9.833416432, 9.833551550
9.843416428, 9.843563239
9.853416431, 9.853538374
9.863416437, 9.863524022
9.873416436, 9.873547002
9.883416443, 9.883523051
9.893416604, 9.893558480
9.903416432, 9.903545097
9.913416616, 9.913545949
9.923416412, 9.923629529
9.933416413, 9.933599257
9.943416427, 9.943582975
9.953416435, 9.953603666
9.963416429, 9.963621081
9.973416418, 9.973586967
9.983416438, 9.983606139
9.993416413, 9.993591635
10.003416426, 10.003614298
10.013416431, 10.013629885
10.023416415, 10.023581724
10.033416417, 10.033640959
10.043416412, 10.043600684
10.053416418, 10.053638880
10.063416418, 10.063567699
10.073416420, 10.073615347
10.083416431, 10.083620534
10.093416415, 10.093617423
10.103416418, 10.103628440
10.113416418, 10.113643108
10.123416423, 10.123651435
10.133416426, 10.133641397
10.143416429, 10.143655501
10.153416409, 10.153651696
10.163416413, 10.163645533
10.173416412, 10.173649895
10.183416432, 10.183663461
10.193416431, 10.193642726
10.203416426, 10.203632990
10.213416426, 10.213646859
10.223416410, 10.223599867
10.233416409, 10.233594010
10.243416417, 10.243590426
10.253416421, 10.253595971
10.263416423, 10.263598082
10.273416404, 10.273591929
10.283416409, 10.283577212
10.293416410, 10.293581119
10.303416413, 10.303585712
10.313416418, 10.313585281
10.323416412, 10.323584930
10.333416419, 10.333585772
10.343416415, 10.343586744
10.353416418, 10.353584096
10.363416415, 10.363585954
10.373416416, 10.373585332
10.383416416, 10.383573045
10.393416418, 10.393583750
10.403416405, 10.403582028
10.413416413, 10.413583455
10.423416411, 10.423585620
10.433416413, 10.433590291
10.443416404, 10.443586888
10.453416418, 10.453596550
10.463416412, 10.463578918
10.473416417, 10.473585367
10.483416406, 10.483575116
10.493416401, 10.493584220
10.503416402, 10.503585107
10.513416402, 10.513589931
10.523416409, 10.523584602
10.533416412, 10.533583692
10.543416413, 10.543589122
10.553416412, 10.553594848
10.563416418, 10.563572425
10.573416415, 10.573582273
10.583416412, 10.583580980
10.593416413, 10.593592008
10.603416418, 10.603584134
10.613416413, 10.613583367
10.623416415, 10.623584911
10.633416412, 10.633586471
10.643416415, 10.643586654
10.653416412, 10.653584687
10.663416409, 10.663574517
10.673416409, 10.673596193
10.683416412, 10.683571367
10.693416410, 10.693583315
10.703416410, 10.703552332
10.713416418, 10.713587428
10.723416406, 10.723584875
10.733416410, 10.733592944
10.743416410, 10.743585377
10.753416410, 10.753568633
10.763416401, 10.763583722
10.773416413, 10.773582249
10.783416412, 10.783571051
10.793416399, 10.793587227
10.803416404, 10.803583684
10.813416410, 10.813584872
10.823416402, 10.823588584
10.833416407, 10.833590622
10.843416413, 10.843583654
10.853416404, 10.853584816
10.863416412, 10.863581479
10.873416417, 10.873593580
10.883416410, 10.883576009
10.893416415, 10.893591488
10.903416417, 10.903588296
10.913416412, 10.913591957
10.923416409, 10.923584655
10.933416415, 10.933581415
10.943416418, 10.943584388
10.953416412, 10.953595789
10.963416409, 10.963587404
10.973416404, 10.973593128
10.983416418, 10.983573762
10.993416409, 10.993593372
11.003416420, 11.003587654
11.013416417, 11.013593636
11.023416406, 11.023587679
11.033416406, 11.033594977
11.043416410, 11.043583466
11.053416410, 11.053592311
11.063416407, 11.063522290
11.073416406, 11.073588209
11.083416406, 11.083579344
11.093416412, 11.093591683
11.103416417, 11.103585667
11.113416407, 11.113595814
11.123416409, 11.123587677
11.133416410, 11.133590183
11.143416410, 11.143588944
11.153416398, 11.153590994
11.163416407, 11.163584685
11.173416410, 11.173585020
11.183416413, 11.183557625
11.193416413, 11.193594224
11.203416412, 11.203586601
11.213416420, 11.213594905
11.223416417, 11.223588797
11.233416409, 11.233590926
11.243416407, 11.243584145
11.253416403, 11.253591062
11.263416406, 11.263584616
11.273416404, 11.273585393
11.283416404, 11.283548227
11.293416412, 11.293590742
11.303416410, 11.303593036
11.313416406, 11.313592898
11.323416410, 11.323587169
11.333416410, 11.333592207
11.343416415, 11.343584003
11.353416410, 11.353596111
11.363416413, 11.363585105
11.373416410, 11.373589760
11.383416410, 11.383570474
11.393416410, 11.393591103
11.403416415, 11.403586863
11.413416409, 11.413590642
11.423416404, 11.423517969
11.433416401, 11.433585069
11.443416409, 11.443588772
11.453416406, 11.453589466
11.463416404, 11.463588445
11.473416406, 11.473590405
11.483416407, 11.483582682
11.493416407, 11.493589242
11.503416410, 11.503586425
11.513416409, 11.513600000
11.523416402, 11.523515288
11.533416412, 11.533590570
11.543416417, 11.543592221
11.553416409, 11.553593207
11.563416402, 11.563569441
11.573416406, 11.573592379
11.583416401, 11.583567328
11.593416413, 11.593593450
11.603416410, 11.603587532
11.613416413, 11.613597506
11.623416412, 11.623592193
11.633416406, 11.633595982
11.643416402, 11.643584889
11.653416409, 11.653591749
11.663416409, 11.663582413
11.673416404, 11.673593180
11.683416406, 11.683568948
11.693416406, 11.693592334
11.703416410, 11.703575757
11.713416469, 11.713603269
11.723416409, 11.723679219
11.733416415, 11.733680061
11.743416412, 11.743702142
11.753416407, 11.753695444
11.763416423, 11.763596668
11.773416432, 11.773589790
11.783416413, 11.783649656
11.793416418, 11.793666447
11.803416429, 11.803655047
11.813416410, 11.813669874
11.823416434, 11.823678670
11.833416418, 11.833667470
11.843416413, 11.843677861
11.853416417, 11.853645989
11.863416406, 11.863645723
11.873416409, 11.873659200
11.883416432, 11.883558339
11.893416415, 11.893644199
11.903416410, 11.903591004
11.913416432, 11.913653565
11.923416428, 11.923638470
11.933416407, 11.933636574
11.943416426, 11.943613286
11.953416424, 11.953604448
11.963416415, 11.963623450
11.973416421, 11.973641004
11.983416429, 11.983559403
11.993416426, 11.993660827
12.003416429, 12.003561104
12.013416415, 12.013667725
12.023416417, 12.023647825
12.033416415, 12.033666514
12.043416436, 12.043653281
12.053416431, 12.053646861
------------------------------
