------------------------------
test was performed using the following parameters: --mps=100 --burst=1 --reply-every=1 --msg-size=12 --time=10
------------------------------
sockperf: [Total Run] RunTime=10.100 sec; SentMessages=1011; ReceivedMessages=1010
sockperf: ========= Printing statistics for Server No: 0
sockperf: [Valid Duration] RunTime=9.990 sec; SentMessages=1000; ReceivedMessages=1000
sockperf: [2;35m====> avg-lat=104.721 (std-dev=37.089)[0m
sockperf: # dropped messages = 0; # duplicated messages = 0; # out-of-order messages = 0
sockperf: [2;35mTotal 1000 observations[0m; each percentile contains 10.00 observations
sockperf: ---> <MAX> observation =  199.771
sockperf: ---> percentile  99.99 =  199.771
sockperf: ---> percentile  99.90 =  181.906
sockperf: ---> percentile  99.50 =  168.880
sockperf: ---> percentile  99.00 =  162.207
sockperf: ---> percentile  95.00 =  156.018
sockperf: ---> percentile  90.00 =  154.521
sockperf: ---> percentile  75.00 =  140.301
sockperf: ---> percentile  50.00 =  100.273
sockperf: ---> percentile  25.00 =   78.666
sockperf: ---> <MIN> observation =   26.256
------------------------------
txTime, rxTime
2.063514504, 2.063764715
2.073514509, 2.073811058
2.083514515, 2.083681216
2.093514506, 2.093744189
2.103514507, 2.103754672
2.113514501, 2.113753570
2.123514515, 2.123726016
2.133514509, 2.133769510
2.143514515, 2.143716219
2.153514506, 2.153726330
2.163514529, 2.163770147
2.173514510, 2.173799883
2.183514507, 2.183767560
2.193514526, 2.193691278
2.203514533, 2.203644205
2.213514510, 2.213715302
2.223514528, 2.223662350
2.233514507, 2.233782922
2.243514510, 2.243777412
2.253514528, 2.253729675
2.263514523, 2.263637969
2.273514506, 2.273624697
2.283514526, 2.283674023
2.293514514, 2.293702757
2.303514514, 2.303718396
2.313514523, 2.313732237
2.323514526, 2.323699634
2.333514507, 2.333765455
2.343514526, 2.343710826
2.353514510, 2.353731725
2.363514509, 2.363772216
2.373514525, 2.373726342
2.383514528, 2.383678075
2.393514504, 2.393668736
2.403514525, 2.403710932
2.413514514, 2.413755271
2.423514509, 2.423790347
2.433514526, 2.433760623
2.443514520, 2.443717522
2.453514521, 2.453717155
2.463514526, 2.463716358
2.473514512, 2.473751131
2.483514570, 2.483744899
2.493514518, 2.493732661
2.503514521, 2.503866078
2.513514507, 2.513678145
2.523514507, 2.523710163
2.533514501, 2.533708493
2.543514503, 2.543706860
2.553514508, 2.553688700
2.563514510, 2.563703258
2.573514507, 2.573698930
2.583514507, 2.583669966
2.593514503, 2.593802509
2.603514510, 2.603659922
2.613514511, 2.613689696
2.623514508, 2.623670798
2.633514504, 2.633687108
2.643514512, 2.643704245
2.653514510, 2.653692291
2.663514507, 2.663700993
2.673514507, 2.673683820
2.683514507, 2.683680348
2.693514496, 2.693671848
2.703514504, 2.703684534
2.713514512, 2.713680303
2.723514506, 2.723702643
2.733514513, 2.733710103
2.743514504, 2.743699061
2.753514501, 2.753694425
2.763514509, 2.763681393
2.773514510, 2.773661533
2.783514506, 2.783680286
2.793514510, 2.793711299
2.803514503, 2.803709591
2.813514506, 2.813695985
2.823514509, 2.823719873
2.833514504, 2.833714565
2.843514506, 2.843666396
2.853514509, 2.853691827
2.863514502, 2.863696478
2.873514505, 2.873732891
2.883514503, 2.883618781
2.893514501, 2.893650377
2.903514504, 2.903652234
2.913514512, 2.913606291
2.923514504, 2.923567017
2.933514503, 2.933734350
2.943514509, 2.943752294
2.953514509, 2.953686221
2.963514507, 2.963695446
2.973514506, 2.973685175
2.983514504, 2.983672903
2.993514659, 2.993649610
3.003514509, 3.003652712
3.013514507, 3.013596759
3.023514510, 3.023614245
3.033514508, 3.033608000
3.043514499, 3.043623635
3.053514506, 3.053585569
3.063514503, 3.063606599
3.073514507, 3.073623275
3.083514510, 3.083669531
3.093514504, 3.093698763
3.103514503, 3.103772336
3.113514503, 3.113747589
3.123514506, 3.123775070
3.133514509, 3.133688858
3.143514501, 3.143734702
3.153514503, 3.153701350
3.163514510, 3.163675383
3.173514504, 3.173671832
3.183514510, 3.183659492
3.193514503, 3.193692087
3.203514506, 3.203691894
3.213514507, 3.213710804
3.223514514, 3.223677271
3.233514503, 3.233755391
3.243514506, 3.243680978
3.253514507, 3.253779944
3.263514501, 3.263749993
3.273514509, 3.273727766
3.283514507, 3.283727423
3.293514503, 3.293703013
3.303514503, 3.303764190
3.313514505, 3.313800023
3.323514510, 3.323737357
3.333514520, 3.333768961
3.343514521, 3.343735609
3.353514504, 3.353815666
3.363514526, 3.363694942
3.373514507, 3.373697869
3.383514509, 3.383737193
3.393514501, 3.393671834
3.403514510, 3.403701913
3.413514506, 3.413682779
3.423514503, 3.423685089
3.433514507, 3.433669123
3.443514508, 3.443665441
3.453514513, 3.453674834
3.463514504, 3.463678688
3.473514504, 3.473660518
3.483514511, 3.483781697
3.493514514, 3.493706826
3.503514503, 3.503664254
3.513514507, 3.513691483
3.523514506, 3.523691071
3.533514507, 3.533781347
3.543514507, 3.543662358
3.553514507, 3.553767015
3.563514501, 3.563724324
3.573514503, 3.573694776
3.583514510, 3.583733650
3.593514499, 3.593704862
3.603514509, 3.603730424
3.613514503, 3.613663498
3.623514509, 3.623672578
3.633514510, 3.633684288
3.643514510, 3.643704553
3.653514505, 3.653681449
3.663514503, 3.663685841
3.673514501, 3.673645540
3.683514512, 3.683766862
3.693514525, 3.693643122
3.703514507, 3.703663363
3.713514504, 3.713626564
3.723514509, 3.723645039
3.733514514, 3.733605199
3.743514512, 3.743599901
3.753514508, 3.753616014
3.763514509, 3.763614440
3.773514506, 3.773607892
3.783514509, 3.783597608
3.793514507, 3.793648444
3.803514503, 3.803744017
3.813514506, 3.813649089
3.823514506, 3.823626834
3.833514503, 3.833625354
3.843514509, 3.843654811
3.853514503, 3.853607769
3.863514505, 3.863627783
3.873514509, 3.873607467
3.883514512, 3.883590410
3.893514501, 3.893602198
3.903514505, 3.903590424
3.913514515, 3.913641259
3.923514507, 3.923584942
3.933514504, 3.933614527
3.943514510, 3.943684907
3.953514503, 3.953587391
3.963514510, 3.963582399
3.973514506, 3.973663204
3.983514504, 3.983603643
3.993514599, 3.993725092
4.003514506, 4.003689902
4.013514504, 4.013713452
4.023514504, 4.023691931
4.033514509, 4.033759243
4.043514509, 4.043695339
4.053514505, 4.053747670
4.063514507, 4.063780648
4.073514509, 4.073700244
4.083514507, 4.083664226
4.093514501, 4.093589756
4.103514504, 4.103601835
4.113514509, 4.113599683
4.123514512, 4.123595737
4.133514506, 4.133675300
4.143514506, 4.143697581
4.153514501, 4.153678286
4.163514507, 4.163702343
4.173514503, 4.173713914
4.183514503, 4.183673651
4.193514504, 4.193721255
4.203514504, 4.203750380
4.213514504, 4.213692860
4.223514512, 4.223704474
4.233514510, 4.233716474
4.243514511, 4.243685986
4.253514507, 4.253715054
4.263514503, 4.263715395
4.273514501, 4.273694698
4.283514510, 4.283756077
4.293514507, 4.293661356
4.303514507, 4.303699764
4.313514501, 4.313667338
4.323514507, 4.323710488
4.333514509, 4.333685514
4.343514504, 4.343724853
4.353514509, 4.353678181
4.363514510, 4.363733767
4.373514501, 4.373723602
4.383514503, 4.383670186
4.393514509, 4.393784528
4.403514506, 4.403691962
4.413514509, 4.413644546
4.423514512, 4.423743100
4.433514501, 4.433670121
4.443514507, 4.443778424
4.453514506, 4.453673821
4.463514507, 4.463752819
4.473514525, 4.473750284
4.483514506, 4.483688196
4.493514504, 4.493621556
4.503514506, 4.503643624
4.513514512, 4.513597073
4.523514507, 4.523620983
4.533514509, 4.533597994
4.543514507, 4.543598513
4.553514498, 4.553587983
4.563514509, 4.563599644
4.573514510, 4.573602612
4.583514510, 4.583601545
4.593514545, 4.593680544
4.603514507, 4.603683815
4.613514498, 4.613770046
4.623514506, 4.623682876
4.633514533, 4.633668914
4.643514509, 4.643690303
4.653514506, 4.653689248
4.663514510, 4.663683871
4.673514503, 4.673697677
4.683514506, 4.683665798
4.693514504, 4.693687611
4.703514504, 4.703666867
4.713514506, 4.713694409
4.723514514, 4.723675324
4.733514499, 4.733725295
4.743514509, 4.743706028
4.753514501, 4.753676085
4.763514506, 4.763702560
4.773514501, 4.773695177
4.783514509, 4.783711314
4.793514498, 4.793676010
4.803514509, 4.803679924
4.813514509, 4.813692140
4.823514510, 4.823696355
4.833514505, 4.833696221
4.843514509, 4.843681389
4.853514509, 4.853698790
4.863514507, 4.863688253
4.873514503, 4.873660236
4.883514509, 4.883690124
4.893514509, 4.893687789
4.903514509, 4.903693533
4.913514507, 4.913709323
4.923514504, 4.923707257
4.933514508, 4.933695213
4.943514503, 4.943695621
4.953514509, 4.953696667
4.963514504, 4.963672928
4.973514507, 4.973658851
4.983514509, 4.983699454
4.993514645, 4.993683177
5.003514509, 5.003702359
5.013514506, 5.013669107
5.023514506, 5.023675947
5.033514515, 5.033684057
5.043514536, 5.043706373
5.053514521, 5.053757624
5.063517520, 5.063707557
5.073514618, 5.073655992
5.083514531, 5.083716541
5.093514518, 5.093624109
5.103514526, 5.103583460
5.113514515, 5.113576413
5.123514518, 5.123593601
5.133514533, 5.133597143
5.143523937, 5.143642118
5.153514510, 5.153581330
5.163514515, 5.163603335
5.173521840, 5.173631844
5.183514515, 5.183604652
5.193514531, 5.193597821
5.203514512, 5.203687597
5.213516899, 5.213714018
5.223514525, 5.223706820
5.233514676, 5.233663753
5.243514594, 5.243685342
5.253514619, 5.253688538
5.263514520, 5.263709637
5.273520646, 5.273708119
5.283514561, 5.283697703
5.293514518, 5.293726449
5.303514515, 5.303675344
5.313514514, 5.313695047
5.323514514, 5.323692773
5.333514518, 5.333680983
5.343514618, 5.343690116
5.353514534, 5.353702304
5.363514515, 5.363705828
5.373518159, 5.373752492
5.383514515, 5.383784669
5.393514514, 5.393671582
5.403514512, 5.403820824
5.413514519, 5.413760784
5.423514517, 5.423743569
5.433514518, 5.433691253
5.443514503, 5.443785897
5.453514510, 5.453847279
5.463514504, 5.463852265
5.473514509, 5.473742601
5.483514504, 5.483753358
5.493514524, 5.493738002
5.503514506, 5.503763094
5.513514507, 5.513707660
5.523514506, 5.523736356
5.533514510, 5.533709602
5.543514504, 5.543705776
5.553514506, 5.553737116
5.563514523, 5.563739855
5.573514509, 5.573774833
5.583514523, 5.583752066
5.593514518, 5.593747772
5.603514512, 5.603728982
5.613514523, 5.613746126
5.623514528, 5.623756542
5.633514510, 5.633746891
5.643514528, 5.643784797
5.653514510, 5.653709284
5.663514509, 5.663727088
5.673514525, 5.673809586
5.683514531, 5.683719800
5.693514512, 5.693809693
5.703514523, 5.703771088
5.713514515, 5.713750441
5.723514507, 5.723726281
5.733514526, 5.733672338
5.743514504, 5.743793587
5.753514504, 5.753695918
5.763514506, 5.763695323
5.773514512, 5.773742653
5.783514506, 5.783736851
5.793514504, 5.793711620
5.803514531, 5.803834039
5.813514506, 5.813740453
5.823514525, 5.823796988
5.833514515, 5.833712755
5.843514512, 5.843709126
5.853514526, 5.853726048
5.863514526, 5.863762964
5.873514507, 5.873758541
5.883514526, 5.883738234
5.893514512, 5.893777258
5.903514507, 5.903740257
5.913514531, 5.913745201
5.923514529, 5.923842788
5.933514510, 5.933723180
5.943514521, 5.943769807
5.953514512, 5.953740283
5.963514509, 5.963721353
5.973514525, 5.973787336
5.983514521, 5.983781268
5.993514512, 5.993823064
6.003514525, 6.003746711
6.013514514, 6.013824151
6.023514512, 6.023704519
6.033514531, 6.033838945
6.043514523, 6.043786011
6.053514512, 6.053784264
6.063514509, 6.063802003
6.073514509, 6.073772166
6.083514507, 6.083707841
6.093514530, 6.093799409
6.103514529, 6.103767828
6.113514506, 6.113827474
6.123514531, 6.123812614
6.133514509, 6.133748896
6.143514510, 6.143765835
6.153514529, 6.153740739
6.163514529, 6.163772394
6.173514531, 6.173775494
6.183514529, 6.183803882
6.193514510, 6.193694880
6.203514517, 6.203748481
6.213514526, 6.213706451
6.223514526, 6.223699837
6.233514507, 6.233744698
6.243514521, 6.243708498
6.253514515, 6.253636691
6.263514507, 6.263652552
6.273514531, 6.273694810
6.283514525, 6.283755979
6.293514507, 6.293651794
6.303514504, 6.303791440
6.313514509, 6.313642321
6.323514509, 6.323747154
6.333514531, 6.333676932
6.343514509, 6.343716090
6.353514504, 6.353701358
6.363514507, 6.363784278
6.373514515, 6.373807310
6.383514509, 6.383914052
6.393514525, 6.393716484
6.403514501, 6.403837996
6.413514507, 6.413712479
6.423514506, 6.423794881
6.433514507, 6.433701054
6.443514509, 6.443789933
6.453514529, 6.453745434
6.463514512, 6.463878326
6.473514512, 6.473755292
6.483514504, 6.483718004
6.493514509, 6.493810999
6.503514509, 6.503755549
6.513514525, 6.513681128
6.523514523, 6.523705478
6.533514514, 6.533653928
6.543514528, 6.543619088
6.553514515, 6.553589361
6.563514514, 6.563651261
6.573514506, 6.573720869
6.583514542, 6.583661286
6.593514509, 6.593677520
6.603514507, 6.603650035
6.613514514, 6.613817053
6.623514512, 6.623665329
6.633514526, 6.633673784
6.643514507, 6.643650033
6.653514499, 6.653719497
6.663514510, 6.663694929
6.673514508, 6.673714652
6.683514507, 6.683724967
6.693514523, 6.693703689
6.703514504, 6.703698634
6.713514501, 6.713672409
6.723514509, 6.723670992
6.733514504, 6.733682741
6.743514504, 6.743726297
6.753514510, 6.753701677
6.763514525, 6.763729341
6.773514499, 6.773669474
6.783514506, 6.783699164
6.793514506, 6.793788887
6.803514509, 6.803806092
6.813514529, 6.813698883
6.823514526, 6.823826332
6.833514515, 6.833825267
6.843514526, 6.843717085
6.853514514, 6.853722544
6.863514510, 6.863731844
6.873514525, 6.873805623
6.883514523, 6.883723469
6.893514510, 6.893698647
6.903514526, 6.903829760
6.913514509, 6.913765513
6.923514510, 6.923719422
6.933514505, 6.933691381
6.943514510, 6.943689747
6.953514507, 6.953729037
6.963514507, 6.963772635
6.973514514, 6.973843063
6.983514512, 6.983788424
6.993514531, 6.993726506
7.003514528, 7.003715987
7.013514515, 7.013754312
7.023514526, 7.023793708
7.033514514, 7.033753066
7.043514509, 7.043749831
7.053514523, 7.053791517
7.063514510, 7.063767358
7.073514509, 7.073712384
7.083514531, 7.083810711
7.093514514, 7.093755883
7.103514512, 7.103778349
7.113514523, 7.113677986
7.123514531, 7.123791070
7.133514512, 7.133683461
7.143514525, 7.143700180
7.153514512, 7.153730029
7.163514506, 7.163737113
7.173514523, 7.173681122
7.183514508, 7.183752717
7.193514512, 7.193681517
7.203514503, 7.203660739
7.213514505, 7.213677996
7.223514512, 7.223733442
7.233514509, 7.233704607
7.243514509, 7.243688797
7.253514506, 7.253684822
7.263514509, 7.263699703
7.273514506, 7.273656608
7.283514503, 7.283665381
7.293514507, 7.293596614
7.303514504, 7.303732780
7.313514498, 7.313618331
7.323514507, 7.323654294
7.333514510, 7.333643981
7.343514508, 7.343598824
7.353514511, 7.353613663
7.363514505, 7.363621521
7.373514505, 7.373633480
7.383514508, 7.383642917
7.393514508, 7.393598553
7.403514509, 7.403638365
7.413514501, 7.413660624
7.423514496, 7.423621827
7.433514498, 7.433666474
7.443514503, 7.443643411
7.453514510, 7.453599115
7.463514505, 7.463696652
7.473514509, 7.473608199
7.483514505, 7.483622095
7.493514505, 7.493625464
7.503514511, 7.503603121
7.513514505, 7.513618097
7.523514511, 7.523628459
7.533514503, 7.533582285
7.543514508, 7.543702974
7.553514506, 7.553615154
7.563514505, 7.563617181
7.573514511, 7.573614558
7.583514506, 7.583615122
7.593514505, 7.593591328
7.603514508, 7.603632517
7.613514501, 7.613601867
7.623514505, 7.623646435
7.633514509, 7.633641963
7.643514506, 7.643648258
7.653514505, 7.653689861
7.663514504, 7.663648253
7.673514505, 7.673647445
7.683514504, 7.683693213
7.693514509, 7.693660441
7.703514504, 7.703670671
7.713514506, 7.713739451
7.723514512, 7.723790720
7.733514501, 7.733777418
7.743514508, 7.743800629
7.753514509, 7.753855012
7.763514503, 7.763713565
7.773514507, 7.773668272
7.783514510, 7.783787221
7.793514509, 7.793752582
7.803514504, 7.803728801
7.813514509, 7.813774198
7.823514507, 7.823788045
7.833514528, 7.833683017
7.843514506, 7.843717155
7.853514509, 7.853663849
7.863514506, 7.863706299
7.873514509, 7.873617940
7.883514504, 7.883668798
7.893514533, 7.893634044
7.903514509, 7.903639571
7.913514503, 7.913619947
7.923514506, 7.923613504
7.933514510, 7.933588202
7.943514508, 7.943615714
7.953514508, 7.953676340
7.963514503, 7.963588654
7.973514506, 7.973622619
7.983514510, 7.983612883
7.993514500, 7.993596826
8.003514513, 8.003712520
8.013514511, 8.013630468
8.023514511, 8.023640707
8.033514502, 8.033628917
8.043514508, 8.043625058
8.053514508, 8.053747630
8.063514537, 8.063721624
8.073514515, 8.073696832
8.083514610, 8.083672935
8.093514531, 8.093603537
8.103514531, 8.103660305
8.113514531, 8.113610418
8.123514526, 8.123600395
8.133514514, 8.133613372
8.143514529, 8.143641444
8.153514528, 8.153631419
8.163514534, 8.163637967
8.173514533, 8.173605688
8.183514515, 8.183629982
8.193514509, 8.193639288
8.203514514, 8.203596044
8.213514521, 8.213586171
8.223514510, 8.223575374
8.233514531, 8.233622822
8.243514594, 8.243593644
8.253514512, 8.253600720
8.263518125, 8.263634370
8.273514517, 8.273601317
8.283514509, 8.283584467
8.293514517, 8.293701297
8.303516498, 8.303695400
8.313520461, 8.313704316
8.323516557, 8.323692071
8.333514517, 8.333732592
8.343514517, 8.343699880
8.353514514, 8.353678644
8.363514596, 8.363696898
8.373514517, 8.373716742
8.383514523, 8.383667357
8.393522394, 8.393733753
8.403514529, 8.403696116
8.413514521, 8.413678142
8.423514520, 8.423701500
8.433514514, 8.433701846
8.443514514, 8.443711771
8.453523817, 8.453714007
8.463514515, 8.463669531
8.473514533, 8.473688891
8.483521448, 8.483740959
8.493514529, 8.493613044
8.503514643, 8.503636423
8.513514523, 8.513599959
8.523514514, 8.523660011
8.533514521, 8.533591973
8.543514517, 8.543597004
8.553514512, 8.553605013
8.563514515, 8.563603935
8.573514514, 8.573601398
8.583514515, 8.583642126
8.593521379, 8.593629381
8.603514588, 8.603597995
8.613514512, 8.613571193
8.623521300, 8.623606668
8.633520872, 8.633677295
8.643514516, 8.643717537
8.653514510, 8.653635812
8.663514509, 8.663761201
8.673514514, 8.673616831
8.683514511, 8.683768773
8.693514512, 8.693590737
8.703514501, 8.703717281
8.713514514, 8.713737289
8.723514505, 8.723719748
8.733514512, 8.733631082
8.743514504, 8.743706605
8.753514514, 8.753623240
8.763514503, 8.763698694
8.773514509, 8.773608416
8.783514501, 8.783684152
8.793514515, 8.793608554
8.803514512, 8.803655959
8.813514512, 8.813625435
8.823514506, 8.823660684
8.833514512, 8.833604878
8.843514506, 8.843618997
8.853514504, 8.853603362
8.863514509, 8.863594593
8.873514499, 8.873584212
8.883514507, 8.883601274
8.893514512, 8.893580567
8.903514507, 8.903679950
8.913514510, 8.913600428
8.923514509, 8.923622797
8.933514501, 8.933687016
8.943514501, 8.943691275
8.953514506, 8.953732840
8.963514503, 8.963773890
8.973514523, 8.973790532
8.983514523, 8.983776132
8.993514509, 8.993707060
9.003514510, 9.003815738
9.013514509, 9.013797036
9.023514509, 9.023759324
9.033514528, 9.033707010
9.043514529, 9.043814709
9.053514510, 9.053672360
9.063514503, 9.063713353
9.073514516, 9.073666292
9.083514501, 9.083712241
9.093514536, 9.093595521
9.103514507, 9.103662632
9.113514512, 9.113620445
9.123514512, 9.123644968
9.133514515, 9.133601427
9.143514502, 9.143650856
9.153514529, 9.153669215
9.163514531, 9.163786937
9.173514514, 9.173676556
9.183514512, 9.183706924
9.193514505, 9.193665332
9.203514506, 9.203711340
9.213514521, 9.213768460
9.223514506, 9.223798193
9.233514504, 9.233711722
9.243514525, 9.243797657
9.253514507, 9.253727119
9.263514510, 9.263707751
9.273514504, 9.273810886
9.283514528, 9.283802626
9.293514514, 9.293744522
9.303514529, 9.303829317
9.313514518, 9.313761828
9.323514507, 9.323717442
9.333514529, 9.333686448
9.343514514, 9.343752903
9.353514514, 9.353660271
9.363514505, 9.363780238
9.373514515, 9.373694324
9.383514509, 9.383745344
9.393514533, 9.393725923
9.403514531, 9.403670023
9.413514507, 9.413695297
9.423514526, 9.423679164
9.433514510, 9.433594712
9.443514507, 9.443653403
9.453514526, 9.453706953
9.463514529, 9.463683165
9.473514509, 9.473659610
9.483514531, 9.483703918
9.493514515, 9.493815235
9.503514507, 9.503749980
9.513514527, 9.513733249
9.523514523, 9.523784832
9.533514510, 9.533759262
9.543514531, 9.543846921
9.553514517, 9.553747591
9.563514512, 9.563735850
9.573514528, 9.573764207
9.583514528, 9.583780475
9.593514504, 9.593782514
9.603514529, 9.603691743
9.613514510, 9.613749948
9.623514512, 9.623876505
9.633514528, 9.633819021
9.643514526, 9.643766100
9.653514507, 9.653730300
9.663514529, 9.663765289
9.673514510, 9.673734058
9.683514507, 9.683763349
9.693514531, 9.693738097
9.703514533, 9.703719046
9.713514512, 9.713737851
9.723514526, 9.723792957
9.733514515, 9.733696492
9.743514510, 9.743716906
9.753514531, 9.753781197
9.763514529, 9.763717752
9.773514501, 9.773723658
9.783514523, 9.783724885
9.793514514, 9.793730908
9.803514509, 9.803668093
9.813514507, 9.813678250
9.823514503, 9.823766145
9.833514496, 9.833664813
9.843514507, 9.843768281
9.853514505, 9.853670054
9.863514509, 9.863685706
9.873514504, 9.873664774
9.883514504, 9.883670461
9.893514501, 9.893705157
9.903514508, 9.903686232
9.913514504, 9.913726506
9.923514504, 9.923746218
9.933514509, 9.933739309
9.943514506, 9.943798786
9.953514498, 9.953672804
9.963514529, 9.963763849
9.973514518, 9.973766168
9.983514503, 9.983812882
9.993514523, 9.993762506
10.003514528, 10.003827021
10.013514507, 10.013746511
10.023514508, 10.023817236
10.033514509, 10.033791452
10.043514512, 10.043784374
10.053514529, 10.053795133
10.063514517, 10.063820160
10.073514533, 10.073812442
10.083514529, 10.083822319
10.093514514, 10.093816294
10.103514514, 10.103833996
10.113514528, 10.113822216
10.123514529, 10.123822996
10.133514529, 10.133826758
10.143514525, 10.143818960
10.153514514, 10.153821850
10.163514507, 10.163824055
10.173514534, 10.173823577
10.183514526, 10.183828072
10.193514507, 10.193796477
10.203514523, 10.203801099
10.213514512, 10.213821478
10.223514507, 10.223824650
10.233514531, 10.233821508
10.243514526, 10.243822807
10.253514512, 10.253826495
10.263514525, 10.263822430
10.273514517, 10.273817267
10.283514507, 10.283824451
10.293514523, 10.293821121
10.303514533, 10.303822629
10.313514512, 10.313817401
10.323514526, 10.323824221
10.333514514, 10.333824025
10.343514509, 10.343825040
10.353514525, 10.353819395
10.363514529, 10.363821484
10.373514504, 10.373828439
10.383514526, 10.383790245
10.393514514, 10.393821514
10.403514517, 10.403821208
10.413514531, 10.413821626
10.423514509, 10.423825455
10.433514503, 10.433822768
10.443514529, 10.443819937
10.453514512, 10.453819085
10.463514512, 10.463821359
10.473514533, 10.473820959
10.483514534, 10.483829331
10.493514533, 10.493754813
10.503514525, 10.503824571
10.513514509, 10.513821398
10.523514510, 10.523822390
10.533514523, 10.533824285
10.543514533, 10.543826012
10.553514510, 10.553824469
10.563514528, 10.563829694
10.573514512, 10.573826549
10.583514517, 10.583826176
10.593514531, 10.593824563
10.603514531, 10.603813296
10.613514510, 10.613813023
10.623514526, 10.623820515
10.633514507, 10.633822170
10.643514514, 10.643823822
10.653514529, 10.653827944
10.663514526, 10.663823042
10.673514504, 10.673827834
10.683514525, 10.683815279
10.693514514, 10.693826893
10.703514515, 10.703823240
10.713514533, 10.713817980
10.723514526, 10.723824580
10.733514507, 10.733824012
10.743514531, 10.743824759
10.753514507, 10.753822704
10.763514509, 10.763825371
10.773514528, 10.773821221
10.783514531, 10.783823668
10.793514506, 10.793821950
10.803514523, 10.803820938
10.813514510, 10.813821690
10.823514517, 10.823829952
10.833514528, 10.833819575
10.843514525, 10.843822062
10.853514506, 10.853823036
10.863514529, 10.863821561
10.873514514, 10.873826941
10.883514515, 10.883820118
10.893514533, 10.893824315
10.903514528, 10.903828085
10.913514504, 10.913820728
10.923514533, 10.923820780
10.933514512, 10.933823400
10.943514509, 10.943815709
10.953514525, 10.953823821
10.963514529, 10.963828518
10.973514504, 10.973819071
10.983514526, 10.983814008
10.993514512, 10.993833748
11.003514518, 11.003825245
11.013514529, 11.013825500
11.023514531, 11.023824812
11.033514510, 11.033822387
11.043514526, 11.043827959
11.053514515, 11.053823806
11.063514509, 11.063823631
11.073514525, 11.073819888
11.083514529, 11.083819701
11.093514514, 11.093828635
11.103514529, 11.103822003
11.113514517, 11.113821785
11.123514509, 11.123826329
11.133514533, 11.133823097
11.143514531, 11.143829999
11.153514507, 11.153822099
11.163514528, 11.163823431
11.173514517, 11.173821603
11.183514507, 11.183829555
11.193514525, 11.193824637
11.203514529, 11.203824400
11.213514510, 11.213819370
11.223514528, 11.223824349
11.233514517, 11.233822504
11.243514514, 11.243819364
11.253514531, 11.253823574
11.263514531, 11.263821601
11.273514504, 11.273829503
11.283514529, 11.283823195
11.293514509, 11.293819703
11.303514514, 11.303827395
11.313514531, 11.313824375
11.323514531, 11.323822187
11.333514509, 11.333824186
11.343514531, 11.343825126
11.353514512, 11.353822708
11.363514517, 11.363826983
11.373514529, 11.373822068
11.383514533, 11.383826422
11.393514506, 11.393823395
11.403514533, 11.403751214
11.413514507, 11.413816242
11.423514512, 11.423814927
11.433514531, 11.433827584
11.443514531, 11.443832721
11.453514510, 11.453825033
11.463514529, 11.463825973
11.473514515, 11.473822043
11.483514515, 11.483827835
11.493514525, 11.493821822
11.503514529, 11.503818685
11.513514509, 11.513807824
11.523514528, 11.523821806
11.533514509, 11.533820764
11.543514514, 11.543825548
11.553514531, 11.553826398
11.563514531, 11.563826410
11.573514506, 11.573821685
11.583514529, 11.583816073
11.593514515, 11.593818572
11.603514514, 11.603819072
11.613514525, 11.613821934
11.623514534, 11.623820829
11.633514504, 11.633825046
11.643514528, 11.643823376
11.653514515, 11.653823325
11.663514509, 11.663827833
11.673514533, 11.673822805
11.683514525, 11.683833739
11.693514507, 11.693823445
11.703514528, 11.703827344
11.713514517, 11.713820732
11.723514515, 11.723828596
11.733514533, 11.733823593
11.743514510, 11.743817568
11.753514512, 11.753824930
11.763514533, 11.763820803
11.773514515, 11.773827357
11.783514507, 11.783820212
11.793514528, 11.793821384
11.803514529, 11.803819574
11.813514507, 11.813820664
11.823514525, 11.823823441
11.833514514, 11.833817493
11.843514512, 11.843822046
11.853514529, 11.853828230
11.863514529, 11.863822300
11.873514507, 11.873820352
11.883514523, 11.883820985
11.893514509, 11.893821994
11.903514512, 11.903820246
11.913514531, 11.913820624
11.923514531, 11.923828838
11.933514506, 11.933822610
11.943514528, 11.943827960
11.953514507, 11.953822927
11.963514515, 11.963825265
11.973514531, 11.973823820
11.983514533, 11.983826842
11.993514504, 11.993819314
12.003514531, 12.003824896
12.013514512, 12.013819626
12.023514514, 12.023822558
12.033514529, 12.033822298
12.043514531, 12.043817685
12.053514507, 12.053821000
------------------------------
