------------------------------
test was performed using the following parameters: --mps=100 --burst=1 --reply-every=1 --msg-size=12 --time=10
------------------------------
sockperf: [Total Run] RunTime=10.100 sec; SentMessages=1011; ReceivedMessages=1010
sockperf: ========= Printing statistics for Server No: 0
sockperf: [Valid Duration] RunTime=9.980 sec; SentMessages=999; ReceivedMessages=999
sockperf: [2;35m====> avg-lat= 91.728 (std-dev=31.698)[0m
sockperf: # dropped messages = 0; # duplicated messages = 0; # out-of-order messages = 0
sockperf: [2;35mTotal 999 observations[0m; each percentile contains 9.99 observations
sockperf: ---> <MAX> observation =  263.745
sockperf: ---> percentile  99.99 =  263.745
sockperf: ---> percentile  99.90 =  253.863
sockperf: ---> percentile  99.50 =  241.602
sockperf: ---> percentile  99.00 =  217.354
sockperf: ---> percentile  95.00 =  155.269
sockperf: ---> percentile  90.00 =  130.404
sockperf: ---> percentile  75.00 =  100.007
sockperf: ---> percentile  50.00 =   81.276
sockperf: ---> percentile  25.00 =   77.125
sockperf: ---> <MIN> observation =   29.719
------------------------------
txTime, rxTime
2.062351359, 2.062637464
2.072351339, 2.072777278
2.082351904, 2.082835110
2.092351380, 2.092859108
2.102351430, 2.102580613
2.112351303, 2.112715832
2.122351293, 2.122497147
2.132373021, 2.132627410
2.142351503, 2.142617226
2.152351363, 2.152566465
2.162351337, 2.162725147
2.172351871, 2.172495411
2.182354323, 2.182710588
2.192351436, 2.192795977
2.202355095, 2.202858542
2.212351360, 2.212574410
2.222354645, 2.222565577
2.232351363, 2.232513883
2.242351313, 2.242486917
2.252351324, 2.252634910
2.262355821, 2.262639657
2.272351363, 2.272541878
2.282351307, 2.282688660
2.292351357, 2.292522068
2.302358813, 2.302669285
2.312352733, 2.312601035
2.322352281, 2.322558315
2.332351306, 2.332694845
2.342351309, 2.342626050
2.352351584, 2.352614754
2.362351305, 2.362692745
2.372351308, 2.372605025
2.382351305, 2.382531971
2.392351641, 2.392557252
2.402351299, 2.402490404
2.412351308, 2.412691223
2.422351365, 2.422601833
2.432358845, 2.432534691
2.442351301, 2.442709214
2.452351560, 2.452578068
2.462351411, 2.462664670
2.472352858, 2.472745234
2.482351397, 2.482544438
2.492351352, 2.492510460
2.502351304, 2.502497775
2.512351368, 2.512614539
2.522351307, 2.522786017
2.532360001, 2.532862844
2.542351364, 2.542505130
2.552351333, 2.552547794
2.562351335, 2.562480142
2.572351660, 2.572635123
2.582352655, 2.582668854
2.592354833, 2.592614620
2.602351582, 2.602554575
2.612358511, 2.612566201
2.622363365, 2.622686143
2.632361901, 2.632525795
2.642351285, 2.642634644
2.652358891, 2.652616393
2.662351302, 2.662582338
2.672356665, 2.672542297
2.682351351, 2.682485934
2.692351360, 2.692641240
2.702351356, 2.702564705
2.712357421, 2.712688746
2.722351327, 2.722652751
2.732351770, 2.732573925
2.742351357, 2.742698244
2.752351590, 2.752520208
2.762351293, 2.762631902
2.772351508, 2.772767379
2.782351372, 2.782836845
2.792358419, 2.792515875
2.802351309, 2.802515491
2.812351571, 2.812639593
2.822351301, 2.822612110
2.832359180, 2.832615442
2.842362006, 2.842618914
2.852351382, 2.852560894
2.862359645, 2.862520188
2.872355092, 2.872603368
2.882351309, 2.882653621
2.892352743, 2.892625498
2.902351309, 2.902757284
2.912352991, 2.912880482
2.922351354, 2.922763423
2.932351548, 2.932624651
2.942352054, 2.942662592
2.952351338, 2.952589157
2.962359699, 2.962600564
2.972377056, 2.972710896
2.982358944, 2.982555726
2.992351410, 2.992700987
3.002351299, 3.002658500
3.012361511, 3.012528470
3.022354130, 3.022493977
3.032351305, 3.032701371
3.042356361, 3.042584092
3.052351305, 3.052707287
3.062353480, 3.062575566
3.072352732, 3.072740520
3.082351309, 3.082804518
3.092351369, 3.092689329
3.102351304, 3.102671025
3.112351292, 3.112802009
3.122364977, 3.122702239
3.132352313, 3.132704590
3.142355908, 3.142601374
3.152351366, 3.152667436
3.162351332, 3.162793232
3.172351504, 3.172502330
3.182361597, 3.182500425
3.192351445, 3.192724811
3.202351337, 3.202581187
3.212351305, 3.212627957
3.222356970, 3.222495038
3.232352127, 3.232508756
3.242356712, 3.242674597
3.252358332, 3.252612326
3.262351305, 3.262613468
3.272351355, 3.272614643
3.282353274, 3.282543772
3.292351301, 3.292523950
3.302351301, 3.302463788
3.312352830, 3.312654440
3.322351381, 3.322631070
3.332351357, 3.332575733
3.342353258, 3.342544996
3.352351294, 3.352517620
3.362351305, 3.362471787
3.372351300, 3.372650286
3.382351837, 3.382620398
3.392356643, 3.392600672
3.402351313, 3.402526101
3.412351305, 3.412667087
3.422351302, 3.422566901
3.432351308, 3.432721654
3.442351302, 3.442737038
3.452351300, 3.452554239
3.462351302, 3.462592470
3.472357470, 3.472691004
3.482363727, 3.482569555
3.492351308, 3.492629111
3.502352308, 3.502767730
3.512354023, 3.512553840
3.522359640, 3.522658037
3.532351341, 3.532571784
3.542351297, 3.542636160
3.552361411, 3.552772159
3.562356514, 3.562612768
3.572351303, 3.572573824
3.582351307, 3.582530467
3.592351344, 3.592511922
3.602351296, 3.602473825
3.612367976, 3.612694264
3.622351376, 3.622597276
3.632351303, 3.632518490
3.642351332, 3.642502601
3.652351354, 3.652636788
3.662351350, 3.662540709
3.672351306, 3.672603384
3.682351301, 3.682552658
3.692353213, 3.692522347
3.702351361, 3.702477700
3.712351300, 3.712609692
3.722351932, 3.722611831
3.732351311, 3.732600815
3.742351335, 3.742519392
3.752351303, 3.752539201
3.762351345, 3.762477959
3.772351351, 3.772654126
3.782351530, 3.782545260
3.792351528, 3.792523699
3.802351358, 3.802545514
3.812351394, 3.812503863
3.822351421, 3.822466162
3.832351340, 3.832601386
3.842351365, 3.842513505
3.852351369, 3.852545539
3.862351298, 3.862574956
3.872351294, 3.872511191
3.882351346, 3.882472271
3.892351362, 3.892622108
3.902351307, 3.902501545
3.912351378, 3.912522810
3.922351312, 3.922549954
3.932351291, 3.932531607
3.942351347, 3.942546168
3.952351367, 3.952522886
3.962351347, 3.962504461
3.972351290, 3.972536612
3.982351513, 3.982528251
3.992351305, 3.992524686
4.002351385, 4.002472621
4.012351383, 4.012614510
4.022351298, 4.022508936
4.032351294, 4.032498104
4.042351289, 4.042505822
4.052351433, 4.052477985
4.062351309, 4.062468165
4.072351297, 4.072580360
4.082351301, 4.082514606
4.092351432, 4.092526459
4.102351295, 4.102534494
4.112351425, 4.112500491
4.122351342, 4.122522783
4.132351288, 4.132459615
4.142351306, 4.142537381
4.152351392, 4.152463862
4.162351306, 4.162516813
4.172351399, 4.172535633
4.182351341, 4.182513684
4.192351290, 4.192515017
4.202351491, 4.202524025
4.212351348, 4.212501206
4.222351368, 4.222466099
4.232351361, 4.232599567
4.242351286, 4.242532150
4.252351283, 4.252506317
4.262351278, 4.262531560
4.272351421, 4.272458137
4.282351374, 4.282485049
4.292351294, 4.292602274
4.302351289, 4.302494274
4.312351307, 4.312504309
4.322351393, 4.322498154
4.332351307, 4.332515058
4.342351306, 4.342520102
4.352351288, 4.352534802
4.362351355, 4.362512361
4.372351297, 4.372533317
4.382351298, 4.382533412
4.392351296, 4.392487260
4.402351300, 4.402464752
4.412351279, 4.412514327
4.422351347, 4.422503331
4.432351350, 4.432509259
4.442351292, 4.442505934
4.452351283, 4.452491236
4.462351276, 4.462454991
4.472351348, 4.472534832
4.482351635, 4.482506354
4.492351542, 4.492497644
4.502351290, 4.502540138
4.512351296, 4.512487535
4.522351297, 4.522462306
4.532351416, 4.532576763
4.542351349, 4.542491017
4.552351337, 4.552534404
4.562351292, 4.562522963
4.572351283, 4.572457907
4.582351297, 4.582465579
4.592351282, 4.592540306
4.602351297, 4.602516458
4.612351272, 4.612533078
4.622351369, 4.622476426
4.632351413, 4.632496935
4.642351350, 4.642459406
4.652351353, 4.652574025
4.662351429, 4.662529878
4.672351353, 4.672502845
4.682351286, 4.682506185
4.692351307, 4.692506691
4.702351294, 4.702471465
4.712351293, 4.712599957
4.722351412, 4.722530707
4.732351359, 4.732515173
4.742351346, 4.742505830
4.752351324, 4.752485168
4.762351350, 4.762460031
4.772351353, 4.772597652
4.782351284, 4.782518305
4.792351288, 4.792514496
4.802351363, 4.802536671
4.812351296, 4.812493981
4.822351369, 4.822469275
4.832351283, 4.832506535
4.842351276, 4.842534879
4.852351361, 4.852511747
4.862351282, 4.862538373
4.872351282, 4.872501821
4.882351388, 4.882461425
4.892351299, 4.892519839
4.902351282, 4.902555130
4.912351447, 4.912517278
4.922351358, 4.922533407
4.932351334, 4.932491648
4.942351426, 4.942521471
4.952351457, 4.952475609
4.962351286, 4.962505614
4.972351309, 4.972466767
4.982351349, 4.982468249
4.992351282, 4.992538650
5.002351429, 5.002525139
5.012351285, 5.012499635
5.022351685, 5.022513652
5.032351353, 5.032486368
5.042351350, 5.042473684
5.052351343, 5.052607610
5.062351287, 5.062539835
5.072351274, 5.072524667
5.082351336, 5.082501817
5.092351280, 5.092513845
5.102351352, 5.102457571
5.112351280, 5.112579744
5.122351289, 5.122492572
5.132351288, 5.132524951
5.142351347, 5.142487884
5.152351286, 5.152493036
5.162351418, 5.162506455
5.172351288, 5.172530681
5.182351357, 5.182534800
5.192351432, 5.192561544
5.202351336, 5.202494014
5.212351440, 5.212640415
5.222351372, 5.222548004
5.232351283, 5.232504011
5.242351289, 5.242506260
5.252351279, 5.252564591
5.262351305, 5.262574195
5.272351301, 5.272525242
5.282351414, 5.282563280
5.292351282, 5.292587307
5.302351287, 5.302559906
5.312351282, 5.312554411
5.322351365, 5.322497981
5.332351416, 5.332499997
5.342351308, 5.342467003
5.352351309, 5.352481633
5.362351360, 5.362531579
5.372351285, 5.372489865
5.382351309, 5.382473166
5.392351365, 5.392511990
5.402351295, 5.402497495
5.412351288, 5.412532944
5.422351361, 5.422493840
5.432351290, 5.432446897
5.442351414, 5.442503089
5.452351405, 5.452501832
5.462351327, 5.462532537
5.472351293, 5.472474641
5.482351346, 5.482431488
5.492351283, 5.492613627
5.502351354, 5.502533985
5.512351296, 5.512464178
5.522351305, 5.522471661
5.532351310, 5.532461304
5.542351384, 5.542466321
5.552351288, 5.552573419
5.562351300, 5.562558496
5.572351429, 5.572547628
5.582351290, 5.582558638
5.592351323, 5.592534355
5.602351300, 5.602544149
5.612351297, 5.612465970
5.622351391, 5.622494326
5.632351299, 5.632459637
5.642351379, 5.642511293
5.652351354, 5.652540579
5.662351780, 5.662522376
5.672351376, 5.672514496
5.682351284, 5.682478752
5.692351417, 5.692549912
5.702351366, 5.702488589
5.712351364, 5.712518713
5.722351281, 5.722519578
5.732351296, 5.732432715
5.742351282, 5.742460850
5.752351307, 5.752565180
5.762351294, 5.762524987
5.772351296, 5.772547473
5.782351341, 5.782498261
5.792351290, 5.792457232
5.802351344, 5.802474303
5.812351361, 5.812537461
5.822351354, 5.822515883
5.832351567, 5.832543922
5.842351399, 5.842519931
5.852351362, 5.852484618
5.862351635, 5.862421348
5.872351293, 5.872583919
5.882351349, 5.882487338
5.892351421, 5.892507059
5.902351349, 5.902485454
5.912351294, 5.912487157
5.922351432, 5.922471851
5.932351364, 5.932520490
5.942351366, 5.942505636
5.952351354, 5.952526354
5.962351718, 5.962493802
5.972352423, 5.972467506
5.982351391, 5.982410831
5.992351359, 5.992607463
6.002351429, 6.002570722
6.012351353, 6.012574936
6.022351587, 6.022545786
6.032351309, 6.032495590
6.042351305, 6.042557277
6.052351362, 6.052509709
6.062351350, 6.062539249
6.072351353, 6.072550544
6.082351374, 6.082563730
6.092351305, 6.092545400
6.102351361, 6.102570622
6.112351419, 6.112557384
6.122351516, 6.122556822
6.132351558, 6.132533612
6.142351303, 6.142572457
6.152351340, 6.152626625
6.162351347, 6.162537921
6.172351356, 6.172574881
6.182351357, 6.182548901
6.192351417, 6.192538473
6.202351431, 6.202496309
6.212351335, 6.212629342
6.222351384, 6.222524355
6.232351351, 6.232525897
6.242351354, 6.242552861
6.252351304, 6.252537499
6.262351428, 6.262605078
6.272351476, 6.272616801
6.282351371, 6.282579625
6.292351302, 6.292560470
6.302351399, 6.302558393
6.312351367, 6.312553882
6.322351358, 6.322513314
6.332351297, 6.332650361
6.342351404, 6.342530766
6.352351406, 6.352539398
6.362351428, 6.362561742
6.372351354, 6.372524942
6.382351365, 6.382635133
6.392351291, 6.392561893
6.402351421, 6.402540084
6.412351351, 6.412551367
6.422351309, 6.422557571
6.432351422, 6.432537486
6.442351391, 6.442549248
6.452351351, 6.452540384
6.462351529, 6.462552171
6.472351474, 6.472527531
6.482351350, 6.482557866
6.492351602, 6.492546747
6.502351385, 6.502504955
6.512351299, 6.512510353
6.522351354, 6.522520625
6.532351291, 6.532481770
6.542351290, 6.542515029
6.552351365, 6.552448736
6.562351374, 6.562525914
6.572351367, 6.572531907
6.582351339, 6.582528099
6.592351345, 6.592471638
6.602351271, 6.602478757
6.612351357, 6.612457455
6.622351437, 6.622455874
6.632351419, 6.632495396
6.642351365, 6.642471388
6.652351304, 6.652457232
6.662351423, 6.662482960
6.672351307, 6.672440820
6.682351385, 6.682432795
6.692351370, 6.692527490
6.702351282, 6.702448944
6.712351359, 6.712465421
6.722351308, 6.722456826
6.732351506, 6.732478551
6.742351488, 6.742669068
6.752351375, 6.752561614
6.762351369, 6.762565536
6.772351380, 6.772571897
6.782351369, 6.782549449
6.792351432, 6.792543695
6.802351513, 6.802505893
6.812351348, 6.812610084
6.822351363, 6.822534655
6.832351362, 6.832554359
6.842351426, 6.842543478
6.852351406, 6.852533095
6.862351312, 6.862467352
6.872351307, 6.872607287
6.882351298, 6.882584600
6.892351299, 6.892526440
6.902351366, 6.902554061
6.912351774, 6.912546264
6.922351360, 6.922541554
6.932351375, 6.932627298
6.942351311, 6.942528309
6.952351373, 6.952580655
6.962351308, 6.962534573
6.972351294, 6.972585600
6.982351365, 6.982502489
6.992351395, 6.992558912
7.002351309, 7.002547096
7.012351302, 7.012562810
7.022351431, 7.022565888
7.032351340, 7.032497011
7.042351300, 7.042500939
7.052351294, 7.052630056
7.062351554, 7.062597823
7.072351348, 7.072527500
7.082351287, 7.082543054
7.092351312, 7.092537220
7.102351312, 7.102492338
7.112351348, 7.112569919
7.122351336, 7.122529031
7.132351384, 7.132566401
7.142351298, 7.142531006
7.152351408, 7.152632674
7.162351342, 7.162537478
7.172351766, 7.172575478
7.182351429, 7.182566242
7.192351361, 7.192597758
7.202351298, 7.202575392
7.212351282, 7.212525092
7.222351365, 7.222545282
7.232351301, 7.232597272
7.242351407, 7.242530766
7.252351359, 7.252509407
7.262351339, 7.262495612
7.272351294, 7.272622667
7.282351290, 7.282567444
7.292351340, 7.292561040
7.302351492, 7.302577939
7.312351354, 7.312545466
7.322351355, 7.322509441
7.332351544, 7.332602411
7.342351287, 7.342566127
7.352351553, 7.352544061
7.362351350, 7.362522873
7.372351288, 7.372540576
7.382351655, 7.382509151
7.392351372, 7.392583117
7.402351458, 7.402541929
7.412351793, 7.412609938
7.422351352, 7.422560880
7.432351419, 7.432663015
7.442351347, 7.442551582
7.452351354, 7.452574022
7.462351368, 7.462547955
7.472351365, 7.472528409
7.482351298, 7.482495514
7.492351339, 7.492573078
7.502351294, 7.502477585
7.512351477, 7.512482724
7.522351297, 7.522524910
7.532351305, 7.532486464
7.542351305, 7.542469192
7.552351309, 7.552567762
7.562351309, 7.562508694
7.572351361, 7.572484944
7.582351290, 7.582548994
7.592351286, 7.592505537
7.602351282, 7.602478057
7.612351357, 7.612521571
7.622351297, 7.622500685
7.632351312, 7.632457289
7.642351305, 7.642516047
7.652351280, 7.652486224
7.662351327, 7.662474936
7.672351280, 7.672501378
7.682351369, 7.682510987
7.692351280, 7.692499002
7.702351294, 7.702553830
7.712351351, 7.712581110
7.722351289, 7.722459777
7.732351283, 7.732482965
7.742351295, 7.742454402
7.752351304, 7.752449000
7.762351384, 7.762526046
7.772351361, 7.772526213
7.782351331, 7.782463321
7.792351299, 7.792478532
7.802351366, 7.802474017
7.812351384, 7.812449534
7.822351354, 7.822413190
7.832351380, 7.832538074
7.842351305, 7.842460656
7.852351460, 7.852463848
7.862351366, 7.862471131
7.872351515, 7.872458521
7.882351442, 7.882452999
7.892351351, 7.892525597
7.902351352, 7.902478048
7.912351310, 7.912480395
7.922351380, 7.922464221
7.932351844, 7.932458334
7.942351290, 7.942416289
7.952351286, 7.952517679
7.962351875, 7.962489798
7.972351376, 7.972502424
7.982351346, 7.982504373
7.992351339, 7.992486095
8.002351295, 8.002445600
8.012351279, 8.012562611
8.022351357, 8.022525988
8.032351586, 8.032452336
8.042351336, 8.042508611
8.052351449, 8.052538636
8.062351410, 8.062487859
8.072351367, 8.072622616
8.082351399, 8.082538564
8.092351372, 8.092547430
8.102351361, 8.102543700
8.112351438, 8.112526145
8.122351342, 8.122570109
8.132351417, 8.132643134
8.142351679, 8.142569087
8.152351406, 8.152545716
8.162351368, 8.162540678
8.172351350, 8.172578371
8.182351341, 8.182544370
8.192351440, 8.192627298
8.202351309, 8.202542023
8.212351283, 8.212522402
8.222351289, 8.222540067
8.232351296, 8.232534505
8.242351341, 8.242497075
8.252351337, 8.252597260
8.262351279, 8.262567459
8.272351296, 8.272525253
8.282351282, 8.282539874
8.292351373, 8.292505777
8.302351303, 8.302511255
8.312351305, 8.312513328
8.322351352, 8.322503692
8.332351293, 8.332484135
8.342351346, 8.342534020
8.352351362, 8.352425370
8.362351303, 8.362463111
8.372351354, 8.372559304
8.382351300, 8.382503525
8.392351364, 8.392528545
8.402351347, 8.402543039
8.412351372, 8.412515919
8.422351355, 8.422466467
8.432351591, 8.432586565
8.442351444, 8.442527905
8.452351361, 8.452511776
8.462351301, 8.462507310
8.472351350, 8.472478292
8.482351350, 8.482461476
8.492351283, 8.492508690
8.502351627, 8.502513605
8.512351354, 8.512497974
8.522351335, 8.522512684
8.532351417, 8.532520142
8.542351341, 8.542467085
8.552351307, 8.552584145
8.562351402, 8.562500143
8.572351561, 8.572512306
8.582351289, 8.582524125
8.592351471, 8.592615596
8.602351361, 8.602510979
8.612351367, 8.612528086
8.622351294, 8.622535135
8.632351362, 8.632503131
8.642351437, 8.642517827
8.652351421, 8.652483974
8.662351412, 8.662510330
8.672351293, 8.672494531
8.682351358, 8.682503080
8.692351357, 8.692497276
8.702351347, 8.702465000
8.712351329, 8.712551828
8.722351358, 8.722527161
8.732351345, 8.732518759
8.742351360, 8.742508917
8.752351342, 8.752507809
8.762351369, 8.762512083
8.772351386, 8.772611310
8.782351361, 8.782508080
8.792351279, 8.792510607
8.802351338, 8.802528680
8.812351294, 8.812489938
8.822351346, 8.822466890
8.832351282, 8.832522709
8.842351281, 8.842520805
8.852351631, 8.852530497
8.862351372, 8.862518592
8.872351299, 8.872469284
8.882351305, 8.882462961
8.892351283, 8.892586031
8.902351369, 8.902544918
8.912351291, 8.912505343
8.922351287, 8.922503168
8.932351359, 8.932484342
8.942351409, 8.942498517
8.952351441, 8.952524771
8.962351357, 8.962496763
8.972351427, 8.972583636
8.982351376, 8.982514622
8.992351294, 8.992500393
9.002351278, 9.002499012
9.012351485, 9.012501203
9.022351372, 9.022522530
9.032351288, 9.032470659
9.042351357, 9.042534849
9.052351283, 9.052515102
9.062351278, 9.062536903
9.072351375, 9.072599068
9.082351349, 9.082514753
9.092351405, 9.092531832
9.102351349, 9.102535646
9.112351353, 9.112493493
9.122351418, 9.122473321
9.132351288, 9.132574954
9.142351342, 9.142504640
9.152351596, 9.152520177
9.162351489, 9.162525473
9.172351375, 9.172501200
9.182351360, 9.182503039
9.192351370, 9.192581898
9.202351344, 9.202512139
9.212351432, 9.212499749
9.222351341, 9.222536230
9.232351351, 9.232492647
9.242351365, 9.242522983
9.252351413, 9.252574625
9.262351409, 9.262535270
9.272351539, 9.272516599
9.282351339, 9.282508840
9.292351432, 9.292482648
9.302351605, 9.302477206
9.312351493, 9.312588367
9.322351369, 9.322514426
9.332351288, 9.332526133
9.342351300, 9.342487720
9.352351307, 9.352470063
9.362351369, 9.362512975
9.372351485, 9.372497600
9.382351352, 9.382549391
9.392351443, 9.392524010
9.402351284, 9.402508753
9.412351296, 9.412460153
9.422351354, 9.422434012
9.432351436, 9.432618244
9.442351455, 9.442522604
9.452351370, 9.452520993
9.462351347, 9.462517555
9.472351376, 9.472581757
9.482351652, 9.482508448
9.492351346, 9.492527816
9.502351349, 9.502492474
9.512351316, 9.512532219
9.522351368, 9.522465420
9.532351335, 9.532509489
9.542351603, 9.542505006
9.552351356, 9.552495522
9.562351412, 9.562525483
9.572351422, 9.572463963
9.582351341, 9.582422639
9.592351297, 9.592596837
9.602351300, 9.602456723
9.612351302, 9.612515579
9.622351354, 9.622522268
9.632351454, 9.632489409
9.642351431, 9.642471746
9.652351419, 9.652567034
9.662351374, 9.662535353
9.672351332, 9.672483278
9.682351361, 9.682512541
9.692351356, 9.692513350
9.702351309, 9.702467147
9.712351357, 9.712554624
9.722351597, 9.722491851
9.732351588, 9.732517136
9.742351341, 9.742507832
9.752351410, 9.752476942
9.762351407, 9.762531587
9.772351288, 9.772524658
9.782351295, 9.782480344
9.792351290, 9.792516342
9.802351360, 9.802489200
9.812351416, 9.812439977
9.822351346, 9.822417206
9.832351417, 9.832592181
9.842351380, 9.842500661
9.852351413, 9.852498000
9.862351352, 9.862509348
9.872351364, 9.872461094
9.882351361, 9.882520708
9.892351400, 9.892497502
9.902351358, 9.902492522
9.912351351, 9.912454758
9.922351421, 9.922521089
9.932351433, 9.932539531
9.942351414, 9.942426418
9.952351391, 9.952559864
9.962351429, 9.962527865
9.972351361, 9.972535416
9.982351426, 9.982573019
9.992351293, 9.992532537
10.002351377, 10.002507586
10.012351414, 10.012616910
10.022351352, 10.022530291
10.032351438, 10.032509969
10.042351286, 10.042488105
10.052351282, 10.052486665
10.062351276, 10.062505928
10.072351282, 10.072505105
10.082351281, 10.082509380
10.092351282, 10.092510073
10.102351287, 10.102509760
10.112351285, 10.112508600
10.122351278, 10.122507234
10.132351286, 10.132506350
10.142351279, 10.142509672
10.152351288, 10.152506911
10.162351281, 10.162510046
10.172351283, 10.172505329
10.182351270, 10.182510313
10.192351280, 10.192506747
10.202351276, 10.202510014
10.212351279, 10.212507609
10.222351282, 10.222507507
10.232351286, 10.232508570
10.242351278, 10.242509321
10.252351282, 10.252508731
10.262351275, 10.262513202
10.272351275, 10.272510838
10.282351273, 10.282511246
10.292351277, 10.292512987
10.302351281, 10.302508598
10.312351277, 10.312508708
10.322351278, 10.322509517
10.332351280, 10.332508225
10.342351278, 10.342512207
10.352351277, 10.352509674
10.362351276, 10.362507858
10.372351274, 10.372507670
10.382351278, 10.382507668
10.392351280, 10.392507956
10.402351281, 10.402510291
10.412351280, 10.412506957
10.422351276, 10.422511333
10.432351282, 10.432509016
10.442351281, 10.442509162
10.452351280, 10.452505400
10.462351282, 10.462508347
10.472351280, 10.472508755
10.482351279, 10.482507627
10.492351275, 10.492510729
10.502351281, 10.502512291
10.512351283, 10.512509953
10.522351281, 10.522507805
10.532351277, 10.532507999
10.542351271, 10.542509962
10.552351277, 10.552505291
10.562351281, 10.562513065
10.572351282, 10.572509480
10.582351278, 10.582512703
10.592351279, 10.592507059
10.602351300, 10.602508614
10.612351282, 10.612511108
10.622351275, 10.622508077
10.632351274, 10.632510495
10.642351279, 10.642511271
10.652351283, 10.652512085
10.662351282, 10.662512533
10.672351272, 10.672509046
10.682351279, 10.682510232
10.692351274, 10.692510730
10.702351300, 10.702510861
10.712351279, 10.712506553
10.722351279, 10.722514991
10.732351277, 10.732506437
10.742351279, 10.742510368
10.752351277, 10.752508583
10.762351276, 10.762509307
10.772351275, 10.772512616
10.782351275, 10.782510824
10.792351275, 10.792511022
10.802351278, 10.802510256
10.812351282, 10.812508371
10.822351273, 10.822509759
10.832351275, 10.832509636
10.842351278, 10.842507768
10.852351275, 10.852509486
10.862351282, 10.862510450
10.872351274, 10.872507445
10.882351275, 10.882513188
10.892351283, 10.892508390
10.902351278, 10.902514039
10.912351279, 10.912508326
10.922351275, 10.922511344
10.932351279, 10.932508888
10.942351276, 10.942510775
10.952351279, 10.952510865
10.962351281, 10.962513418
10.972351288, 10.972511270
10.982351275, 10.982514075
10.992351275, 10.992512661
11.002351282, 11.002508240
11.012351283, 11.012509704
11.022351271, 11.022511042
11.032351275, 11.032508064
11.042351279, 11.042514511
11.052351288, 11.052511564
11.062351286, 11.062514472
11.072351275, 11.072511916
11.082351289, 11.082512166
11.092351285, 11.092508583
11.102351278, 11.102513641
11.112351279, 11.112510937
11.122351275, 11.122511281
11.132351283, 11.132509676
11.142351271, 11.142512662
11.152351280, 11.152510705
11.162351273, 11.162512755
11.172351282, 11.172512830
11.182351273, 11.182509792
11.192351277, 11.192513822
11.202351273, 11.202512007
11.212351275, 11.212509196
11.222351282, 11.222513515
11.232351280, 11.232513290
11.242351284, 11.242511156
11.252351279, 11.252508820
11.262351276, 11.262513076
11.272351282, 11.272508741
11.282351278, 11.282516564
11.292351282, 11.292509175
11.302351281, 11.302511770
11.312351283, 11.312511633
11.322351284, 11.322509206
11.332351275, 11.332513443
11.342351286, 11.342512263
11.352351280, 11.352510925
11.362351292, 11.362511279
11.372351279, 11.372509840
11.382351271, 11.382512272
11.392351275, 11.392511488
11.402351273, 11.402511503
11.412351272, 11.412508853
11.422351278, 11.422512578
11.432351274, 11.432508438
11.442351282, 11.442513357
11.452351283, 11.452511430
11.462351276, 11.462512512
11.472351280, 11.472508804
11.482351276, 11.482509141
11.492351283, 11.492512096
11.502351282, 11.502509572
11.512351282, 11.512512181
11.522351281, 11.522514329
11.532351288, 11.532510876
11.542351281, 11.542516541
11.552351280, 11.552510628
11.562351278, 11.562513830
11.572351274, 11.572507661
11.582351276, 11.582510504
11.592351279, 11.592508801
11.602351281, 11.602512736
11.612351280, 11.612510841
11.622351276, 11.622512795
11.632351274, 11.632508010
11.642351278, 11.642510785
11.652351286, 11.652510372
11.662351282, 11.662509984
11.672351279, 11.672510247
11.682351281, 11.682514288
11.692351280, 11.692512582
11.702351278, 11.702512027
11.712351279, 11.712512627
11.722351275, 11.722513049
11.732351274, 11.732513561
11.742351276, 11.742512241
11.752351282, 11.752484648
11.762351281, 11.762511745
11.772351277, 11.772508916
11.782351281, 11.782513472
11.792351280, 11.792511419
11.802351275, 11.802510475
11.812351279, 11.812508651
11.822351275, 11.822511846
11.832351280, 11.832509076
11.842351278, 11.842512001
11.852351285, 11.852510749
11.862351270, 11.862514429
11.872351275, 11.872505844
11.882351276, 11.882512081
11.892351275, 11.892509980
11.902351282, 11.902512316
11.912351272, 11.912511788
11.922351292, 11.922514644
11.932351274, 11.932511300
11.942351275, 11.942512147
11.952351285, 11.952508553
11.962351279, 11.962510922
11.972351286, 11.972513054
11.982351278, 11.982511839
11.992351275, 11.992508177
12.002351273, 12.002513109
12.012351275, 12.012508986
12.022351276, 12.022512433
12.032351275, 12.032513651
12.042351278, 12.042508306
------------------------------
