------------------------------
test was performed using the following parameters: --mps=100 --burst=1 --reply-every=1 --msg-size=12 --time=10
------------------------------
sockperf: [Total Run] RunTime=10.100 sec; SentMessages=1011; ReceivedMessages=1010
sockperf: ========= Printing statistics for Server No: 0
sockperf: [Valid Duration] RunTime=9.980 sec; SentMessages=999; ReceivedMessages=999
sockperf: [2;35m====> avg-lat= 71.302 (std-dev=19.102)[0m
sockperf: # dropped messages = 0; # duplicated messages = 0; # out-of-order messages = 0
sockperf: [2;35mTotal 999 observations[0m; each percentile contains 9.99 observations
sockperf: ---> <MAX> observation =  142.104
sockperf: ---> percentile  99.99 =  142.104
sockperf: ---> percentile  99.90 =  141.550
sockperf: ---> percentile  99.50 =  135.239
sockperf: ---> percentile  99.00 =  133.139
sockperf: ---> percentile  95.00 =  102.048
sockperf: ---> percentile  90.00 =   90.912
sockperf: ---> percentile  75.00 =   82.418
sockperf: ---> percentile  50.00 =   70.857
sockperf: ---> percentile  25.00 =   58.285
sockperf: ---> <MIN> observation =   31.386
------------------------------
txTime, rxTime
2.062800199, 2.062952386
2.072800192, 2.072965850
2.082800123, 2.082947780
2.092800235, 2.092955393
2.102800165, 2.102948836
2.112800269, 2.112958353
2.122800130, 2.122949830
2.132800246, 2.132910696
2.142800185, 2.142901279
2.152800114, 2.152900015
2.162800227, 2.162894640
2.172800119, 2.172919303
2.182800199, 2.182896804
2.192800147, 2.192889423
2.202800147, 2.202880872
2.212800137, 2.212908433
2.222800123, 2.222897654
2.232800229, 2.232900035
2.242800234, 2.242922106
2.252800232, 2.252891033
2.262800216, 2.262928242
2.272800287, 2.272909142
2.282800213, 2.282903928
2.292800204, 2.292906186
2.302800139, 2.302892704
2.312800336, 2.312887558
2.322800382, 2.322888727
2.332800314, 2.332887770
2.342800341, 2.342915257
2.352800161, 2.352894595
2.362800363, 2.362896591
2.372800332, 2.372887531
2.382800392, 2.382905547
2.392800153, 2.392890926
2.402800280, 2.402919716
2.412800155, 2.412899278
2.422800231, 2.422904132
2.432800376, 2.432900586
2.442800396, 2.442974785
2.452800409, 2.452920704
2.462800297, 2.462932764
2.472800433, 2.472921119
2.482800801, 2.482970925
2.492800435, 2.492935246
2.502800234, 2.502932518
2.512800156, 2.512943472
2.522800194, 2.522936574
2.532800270, 2.532957019
2.542800158, 2.542979610
2.552800141, 2.552916122
2.562800133, 2.562945253
2.572800212, 2.572956811
2.582800153, 2.582949117
2.592800136, 2.592937445
2.602800363, 2.602941696
2.612800270, 2.612951709
2.622800136, 2.622969195
2.632800235, 2.632938961
2.642800283, 2.642930623
2.652800125, 2.652943826
2.662800214, 2.662935886
2.672800193, 2.672951047
2.682800197, 2.682927027
2.692800220, 2.692883135
2.702800219, 2.702920110
2.712800265, 2.712892962
2.722800285, 2.722897358
2.732800219, 2.732895269
2.742800197, 2.742886550
2.752800415, 2.752886561
2.762800193, 2.762933363
2.772800217, 2.772905044
2.782800236, 2.782894293
2.792800122, 2.792892869
2.802800203, 2.802898927
2.812800189, 2.812889168
2.822800119, 2.822896838
2.832800205, 2.832887985
2.842800198, 2.842903088
2.852800143, 2.852882585
2.862800228, 2.862919199
2.872800145, 2.872877118
2.882800160, 2.882888983
2.892800296, 2.892884717
2.902800154, 2.902884853
2.912800400, 2.912880099
2.922800313, 2.922902003
2.932800146, 2.932930066
2.942800212, 2.942937819
2.952800337, 2.952970586
2.962800209, 2.962949013
2.972800143, 2.972941060
2.982800268, 2.982922874
2.992800203, 2.992930625
3.002800228, 3.002931323
3.012800138, 3.012946741
3.022800260, 3.022930126
3.032800208, 3.032909190
3.042800146, 3.042975283
3.052800449, 3.052947831
3.062800126, 3.062943249
3.072800156, 3.072979760
3.082800136, 3.082901356
3.092800221, 3.092941203
3.102800125, 3.102941017
3.112800256, 3.112955178
3.122800152, 3.122953429
3.132800122, 3.132936815
3.142800125, 3.142942370
3.152800134, 3.152908787
3.162800128, 3.162951731
3.172800136, 3.172924362
3.182800278, 3.182961599
3.192800167, 3.192929535
3.202800142, 3.202925858
3.212800231, 3.212924236
3.222800139, 3.222922124
3.232800194, 3.232954499
3.242800123, 3.242901710
3.252800117, 3.252928493
3.262800224, 3.262986925
3.272800205, 3.272916776
3.282800123, 3.282907315
3.292800125, 3.292930572
3.302800130, 3.302950009
3.312800172, 3.312952396
3.322800302, 3.322934796
3.332800411, 3.332911943
3.342800267, 3.342956801
3.352800156, 3.352914502
3.362800231, 3.362962061
3.372800160, 3.372932540
3.382800161, 3.382926801
3.392800133, 3.392925481
3.402800250, 3.402938668
3.412800139, 3.412953801
3.422800311, 3.422937061
3.432800122, 3.432956913
3.442800118, 3.442933183
3.452800133, 3.452941302
3.462800133, 3.462951953
3.472800129, 3.472950243
3.482800249, 3.482915176
3.492800192, 3.492925554
3.502800255, 3.502916641
3.512800179, 3.512925691
3.522800239, 3.522920004
3.532800138, 3.532914833
3.542800365, 3.542956490
3.552800137, 3.552926526
3.562800136, 3.562949473
3.572800128, 3.572935920
3.582800205, 3.582896771
3.592800139, 3.592960431
3.602800118, 3.602950350
3.612800257, 3.612876905
3.622800128, 3.622947549
3.632800144, 3.632900963
3.642800202, 3.642971144
3.652800412, 3.652938137
3.662800194, 3.662936585
3.672800131, 3.672942024
3.682800265, 3.682937041
3.692800122, 3.692882921
3.702800213, 3.702883838
3.712800215, 3.712883764
3.722800134, 3.722946608
3.732800144, 3.732928360
3.742800226, 3.742888171
3.752800338, 3.752927081
3.762800139, 3.762946579
3.772800215, 3.772962716
3.782800210, 3.782918987
3.792800335, 3.792931457
3.802800143, 3.802933126
3.812800155, 3.812935565
3.822800293, 3.822916539
3.832800221, 3.832935783
3.842800229, 3.842923368
3.852800187, 3.852945168
3.862800145, 3.862953157
3.872800164, 3.872925843
3.882800190, 3.882904299
3.892800213, 3.892902529
3.902800182, 3.902941595
3.912800319, 3.912897556
3.922800185, 3.922955036
3.932800144, 3.932928087
3.942800131, 3.942946152
3.952800116, 3.952949270
3.962800127, 3.962938003
3.972800190, 3.972990279
3.982800119, 3.982954852
3.992800132, 3.992979692
4.002800128, 4.002887300
4.012800203, 4.012942489
4.022800221, 4.022943197
4.032800216, 4.032931542
4.042800141, 4.042956671
4.052800138, 4.052963597
4.062800137, 4.063002897
4.072800141, 4.072924361
4.082800202, 4.082965671
4.092800268, 4.092945995
4.102800154, 4.102903792
4.112800210, 4.112908322
4.122800270, 4.122911455
4.132800219, 4.132902002
4.142800145, 4.142914098
4.152800143, 4.152901395
4.162800225, 4.162906910
4.172800263, 4.172910163
4.182800151, 4.182947450
4.192800236, 4.193017701
4.202800139, 4.202900472
4.212800121, 4.212949910
4.222800203, 4.222973129
4.232800211, 4.232938929
4.242800138, 4.242918357
4.252800129, 4.253020453
4.262800198, 4.262952737
4.272800304, 4.272947113
4.282800128, 4.282931987
4.292800253, 4.292962841
4.302800308, 4.302933677
4.312800419, 4.312933764
4.322800218, 4.322931597
4.332800220, 4.332930255
4.342800417, 4.342929179
4.352800334, 4.352941563
4.362800169, 4.362939471
4.372800267, 4.372949610
4.382800411, 4.382927871
4.392800240, 4.392913397
4.402800416, 4.402946100
4.412800384, 4.412951366
4.422800424, 4.422917419
4.432800157, 4.432992509
4.442800179, 4.442924415
4.452800146, 4.452971637
4.462800219, 4.462942564
4.472800142, 4.472928724
4.482800225, 4.482905621
4.492800187, 4.492939285
4.502800188, 4.502965554
4.512800129, 4.512939025
4.522800119, 4.522892720
4.532800195, 4.532907216
4.542800238, 4.542940211
4.552800211, 4.552922671
4.562800276, 4.562960184
4.572800141, 4.572965734
4.582800145, 4.582904684
4.592800143, 4.592925203
4.602800345, 4.602935731
4.612800126, 4.612937174
4.622800119, 4.622878990
4.632800307, 4.632934614
4.642800168, 4.642977094
4.652800126, 4.652923573
4.662800125, 4.662941704
4.672800220, 4.672996653
4.682800205, 4.682987990
4.692800137, 4.692936418
4.702800179, 4.702949649
4.712800163, 4.712928085
4.722805466, 4.722984976
4.732800126, 4.732983647
4.742800146, 4.742946127
4.752800243, 4.752945210
4.762800201, 4.762934242
4.772800207, 4.772892656
4.782800158, 4.782916392
4.792800145, 4.792914085
4.802800150, 4.802913992
4.812800216, 4.812881153
4.822800144, 4.822950424
4.832800480, 4.832996245
4.842800188, 4.842939945
4.852800216, 4.852959599
4.862800120, 4.862952113
4.872800130, 4.872918284
4.882800234, 4.882963439
4.892800197, 4.892952065
4.902800227, 4.902953033
4.912800231, 4.912910709
4.922800127, 4.922998727
4.932800157, 4.932947592
4.942800203, 4.942984705
4.952800128, 4.952996884
4.962800223, 4.962951572
4.972800142, 4.972893792
4.982800142, 4.982907640
4.992800147, 4.992927053
5.002800251, 5.002947980
5.012800264, 5.012967924
5.022800199, 5.022951622
5.032800310, 5.032925100
5.042800126, 5.042941587
5.052800160, 5.052947374
5.062800115, 5.062881091
5.072800161, 5.072931142
5.082800205, 5.082920898
5.092800180, 5.092930140
5.102800160, 5.102930744
5.112800430, 5.112947536
5.122800126, 5.122955988
5.132800141, 5.132931939
5.142800140, 5.142886733
5.152800115, 5.152954812
5.162800217, 5.162946062
5.172800201, 5.172877199
5.182800123, 5.182997828
5.192800244, 5.192978755
5.202800680, 5.202986577
5.212800238, 5.212977905
5.222800168, 5.222922331
5.232800326, 5.232976033
5.242800145, 5.242929158
5.252800199, 5.253003657
5.262800245, 5.262941520
5.272800226, 5.272983101
5.282800201, 5.282991394
5.292800150, 5.292949031
5.302800131, 5.302959381
5.312800126, 5.312941203
5.322800126, 5.322891951
5.332800139, 5.332930580
5.342800423, 5.342970189
5.352800226, 5.352915960
5.362800142, 5.362947929
5.372800161, 5.372938782
5.382800230, 5.382924059
5.392800328, 5.392924300
5.402800663, 5.402949987
5.412800238, 5.412921788
5.422800241, 5.422981417
5.432800145, 5.432922192
5.442800367, 5.442932662
5.452800269, 5.452955977
5.462800162, 5.462963546
5.472800163, 5.472944415
5.482800289, 5.482887549
5.492800122, 5.492930808
5.502800289, 5.502892792
5.512800256, 5.512971696
5.522800317, 5.522942861
5.532800261, 5.532928408
5.542800139, 5.542925989
5.552800160, 5.552955492
5.562800151, 5.562935375
5.572800145, 5.572958360
5.582800326, 5.582936392
5.592800203, 5.592970010
5.602800324, 5.602988990
5.612800137, 5.612946898
5.622800264, 5.622939394
5.632800232, 5.632966765
5.642800150, 5.643029961
5.652800246, 5.652939356
5.662800344, 5.662951284
5.672800218, 5.672952448
5.682800144, 5.682960410
5.692800118, 5.693009820
5.702800127, 5.702954594
5.712800125, 5.712939798
5.722800141, 5.722907367
5.732800136, 5.732950086
5.742800145, 5.742953924
5.752800141, 5.752925290
5.762800210, 5.762941526
5.772800232, 5.772948944
5.782800135, 5.782923228
5.792800126, 5.792928668
5.802800145, 5.802975716
5.812800154, 5.812924591
5.822800240, 5.822939581
5.832800172, 5.832925813
5.842800167, 5.842993371
5.852800218, 5.852943596
5.862800145, 5.862925371
5.872800153, 5.872988309
5.882800240, 5.882916714
5.892800194, 5.892930539
5.902800173, 5.902940670
5.912800157, 5.912958091
5.922800238, 5.922953258
5.932800136, 5.932912889
5.942800310, 5.942931889
5.952800229, 5.952969218
5.962800131, 5.962925537
5.972800131, 5.972908638
5.982800135, 5.982958723
5.992800141, 5.992955968
6.002800172, 6.002923361
6.012800227, 6.012945823
6.022800120, 6.022944195
6.032800120, 6.032901707
6.042800126, 6.042933950
6.052800171, 6.052947471
6.062800160, 6.062928360
6.072800371, 6.072895217
6.082800120, 6.082931082
6.092800224, 6.092961260
6.102800319, 6.102941991
6.112800128, 6.112940288
6.122800147, 6.122956550
6.132800351, 6.132930763
6.142800216, 6.142949694
6.152800186, 6.152939551
6.162800173, 6.162883424
6.172800192, 6.172961968
6.182800122, 6.182934781
6.192800121, 6.192942952
6.202800127, 6.202920823
6.212800163, 6.212955566
6.222800440, 6.222944905
6.232800170, 6.232941141
6.242800122, 6.242897279
6.252800154, 6.252892455
6.262800148, 6.262905060
6.272800140, 6.272904780
6.282800206, 6.282881545
6.292800291, 6.292895394
6.302800217, 6.302905596
6.312800201, 6.312892840
6.322800129, 6.322892588
6.332800171, 6.332899140
6.342800168, 6.342895226
6.352800214, 6.352911539
6.362800126, 6.362898932
6.372800160, 6.372879238
6.382800126, 6.382899297
6.392800130, 6.392892656
6.402800122, 6.402990865
6.412800129, 6.412951295
6.422800250, 6.422936570
6.432800116, 6.432983185
6.442800122, 6.442921805
6.452800170, 6.452952212
6.462800182, 6.462877433
6.472800162, 6.472922110
6.482800132, 6.482950939
6.492800179, 6.492948279
6.502800219, 6.502962221
6.512800141, 6.512944667
6.522800227, 6.522910031
6.532800208, 6.532893628
6.542800366, 6.542926091
6.552800188, 6.552958006
6.562800308, 6.562937818
6.572800300, 6.572891422
6.582800188, 6.582889505
6.592800229, 6.592926323
6.602800128, 6.602901585
6.612800147, 6.612908659
6.622800128, 6.622882460
6.632800141, 6.632916667
6.642800156, 6.642904636
6.652800197, 6.652896313
6.662800125, 6.662945073
6.672800262, 6.672951815
6.682800125, 6.682949979
6.692800115, 6.692948190
6.702800115, 6.702967476
6.712800133, 6.712941925
6.722800147, 6.722937208
6.732800188, 6.732924569
6.742800201, 6.742947287
6.752800340, 6.752951752
6.762800204, 6.762882534
6.772800142, 6.772973470
6.782800122, 6.782880028
6.792800393, 6.792889136
6.802800130, 6.802880666
6.812800120, 6.812892704
6.822800118, 6.822864075
6.832800197, 6.832910918
6.842800142, 6.842917327
6.852800139, 6.852951218
6.862800207, 6.862917633
6.872800112, 6.872870790
6.882800101, 6.882951093
6.892800112, 6.892918162
6.902800117, 6.902958596
6.912800104, 6.912914136
6.922800117, 6.922925712
6.932800111, 6.932973885
6.942800103, 6.942995290
6.952800104, 6.952908656
6.962800115, 6.962970069
6.972800109, 6.972869655
6.982800177, 6.982966445
6.992800111, 6.992964871
7.002800180, 7.002944257
7.012800114, 7.012944312
7.022800104, 7.022877778
7.032800114, 7.032927023
7.042800114, 7.042942927
7.052800201, 7.052931960
7.062800118, 7.062948967
7.072800104, 7.072914617
7.082800163, 7.082907733
7.092800104, 7.092908160
7.102800106, 7.102886783
7.112800111, 7.112927729
7.122800111, 7.122921483
7.132800107, 7.132933601
7.142800103, 7.142950825
7.152800111, 7.152933861
7.162800115, 7.162924341
7.172800103, 7.172953767
7.182800118, 7.182940318
7.192800107, 7.192895553
7.202800115, 7.202887458
7.212800108, 7.212885337
7.222800105, 7.222962157
7.232800107, 7.232956807
7.242800119, 7.242970557
7.252800119, 7.252991754
7.262800108, 7.262934762
7.272800116, 7.272943670
7.282800111, 7.282968145
7.292800105, 7.292972528
7.302800111, 7.302939702
7.312800111, 7.312958925
7.322800108, 7.322987262
7.332800111, 7.332949934
7.342800113, 7.342939854
7.352800111, 7.352962472
7.362800105, 7.362951261
7.372800105, 7.372954231
7.382800105, 7.382999279
7.392800122, 7.392940525
7.402800111, 7.402905863
7.412800113, 7.412941145
7.422800105, 7.422959784
7.432800105, 7.432956009
7.442800111, 7.442945625
7.452800116, 7.452943782
7.462800113, 7.462908225
7.472800111, 7.472955723
7.482800108, 7.482883179
7.492800116, 7.492931072
7.502800110, 7.502923258
7.512800179, 7.512925431
7.522800107, 7.522946304
7.532800116, 7.532905832
7.542800115, 7.542936491
7.552800137, 7.552916430
7.562800108, 7.562923950
7.572800238, 7.572942827
7.582800107, 7.582937748
7.592800114, 7.592957517
7.602800114, 7.602971235
7.612800190, 7.612937163
7.622800126, 7.622893576
7.632800116, 7.632926308
7.642800111, 7.642896841
7.652800115, 7.652957520
7.662800111, 7.662935957
7.672800110, 7.672937181
7.682800121, 7.682964587
7.692800115, 7.692990107
7.702800105, 7.702957798
7.712800118, 7.712928037
7.722800105, 7.722925124
7.732800114, 7.732919820
7.742800101, 7.742940016
7.752800106, 7.752955238
7.762800105, 7.762932209
7.772800110, 7.772904565
7.782800165, 7.782898903
7.792800110, 7.792875774
7.802800108, 7.802898634
7.812800124, 7.812894048
7.822800110, 7.822889065
7.832800111, 7.832937103
7.842800116, 7.842913605
7.852800113, 7.852987058
7.862800111, 7.862981346
7.872800121, 7.872931397
7.882800119, 7.882941834
7.892800111, 7.892893529
7.902800121, 7.902917795
7.912800116, 7.912922180
7.922800121, 7.922913766
7.932800113, 7.932939477
7.942800111, 7.942880117
7.952800115, 7.952955074
7.962800119, 7.962952510
7.972800102, 7.972949348
7.982800108, 7.982899800
7.992800117, 7.992895488
8.002800119, 8.002892077
8.012800111, 8.012916672
8.022800105, 8.022906766
8.032800117, 8.032960611
8.042800116, 8.042936723
8.052800113, 8.052904295
8.062800108, 8.062939230
8.072800109, 8.072923144
8.082800108, 8.082934501
8.092800106, 8.092936168
8.102800117, 8.102905427
8.112800114, 8.112946608
8.122800111, 8.122930345
8.132800109, 8.132868877
8.142800106, 8.142945476
8.152800117, 8.152954870
8.162800116, 8.162943346
8.172800120, 8.172879205
8.182800113, 8.182911307
8.192800113, 8.192947637
8.202800109, 8.202925200
8.212800105, 8.212967769
8.222800103, 8.222941142
8.232800114, 8.232939218
8.242800109, 8.242933213
8.252800109, 8.252911557
8.262800110, 8.262878329
8.272800113, 8.272877271
8.282800105, 8.282933515
8.292800108, 8.292932692
8.302800107, 8.302951121
8.312800121, 8.312868249
8.322800108, 8.322906659
8.332800113, 8.332897857
8.342800113, 8.342927681
8.352800116, 8.352923755
8.362800126, 8.362906956
8.372800113, 8.372941859
8.382800119, 8.382872550
8.392800107, 8.392942566
8.402800099, 8.402925344
8.412800110, 8.412918002
8.422800118, 8.422941837
8.432800113, 8.432927289
8.442800105, 8.442925295
8.452800119, 8.452886193
8.462800119, 8.462876192
8.472800122, 8.472955616
8.482800107, 8.482952455
8.492800107, 8.492956573
8.502800110, 8.502959326
8.512800118, 8.512940545
8.522800119, 8.522974808
8.532800115, 8.532947963
8.542800108, 8.542977774
8.552800113, 8.552942162
8.562800116, 8.562968929
8.572800110, 8.572936143
8.582800100, 8.582945163
8.592800119, 8.592952478
8.602800108, 8.602875594
8.612800103, 8.612958698
8.622800106, 8.622967115
8.632800111, 8.632952570
8.642800106, 8.642894504
8.652800127, 8.652960303
8.662800108, 8.662951548
8.672800113, 8.672971130
8.682800106, 8.682862879
8.692800116, 8.692915637
8.702800115, 8.702954124
8.712800111, 8.712959050
8.722800113, 8.722928418
8.732800115, 8.732916631
8.742800117, 8.742934509
8.752800104, 8.752945338
8.762800109, 8.762908068
8.772800251, 8.772926784
8.782800107, 8.782908202
8.792800105, 8.792971230
8.802800113, 8.802949822
8.812800113, 8.812890037
8.822800119, 8.822920956
8.832800109, 8.832924765
8.842800113, 8.842936485
8.852800104, 8.852915424
8.862800113, 8.862938138
8.872800115, 8.872898275
8.882800110, 8.882910979
8.892800108, 8.892874633
8.902800108, 8.902977671
8.912800184, 8.912913720
8.922800105, 8.922918413
8.932800111, 8.932942383
8.942800102, 8.942948447
8.952800111, 8.952927127
8.962800121, 8.962959454
8.972800108, 8.972899110
8.982800124, 8.982914302
8.992800109, 8.992891031
9.002800111, 9.002874314
9.012800119, 9.012887177
9.022800111, 9.022876276
9.032800115, 9.032887594
9.042800111, 9.042897105
9.052800111, 9.052901468
9.062800116, 9.062889665
9.072800121, 9.072870720
9.082800116, 9.082894863
9.092800107, 9.092878439
9.102800198, 9.102886569
9.112800113, 9.112888050
9.122800102, 9.122890185
9.132800105, 9.132869463
9.142800113, 9.142873180
9.152800119, 9.152867947
9.162800118, 9.162907505
9.172800113, 9.172913125
9.182800176, 9.182870952
9.192800127, 9.192948371
9.202800105, 9.202956443
9.212800105, 9.212926081
9.222800110, 9.222950505
9.232800255, 9.232911898
9.242800108, 9.242941881
9.252800127, 9.252905634
9.262800115, 9.262901804
9.272800108, 9.272928585
9.282800110, 9.282935092
9.292800110, 9.292931086
9.302800103, 9.302943252
9.312800107, 9.312956742
9.322800119, 9.322880460
9.332800108, 9.332887600
9.342800113, 9.342956696
9.352800170, 9.352937056
9.362800108, 9.362905075
9.372800107, 9.372950769
9.382800103, 9.382870549
9.392800113, 9.392969141
9.402800184, 9.402869829
9.412800223, 9.412919237
9.422800118, 9.422920580
9.432800107, 9.432908464
9.442800111, 9.442960563
9.452800111, 9.452932677
9.462800189, 9.462963185
9.472800111, 9.472920000
9.482800168, 9.482921858
9.492800184, 9.492926222
9.502800118, 9.502930706
9.512800111, 9.512922518
9.522800107, 9.522934895
9.532800116, 9.532926965
9.542800108, 9.542921030
9.552800121, 9.552945186
9.562800105, 9.562940691
9.572800119, 9.572873813
9.582800113, 9.582882109
9.592800118, 9.592867194
9.602800107, 9.602953379
9.612800121, 9.612883034
9.622800105, 9.622948342
9.632800119, 9.632913529
9.642800119, 9.642927396
9.652800108, 9.652909222
9.662800113, 9.662912089
9.672800115, 9.672961704
9.682800103, 9.682882606
9.692800105, 9.692929665
9.702800113, 9.702913685
9.712800168, 9.712899417
9.722800111, 9.722926402
9.732800181, 9.732940394
9.742800108, 9.742891164
9.752800116, 9.752941403
9.762800105, 9.762923026
9.772800111, 9.772905289
9.782800115, 9.782909981
9.792800119, 9.792933125
9.802800118, 9.802931681
9.812800108, 9.812928648
9.822800179, 9.822950998
9.832800110, 9.832921384
9.842800115, 9.842915640
9.852800108, 9.852949259
9.862800111, 9.862927087
9.872800111, 9.872917192
9.882800118, 9.882943356
9.892800103, 9.892969196
9.902800171, 9.902998212
9.912800110, 9.912978235
9.922800167, 9.923025532
9.932800165, 9.933029016
9.942800168, 9.943004265
9.952800209, 9.952962634
9.962800170, 9.963042932
9.972800631, 9.973009150
9.982800110, 9.983041140
9.992800118, 9.993009768
10.002800119, 10.003034429
10.012800189, 10.013034334
10.022800165, 10.023037393
10.032800175, 10.033000211
10.042800178, 10.043021128
10.052800173, 10.053047731
10.062800115, 10.063043351
10.072800216, 10.073067658
10.082800193, 10.083022952
10.092800167, 10.093068647
10.102800165, 10.103029781
10.112800433, 10.113068336
10.122800175, 10.123053420
10.132800108, 10.133041409
10.142800159, 10.143070637
10.152800163, 10.153026179
10.162800186, 10.163054657
10.172800226, 10.173032192
10.182800247, 10.183031953
10.192800198, 10.193031045
10.202800163, 10.203029166
10.212800170, 10.213036641
10.222800119, 10.223033425
10.232800195, 10.233067750
10.242800310, 10.243018723
10.252800182, 10.253066463
10.262800167, 10.263029331
10.272800174, 10.273065342
10.282800170, 10.282980771
10.292800163, 10.293071572
10.302800173, 10.303008059
10.312800261, 10.313075773
10.322800223, 10.323045645
10.332800252, 10.333084461
10.342800167, 10.343047158
10.352800249, 10.353076085
10.362800188, 10.363083289
10.372800351, 10.373053961
10.382800246, 10.383056261
10.392800171, 10.393047557
10.402800198, 10.402990813
10.412800127, 10.413012139
10.422800116, 10.422961346
10.432800103, 10.432926800
10.442800110, 10.442961749
10.452800119, 10.452955581
10.462800116, 10.462961437
10.472800103, 10.472959106
10.482800118, 10.482960400
10.492800107, 10.492956627
10.502800105, 10.502957880
10.512800116, 10.512959432
10.522800111, 10.522958563
10.532800110, 10.532959170
10.542800110, 10.542952866
10.552800108, 10.552956973
10.562800100, 10.562963082
10.572800111, 10.572956451
10.582800110, 10.582958989
10.592800107, 10.592957634
10.602800111, 10.602961872
10.612800118, 10.612960249
10.622800107, 10.622961430
10.632800121, 10.632957242
10.642800103, 10.642962628
10.652800111, 10.652957557
10.662800118, 10.662957028
10.672800111, 10.672960028
10.682800121, 10.682957784
10.692800103, 10.692957493
10.702800107, 10.702962469
10.712800113, 10.712961226
10.722800102, 10.722966102
10.732800107, 10.732957586
10.742800110, 10.742959655
10.752800118, 10.752954369
10.762800111, 10.762961534
10.772800113, 10.772950280
10.782800105, 10.782961713
10.792800108, 10.792956305
10.802800111, 10.802973535
10.812800132, 10.812979132
10.822800118, 10.822981089
10.832800116, 10.832981985
10.842800108, 10.842977227
10.852800137, 10.852979664
10.862800110, 10.862982784
10.872800105, 10.872981818
10.882800108, 10.882984010
10.892800107, 10.892975990
10.902800107, 10.902979305
10.912800116, 10.912982139
10.922800103, 10.922979287
10.932800133, 10.932981553
10.942800118, 10.942984163
10.952800111, 10.952973705
10.962800103, 10.962983391
10.972800118, 10.972972616
10.982800119, 10.982972874
10.992800121, 10.992981011
11.002800116, 11.002973886
11.012800110, 11.012976826
11.022800111, 11.022979363
11.032800110, 11.032972847
11.042800110, 11.042980873
11.052800122, 11.052983559
11.062800115, 11.062977631
11.072800116, 11.072974642
11.082800113, 11.082979844
11.092800116, 11.092979153
11.102800108, 11.102981077
11.112800129, 11.112971326
11.122800119, 11.122975041
11.132800118, 11.132959979
11.142800103, 11.142981642
11.152800110, 11.152952517
11.162800111, 11.162975223
11.172800121, 11.172972877
11.182800111, 11.182976706
11.192800103, 11.192964941
11.202800118, 11.202986558
11.212800115, 11.212969343
11.222800111, 11.222978247
11.232800115, 11.232973132
11.242800110, 11.242979824
11.252800116, 11.252978973
11.262800108, 11.262982022
11.272800116, 11.272944874
11.282800111, 11.282982823
11.292800111, 11.292972771
11.302800113, 11.302980483
11.312800116, 11.312977487
11.322800116, 11.322979898
11.332800118, 11.332977922
11.342800115, 11.342981313
11.352800111, 11.352978643
11.362800113, 11.362983777
11.372800104, 11.372977727
11.382800118, 11.382969634
11.392800107, 11.392974658
11.402800111, 11.402976588
11.412800111, 11.412977909
11.422800113, 11.422982850
11.432800108, 11.432972350
11.442800111, 11.442983661
11.452800107, 11.452972578
11.462800118, 11.462978019
11.472800118, 11.472977997
11.482800111, 11.482979089
11.492800116, 11.492976871
11.502800115, 11.502984370
11.512800103, 11.512972681
11.522800121, 11.522981840
11.532800122, 11.532977854
11.542800110, 11.542979693
11.552800111, 11.552980182
11.562800110, 11.562979663
11.572800111, 11.572979910
11.582800103, 11.582975482
11.592800122, 11.592959813
11.602800119, 11.602981684
11.612800113, 11.612983878
11.622800102, 11.622981224
11.632800108, 11.632978491
11.642800111, 11.642973102
11.652800116, 11.652972741
11.662800107, 11.662974637
11.672800110, 11.672980072
11.682800118, 11.682979525
11.692800129, 11.692970875
11.702800108, 11.702973508
11.712800126, 11.712971230
11.722800111, 11.722973286
11.732800113, 11.732977576
11.742800111, 11.742981584
11.752800108, 11.752972853
11.762800110, 11.762982699
11.772800119, 11.772952204
11.782800110, 11.782979953
11.792800118, 11.792972482
11.802800108, 11.802978616
11.812800115, 11.812981939
11.822800105, 11.822981231
11.832800118, 11.832980570
11.842800113, 11.842981439
11.852800107, 11.852979993
11.862800116, 11.862981264
11.872800108, 11.872977406
11.882800100, 11.882980989
11.892800122, 11.892978753
11.902800107, 11.902973455
11.912800113, 11.913020825
11.922800103, 11.922980218
11.932800111, 11.932977119
11.942800102, 11.942976123
11.952800126, 11.952984229
11.962800119, 11.962979326
11.972800103, 11.972979830
11.982800116, 11.982982055
11.992800105, 11.992981623
12.002800110, 12.002984132
12.012800110, 12.012972703
12.022800111, 12.022980748
12.032800119, 12.032977636
12.042800108, 12.042974253
------------------------------
