------------------------------
test was performed using the following parameters: --mps=100 --burst=1 --reply-every=1 --msg-size=12 --time=10
------------------------------
sockperf: [Total Run] RunTime=10.100 sec; SentMessages=1011; ReceivedMessages=1010
sockperf: ========= Printing statistics for Server No: 0
sockperf: [Valid Duration] RunTime=9.990 sec; SentMessages=1000; ReceivedMessages=1000
sockperf: [2;35m====> avg-lat= 65.459 (std-dev=17.218)[0m
sockperf: # dropped messages = 0; # duplicated messages = 0; # out-of-order messages = 0
sockperf: [2;35mTotal 1000 observations[0m; each percentile contains 10.00 observations
sockperf: ---> <MAX> observation =  127.682
sockperf: ---> percentile  99.99 =  127.682
sockperf: ---> percentile  99.90 =  125.521
sockperf: ---> percentile  99.50 =  117.925
sockperf: ---> percentile  99.00 =  108.159
sockperf: ---> percentile  95.00 =   91.159
sockperf: ---> percentile  90.00 =   88.568
sockperf: ---> percentile  75.00 =   75.412
sockperf: ---> percentile  50.00 =   66.707
sockperf: ---> percentile  25.00 =   52.447
sockperf: ---> <MIN> observation =   31.417
------------------------------
txTime, rxTime
2.062633088, 2.062742856
2.072633139, 2.072724577
2.082633126, 2.082749694
2.092633368, 2.092754420
2.102633083, 2.102740658
2.112633139, 2.112719083
2.122633148, 2.122753498
2.132633328, 2.132719820
2.142633088, 2.142727764
2.152633087, 2.152779968
2.162633218, 2.162735623
2.172633093, 2.172777807
2.182633142, 2.182786331
2.192633143, 2.192764617
2.202633074, 2.202771813
2.212633047, 2.212824633
2.222633057, 2.222768575
2.232633041, 2.232765546
2.242633042, 2.242759340
2.252633042, 2.252769510
2.262633041, 2.262766803
2.272633047, 2.272778481
2.282633046, 2.282794360
2.292633042, 2.292815383
2.302633041, 2.302773315
2.312633049, 2.312753763
2.322633041, 2.322774065
2.332633044, 2.332778838
2.342633044, 2.342770204
2.352633044, 2.352808583
2.362633042, 2.362834294
2.372633061, 2.372808356
2.382633099, 2.382809190
2.392633050, 2.392792391
2.402633042, 2.402764759
2.412633150, 2.412785617
2.422633042, 2.422756109
2.432633049, 2.432756152
2.442633164, 2.442837495
2.452633049, 2.452807781
2.462633042, 2.462803209
2.472633049, 2.472769086
2.482633063, 2.482806199
2.492633055, 2.492843582
2.502633060, 2.502850105
2.512633047, 2.512797972
2.522633050, 2.522803858
2.532633058, 2.532818989
2.542633044, 2.542823173
2.552633046, 2.552805946
2.562633060, 2.562835768
2.572633101, 2.572830075
2.582633063, 2.582804811
2.592633044, 2.592755963
2.602633049, 2.602755854
2.612633044, 2.612765248
2.622633049, 2.622761394
2.632633052, 2.632770105
2.642633136, 2.642767879
2.652633049, 2.652758246
2.662633109, 2.662785202
2.672633036, 2.672770815
2.682633041, 2.682763947
2.692633044, 2.692776502
2.702633110, 2.702753613
2.712633052, 2.712749535
2.722633036, 2.722777271
2.732633042, 2.732779559
2.742633115, 2.742721356
2.752633044, 2.752714834
2.762633042, 2.762760073
2.772633047, 2.772706898
2.782633044, 2.782731877
2.792633041, 2.792707716
2.802633041, 2.802718833
2.812633050, 2.812719064
2.822633139, 2.822706955
2.832633046, 2.832707298
2.842633047, 2.842709319
2.852633046, 2.852745752
2.862633044, 2.862733487
2.872633046, 2.872727519
2.882633038, 2.882720763
2.892633112, 2.892702676
2.902633042, 2.902733706
2.912633380, 2.912729551
2.922633036, 2.922714166
2.932633038, 2.932722457
2.942633046, 2.942710231
2.952633047, 2.952703946
2.962633110, 2.962709139
2.972633047, 2.972711406
2.982633109, 2.982707509
2.992633186, 2.992745873
3.002633049, 3.002705228
3.012633104, 3.012712413
3.022633039, 3.022770125
3.032633046, 3.032768485
3.042633057, 3.042795283
3.052633049, 3.052781395
3.062633110, 3.062774278
3.072633046, 3.072734990
3.082633033, 3.082709529
3.092633099, 3.092706205
3.102633050, 3.102708510
3.112633052, 3.112713669
3.122633050, 3.122753087
3.132633046, 3.132746807
3.142633046, 3.142714194
3.152633044, 3.152721896
3.162633055, 3.162728228
3.172633044, 3.172711959
3.182633050, 3.182744190
3.192633136, 3.192716356
3.202633039, 3.202755077
3.212633042, 3.212708340
3.222633124, 3.222702301
3.232633044, 3.232731487
3.242633041, 3.242711956
3.252633046, 3.252703733
3.262633038, 3.262729396
3.272633046, 3.272708632
3.282633050, 3.282713277
3.292633039, 3.292716605
3.302633046, 3.302712968
3.312633046, 3.312743279
3.322633124, 3.322719547
3.332633038, 3.332726193
3.342633049, 3.342715846
3.352633049, 3.352719631
3.362633052, 3.362706848
3.372633041, 3.372736752
3.382633041, 3.382710051
3.392633102, 3.392779338
3.402633110, 3.402805499
3.412633047, 3.412774488
3.422633053, 3.422759921
3.432633038, 3.432764765
3.442633038, 3.442757840
3.452633049, 3.452757668
3.462633046, 3.462751767
3.472633050, 3.472752860
3.482633039, 3.482757253
3.492633039, 3.492763447
3.502633096, 3.502758070
3.512633046, 3.512765120
3.522633033, 3.522777623
3.532633050, 3.532742228
3.542633038, 3.542762674
3.552633041, 3.552763376
3.562633049, 3.562775637
3.572633041, 3.572766319
3.582633061, 3.582790002
3.592633041, 3.592838360
3.602633039, 3.602791369
3.612633046, 3.612756763
3.622633047, 3.622768742
3.632633053, 3.632742283
3.642633044, 3.642785704
3.652633047, 3.652776395
3.662633164, 3.662784618
3.672633041, 3.672766603
3.682633042, 3.682775647
3.692633055, 3.692778639
3.702633046, 3.702757505
3.712633044, 3.712777276
3.722633042, 3.722771032
3.732633046, 3.732746454
3.742633050, 3.742766020
3.752633042, 3.752786530
3.762633184, 3.762801853
3.772633161, 3.772790556
3.782633044, 3.782789590
3.792633052, 3.792723445
3.802633044, 3.802724015
3.812633042, 3.812706731
3.822633038, 3.822713179
3.832633333, 3.832712797
3.842633039, 3.842753297
3.852633044, 3.852743038
3.862633042, 3.862722392
3.872633042, 3.872720201
3.882633049, 3.882734576
3.892633041, 3.892772077
3.902633041, 3.902709123
3.912633039, 3.912732453
3.922633042, 3.922722084
3.932633046, 3.932741089
3.942633053, 3.942724208
3.952633047, 3.952707377
3.962633046, 3.962721371
3.972633047, 3.972706832
3.982633044, 3.982711218
3.992633042, 3.992729611
4.002633113, 4.002709575
4.012633047, 4.012715998
4.022633039, 4.022708545
4.032633136, 4.032732898
4.042633044, 4.042717861
4.052633050, 4.052759117
4.062633046, 4.062780838
4.072633049, 4.072707852
4.082633052, 4.082732279
4.092633046, 4.092736801
4.102633049, 4.102723643
4.112633042, 4.112706565
4.122633120, 4.122712478
4.132633180, 4.132702315
4.142633112, 4.142729952
4.152633049, 4.152706436
4.162633033, 4.162765098
4.172633107, 4.172785494
4.182633120, 4.182764015
4.192633041, 4.192758920
4.202633047, 4.202775656
4.212633044, 4.212792400
4.222633150, 4.222782286
4.232633046, 4.232766712
4.242633041, 4.242745725
4.252633038, 4.252784812
4.262633039, 4.262758171
4.272633049, 4.272764089
4.282633044, 4.282743038
4.292633046, 4.292797107
4.302633042, 4.302752075
4.312633042, 4.312757177
4.322633041, 4.322738082
4.332633044, 4.332782739
4.342633039, 4.342753965
4.352633041, 4.352758914
4.362633055, 4.362764212
4.372633042, 4.372774927
4.382633035, 4.382762911
4.392633035, 4.392744040
4.402633046, 4.402772487
4.412633039, 4.412770378
4.422633131, 4.422758094
4.432633047, 4.432740461
4.442633047, 4.442765878
4.452633041, 4.452764103
4.462633049, 4.462742401
4.472633042, 4.472784826
4.482633042, 4.482794837
4.492633042, 4.492769312
4.502633046, 4.502774714
4.512633049, 4.512739891
4.522633050, 4.522771764
4.532633042, 4.532743058
4.542633050, 4.542793013
4.552633039, 4.552739878
4.562633044, 4.562766361
4.572633036, 4.572762813
4.582633063, 4.582756493
4.592633046, 4.592774873
4.602633049, 4.602767787
4.612633042, 4.612760502
4.622633060, 4.622753520
4.632633158, 4.632798146
4.642633044, 4.642759941
4.652633047, 4.652773504
4.662633050, 4.662754995
4.672633050, 4.672762520
4.682633039, 4.682770956
4.692633046, 4.692786866
4.702633044, 4.702761274
4.712633046, 4.712800694
4.722633046, 4.722749953
4.732633042, 4.732772550
4.742633039, 4.742750819
4.752633044, 4.752752641
4.762633039, 4.762768270
4.772633042, 4.772752255
4.782633039, 4.782753962
4.792633049, 4.792771704
4.802633044, 4.802768878
4.812633096, 4.812747801
4.822633113, 4.822757210
4.832633038, 4.832774384
4.842633099, 4.842747688
4.852633049, 4.852811445
4.862633131, 4.862779464
4.872633047, 4.872775440
4.882633042, 4.882735833
4.892633035, 4.892778959
4.902633047, 4.902759015
4.912633036, 4.912757311
4.922633042, 4.922793243
4.932633041, 4.932771703
4.942633044, 4.942740396
4.952633047, 4.952770725
4.962633053, 4.962753716
4.972633049, 4.972787739
4.982633110, 4.982763470
4.992633044, 4.992756949
5.002633047, 5.002764023
5.012633049, 5.012774229
5.022633167, 5.022745163
5.032633049, 5.032774071
5.042633044, 5.042772123
5.052633047, 5.052752413
5.062633052, 5.062781695
5.072633046, 5.072753788
5.082633115, 5.082770651
5.092633039, 5.092771016
5.102633046, 5.102757300
5.112633044, 5.112765409
5.122633039, 5.122716484
5.132633031, 5.132718596
5.142633113, 5.142714940
5.152633050, 5.152725215
5.162633047, 5.162720767
5.172633049, 5.172721876
5.182633044, 5.182745716
5.192633049, 5.192736661
5.202633038, 5.202730405
5.212633050, 5.212725228
5.222633042, 5.222716413
5.232633042, 5.232713200
5.242633041, 5.242736187
5.252633050, 5.252712251
5.262633104, 5.262707584
5.272633046, 5.272741705
5.282633039, 5.282773460
5.292633038, 5.292765228
5.302633044, 5.302756394
5.312633042, 5.312748805
5.322633050, 5.322779229
5.332633137, 5.332759182
5.342633046, 5.342761680
5.352633038, 5.352784686
5.362633046, 5.362794077
5.372633042, 5.372781599
5.382633041, 5.382766347
5.392633052, 5.392802406
5.402633049, 5.402868899
5.412633047, 5.412834812
5.422633109, 5.422840282
5.432633046, 5.432807855
5.442633055, 5.442777750
5.452633044, 5.452765873
5.462633047, 5.462808545
5.472633047, 5.472827804
5.482633050, 5.482802205
5.492633046, 5.492814072
5.502633041, 5.502807883
5.512633046, 5.512819636
5.522633052, 5.522787031
5.532633042, 5.532796640
5.542633132, 5.542800137
5.552633048, 5.552813335
5.562633058, 5.562866115
5.572633044, 5.572845341
5.582633060, 5.582849379
5.592633044, 5.592837680
5.602633153, 5.602884195
5.612633044, 5.612871137
5.622633064, 5.622879308
5.632633055, 5.632830796
5.642633064, 5.642835379
5.652633050, 5.652852100
5.662633046, 5.662782166
5.672633227, 5.672777908
5.682633044, 5.682806888
5.692633129, 5.692798538
5.702633041, 5.702791829
5.712633050, 5.712799264
5.722633115, 5.722795902
5.732633044, 5.732710397
5.742633041, 5.742809313
5.752633049, 5.752804278
5.762633110, 5.762785142
5.772633055, 5.772767119
5.782633044, 5.782784795
5.792633041, 5.792791827
5.802633053, 5.802788238
5.812633049, 5.812782698
5.822633042, 5.822815637
5.832633110, 5.832793174
5.842633041, 5.842785812
5.852633131, 5.852798018
5.862633047, 5.862794775
5.872633042, 5.872810179
5.882633049, 5.882782692
5.892633049, 5.892772603
5.902633041, 5.902808912
5.912633183, 5.912799477
5.922633050, 5.922784610
5.932633049, 5.932782941
5.942633058, 5.942799480
5.952633050, 5.952814131
5.962633053, 5.962794849
5.972633049, 5.972822481
5.982633042, 5.982796273
5.992633050, 5.992802280
6.002633044, 6.002793693
6.012633050, 6.012776907
6.022633042, 6.022804716
6.032633044, 6.032799646
6.042633044, 6.042784018
6.052633044, 6.052815746
6.062633046, 6.062788452
6.072633042, 6.072816224
6.082633047, 6.082788657
6.092633035, 6.092804744
6.102633053, 6.102811154
6.112633041, 6.112794177
6.122633137, 6.122783764
6.132633046, 6.132805199
6.142633046, 6.142815484
6.152633184, 6.152798853
6.162633049, 6.162780889
6.172633041, 6.172779275
6.182633132, 6.182804420
6.192633039, 6.192791200
6.202633047, 6.202793583
6.212633050, 6.212798706
6.222633053, 6.222825680
6.232633044, 6.232778361
6.242633058, 6.242802201
6.252633039, 6.252817323
6.262633053, 6.262799461
6.272633041, 6.272800775
6.282633050, 6.282778811
6.292633042, 6.292789937
6.302633039, 6.302807026
6.312633107, 6.312800427
6.322633042, 6.322799857
6.332633035, 6.332806415
6.342633039, 6.342813040
6.352633047, 6.352769786
6.362633042, 6.362791328
6.372633042, 6.372805469
6.382633041, 6.382801599
6.392633049, 6.392800053
6.402633049, 6.402777788
6.412633042, 6.412784031
6.422633046, 6.422797224
6.432633049, 6.432783287
6.442633077, 6.442805324
6.452633041, 6.452792784
6.462633049, 6.462822251
6.472633047, 6.472794376
6.482633046, 6.482808572
6.492633044, 6.492785858
6.502633049, 6.502797049
6.512633041, 6.512783240
6.522633049, 6.522789222
6.532633036, 6.532814549
6.542633044, 6.542817212
6.552633048, 6.552797040
6.562633046, 6.562783859
6.572633040, 6.572790617
6.582633044, 6.582779558
6.592633044, 6.592813098
6.602633041, 6.602822905
6.612633048, 6.612845266
6.622633063, 6.622848043
6.632633154, 6.632863036
6.642633047, 6.642888413
6.652633049, 6.652833283
6.662633049, 6.662825025
6.672633053, 6.672871457
6.682633058, 6.682827238
6.692633042, 6.692759398
6.702633061, 6.702761121
6.712633041, 6.712753054
6.722633047, 6.722757517
6.732633058, 6.732799969
6.742633057, 6.742700605
6.752633044, 6.752708229
6.762633042, 6.762745133
6.772633104, 6.772728094
6.782633049, 6.782708457
6.792633047, 6.792719736
6.802633049, 6.802716920
6.812633041, 6.812716209
6.822633112, 6.822738071
6.832633099, 6.832715726
6.842633038, 6.842743237
6.852633115, 6.852737535
6.862633120, 6.862730929
6.872633041, 6.872724484
6.882633118, 6.882697553
6.892633044, 6.892698653
6.902633046, 6.902698415
6.912633046, 6.912701015
6.922633112, 6.922770080
6.932633046, 6.932781307
6.942633063, 6.942771243
6.952633047, 6.952754392
6.962633049, 6.962776149
6.972633047, 6.972759242
6.982633120, 6.982777374
6.992633049, 6.992770645
7.002633055, 7.002766647
7.012633046, 7.012772626
7.022633047, 7.022763797
7.032633049, 7.032766139
7.042633042, 7.042774474
7.052633046, 7.052769432
7.062633044, 7.062765883
7.072633047, 7.072762417
7.082633050, 7.082783874
7.092633050, 7.092755982
7.102633044, 7.102755328
7.112633047, 7.112780802
7.122633042, 7.122748490
7.132633050, 7.132791709
7.142633046, 7.142770994
7.152633046, 7.152754862
7.162633041, 7.162755235
7.172633046, 7.172767433
7.182633049, 7.182739705
7.192633041, 7.192782276
7.202633049, 7.202766622
7.212633112, 7.212766439
7.222633124, 7.222768521
7.232633038, 7.232774837
7.242633205, 7.242771309
7.252633046, 7.252749781
7.262633044, 7.262760516
7.272633042, 7.272739973
7.282633050, 7.282764252
7.292633041, 7.292784468
7.302633110, 7.302762712
7.312633044, 7.312723576
7.322633107, 7.322754017
7.332633042, 7.332765275
7.342633049, 7.342744362
7.352633041, 7.352769205
7.362633038, 7.362757271
7.372633042, 7.372784091
7.382633041, 7.382757234
7.392633041, 7.392748984
7.402633053, 7.402763600
7.412633044, 7.412780879
7.422633049, 7.422746832
7.432633181, 7.432770942
7.442633038, 7.442773390
7.452633158, 7.452764618
7.462633039, 7.462767323
7.472633036, 7.472761855
7.482633046, 7.482781302
7.492633044, 7.492766988
7.502633042, 7.502764645
7.512633050, 7.512767146
7.522633050, 7.522763707
7.532633041, 7.532729161
7.542633042, 7.542720114
7.552633053, 7.552732186
7.562633046, 7.562728272
7.572633046, 7.572728610
7.582633039, 7.582730700
7.592633035, 7.592729587
7.602633039, 7.602725103
7.612633047, 7.612729805
7.622633047, 7.622722736
7.632633053, 7.632729497
7.642633052, 7.642724110
7.652633052, 7.652727914
7.662633057, 7.662726832
7.672633044, 7.672731411
7.682633047, 7.682736586
7.692633039, 7.692727246
7.702633058, 7.702725130
7.712633047, 7.712725806
7.722633042, 7.722728873
7.732633046, 7.732730688
7.742633042, 7.742724288
7.752633041, 7.752756215
7.762633046, 7.762765074
7.772633039, 7.772749322
7.782633052, 7.782796204
7.792633045, 7.792765925
7.802633044, 7.802760533
7.812633104, 7.812785303
7.822633041, 7.822769225
7.832633038, 7.832741239
7.842633039, 7.842788763
7.852633046, 7.852760481
7.862633036, 7.862778726
7.872633044, 7.872751414
7.882633046, 7.882755554
7.892633038, 7.892761661
7.902633053, 7.902727620
7.912633047, 7.912735055
7.922633046, 7.922737927
7.932633041, 7.932727959
7.942633046, 7.942711270
7.952633047, 7.952709783
7.962633044, 7.962710798
7.972633113, 7.972721669
7.982633039, 7.982709464
7.992633039, 7.992723772
8.002633112, 8.002720688
8.012633039, 8.012714758
8.022633093, 8.022703141
8.032633039, 8.032732459
8.042633049, 8.042710876
8.052633035, 8.052771071
8.062633038, 8.062737843
8.072633049, 8.072728071
8.082633322, 8.082731187
8.092633042, 8.092722749
8.102633109, 8.102721770
8.112633044, 8.112715795
8.122633049, 8.122730787
8.132633046, 8.132698492
8.142633031, 8.142713154
8.152633042, 8.152706355
8.162633050, 8.162726720
8.172633044, 8.172802780
8.182633044, 8.182789934
8.192633044, 8.192759491
8.202633036, 8.202763631
8.212633110, 8.212775822
8.222633055, 8.222753512
8.232633046, 8.232774630
8.242633050, 8.242754789
8.252633166, 8.252810928
8.262633057, 8.262799555
8.272633052, 8.272764876
8.282633049, 8.282760367
8.292633048, 8.292744350
8.302633048, 8.302800947
8.312633038, 8.312787411
8.322633142, 8.322763524
8.332633043, 8.332754799
8.342633044, 8.342783120
8.352633044, 8.352761964
8.362633035, 8.362752382
8.372633041, 8.372846582
8.382633055, 8.382747630
8.392633044, 8.392743845
8.402633044, 8.402746829
8.412633043, 8.412763186
8.422633041, 8.422752025
8.432633048, 8.432742628
8.442633131, 8.442749717
8.452633112, 8.452765708
8.462633043, 8.462774667
8.472633049, 8.472774875
8.482633112, 8.482780169
8.492633041, 8.492766917
8.502633112, 8.502772672
8.512633049, 8.512765160
8.522633046, 8.522752655
8.532633040, 8.532725825
8.542633049, 8.542746166
8.552633040, 8.552734875
8.562633108, 8.562722124
8.572633041, 8.572725495
8.582633106, 8.582728462
8.592633048, 8.592726794
8.602633145, 8.602727717
8.612633041, 8.612759486
8.622633123, 8.622732974
8.632633122, 8.632747058
8.642633033, 8.642743131
8.652633049, 8.652712226
8.662633174, 8.662744363
8.672633035, 8.672720706
8.682633035, 8.682738707
8.692633046, 8.692723209
8.702633098, 8.702730871
8.712633046, 8.712716713
8.722633040, 8.722709190
8.732633041, 8.732729556
8.742633041, 8.742712035
8.752633044, 8.752721104
8.762633035, 8.762746632
8.772633122, 8.772714567
8.782633046, 8.782747663
8.792633046, 8.792768234
8.802633130, 8.802709738
8.812633048, 8.812707560
8.822633104, 8.822700457
8.832633046, 8.832702639
8.842633096, 8.842761467
8.852633038, 8.852776804
8.862633043, 8.862762367
8.872633048, 8.872789319
8.882633041, 8.882761522
8.892633051, 8.892750208
8.902633048, 8.902773096
8.912633046, 8.912767797
8.922633048, 8.922755208
8.932633048, 8.932767320
8.942633043, 8.942757193
8.952633043, 8.952758756
8.962633046, 8.962763509
8.972633046, 8.972769020
8.982633033, 8.982814838
8.992633103, 8.992764881
9.002633117, 9.002776317
9.012633044, 9.012770693
9.022633048, 9.022774854
9.032633044, 9.032800735
9.042633041, 9.042757212
9.052633041, 9.052783887
9.062633044, 9.062763950
9.072633039, 9.072753436
9.082633047, 9.082748505
9.092633039, 9.092737041
9.102633042, 9.102817031
9.112633039, 9.112749274
9.122633042, 9.122765643
9.132633046, 9.132834794
9.142633049, 9.142746985
9.152633039, 9.152727849
9.162633109, 9.162711049
9.172633046, 9.172751100
9.182633046, 9.182745035
9.192633046, 9.192721121
9.202633042, 9.202712598
9.212633036, 9.212707145
9.222633053, 9.222705433
9.232633039, 9.232744907
9.242633109, 9.242709418
9.252633038, 9.252716157
9.262633044, 9.262733100
9.272633039, 9.272706008
9.282633042, 9.282749608
9.292633046, 9.292727086
9.302633042, 9.302736075
9.312633036, 9.312702774
9.322633047, 9.322740448
9.332633049, 9.332764471
9.342633046, 9.342706284
9.352633046, 9.352708302
9.362633035, 9.362732057
9.372633115, 9.372709264
9.382633044, 9.382732259
9.392633042, 9.392736310
9.402633044, 9.402707669
9.412633109, 9.412739533
9.422633050, 9.422740504
9.432633047, 9.432710658
9.442633115, 9.442738786
9.452633041, 9.452702773
9.462633319, 9.462708799
9.472633042, 9.472707988
9.482633113, 9.482761388
9.492633041, 9.492717632
9.502633101, 9.502707312
9.512633041, 9.512720542
9.522633094, 9.522750820
9.532633050, 9.532733411
9.542633106, 9.542723242
9.552633046, 9.552728452
9.562633104, 9.562730569
9.572633044, 9.572702184
9.582633124, 9.582697390
9.592633113, 9.592719935
9.602633120, 9.602709901
9.612633049, 9.612707033
9.622633050, 9.622724588
9.632633035, 9.632748196
9.642633064, 9.642724940
9.652633377, 9.652719373
9.662633129, 9.662710732
9.672633038, 9.672711032
9.682633039, 9.682752797
9.692633042, 9.692742831
9.702633042, 9.702727544
9.712633047, 9.712723799
9.722633039, 9.722744164
9.732633044, 9.732712922
9.742633047, 9.742733290
9.752633049, 9.752719504
9.762633042, 9.762740193
9.772633049, 9.772730495
9.782633047, 9.782748610
9.792633046, 9.792742703
9.802633038, 9.802733558
9.812633044, 9.812739012
9.822633039, 9.822728911
9.832633044, 9.832733313
9.842633136, 9.842723410
9.852633038, 9.852702242
9.862633110, 9.862720169
9.872633047, 9.872707034
9.882633041, 9.882695876
9.892633049, 9.892710015
9.902633052, 9.902702005
9.912633055, 9.912726301
9.922633038, 9.922737933
9.932633050, 9.932748297
9.942633047, 9.942767599
9.952633035, 9.952768838
9.962633046, 9.962770848
9.972633050, 9.972768212
9.982633041, 9.982767383
9.992633046, 9.992783494
10.002633041, 10.002775068
10.012633041, 10.012775519
10.022633064, 10.022785642
10.032633049, 10.032780169
10.042633046, 10.042778362
10.052633046, 10.052776801
10.062633044, 10.062775657
10.072633050, 10.072771896
10.082633050, 10.082775257
10.092633036, 10.092777538
10.102633039, 10.102779254
10.112633036, 10.112770243
10.122633049, 10.122777192
10.132633046, 10.132770491
10.142633049, 10.142769114
10.152633050, 10.152769098
10.162633047, 10.162770919
10.172633087, 10.172776283
10.182633050, 10.182775904
10.192633050, 10.192770763
10.202633046, 10.202775231
10.212633036, 10.212771750
10.222633041, 10.222772506
10.232633039, 10.232748803
10.242633039, 10.242772311
10.252633041, 10.252771662
10.262633042, 10.262774759
10.272633036, 10.272769362
10.282633044, 10.282772921
10.292633036, 10.292770632
10.302633047, 10.302768666
10.312633049, 10.312769005
10.322633046, 10.322771628
10.332633044, 10.332773067
10.342633044, 10.342771213
10.352633038, 10.352770172
10.362633050, 10.362768430
10.372633038, 10.372766077
10.382633042, 10.382769208
10.392633044, 10.392765249
10.402633046, 10.402765563
10.412633041, 10.412770316
10.422633050, 10.422771190
10.432633042, 10.432765024
10.442633049, 10.442773702
10.452633044, 10.452766904
10.462633039, 10.462764065
10.472633041, 10.472768666
10.482633046, 10.482768482
10.492633046, 10.492764309
10.502633049, 10.502769487
10.512633047, 10.512771306
10.522633039, 10.522771407
10.532633038, 10.532769893
10.542633036, 10.542768232
10.552633042, 10.552767395
10.562633046, 10.562767452
10.572633042, 10.572768565
10.582633049, 10.582768799
10.592633039, 10.592766455
10.602633042, 10.602768664
10.612633047, 10.612767972
10.622633050, 10.622767006
10.632633042, 10.632764970
10.642633038, 10.642767411
10.652633041, 10.652764500
10.662633055, 10.662769843
10.672633050, 10.672769237
10.682633041, 10.682768361
10.692633047, 10.692767007
10.702633044, 10.702767321
10.712633038, 10.712765355
10.722633036, 10.722767303
10.732633044, 10.732765044
10.742633042, 10.742771303
10.752633049, 10.752774391
10.762633047, 10.762770423
10.772633039, 10.772768017
10.782633055, 10.782765725
10.792633047, 10.792767671
10.802633042, 10.802772860
10.812633047, 10.812767691
10.822633039, 10.822770325
10.832633042, 10.832771634
10.842633064, 10.842768837
10.852633044, 10.852765989
10.862633036, 10.862770267
10.872633047, 10.872766161
10.882633036, 10.882766960
10.892633042, 10.892765368
10.902633047, 10.902769627
10.912633041, 10.912768893
10.922633044, 10.922768047
10.932633047, 10.932769285
10.942633038, 10.942765369
10.952633041, 10.952770615
10.962633042, 10.962768021
10.972633042, 10.972770110
10.982633041, 10.982767789
10.992633049, 10.992768148
11.002633039, 11.002765776
11.012633041, 11.012768595
11.022633049, 11.022767301
11.032633047, 11.032768322
11.042633044, 11.042771201
11.052633038, 11.052765890
11.062633038, 11.062775601
11.072633041, 11.072771315
11.082633050, 11.082765653
11.092633038, 11.092768232
11.102633050, 11.102766488
11.112633046, 11.112768592
11.122633038, 11.122767571
11.132633031, 11.132773536
11.142633047, 11.142768895
11.152633041, 11.152771129
11.162633047, 11.162768055
11.172633044, 11.172769101
11.182633047, 11.182769733
11.192633039, 11.192764527
11.202633044, 11.202765968
11.212633047, 11.212766981
11.222633047, 11.222776525
11.232633035, 11.232768761
11.242633035, 11.242769017
11.252633038, 11.252766563
11.262633042, 11.262764870
11.272633044, 11.272770116
11.282633042, 11.282765635
11.292633042, 11.292766861
11.302633047, 11.302766952
11.312633039, 11.312771348
11.322633044, 11.322768044
11.332633039, 11.332767296
11.342633038, 11.342765057
11.352633050, 11.352765835
11.362633038, 11.362809088
11.372633039, 11.372808444
11.382633053, 11.382812060
11.392633036, 11.392815279
11.402633049, 11.402811452
11.412633042, 11.412808959
11.422633042, 11.422810539
11.432633033, 11.432811991
11.442633042, 11.442810905
11.452633044, 11.452808981
11.462633047, 11.462814739
11.472633036, 11.472813860
11.482633047, 11.482809902
11.492633044, 11.492813768
11.502633055, 11.502810894
11.512633041, 11.512811190
11.522633038, 11.522809284
11.532633047, 11.532810658
11.542633038, 11.542814854
11.552633035, 11.552815125
11.562633041, 11.562816949
11.572633039, 11.572809930
11.582633041, 11.582812596
11.592633041, 11.592810672
11.602633038, 11.602813263
11.612633041, 11.612813175
11.622633036, 11.622810606
11.632633044, 11.632813104
11.642633047, 11.642810631
11.652633044, 11.652809002
11.662633047, 11.662809751
11.672633046, 11.672812541
11.682633036, 11.682808443
11.692633036, 11.692811272
11.702633041, 11.702813143
11.712633036, 11.712812334
11.722633044, 11.722810281
11.732633039, 11.732808930
11.742633035, 11.742808983
11.752633042, 11.752813439
11.762633036, 11.762815355
11.772633044, 11.772810236
11.782633042, 11.782813887
11.792633035, 11.792812831
11.802633042, 11.802810551
11.812633042, 11.812808736
11.822633039, 11.822808677
11.832633041, 11.832809691
11.842633044, 11.842808852
11.852633039, 11.852814370
11.862633058, 11.862813984
11.872633041, 11.872812309
11.882633042, 11.882810082
11.892633038, 11.892808598
11.902633036, 11.902809400
11.912633046, 11.912810115
11.922633049, 11.922809223
11.932633046, 11.932808106
11.942633042, 11.942816034
11.952633050, 11.952814912
11.962633035, 11.962810931
11.972633047, 11.972801937
11.982633044, 11.982801009
11.992633069, 11.992809801
12.002633041, 12.002809306
12.012633039, 12.012810997
12.022633049, 12.022811723
12.032633049, 12.032817238
12.042633050, 12.042812183
12.052633039, 12.052809964
------------------------------
