------------------------------
test was performed using the following parameters: --mps=100 --burst=1 --reply-every=1 --msg-size=12 --time=10
------------------------------
sockperf: [Total Run] RunTime=10.100 sec; SentMessages=1011; ReceivedMessages=1010
sockperf: ========= Printing statistics for Server No: 0
sockperf: [Valid Duration] RunTime=9.980 sec; SentMessages=999; ReceivedMessages=999
sockperf: [2;35m====> avg-lat= 70.253 (std-dev=19.483)[0m
sockperf: # dropped messages = 0; # duplicated messages = 0; # out-of-order messages = 0
sockperf: [2;35mTotal 999 observations[0m; each percentile contains 9.99 observations
sockperf: ---> <MAX> observation =  135.679
sockperf: ---> percentile  99.99 =  135.679
sockperf: ---> percentile  99.90 =  134.985
sockperf: ---> percentile  99.50 =  126.060
sockperf: ---> percentile  99.00 =  122.937
sockperf: ---> percentile  95.00 =  104.856
sockperf: ---> percentile  90.00 =   92.418
sockperf: ---> percentile  75.00 =   85.258
sockperf: ---> percentile  50.00 =   69.043
sockperf: ---> percentile  25.00 =   57.294
sockperf: ---> <MIN> observation =   30.474
------------------------------
txTime, rxTime
2.063438868, 2.063538419
2.073438864, 2.073535832
2.083438871, 2.083572587
2.093438872, 2.093554207
2.103438880, 2.103537198
2.113438875, 2.113557461
2.123438866, 2.123533969
2.133438861, 2.133556820
2.143438861, 2.143558657
2.153438862, 2.153522768
2.163438865, 2.163516960
2.173438868, 2.173533526
2.183438868, 2.183501832
2.193438865, 2.193554290
2.203438866, 2.203579291
2.213438862, 2.213580822
2.223438872, 2.223585441
2.233438862, 2.233511528
2.243438871, 2.243554470
2.253438864, 2.253569830
2.263438869, 2.263567926
2.273438864, 2.273512694
2.283438868, 2.283593490
2.293438872, 2.293567168
2.303438868, 2.303570429
2.313438867, 2.313525589
2.323438869, 2.323546973
2.333438865, 2.333565927
2.343438865, 2.343551471
2.353438876, 2.353602287
2.363438866, 2.363527496
2.373438886, 2.373545297
2.383438869, 2.383577468
2.393438862, 2.393558853
2.403438871, 2.403554880
2.413438864, 2.413577982
2.423438868, 2.423553120
2.433438864, 2.433544915
2.443438883, 2.443543623
2.453438867, 2.453584826
2.463438868, 2.463556966
2.473440217, 2.473537099
2.483438866, 2.483575556
2.493438865, 2.493581204
2.503438866, 2.503589475
2.513438870, 2.513551251
2.523438871, 2.523510935
2.533438862, 2.533576949
2.543438872, 2.543530222
2.553438861, 2.553513299
2.563438868, 2.563554189
2.573438872, 2.573565234
2.583438865, 2.583523536
2.593438870, 2.593622334
2.603438871, 2.603558482
2.613438870, 2.613580911
2.623438869, 2.623562460
2.633438872, 2.633536356
2.643438865, 2.643584855
2.653438884, 2.653581512
2.663438876, 2.663557782
2.673438868, 2.673571292
2.683438860, 2.683638775
2.693438867, 2.693592956
2.703438871, 2.703552237
2.713438873, 2.713571653
2.723438871, 2.723543180
2.733438861, 2.733567768
2.743438863, 2.743554555
2.753438867, 2.753537170
2.763438871, 2.763522844
2.773438865, 2.773596387
2.783438866, 2.783585372
2.793438862, 2.793515882
2.803438858, 2.803571910
2.813438867, 2.813558868
2.823438860, 2.823578273
2.833438862, 2.833562377
2.843438869, 2.843537318
2.853438870, 2.853558841
2.863438868, 2.863593604
2.873438865, 2.873545700
2.883438866, 2.883581876
2.893438868, 2.893592346
2.903438868, 2.903565446
2.913438862, 2.913531960
2.923438861, 2.923562470
2.933438867, 2.933539935
2.943438874, 2.943558025
2.953438872, 2.953544541
2.963438869, 2.963551414
2.973438864, 2.973558209
2.983438861, 2.983545184
2.993438867, 2.993581559
3.003438866, 3.003562653
3.013438870, 3.013574175
3.023438863, 3.023609211
3.033438862, 3.033558692
3.043438868, 3.043529948
3.053438870, 3.053562415
3.063438871, 3.063580063
3.073438864, 3.073558721
3.083438871, 3.083531404
3.093438865, 3.093551101
3.103439667, 3.103568290
3.113438868, 3.113550973
3.123438866, 3.123561882
3.133438865, 3.133551003
3.143438872, 3.143553499
3.153438865, 3.153502023
3.163438865, 3.163538782
3.173438865, 3.173519338
3.183438872, 3.183518037
3.193438873, 3.193525308
3.203438885, 3.203511844
3.213438868, 3.213510624
3.223438866, 3.223510523
3.233438867, 3.233532356
3.243438866, 3.243551672
3.253438873, 3.253538315
3.263438869, 3.263555687
3.273438870, 3.273528013
3.283438868, 3.283516816
3.293438862, 3.293520314
3.303438872, 3.303553915
3.313438867, 3.313544029
3.323438869, 3.323525877
3.333438865, 3.333512892
3.343438868, 3.343507741
3.353438865, 3.353587000
3.363438872, 3.363585972
3.373438998, 3.373555585
3.383438861, 3.383546825
3.393438861, 3.393566650
3.403438863, 3.403548628
3.413438870, 3.413554114
3.423438865, 3.423574051
3.433438864, 3.433536389
3.443438868, 3.443559367
3.453438870, 3.453538596
3.463438868, 3.463580224
3.473438872, 3.473568284
3.483438872, 3.483580191
3.493438865, 3.493563860
3.503438868, 3.503569870
3.513438872, 3.513547621
3.523438869, 3.523545051
3.533438868, 3.533571677
3.543438863, 3.543570819
3.553438870, 3.553586546
3.563438872, 3.563535463
3.573438933, 3.573520126
3.583438863, 3.583533098
3.593438862, 3.593591938
3.603438865, 3.603536724
3.613438865, 3.613550094
3.623438865, 3.623593149
3.633438862, 3.633562445
3.643438869, 3.643625379
3.653438865, 3.653607281
3.663439769, 3.663558497
3.673438865, 3.673554058
3.683438872, 3.683589968
3.693438870, 3.693609282
3.703439201, 3.703541502
3.713438872, 3.713535454
3.723438866, 3.723558415
3.733438872, 3.733586146
3.743438872, 3.743521202
3.753438868, 3.753574161
3.763438866, 3.763575494
3.773438861, 3.773532143
3.783438869, 3.783556757
3.793438864, 3.793578433
3.803438865, 3.803567663
3.813438865, 3.813603950
3.823438869, 3.823588408
3.833438870, 3.833531276
3.843438872, 3.843588244
3.853438870, 3.853584997
3.863438863, 3.863556579
3.873438868, 3.873618594
3.883438874, 3.883587333
3.893438867, 3.893558435
3.903438869, 3.903571217
3.913438872, 3.913543205
3.923438861, 3.923542132
3.933438865, 3.933602188
3.943438865, 3.943566584
3.953438861, 3.953574413
3.963438869, 3.963572332
3.973438864, 3.973526132
3.983438865, 3.983623972
3.993440068, 3.993543971
4.003438863, 4.003594651
4.013438870, 4.013568284
4.023438865, 4.023589041
4.033438868, 4.033578176
4.043438863, 4.043581854
4.053438867, 4.053615758
4.063438871, 4.063560323
4.073438864, 4.073591328
4.083438865, 4.083582659
4.093440836, 4.093606688
4.103438869, 4.103559396
4.113438865, 4.113587414
4.123438863, 4.123586520
4.133438865, 4.133567319
4.143438865, 4.143571498
4.153438867, 4.153589443
4.163438931, 4.163584797
4.173438870, 4.173555343
4.183438869, 4.183565768
4.193438859, 4.193587861
4.203438872, 4.203571400
4.213438870, 4.213598060
4.223438871, 4.223569938
4.233438865, 4.233558527
4.243438863, 4.243559132
4.253438868, 4.253530692
4.263438871, 4.263566534
4.273438864, 4.273552295
4.283438865, 4.283551719
4.293438940, 4.293537837
4.303438871, 4.303608735
4.313438864, 4.313568568
4.323438866, 4.323555870
4.333438868, 4.333519605
4.343438868, 4.343578469
4.353438859, 4.353592462
4.363438869, 4.363531604
4.373438864, 4.373570248
4.383438868, 4.383611463
4.393438872, 4.393581575
4.403438865, 4.403575973
4.413439180, 4.413608707
4.423438871, 4.423576601
4.433438880, 4.433564616
4.443438868, 4.443537965
4.453438868, 4.453573659
4.463438872, 4.463651693
4.473438868, 4.473564100
4.483438872, 4.483616544
4.493438872, 4.493561004
4.503438863, 4.503571918
4.513438868, 4.513596619
4.523438866, 4.523570478
4.533438865, 4.533543450
4.543438877, 4.543544718
4.553438872, 4.553549857
4.563438872, 4.563512345
4.573438862, 4.573509093
4.583438866, 4.583511604
4.593438868, 4.593500851
4.603438863, 4.603506766
4.613439306, 4.613518263
4.623438869, 4.623526263
4.633438868, 4.633537189
4.643438874, 4.643504114
4.653438862, 4.653528461
4.663438861, 4.663551481
4.673438870, 4.673520287
4.683438866, 4.683511811
4.693438867, 4.693512380
4.703438872, 4.703518992
4.713438861, 4.713518364
4.723438871, 4.723526964
4.733438864, 4.733567000
4.743438869, 4.743548356
4.753438862, 4.753605077
4.763438868, 4.763552783
4.773438867, 4.773581962
4.783438863, 4.783539247
4.793438868, 4.793586235
4.803438874, 4.803569886
4.813438867, 4.813586036
4.823438863, 4.823553451
4.833438867, 4.833562734
4.843438866, 4.843590650
4.853438870, 4.853566449
4.863438874, 4.863576344
4.873438873, 4.873568303
4.883438865, 4.883579601
4.893438867, 4.893571860
4.903438885, 4.903561999
4.913438884, 4.913541162
4.923438869, 4.923559849
4.933438870, 4.933574524
4.943438871, 4.943542410
4.953438878, 4.953570059
4.963438868, 4.963542693
4.973438859, 4.973564766
4.983438865, 4.983651625
4.993438868, 4.993573472
5.003438865, 5.003563490
5.013438865, 5.013571879
5.023438869, 5.023573988
5.033438865, 5.033581894
5.043438869, 5.043549926
5.053438872, 5.053563966
5.063438860, 5.063561232
5.073438870, 5.073609525
5.083438869, 5.083590476
5.093438930, 5.093571158
5.103438869, 5.103602670
5.113438870, 5.113587408
5.123438874, 5.123586758
5.133438868, 5.133605799
5.143438865, 5.143633035
5.153438867, 5.153648580
5.163438874, 5.163611979
5.173438872, 5.173638205
5.183438872, 5.183598739
5.193438870, 5.193560871
5.203438863, 5.203648813
5.213438868, 5.213619145
5.223438882, 5.223592063
5.233438870, 5.233659209
5.243438866, 5.243624359
5.253438865, 5.253632856
5.263438865, 5.263612754
5.273438867, 5.273588609
5.283438876, 5.283615470
5.293438865, 5.293611203
5.303438872, 5.303589755
5.313438864, 5.313645732
5.323438887, 5.323606463
5.333438872, 5.333588816
5.343438866, 5.343584683
5.353438864, 5.353577244
5.363438874, 5.363631013
5.373438865, 5.373618727
5.383439427, 5.383577629
5.393438867, 5.393587687
5.403438872, 5.403645714
5.413438867, 5.413650920
5.423438861, 5.423581502
5.433438872, 5.433592264
5.443438863, 5.443607419
5.453438859, 5.453605428
5.463438861, 5.463582659
5.473438867, 5.473605514
5.483438871, 5.483587885
5.493438867, 5.493622432
5.503438871, 5.503625465
5.513438864, 5.513573897
5.523438866, 5.523633706
5.533438864, 5.533569212
5.543438872, 5.543593539
5.553438867, 5.553590082
5.563438866, 5.563601358
5.573438865, 5.573622385
5.583438885, 5.583625119
5.593438870, 5.593610125
5.603438871, 5.603643358
5.613438862, 5.613593580
5.623438868, 5.623621396
5.633438875, 5.633620931
5.643438869, 5.643606973
5.653438873, 5.653613200
5.663438872, 5.663606691
5.673440002, 5.673589069
5.683438863, 5.683618784
5.693438862, 5.693607474
5.703438872, 5.703579956
5.713438867, 5.713591514
5.723439821, 5.723611305
5.733438859, 5.733598185
5.743439261, 5.743589425
5.753438872, 5.753594390
5.763438869, 5.763597979
5.773438881, 5.773595474
5.783438869, 5.783596937
5.793438872, 5.793625986
5.803438871, 5.803607939
5.813438875, 5.813565947
5.823438871, 5.823629824
5.833438868, 5.833650784
5.843438874, 5.843596972
5.853438861, 5.853600969
5.863438863, 5.863614944
5.873438867, 5.873599864
5.883438871, 5.883612076
5.893438868, 5.893630868
5.903438871, 5.903653111
5.913438859, 5.913633256
5.923438860, 5.923608109
5.933438868, 5.933599731
5.943438871, 5.943615260
5.953438880, 5.953610938
5.963438866, 5.963612372
5.973438862, 5.973611618
5.983438863, 5.983585725
5.993438865, 5.993592722
6.003438858, 6.003590129
6.013438867, 6.013617950
6.023438868, 6.023616136
6.033438867, 6.033614381
6.043438872, 6.043604636
6.053438861, 6.053595937
6.063438865, 6.063605280
6.073438867, 6.073633927
6.083438868, 6.083591788
6.093439363, 6.093610979
6.103438861, 6.103603976
6.113438868, 6.113560729
6.123438868, 6.123619248
6.133438864, 6.133624613
6.143438865, 6.143569472
6.153438864, 6.153626403
6.163438863, 6.163622466
6.173438864, 6.173589514
6.183438872, 6.183597059
6.193438868, 6.193614413
6.203438866, 6.203670073
6.213438864, 6.213601534
6.223438866, 6.223605089
6.233438864, 6.233626722
6.243438871, 6.243611806
6.253438883, 6.253622244
6.263438880, 6.263596564
6.273438867, 6.273632381
6.283438869, 6.283612090
6.293438865, 6.293605107
6.303438866, 6.303603354
6.313438868, 6.313589648
6.323438871, 6.323608630
6.333438865, 6.333582170
6.343438865, 6.343604704
6.353438864, 6.353610761
6.363438868, 6.363614739
6.373438867, 6.373606980
6.383438866, 6.383573571
6.393438862, 6.393620429
6.403438865, 6.403609475
6.413438864, 6.413558305
6.423438863, 6.423599964
6.433438867, 6.433605188
6.443438866, 6.443600325
6.453438864, 6.453603478
6.463438865, 6.463606649
6.473438870, 6.473646826
6.483438869, 6.483594311
6.493438886, 6.493613456
6.503438865, 6.503636353
6.513438865, 6.513619203
6.523438860, 6.523625706
6.533438864, 6.533635611
6.543438868, 6.543594630
6.553438864, 6.553623185
6.563438865, 6.563626928
6.573438864, 6.573621011
6.583438880, 6.583522776
6.593438865, 6.593549189
6.603438869, 6.603537569
6.613438865, 6.613502856
6.623438872, 6.623521537
6.633438864, 6.633532041
6.643438866, 6.643551744
6.653438865, 6.653522138
6.663438872, 6.663514422
6.673438862, 6.673544967
6.683438866, 6.683527796
6.693438870, 6.693519728
6.703438863, 6.703524501
6.713438872, 6.713510299
6.723438865, 6.723523795
6.733438865, 6.733536651
6.743438869, 6.743539082
6.753438872, 6.753515574
6.763438871, 6.763534179
6.773438872, 6.773516942
6.783438876, 6.783550186
6.793438864, 6.793524904
6.803438863, 6.803523327
6.813438870, 6.813534333
6.823438863, 6.823556743
6.833438864, 6.833529017
6.843438866, 6.843575914
6.853438864, 6.853518107
6.863438874, 6.863555654
6.873438878, 6.873521964
6.883438868, 6.883522216
6.893438870, 6.893506638
6.903438871, 6.903522799
6.913438872, 6.913544339
6.923438871, 6.923509463
6.933439388, 6.933511853
6.943438871, 6.943536273
6.953438867, 6.953541786
6.963438865, 6.963518746
6.973438865, 6.973580869
6.983438869, 6.983561642
6.993438862, 6.993565835
7.003438866, 7.003568010
7.013438864, 7.013571028
7.023438868, 7.023542639
7.033438861, 7.033549352
7.043438868, 7.043561832
7.053438864, 7.053565327
7.063438869, 7.063578930
7.073438872, 7.073632547
7.083438879, 7.083576566
7.093439102, 7.093618531
7.103438868, 7.103571225
7.113438862, 7.113553026
7.123438868, 7.123591499
7.133438870, 7.133506426
7.143438869, 7.143535018
7.153438867, 7.153525236
7.163438865, 7.163527802
7.173438859, 7.173525281
7.183438866, 7.183519949
7.193438870, 7.193529372
7.203438863, 7.203499811
7.213438867, 7.213528662
7.223438869, 7.223520441
7.233438865, 7.233529497
7.243438863, 7.243557504
7.253438870, 7.253523120
7.263438866, 7.263533835
7.273438868, 7.273551935
7.283438869, 7.283536338
7.293438867, 7.293512554
7.303438866, 7.303518318
7.313441002, 7.313520227
7.323438868, 7.323510267
7.333438870, 7.333527536
7.343438871, 7.343569960
7.353438861, 7.353543077
7.363438860, 7.363570648
7.373438870, 7.373589785
7.383438866, 7.383565086
7.393438872, 7.393586075
7.403438865, 7.403582260
7.413438865, 7.413568570
7.423438860, 7.423556205
7.433438876, 7.433579054
7.443438865, 7.443581260
7.453438873, 7.453557938
7.463438869, 7.463578963
7.473438862, 7.473578577
7.483438861, 7.483561586
7.493438861, 7.493553664
7.503438869, 7.503556794
7.513438864, 7.513555296
7.523438874, 7.523551609
7.533438868, 7.533576044
7.543438869, 7.543583193
7.553438867, 7.553550870
7.563438869, 7.563605345
7.573438867, 7.573574244
7.583438866, 7.583612169
7.593438867, 7.593570933
7.603438877, 7.603539933
7.613438864, 7.613514431
7.623438865, 7.623531176
7.633438868, 7.633530141
7.643438866, 7.643576307
7.653438868, 7.653559302
7.663438866, 7.663572627
7.673438868, 7.673596002
7.683439990, 7.683565407
7.693438883, 7.693571248
7.703438868, 7.703554702
7.713438880, 7.713563012
7.723438868, 7.723553734
7.733438865, 7.733561721
7.743438869, 7.743560623
7.753438872, 7.753533558
7.763438863, 7.763584791
7.773438870, 7.773576000
7.783438865, 7.783576321
7.793438862, 7.793542970
7.803438872, 7.803608754
7.813438865, 7.813588456
7.823438866, 7.823605152
7.833438872, 7.833591720
7.843438865, 7.843577255
7.853438862, 7.853592531
7.863438869, 7.863609387
7.873438864, 7.873544894
7.883438868, 7.883580884
7.893439462, 7.893555025
7.903438865, 7.903587903
7.913438867, 7.913582161
7.923438871, 7.923566472
7.933438867, 7.933565253
7.943438871, 7.943593520
7.953438862, 7.953578201
7.963438869, 7.963586941
7.973440436, 7.973556782
7.983438865, 7.983624099
7.993438868, 7.993578143
8.003438866, 8.003589630
8.013438867, 8.013541002
8.023438866, 8.023576940
8.033438921, 8.033559717
8.043438868, 8.043611806
8.053438872, 8.053603741
8.063438872, 8.063554664
8.073438870, 8.073577986
8.083438880, 8.083578889
8.093438870, 8.093584668
8.103438869, 8.103539033
8.113438868, 8.113577825
8.123438876, 8.123586167
8.133438865, 8.133548876
8.143438872, 8.143552929
8.153438892, 8.153553386
8.163438874, 8.163609159
8.173438867, 8.173564362
8.183438865, 8.183576061
8.193438864, 8.193605374
8.203438869, 8.203590055
8.213438872, 8.213559218
8.223439371, 8.223552903
8.233438865, 8.233583241
8.243438861, 8.243544914
8.253438872, 8.253579789
8.263438871, 8.263566888
8.273438864, 8.273577420
8.283438869, 8.283582541
8.293438872, 8.293547083
8.303438868, 8.303570611
8.313438870, 8.313573081
8.323438871, 8.323560529
8.333438876, 8.333581209
8.343438865, 8.343591941
8.353440108, 8.353563772
8.363438874, 8.363560665
8.373438870, 8.373556048
8.383438874, 8.383562811
8.393440531, 8.393568906
8.403438869, 8.403600755
8.413438867, 8.413580219
8.423439384, 8.423539600
8.433438870, 8.433526988
8.443438871, 8.443516342
8.453438870, 8.453537331
8.463438869, 8.463515937
8.473438873, 8.473502463
8.483439684, 8.483517563
8.493438873, 8.493528368
8.503438872, 8.503557608
8.513438868, 8.513511223
8.523438866, 8.523548255
8.533438872, 8.533520793
8.543438874, 8.543534503
8.553438865, 8.553510343
8.563438869, 8.563522371
8.573438862, 8.573515230
8.583438869, 8.583550530
8.593438864, 8.593548254
8.603438868, 8.603517028
8.613438867, 8.613511638
8.623438863, 8.623529286
8.633438873, 8.633543510
8.643438868, 8.643527508
8.653438870, 8.653515701
8.663438872, 8.663517468
8.673438868, 8.673536390
8.683438863, 8.683559884
8.693438865, 8.693524159
8.703438869, 8.703540836
8.713438864, 8.713519730
8.723438869, 8.723554269
8.733438867, 8.733535367
8.743438861, 8.743507434
8.753438867, 8.753536537
8.763438872, 8.763508236
8.773438875, 8.773525397
8.783438869, 8.783554446
8.793438868, 8.793541703
8.803438868, 8.803520408
8.813438872, 8.813541921
8.823438868, 8.823512899
8.833438875, 8.833539168
8.843438868, 8.843521684
8.853438864, 8.853538391
8.863438880, 8.863533724
8.873438867, 8.873531194
8.883438869, 8.883517419
8.893438867, 8.893535808
8.903438871, 8.903504155
8.913438864, 8.913519356
8.923438866, 8.923538922
8.933438868, 8.933542692
8.943438863, 8.943527497
8.953438872, 8.953532156
8.963438874, 8.963535223
8.973438867, 8.973541403
8.983438872, 8.983528991
8.993438868, 8.993547324
9.003438871, 9.003543926
9.013438872, 9.013538656
9.023438871, 9.023595788
9.033438854, 9.033626135
9.043438866, 9.043604803
9.053438864, 9.053521590
9.063438861, 9.063639760
9.073438904, 9.073660921
9.083438866, 9.083679073
9.093438872, 9.093688243
9.103438863, 9.103593445
9.113438882, 9.113671928
9.123438865, 9.123684745
9.133438869, 9.133688750
9.143438868, 9.143634186
9.153438865, 9.153692064
9.163438869, 9.163639503
9.173438881, 9.173618733
9.183438869, 9.183631863
9.193438871, 9.193666578
9.203438887, 9.203676104
9.213438876, 9.213679155
9.223438883, 9.223653135
9.233438883, 9.233675637
9.243438880, 9.243668458
9.253438887, 9.253662551
9.263438880, 9.263649020
9.273438865, 9.273664336
9.283438874, 9.283671789
9.293438884, 9.293641227
9.303438886, 9.303683121
9.313438889, 9.313684763
9.323438871, 9.323647525
9.333438884, 9.333647324
9.343438888, 9.343660106
9.353438890, 9.353570229
9.363438883, 9.363562023
9.373438878, 9.373568271
9.383438883, 9.383580281
9.393438871, 9.393567988
9.403438880, 9.403559298
9.413438874, 9.413534104
9.423438864, 9.423588713
9.433438881, 9.433561008
9.443438869, 9.443563157
9.453438883, 9.453573862
9.463438863, 9.463567547
9.473438879, 9.473581985
9.483438874, 9.483568880
9.493438872, 9.493566276
9.503438871, 9.503614195
9.513438858, 9.513581835
9.523438862, 9.523592986
9.533438861, 9.533588504
9.543438863, 9.543674978
9.553438876, 9.553612105
9.563438864, 9.563629043
9.573438884, 9.573670556
9.583438883, 9.583615857
9.593438868, 9.593660175
9.603438885, 9.603596743
9.613438864, 9.613631846
9.623438890, 9.623596467
9.633438859, 9.633636617
9.643438867, 9.643624266
9.653438865, 9.653653041
9.663438863, 9.663593658
9.673438854, 9.673637744
9.683438865, 9.683619905
9.693438851, 9.693610045
9.703438852, 9.703576370
9.713438871, 9.713580956
9.723438864, 9.723667161
9.733438870, 9.733602746
9.743438867, 9.743675412
9.753438851, 9.753582044
9.763438864, 9.763627673
9.773438865, 9.773582382
9.783438859, 9.783585741
9.793438857, 9.793590006
9.803438863, 9.803646467
9.813438854, 9.813588048
9.823438870, 9.823593840
9.833438878, 9.833659015
9.843438932, 9.843629857
9.853438868, 9.853650230
9.863438943, 9.863644929
9.873439173, 9.873657190
9.883438923, 9.883679724
9.893439107, 9.893658836
9.903438930, 9.903673577
9.913438917, 9.913696966
9.923438932, 9.923668389
9.933439022, 9.933701268
9.943438932, 9.943673341
9.953438921, 9.953691042
9.963438915, 9.963656168
9.973438936, 9.973686818
9.983438910, 9.983708881
9.993438868, 9.993678703
10.003438863, 10.003710222
10.013438869, 10.013647785
10.023438882, 10.023644054
10.033438868, 10.033577576
10.043438863, 10.043576553
10.053438854, 10.053566383
10.063438861, 10.063578837
10.073438857, 10.073576659
10.083438872, 10.083580388
10.093438859, 10.093577052
10.103438857, 10.103578209
10.113438862, 10.113578011
10.123438857, 10.123575718
10.133438862, 10.133583357
10.143438871, 10.143575674
10.153438868, 10.153576906
10.163438866, 10.163577270
10.173438881, 10.173579867
10.183438860, 10.183572459
10.193438857, 10.193573093
10.203438863, 10.203579065
10.213438859, 10.213574552
10.223438869, 10.223570894
10.233438857, 10.233574130
10.243438865, 10.243577212
10.253438862, 10.253576474
10.263438858, 10.263570116
10.273438862, 10.273571208
10.283438861, 10.283580864
10.293438857, 10.293580506
10.303438853, 10.303576523
10.313438859, 10.313569660
10.323438860, 10.323573182
10.333438861, 10.333578486
10.343438857, 10.343576426
10.353438859, 10.353580377
10.363438863, 10.363589936
10.373438875, 10.373579371
10.383438869, 10.383581320
10.393438862, 10.393574130
10.403438857, 10.403570012
10.413438854, 10.413575251
10.423438852, 10.423574188
10.433438857, 10.433570577
10.443438857, 10.443574809
10.453438861, 10.453578901
10.463438860, 10.463570605
10.473438862, 10.473573362
10.483438855, 10.483578054
10.493438854, 10.493573126
10.503438863, 10.503575833
10.513438861, 10.513577600
10.523438865, 10.523583566
10.533438861, 10.533576471
10.543438852, 10.543575360
10.553438856, 10.553575752
10.563438858, 10.563572634
10.573438854, 10.573571768
10.583438865, 10.583581325
10.593438859, 10.593575077
10.603438860, 10.603573279
10.613438859, 10.613580033
10.623438861, 10.623569012
10.633438861, 10.633576602
10.643438858, 10.643578071
10.653438853, 10.653573640
10.663438855, 10.663577015
10.673438857, 10.673576717
10.683438860, 10.683573241
10.693438867, 10.693579467
10.703438863, 10.703574512
10.713438856, 10.713573661
10.723438858, 10.723574181
10.733438876, 10.733575095
10.743438855, 10.743577019
10.753438857, 10.753577671
10.763438857, 10.763573183
10.773438857, 10.773578717
10.783438852, 10.783572907
10.793438853, 10.793574759
10.803438861, 10.803574330
10.813438861, 10.813569140
10.823438874, 10.823583074
10.833438856, 10.833571829
10.843438857, 10.843573935
10.853438867, 10.853582262
10.863438882, 10.863584241
10.873438870, 10.873578508
10.883438860, 10.883577900
10.893438859, 10.893573732
10.903438855, 10.903571942
10.913438861, 10.913573088
10.923438863, 10.923579767
10.933438862, 10.933576122
10.943438865, 10.943574279
10.953438856, 10.953570393
10.963438852, 10.963574380
10.973438854, 10.973569882
10.983438858, 10.983572286
10.993438857, 10.993610344
11.003438855, 11.003613821
11.013438864, 11.013615990
11.023438861, 11.023618917
11.033438862, 11.033612204
11.043438865, 11.043615801
11.053438859, 11.053613528
11.063438857, 11.063608165
11.073438865, 11.073613084
11.083438858, 11.083615718
11.093438859, 11.093613663
11.103438863, 11.103609140
11.113438861, 11.113611244
11.123438869, 11.123614613
11.133438862, 11.133610580
11.143438857, 11.143612409
11.153438862, 11.153607621
11.163438860, 11.163610313
11.173438865, 11.173616332
11.183438863, 11.183613194
11.193438857, 11.193614983
11.203438852, 11.203612530
11.213438857, 11.213610310
11.223438860, 11.223609762
11.233438857, 11.233611403
11.243438863, 11.243612033
11.253438857, 11.253611882
11.263438858, 11.263610096
11.273438857, 11.273610403
11.283438860, 11.283610013
11.293438862, 11.293613607
11.303438857, 11.303612074
11.313438856, 11.313609803
11.323438861, 11.323616117
11.333438854, 11.333613534
11.343438863, 11.343611511
11.353438857, 11.353615703
11.363438876, 11.363623119
11.373438881, 11.373619132
11.383438857, 11.383613371
11.393438862, 11.393608935
11.403438855, 11.403613685
11.413438861, 11.413612572
11.423438863, 11.423609852
11.433438856, 11.433608903
11.443438853, 11.443612164
11.453438856, 11.453611778
11.463438861, 11.463612385
11.473438862, 11.473615000
11.483438858, 11.483610805
11.493438862, 11.493615300
11.503438857, 11.503612791
11.513438856, 11.513608208
11.523438865, 11.523615802
11.533438856, 11.533611847
11.543438857, 11.543611728
11.553438859, 11.553612490
11.563438857, 11.563616984
11.573438864, 11.573618627
11.583438855, 11.583614479
11.593438861, 11.593609897
11.603438882, 11.603613890
11.613438856, 11.613581755
11.623438864, 11.623615093
11.633438867, 11.633614356
11.643438861, 11.643614089
11.653438856, 11.653615716
11.663438860, 11.663610302
11.673438859, 11.673610354
11.683438860, 11.683611021
11.693438859, 11.693608651
11.703438855, 11.703612478
11.713438859, 11.713611557
11.723438860, 11.723614614
11.733438861, 11.733615401
11.743438852, 11.743613356
11.753438857, 11.753609522
11.763438863, 11.763613871
11.773438862, 11.773612630
11.783438857, 11.783611422
11.793438856, 11.793610161
11.803438855, 11.803613856
11.813438856, 11.813612139
11.823438876, 11.823618633
11.833438861, 11.833619170
11.843438863, 11.843609996
11.853438862, 11.853615214
11.863438866, 11.863617148
11.873438870, 11.873613142
11.883438857, 11.883614944
11.893438856, 11.893613818
11.903438861, 11.903613167
11.913438856, 11.913611491
11.923438858, 11.923611760
11.933438873, 11.933607382
11.943438861, 11.943610844
11.953438857, 11.953611729
11.963438858, 11.963614158
11.973438861, 11.973616205
11.983438853, 11.983614606
11.993438854, 11.993618478
12.003438860, 12.003619715
12.013438856, 12.013623694
12.023438858, 12.023619579
12.033438861, 12.033614487
12.043438853, 12.043620845
------------------------------
