------------------------------
test was performed using the following parameters: --mps=100 --burst=1 --reply-every=1 --msg-size=12 --time=10
------------------------------
sockperf: [Total Run] RunTime=10.100 sec; SentMessages=1011; ReceivedMessages=1010
sockperf: ========= Printing statistics for Server No: 0
sockperf: [Valid Duration] RunTime=9.980 sec; SentMessages=999; ReceivedMessages=999
sockperf: [2;35m====> avg-lat= 96.214 (std-dev=21.906)[0m
sockperf: # dropped messages = 0; # duplicated messages = 0; # out-of-order messages = 0
sockperf: [2;35mTotal 999 observations[0m; each percentile contains 9.99 observations
sockperf: ---> <MAX> observation =  192.962
sockperf: ---> percentile  99.99 =  192.962
sockperf: ---> percentile  99.90 =  161.174
sockperf: ---> percentile  99.50 =  152.059
sockperf: ---> percentile  99.00 =  146.353
sockperf: ---> percentile  95.00 =  134.869
sockperf: ---> percentile  90.00 =  128.550
sockperf: ---> percentile  75.00 =  111.182
sockperf: ---> percentile  50.00 =   92.306
sockperf: ---> percentile  25.00 =   79.642
sockperf: ---> <MIN> observation =   32.494
------------------------------
txTime, rxTime
2.063858928, 2.064111530
2.073858935, 2.074122216
2.083858944, 2.084147327
2.093858933, 2.094124852
2.103858938, 2.104044545
2.113858932, 2.114012740
2.123858933, 2.124061340
2.133858933, 2.134101638
2.143859007, 2.144061913
2.153858952, 2.154106794
2.163858941, 2.164108999
2.173858932, 2.174113320
2.183858936, 2.184081677
2.193858930, 2.194112539
2.203858955, 2.204133418
2.213858939, 2.214015898
2.223858935, 2.224118441
2.233858935, 2.234053334
2.243858930, 2.244104366
2.253858938, 2.254090411
2.263858947, 2.264096238
2.273858936, 2.274059534
2.283858941, 2.284112982
2.293858949, 2.294081836
2.303858947, 2.304051929
2.313858930, 2.314049774
2.323858944, 2.324101567
2.333858930, 2.334115798
2.343858946, 2.344080238
2.353858950, 2.354048211
2.363858947, 2.364041504
2.373858930, 2.374068573
2.383858947, 2.384065876
2.393858963, 2.394091218
2.403858946, 2.404078230
2.413858954, 2.414108671
2.423858952, 2.424094469
2.433858935, 2.434067784
2.443858946, 2.444115788
2.453858939, 2.454087720
2.463858936, 2.464074154
2.473858954, 2.474049417
2.483858930, 2.484077055
2.493858944, 2.494068864
2.503858947, 2.504015318
2.513858933, 2.514022449
2.523858954, 2.524032678
2.533858950, 2.534001016
2.543858950, 2.543988506
2.553858950, 2.553985662
2.563858932, 2.563946189
2.573858932, 2.573993043
2.583858924, 2.583981333
2.593858928, 2.593971983
2.603858927, 2.603955622
2.613858926, 2.613950753
2.623858933, 2.623983239
2.633858941, 2.633971704
2.643858938, 2.643979326
2.653858930, 2.653948024
2.663858927, 2.663953246
2.673858929, 2.673985239
2.683858933, 2.684012813
2.693858936, 2.694038244
2.703858925, 2.703975116
2.713858935, 2.713968635
2.723858928, 2.724022962
2.733858930, 2.734048610
2.743858949, 2.744087737
2.753858935, 2.754033651
2.763858949, 2.764049488
2.773858949, 2.774039518
2.783858947, 2.784023799
2.793858966, 2.793986049
2.803858925, 2.803997106
2.813858927, 2.814037420
2.823858933, 2.824018088
2.833858962, 2.834029565
2.843858925, 2.844014956
2.853858932, 2.854002337
2.863858927, 2.864022123
2.873858928, 2.874045014
2.883858936, 2.884007891
2.893858928, 2.894047349
2.903858924, 2.904001302
2.913858928, 2.913996526
2.923858924, 2.923997367
2.933858926, 2.933986018
2.943858926, 2.944050054
2.953858947, 2.954016252
2.963858946, 2.963994246
2.973858933, 2.974043553
2.983858925, 2.983960665
2.993858932, 2.993980630
3.003858928, 3.003987186
3.013858928, 3.013961402
3.023858920, 3.023995402
3.033858926, 3.034019987
3.043858941, 3.044061223
3.053858943, 3.054030717
3.063858947, 3.063988523
3.073858935, 3.073996498
3.083858954, 3.084020822
3.093858957, 3.093950353
3.103858938, 3.103987108
3.113858957, 3.114041340
3.123858943, 3.123992508
3.133858944, 3.134074244
3.143858960, 3.144005160
3.153862494, 3.153999771
3.163859096, 3.164035525
3.173858963, 3.174023807
3.183858947, 3.184014328
3.193858957, 3.194010913
3.203858936, 3.204007861
3.213858943, 3.214064174
3.223858950, 3.224055529
3.233858941, 3.234016215
3.243858947, 3.243992491
3.253858958, 3.254043581
3.263858950, 3.264012609
3.273858935, 3.274048232
3.283858954, 3.284065752
3.293858939, 3.294011898
3.303863244, 3.304058320
3.313858955, 3.314030558
3.323858950, 3.324018702
3.333858936, 3.334054486
3.343858943, 3.344030340
3.353858941, 3.354011730
3.363858954, 3.364027397
3.373858941, 3.374024975
3.383858949, 3.384003756
3.393858935, 3.394016373
3.403858939, 3.404016023
3.413858938, 3.414016758
3.423858944, 3.424020087
3.433858935, 3.434030468
3.443858952, 3.444025095
3.453858939, 3.454011778
3.463858949, 3.464041018
3.473858950, 3.474023589
3.483858952, 3.484001644
3.493858950, 3.494021636
3.503858957, 3.504075094
3.513858947, 3.514050443
3.523864854, 3.524051180
3.533858963, 3.534065325
3.543858955, 3.544008431
3.553858958, 3.554045283
3.563865909, 3.564056880
3.573858963, 3.574032247
3.583858960, 3.584024356
3.593858954, 3.594033447
3.603858955, 3.604052026
3.613858960, 3.614015322
3.623858946, 3.624013038
3.633858952, 3.633998947
3.643858957, 3.644065011
3.653858954, 3.654046612
3.663858936, 3.664027009
3.673858963, 3.673983827
3.683858954, 3.684040814
3.693858941, 3.694101586
3.703858954, 3.704020030
3.713858957, 3.714010039
3.723863507, 3.724027824
3.733858957, 3.733992963
3.743858944, 3.743970733
3.753858960, 3.753960919
3.763858966, 3.763958614
3.773858935, 3.773982247
3.783858958, 3.783949887
3.793858952, 3.793975628
3.803858955, 3.803923944
3.813858943, 3.813999700
3.823858960, 3.824013949
3.833858966, 3.833991783
3.843858947, 3.843990781
3.853858943, 3.853946363
3.863858957, 3.864010945
3.873860825, 3.874004424
3.883858957, 3.883939185
3.893858965, 3.894015440
3.903868414, 3.904077274
3.913858963, 3.914062103
3.923866910, 3.924014009
3.933858938, 3.933975877
3.943858949, 3.943983268
3.953858960, 3.953981198
3.963858950, 3.964005570
3.973859093, 3.974048497
3.983858960, 3.984003821
3.993858955, 3.994007149
4.003858938, 4.003994215
4.013858955, 4.013980862
4.023858949, 4.023993959
4.033858950, 4.034019079
4.043858949, 4.043998383
4.053858939, 4.054038645
4.063858943, 4.064006046
4.073858944, 4.073975911
4.083858950, 4.084026506
4.093859007, 4.094024425
4.103858944, 4.104058302
4.113858933, 4.114043322
4.123858962, 4.124035205
4.133858952, 4.134012630
4.143858935, 4.144067668
4.153858954, 4.154113756
4.163858960, 4.164032091
4.173865765, 4.174043469
4.183858939, 4.184026115
4.193858952, 4.194034038
4.203858944, 4.204037808
4.213859168, 4.214057619
4.223858955, 4.224019651
4.233863024, 4.234039589
4.243858968, 4.244019405
4.253858958, 4.254021986
4.263858941, 4.264051249
4.273858946, 4.274015399
4.283858939, 4.284025750
4.293858938, 4.294017047
4.303858963, 4.304077582
4.313863455, 4.314049134
4.323858955, 4.324029716
4.333858954, 4.334056777
4.343864605, 4.344050436
4.353858938, 4.354036064
4.363858947, 4.364048838
4.373858952, 4.374035497
4.383858962, 4.384056251
4.393858950, 4.394022074
4.403858952, 4.404029108
4.413858947, 4.414056384
4.423858949, 4.424033198
4.433858957, 4.434043022
4.443858949, 4.444041482
4.453858941, 4.454027943
4.463858938, 4.464074136
4.473858958, 4.474038130
4.483858938, 4.484061590
4.493858958, 4.494017423
4.503858950, 4.504010507
4.513858943, 4.514005637
4.523858928, 4.524031371
4.533858935, 4.534020421
4.543858952, 4.544044247
4.553858958, 4.554053597
4.563858952, 4.564095568
4.573858939, 4.574037691
4.583858946, 4.584034884
4.593858936, 4.594023915
4.603858952, 4.603993785
4.613858958, 4.614058157
4.623858954, 4.624005817
4.633858936, 4.634107198
4.643858950, 4.643997731
4.653858943, 4.654009560
4.663858957, 4.664018773
4.673858938, 4.674018561
4.683858938, 4.684052645
4.693858962, 4.694032440
4.703859135, 4.704092967
4.713858946, 4.714044806
4.723858957, 4.724034117
4.733858943, 4.734114746
4.743858954, 4.744038947
4.753858962, 4.754050460
4.763858933, 4.764059728
4.773858932, 4.774050023
4.783858965, 4.784044031
4.793858935, 4.794042578
4.803859001, 4.804040131
4.813863545, 4.814034297
4.823858962, 4.824042951
4.833858941, 4.834039280
4.843858938, 4.844058553
4.853858941, 4.854089449
4.863858939, 4.864046863
4.873858954, 4.874043112
4.883858965, 4.884018407
4.893858933, 4.894033995
4.903858950, 4.904008820
4.913858960, 4.914013714
4.923858952, 4.924028829
4.933858938, 4.934058555
4.943858952, 4.944057579
4.953858936, 4.954043574
4.963858949, 4.964078021
4.973862781, 4.974054942
4.983858957, 4.984026930
4.993858957, 4.994000917
5.003858950, 5.004048758
5.013858943, 5.014030411
5.023858935, 5.024028510
5.033858954, 5.034059363
5.043858952, 5.044107607
5.053858962, 5.054022728
5.063863384, 5.064070747
5.073858935, 5.074037224
5.083858947, 5.084000240
5.093858958, 5.094033064
5.103858954, 5.104044113
5.113858922, 5.114083861
5.123858958, 5.124094578
5.133858941, 5.134035975
5.143858957, 5.144150064
5.153858939, 5.154062032
5.163858933, 5.164100790
5.173858927, 5.174064506
5.183858954, 5.184063086
5.193858933, 5.194023799
5.203858954, 5.204068890
5.213867799, 5.214029483
5.223865140, 5.224053779
5.233858937, 5.234012434
5.243858941, 5.244017437
5.253864494, 5.254070627
5.263858954, 5.264036263
5.273858927, 5.274058545
5.283858925, 5.284051255
5.293858954, 5.294117839
5.303858955, 5.304043951
5.313858938, 5.314055838
5.323858969, 5.324109640
5.333858939, 5.334111972
5.343858960, 5.344091344
5.353866206, 5.354062064
5.363858939, 5.364020927
5.373858957, 5.374032393
5.383858962, 5.384021299
5.393858963, 5.394003131
5.403861556, 5.404067130
5.413858957, 5.414033277
5.423860694, 5.424047115
5.433858934, 5.434081299
5.443858938, 5.444052458
5.453858961, 5.454091530
5.463858960, 5.464054148
5.473858961, 5.474001604
5.483858949, 5.484035136
5.493858936, 5.494031336
5.503858934, 5.504009094
5.513858963, 5.514061168
5.523858947, 5.524121788
5.533858954, 5.534048195
5.543858937, 5.544055549
5.553859260, 5.554092624
5.563858949, 5.564052509
5.573858957, 5.574024940
5.583858950, 5.584026364
5.593858949, 5.594018918
5.603858939, 5.604028488
5.613858936, 5.614045884
5.623858957, 5.624024271
5.633858949, 5.634050525
5.643858957, 5.644041369
5.653858955, 5.654038602
5.663861941, 5.664074104
5.673858971, 5.674058246
5.683858950, 5.684040994
5.693858949, 5.694025633
5.703858958, 5.704038312
5.713858939, 5.714023868
5.723858949, 5.724020761
5.733858939, 5.734015876
5.743858950, 5.744054925
5.753858933, 5.754020620
5.763862258, 5.764043690
5.773858935, 5.774037079
5.783858938, 5.784024062
5.793866518, 5.794059112
5.803866712, 5.804034925
5.813858947, 5.814012500
5.823858950, 5.824059180
5.833858941, 5.834007343
5.843864589, 5.844036155
5.853858935, 5.854012851
5.863858958, 5.864013556
5.873858958, 5.874026585
5.883858952, 5.884059562
5.893858952, 5.894048627
5.903858957, 5.904037781
5.913861562, 5.914045197
5.923858954, 5.924087832
5.933858963, 5.934034420
5.943858957, 5.944012819
5.953858941, 5.954027081
5.963858954, 5.964016615
5.973858950, 5.974035061
5.983858954, 5.984032011
5.993858939, 5.994027163
6.003858952, 6.004016981
6.013858935, 6.014039403
6.023860629, 6.024067376
6.033858955, 6.034058343
6.043858954, 6.044019094
6.053858955, 6.054020753
6.063862110, 6.064061353
6.073858965, 6.074039411
6.083858943, 6.084065682
6.093858933, 6.094035639
6.103858941, 6.104033332
6.113858955, 6.114012221
6.123858932, 6.124055096
6.133858955, 6.134006295
6.143858938, 6.144034603
6.153858941, 6.154033135
6.163860359, 6.164081296
6.173858955, 6.174034488
6.183858936, 6.183996844
6.193858958, 6.194057041
6.203858944, 6.204047443
6.213858939, 6.214003805
6.223858947, 6.224039479
6.233858946, 6.234049245
6.243858964, 6.244119735
6.253858955, 6.254072241
6.263862164, 6.264160311
6.273866648, 6.274046015
6.283858949, 6.284022030
6.293858939, 6.294043402
6.303858958, 6.304055962
6.313858957, 6.314050136
6.323858949, 6.324047714
6.333858950, 6.334049928
6.343858954, 6.344019381
6.353858952, 6.354035067
6.363863995, 6.364077953
6.373858957, 6.374090357
6.383858952, 6.384030542
6.393858935, 6.394040890
6.403867393, 6.404050919
6.413858958, 6.414016368
6.423858952, 6.424043012
6.433866119, 6.434025786
6.443858957, 6.444073220
6.453858933, 6.454039847
6.463858933, 6.464035869
6.473869111, 6.474090349
6.483863652, 6.484077415
6.493858955, 6.494023720
6.503858952, 6.504016730
6.513858941, 6.514021156
6.523858950, 6.524048063
6.533858952, 6.534014196
6.543858955, 6.544030831
6.553858939, 6.554038313
6.563858949, 6.564045141
6.573858935, 6.574035828
6.583859012, 6.584029978
6.593858949, 6.594027339
6.603864829, 6.604019236
6.613858957, 6.614047855
6.623858952, 6.624072359
6.633858941, 6.634004080
6.643864829, 6.644072280
6.653858955, 6.654042412
6.663858963, 6.664026598
6.673858952, 6.673997133
6.683858952, 6.684024307
6.693858939, 6.694032734
6.703858958, 6.704006622
6.713858950, 6.714030984
6.723858933, 6.724041154
6.733858936, 6.734012300
6.743858936, 6.744020925
6.753858928, 6.754022204
6.763858936, 6.764011816
6.773858938, 6.774016106
6.783858938, 6.784030291
6.793858930, 6.794020378
6.803858934, 6.803998777
6.813858925, 6.814051080
6.823858928, 6.824008427
6.833858932, 6.834007354
6.843858935, 6.844006728
6.853858935, 6.854084793
6.863858945, 6.864095978
6.873858927, 6.874061031
6.883858935, 6.884073858
6.893858931, 6.894089267
6.903858935, 6.904053534
6.913858932, 6.914042351
6.923858925, 6.924044651
6.933858922, 6.934073570
6.943858926, 6.944051742
6.953858936, 6.954022003
6.963858935, 6.964029794
6.973858935, 6.974024988
6.983858922, 6.984013064
6.993858935, 6.994021273
7.003858952, 7.004023543
7.013858939, 7.014048251
7.023858949, 7.023996747
7.033858922, 7.034025906
7.043858943, 7.044027785
7.053858928, 7.054080172
7.063858929, 7.064086298
7.073858928, 7.074035929
7.083858939, 7.084063034
7.093858939, 7.094041647
7.103858945, 7.104045387
7.113858930, 7.114160515
7.123858944, 7.124053911
7.133858935, 7.134105954
7.143858954, 7.144091974
7.153858952, 7.154093609
7.163858949, 7.164052134
7.173858930, 7.174099571
7.183858945, 7.184077696
7.193858939, 7.194105440
7.203858949, 7.204103815
7.213858938, 7.214124157
7.223858947, 7.224102612
7.233858935, 7.234135354
7.243858944, 7.244039857
7.253858936, 7.254163343
7.263858950, 7.264110755
7.273858939, 7.274084592
7.283858927, 7.284142422
7.293858937, 7.294078988
7.303858950, 7.304086295
7.313858935, 7.314133011
7.323858950, 7.324101906
7.333858930, 7.334087254
7.343858936, 7.344163056
7.353858936, 7.354080582
7.363858952, 7.364064395
7.373858938, 7.374082301
7.383858957, 7.384110251
7.393858954, 7.394121953
7.403858950, 7.404093031
7.413858928, 7.414244853
7.423858949, 7.424060006
7.433858933, 7.434093290
7.443858949, 7.444083491
7.453858933, 7.454092412
7.463858933, 7.464080868
7.473858946, 7.474059143
7.483858952, 7.484050762
7.493858932, 7.494112384
7.503858938, 7.504055028
7.513858950, 7.514107101
7.523858936, 7.524082807
7.533858919, 7.534046930
7.543858927, 7.544054818
7.553858943, 7.554051123
7.563858939, 7.564063694
7.573858928, 7.574056050
7.583858927, 7.584022508
7.593858923, 7.594026883
7.603858925, 7.604043119
7.613858937, 7.614090596
7.623858934, 7.624058800
7.633858932, 7.634042977
7.643858924, 7.644066961
7.653858932, 7.654087430
7.663858928, 7.664043109
7.673858935, 7.674007455
7.683858934, 7.684023694
7.693858934, 7.694079664
7.703858926, 7.704032543
7.713858929, 7.714053123
7.723858927, 7.724057597
7.733858932, 7.734021221
7.743858930, 7.744051415
7.753858930, 7.753999810
7.763858925, 7.764039233
7.773858929, 7.774028208
7.783858932, 7.784039435
7.793858932, 7.794050379
7.803858936, 7.804028091
7.813858925, 7.814055896
7.823858928, 7.824052629
7.833858932, 7.834027766
7.843858932, 7.844037134
7.853858935, 7.854119921
7.863858939, 7.864080757
7.873858939, 7.874130983
7.883858933, 7.884023969
7.893858930, 7.894018919
7.903858930, 7.904001248
7.913858932, 7.914069162
7.923858943, 7.924066125
7.933858928, 7.934010638
7.943858925, 7.944053008
7.953858927, 7.954022641
7.963858931, 7.964018217
7.973858933, 7.974084508
7.983858938, 7.984046845
7.993858932, 7.994038196
8.003858928, 8.004072908
8.013858928, 8.014039803
8.023858929, 8.024121209
8.033858930, 8.034181280
8.043858954, 8.044074493
8.053858946, 8.054064443
8.063858947, 8.064113659
8.073858936, 8.074066297
8.083858950, 8.084102989
8.093858932, 8.094108248
8.103858936, 8.104086782
8.113858952, 8.114082589
8.123858927, 8.124120008
8.133858933, 8.134082914
8.143858950, 8.144134410
8.153858938, 8.154062344
8.163858939, 8.164107455
8.173858939, 8.174128610
8.183858944, 8.184092670
8.193858933, 8.194070456
8.203858957, 8.204151663
8.213858932, 8.214118742
8.223858946, 8.224069178
8.233858949, 8.234087587
8.243858950, 8.244062258
8.253858946, 8.254109699
8.263858952, 8.264084634
8.273858930, 8.274095704
8.283858954, 8.284041218
8.293858952, 8.294144485
8.303858947, 8.304146967
8.313858933, 8.314113726
8.323858954, 8.324117748
8.333858938, 8.334073277
8.343858943, 8.344076596
8.353858936, 8.354108120
8.363858938, 8.364089873
8.373858950, 8.374080776
8.383858952, 8.384055089
8.393858935, 8.394126607
8.403858930, 8.404082448
8.413858950, 8.414112042
8.423858944, 8.424125591
8.433858933, 8.434081018
8.443858949, 8.444115301
8.453858933, 8.454080615
8.463858952, 8.464102459
8.473858955, 8.474082789
8.483858954, 8.484063200
8.493858955, 8.494096279
8.503858954, 8.504120860
8.513858935, 8.514047779
8.523858938, 8.524020533
8.533858932, 8.534093651
8.543858932, 8.544120040
8.553858935, 8.554135507
8.563858928, 8.564049427
8.573858939, 8.574032832
8.583858936, 8.584023200
8.593858932, 8.594020205
8.603858920, 8.604052054
8.613858931, 8.614096943
8.623858925, 8.624067120
8.633858932, 8.634031748
8.643858932, 8.644059620
8.653858924, 8.654041561
8.663858926, 8.664007849
8.673858933, 8.674072852
8.683858925, 8.684042878
8.693858932, 8.694086456
8.703858931, 8.704069622
8.713858939, 8.714083581
8.723858938, 8.724068242
8.733858925, 8.734042117
8.743858933, 8.744056512
8.753858936, 8.754053074
8.763858930, 8.764036228
8.773858933, 8.774030877
8.783858927, 8.784049691
8.793858933, 8.794038699
8.803858933, 8.804074683
8.813858939, 8.814110502
8.823858936, 8.824060300
8.833858925, 8.834009821
8.843858929, 8.844025429
8.853858928, 8.854049320
8.863858944, 8.864059648
8.873858950, 8.874058985
8.883858935, 8.884033495
8.893858928, 8.894042728
8.903858932, 8.904089308
8.913858928, 8.914043542
8.923858930, 8.924043631
8.933858930, 8.934046327
8.943858935, 8.944039294
8.953858943, 8.954096976
8.963858938, 8.964015348
8.973858928, 8.974078428
8.983858930, 8.984017997
8.993858931, 8.994014854
9.003858938, 9.004058098
9.013858927, 9.014064690
9.023858928, 9.024051111
9.033858926, 9.034084136
9.043858932, 9.044036444
9.053858939, 9.054070729
9.063858949, 9.064075929
9.073858939, 9.074121598
9.083858949, 9.084092176
9.093858936, 9.094060640
9.103858949, 9.104086666
9.113858938, 9.114122787
9.123858933, 9.124136012
9.133858946, 9.134101485
9.143858947, 9.144130514
9.153858928, 9.154158821
9.163858954, 9.164124287
9.173858939, 9.174128679
9.183858960, 9.184151461
9.193858952, 9.194115037
9.203858950, 9.204067503
9.213858930, 9.214090879
9.223858947, 9.224083559
9.233858935, 9.234120816
9.243858932, 9.244122403
9.253858944, 9.254078097
9.263858947, 9.264118248
9.273858933, 9.274091709
9.283858950, 9.284054963
9.293858933, 9.294037262
9.303858943, 9.304055094
9.313858938, 9.314068408
9.323858934, 9.324039522
9.333858924, 9.334092655
9.343858933, 9.344083783
9.353858930, 9.354049579
9.363858924, 9.364035531
9.373858930, 9.374098745
9.383858935, 9.384032244
9.393858925, 9.394087050
9.403858938, 9.404030206
9.413858927, 9.414068857
9.423858933, 9.424101427
9.433858939, 9.434012471
9.443858939, 9.444033413
9.453858938, 9.454042973
9.463858944, 9.464058195
9.473858933, 9.474060482
9.483858931, 9.484058374
9.493858933, 9.494078208
9.503858934, 9.504060814
9.513858935, 9.514046009
9.523858930, 9.524021560
9.533858925, 9.534036217
9.543858935, 9.544021270
9.553858926, 9.554043389
9.563858923, 9.564031911
9.573858943, 9.574033012
9.583858927, 9.584029881
9.593858932, 9.594025303
9.603858930, 9.604018129
9.613858932, 9.614030421
9.623858938, 9.624016793
9.633858945, 9.634080584
9.643858925, 9.644037748
9.653858930, 9.654036125
9.663858946, 9.664012536
9.673858939, 9.674009885
9.683858933, 9.684026418
9.693858933, 9.694047913
9.703858935, 9.704013453
9.713858935, 9.714086927
9.723858949, 9.724045762
9.733858933, 9.734020781
9.743858939, 9.744009280
9.753858928, 9.754041676
9.763858949, 9.764093897
9.773858936, 9.774035596
9.783858932, 9.784039545
9.793858931, 9.794052557
9.803858938, 9.804056758
9.813858933, 9.814114876
9.823858928, 9.824064997
9.833858932, 9.834008365
9.843858930, 9.844012840
9.853858932, 9.854040990
9.863858924, 9.864032600
9.873858932, 9.874032093
9.883858933, 9.884058437
9.893858933, 9.894034032
9.903858927, 9.904049419
9.913858936, 9.914062796
9.923858927, 9.924032970
9.933858928, 9.934022399
9.943858942, 9.944040749
9.953858930, 9.954034649
9.963858939, 9.964024044
9.973858935, 9.974018401
9.983858932, 9.984079542
9.993858928, 9.994106950
10.003858924, 10.004011728
10.013858933, 10.014067951
10.023858938, 10.024041964
10.033858928, 10.034133949
10.043858994, 10.044091993
10.053858933, 10.054164170
10.063858939, 10.064118531
10.073858990, 10.074113768
10.083859003, 10.084105780
10.093859006, 10.094062449
10.103859004, 10.104099519
10.113858988, 10.114119879
10.123858936, 10.124099968
10.133858932, 10.134134754
10.143858943, 10.144102304
10.153858949, 10.154139641
10.163859017, 10.164122715
10.173859006, 10.174122794
10.183858992, 10.184117187
10.193858991, 10.194146230
10.203859001, 10.204133932
10.213858993, 10.214177252
10.223858982, 10.224133192
10.233858941, 10.234135344
10.243858938, 10.244137851
10.253858936, 10.254136188
10.263859134, 10.264116235
10.273858992, 10.274110061
10.283858952, 10.284110175
10.293858932, 10.294079524
10.303858959, 10.304129940
10.313859016, 10.314097498
10.323859010, 10.324116784
10.333858997, 10.334153424
10.343858941, 10.344100697
10.353858928, 10.354128542
10.363858995, 10.364091378
10.373858993, 10.374121879
10.383858990, 10.384090297
10.393859005, 10.394123314
10.403859008, 10.404123384
10.413858937, 10.414100179
10.423859010, 10.424108560
10.433859001, 10.434150202
10.443859005, 10.444090385
10.453859079, 10.454123466
10.463858990, 10.464130638
10.473858993, 10.474129444
10.483859172, 10.484147120
10.493858996, 10.494127158
10.503859227, 10.504135382
10.513859012, 10.514119774
10.523859001, 10.524099977
10.533858998, 10.534136403
10.543858932, 10.544100628
10.553858999, 10.554128188
10.563858941, 10.564106211
10.573858994, 10.574126189
10.583858996, 10.584149386
10.593858933, 10.594136131
10.603858967, 10.604086813
10.613858997, 10.614116957
10.623858999, 10.624117514
10.633858932, 10.634115649
10.643859222, 10.644094901
10.653858979, 10.654141575
10.663859012, 10.664127318
10.673859059, 10.674113386
10.683858992, 10.684103340
10.693858989, 10.694110961
10.703859004, 10.704136104
10.713858993, 10.714136131
10.723859243, 10.724114630
10.733858999, 10.734125248
10.743858987, 10.744099627
10.753858965, 10.754124328
10.763858939, 10.764106194
10.773858935, 10.774105564
10.783858994, 10.784119850
10.793858986, 10.794104595
10.803859247, 10.804121404
10.813859006, 10.814116493
10.823859006, 10.824112993
10.833858932, 10.834133518
10.843858944, 10.844106455
10.853858938, 10.854112934
10.863858943, 10.864101373
10.873858991, 10.874072975
10.883859006, 10.884043814
10.893858982, 10.894044664
10.903858999, 10.904054110
10.913858932, 10.914060030
10.923858999, 10.924033486
10.933858988, 10.933977251
10.943858943, 10.943958766
10.953858941, 10.954032553
10.963858939, 10.964122598
10.973858932, 10.974108588
10.983858938, 10.984099781
10.993858950, 10.994099223
11.003858932, 11.004135112
11.013858932, 11.014143187
11.023858951, 11.024137812
11.033858933, 11.034110872
11.043858936, 11.044114320
11.053858936, 11.054126504
11.063858935, 11.064075873
11.073858930, 11.074001587
11.083858944, 11.084075335
11.093858933, 11.094011216
11.103858932, 11.104080870
11.113858936, 11.114011461
11.123858931, 11.124079394
11.133858930, 11.134024681
11.143858932, 11.144067610
11.153858933, 11.154010061
11.163858931, 11.164072829
11.173858939, 11.174030858
11.183858933, 11.184062359
11.193858928, 11.194005411
11.203858943, 11.204011613
11.213858939, 11.214064509
11.223858933, 11.224010043
11.233858927, 11.234015080
11.243858924, 11.244000583
11.253858922, 11.254008905
11.263858925, 11.264003690
11.273858938, 11.274000929
11.283858936, 11.284017217
11.293858938, 11.294013442
11.303858925, 11.304000130
11.313858926, 11.314003572
11.323858922, 11.324012766
11.333858933, 11.334002429
11.343858932, 11.343997451
11.353858931, 11.354009074
11.363858922, 11.364014311
11.373858930, 11.374001899
11.383858931, 11.384014986
11.393858936, 11.394009448
11.403858932, 11.404012158
11.413858938, 11.414010218
11.423858930, 11.424006123
11.433858922, 11.433999004
11.443858923, 11.444013977
11.453858925, 11.454001491
11.463858929, 11.464010562
11.473858935, 11.474017709
11.483858936, 11.484011807
11.493858922, 11.494000822
11.503858923, 11.504011287
11.513858925, 11.514007871
11.523858939, 11.524019826
11.533858938, 11.533999604
11.543858932, 11.543999678
11.553858926, 11.553999589
11.563858939, 11.564009184
11.573858933, 11.574011163
11.583858933, 11.584009153
11.593858935, 11.594008708
11.603858919, 11.604017988
11.613858935, 11.614000813
11.623858926, 11.624017370
11.633858933, 11.634001096
11.643858937, 11.644009370
11.653858939, 11.653999716
11.663858934, 11.664012767
11.673858927, 11.674011157
11.683858927, 11.684015622
11.693858920, 11.694000577
11.703858922, 11.704008572
11.713858944, 11.714001535
11.723858932, 11.724005959
11.733858922, 11.734016013
11.743858930, 11.744011461
11.753858922, 11.754008473
11.763858938, 11.764023058
11.773858936, 11.774017581
11.783858928, 11.784010095
11.793858930, 11.794007218
11.803858924, 11.803998603
11.813858939, 11.814008735
11.823858930, 11.823999632
11.833858939, 11.834010935
11.843858935, 11.844013775
11.853858930, 11.854008775
11.863858932, 11.864010437
11.873858935, 11.874010029
11.883858932, 11.884010217
11.893858932, 11.893999943
11.903858932, 11.904007041
11.913858935, 11.914009756
11.923858925, 11.924021401
11.933858932, 11.934015746
11.943858938, 11.944015853
11.953858939, 11.954012031
11.963858925, 11.964003585
11.973858926, 11.974010938
11.983858924, 11.984009038
11.993858930, 11.994001606
12.003858935, 12.004014955
12.013858932, 12.014011055
12.023858938, 12.024011045
12.033858930, 12.033999206
12.043858938, 12.044010400
------------------------------
