------------------------------
test was performed using the following parameters: --mps=100 --burst=1 --reply-every=1 --msg-size=12 --time=10
------------------------------
sockperf: [Total Run] RunTime=10.100 sec; SentMessages=1011; ReceivedMessages=1010
sockperf: ========= Printing statistics for Server No: 0
sockperf: [Valid Duration] RunTime=9.990 sec; SentMessages=1000; ReceivedMessages=1000
sockperf: [2;35m====> avg-lat=1717.830 (std-dev=248.770)[0m
sockperf: # dropped messages = 0; # duplicated messages = 0; # out-of-order messages = 0
sockperf: [2;35mTotal 1000 observations[0m; each percentile contains 10.00 observations
sockperf: ---> <MAX> observation = 1947.152
sockperf: ---> percentile  99.99 = 1947.152
sockperf: ---> percentile  99.90 = 1925.444
sockperf: ---> percentile  99.50 = 1913.371
sockperf: ---> percentile  99.00 = 1903.473
sockperf: ---> percentile  95.00 = 1887.552
sockperf: ---> percentile  90.00 = 1872.319
sockperf: ---> percentile  75.00 = 1834.558
sockperf: ---> percentile  50.00 = 1767.860
sockperf: ---> percentile  25.00 = 1686.907
sockperf: ---> <MIN> observation =   89.073
------------------------------
txTime, rxTime
2.063705528, 2.067409556
2.073705536, 2.077491686
2.083705515, 2.087547744
2.093705536, 2.097556424
2.103705538, 2.106995657
2.113705530, 2.116991513
2.123705513, 2.127008970
2.133705529, 2.137107814
2.143705532, 2.146959449
2.153705537, 2.156965038
2.163705515, 2.167008913
2.173705529, 2.177162577
2.183705520, 2.187301461
2.193705532, 2.197299252
2.203705535, 2.207491567
2.213705538, 2.217414691
2.223705531, 2.227238254
2.233705539, 2.237243385
2.243705522, 2.247271889
2.253705534, 2.257259041
2.263705532, 2.267341522
2.273705530, 2.277453586
2.283705532, 2.286889276
2.293705537, 2.296926132
2.303705520, 2.306896002
2.313705529, 2.316910115
2.323705536, 2.327073121
2.333705509, 2.337163672
2.343705537, 2.347090084
2.353705537, 2.357350393
2.363705528, 2.367354105
2.373705515, 2.377206598
2.383705535, 2.387200179
2.393705533, 2.397236916
2.403705531, 2.407283569
2.413705541, 2.417241722
2.423705544, 2.427319714
2.433705534, 2.437456429
2.443705534, 2.447234134
2.453705534, 2.457291020
2.463705530, 2.467311952
2.473705543, 2.477446127
2.483705543, 2.487327210
2.493705533, 2.497071134
2.503705536, 2.507181888
2.513705538, 2.517175739
2.523705521, 2.527254956
2.533705543, 2.537309651
2.543705525, 2.547444712
2.553705530, 2.557480740
2.563705520, 2.567103335
2.573705517, 2.577116815
2.583705538, 2.587119423
2.593705539, 2.597157775
2.603705526, 2.607164815
2.613705537, 2.617200599
2.623705537, 2.627233666
2.633705521, 2.637373295
2.643705530, 2.647493281
2.653705533, 2.657167191
2.663705520, 2.667420525
2.673705530, 2.677432503
2.683705536, 2.687451388
2.693705520, 2.697429029
2.703705529, 2.707446512
2.713705538, 2.717428493
2.723705534, 2.727384818
2.733705534, 2.737140652
2.743705539, 2.747149855
2.753705533, 2.757170825
2.763705528, 2.767350507
2.773705537, 2.777264305
2.783705620, 2.787393029
2.793705523, 2.797419879
2.803705532, 2.807258549
2.813705510, 2.817061816
2.823705537, 2.827148430
2.833705539, 2.837337795
2.843705546, 2.847384099
2.853705536, 2.857354978
2.863705536, 2.867399474
2.873705520, 2.877180970
2.883705538, 2.887250907
2.893705532, 2.897168459
2.903705521, 2.907300559
2.913705532, 2.917427686
2.923705530, 2.927456211
2.933705533, 2.937260215
2.943705536, 2.947312859
2.953705536, 2.957216858
2.963705518, 2.967365117
2.973705533, 2.977375670
2.983705516, 2.987407889
2.993705531, 2.997287800
3.003705532, 3.007456356
3.013705541, 3.017259545
3.023705545, 3.027071527
3.033705537, 3.037119150
3.043705538, 3.047170651
3.053705539, 3.057207453
3.063705529, 3.067289762
3.073705538, 3.077498364
3.083705520, 3.087003024
3.093705537, 3.096854633
3.103705517, 3.106900195
3.113705539, 3.116945211
3.123705539, 3.126924392
3.133705532, 3.136951237
3.143705526, 3.146907904
3.153705533, 3.157133135
3.163705538, 3.167199091
3.173705538, 3.177202111
3.183705532, 3.187274316
3.193705537, 3.197374655
3.203705526, 3.207251401
3.213705537, 3.217311364
3.223705510, 3.227296853
3.233705538, 3.237372753
3.243705518, 3.247414294
3.253705544, 3.257374751
3.263705523, 3.267481560
3.273705536, 3.277460209
3.283705531, 3.287359179
3.293705512, 3.297223857
3.303705527, 3.307504194
3.313705543, 3.316931367
3.323705524, 3.327026739
3.333705532, 3.337127840
3.343705532, 3.347201487
3.353705516, 3.357303738
3.363705529, 3.367274320
3.373705543, 3.377346065
3.383705520, 3.387465281
3.393705534, 3.397468814
3.403705519, 3.407309634
3.413705533, 3.417192205
3.423705534, 3.427270154
3.433705534, 3.437327498
3.443705520, 3.447348197
3.453705529, 3.457505916
3.463705545, 3.467431970
3.473705537, 3.477096438
3.483705531, 3.487088341
3.493705542, 3.497140255
3.503705524, 3.507217062
3.513705536, 3.517308138
3.523705535, 3.527365717
3.533705533, 3.537421592
3.543705531, 3.547459849
3.553705544, 3.557207181
3.563705515, 3.567283611
3.573705521, 3.577299491
3.583705516, 3.587315440
3.593705540, 3.597368719
3.603705535, 3.607510798
3.613705525, 3.617468581
3.623705530, 3.627045882
3.633705535, 3.636854211
3.643705532, 3.646871192
3.653705532, 3.656909303
3.663705537, 3.667075261
3.673705546, 3.677114538
3.683705536, 3.687061233
3.693705539, 3.697170833
3.703705530, 3.707359229
3.713705512, 3.717290532
3.723705535, 3.727476095
3.733705535, 3.736867910
3.743705537, 3.746821470
3.753705536, 3.756773105
3.763705529, 3.766900186
3.773705539, 3.776955521
3.783705532, 3.786922258
3.793705540, 3.796853191
3.803705520, 3.807015709
3.813705517, 3.817281657
3.823705539, 3.827231179
3.833705538, 3.837321868
3.843705534, 3.847359123
3.853705522, 3.856883744
3.863705531, 3.866846362
3.873705515, 3.876913999
3.883705518, 3.886966366
3.893705532, 3.896999452
3.903705530, 3.907002362
3.913705518, 3.917189421
3.923705532, 3.927310581
3.933705532, 3.937297841
3.943705531, 3.947394300
3.953705537, 3.957296914
3.963705531, 3.967277032
3.973705537, 3.977382431
3.983705527, 3.987445279
3.993705540, 3.997491557
4.003705536, 4.007015654
4.013705535, 4.017071722
4.023705532, 4.026992398
4.033705540, 4.037028088
4.043705534, 4.047022881
4.053705532, 4.057212261
4.063705536, 4.067204342
4.073705522, 4.077437972
4.083705532, 4.087403036
4.093705517, 4.097450050
4.103705526, 4.107074123
4.113705528, 4.117062501
4.123705536, 4.127134474
4.133705539, 4.137002463
4.143705529, 4.147254467
4.153705546, 4.157168542
4.163705521, 4.167230510
4.173705530, 4.177453596
4.183705517, 4.187377510
4.193705535, 4.197312253
4.203705520, 4.207551236
4.213705536, 4.217283208
4.223705543, 4.227131031
4.233705529, 4.237194126
4.243705539, 4.247172250
4.253705532, 4.257061793
4.263705767, 4.267162114
4.273705542, 4.277361871
4.283705527, 4.287488709
4.293705536, 4.297103049
4.303705531, 4.307223842
4.313705539, 4.317078736
4.323705536, 4.327305480
4.333705539, 4.337333599
4.343705540, 4.347503285
4.353705530, 4.357472034
4.363705539, 4.367347858
4.373705517, 4.377180196
4.383705538, 4.387219025
4.393705532, 4.397262721
4.403705521, 4.407417222
4.413705536, 4.417439160
4.423705536, 4.427481083
4.433705538, 4.437156661
4.443705537, 4.446842420
4.453705539, 4.456855365
4.463705532, 4.466940817
4.473705532, 4.477150351
4.483705519, 4.487287261
4.493705506, 4.497211417
4.503705533, 4.507336346
4.513705539, 4.517410925
4.523705523, 4.527480845
4.533705532, 4.537164912
4.543705522, 4.547142894
4.553705542, 4.557202362
4.563705540, 4.567206052
4.573705534, 4.577338790
4.583705520, 4.587238305
4.593705520, 4.597188220
4.603705521, 4.607391739
4.613705537, 4.617417882
4.623705529, 4.627396595
4.633705521, 4.637397776
4.643705533, 4.647489528
4.653705522, 4.657374574
4.663705522, 4.667356179
4.673705535, 4.677461638
4.683705531, 4.687401172
4.693705534, 4.697101055
4.703705540, 4.707112845
4.713705536, 4.717172591
4.723705534, 4.727317758
4.733705539, 4.737235692
4.743705540, 4.747266524
4.753705537, 4.757506528
4.763705533, 4.767398812
4.773705539, 4.777102573
4.783705521, 4.787164116
4.793705536, 4.797178569
4.803705531, 4.807228617
4.813705537, 4.817231395
4.823705537, 4.827312942
4.833705533, 4.837282099
4.843705536, 4.847443038
4.853705533, 4.857424987
4.863705539, 4.866967290
4.873705532, 4.877064147
4.883705540, 4.887051185
4.893705532, 4.897015297
4.903705534, 4.907146190
4.913705536, 4.917205100
4.923705536, 4.927422886
4.933705518, 4.937380281
4.943705522, 4.947451732
4.953705539, 4.957066931
4.963705802, 4.967095056
4.973705535, 4.977162871
4.983705539, 4.987257860
4.993705536, 4.997333320
5.003705522, 5.007433136
5.013705530, 5.017415855
5.023705525, 5.027504799
5.033705539, 5.037199371
5.043705535, 5.047281573
5.053705545, 5.057107074
5.063705542, 5.067361781
5.073705529, 5.077482826
5.083705535, 5.087427279
5.093705537, 5.097387961
5.103705532, 5.107241911
5.113705534, 5.117218571
5.123705516, 5.127205996
5.133705517, 5.137370618
5.143705535, 5.147399065
5.153705538, 5.157381461
5.163705531, 5.167493894
5.173705535, 5.177425938
5.183705522, 5.187162700
5.193705532, 5.197135187
5.203705534, 5.207227913
5.213705539, 5.217287456
5.223705533, 5.227282500
5.233705539, 5.237358277
5.243705524, 5.247305077
5.253705531, 5.257440635
5.263705539, 5.267277338
5.273705535, 5.276936933
5.283705532, 5.287096340
5.293705513, 5.297084748
5.303705545, 5.307081791
5.313705542, 5.316961672
5.323705532, 5.327281351
5.333705539, 5.337269898
5.343705533, 5.347411649
5.353705538, 5.357342476
5.363705528, 5.367441860
5.373705532, 5.377279525
5.383705514, 5.386773735
5.393705530, 5.396780333
5.403705543, 5.406690773
5.413705532, 5.416901629
5.423705518, 5.426960997
5.433705533, 5.437060196
5.443705516, 5.447149895
5.453705538, 5.457226975
5.463705532, 5.467198344
5.473705539, 5.477164771
5.483705518, 5.487388442
5.493705540, 5.497429426
5.503705532, 5.507418142
5.513705530, 5.517322822
5.523705533, 5.527419861
5.533705547, 5.537122337
5.543705516, 5.547249550
5.553705538, 5.557289686
5.563705536, 5.567386677
5.573705537, 5.577505653
5.583705536, 5.587450126
5.593705539, 5.597436128
5.603705527, 5.607057887
5.613705538, 5.616947613
5.623705532, 5.627018873
5.633705535, 5.636917275
5.643705532, 5.647079351
5.653705531, 5.657104741
5.663705520, 5.667112931
5.673705539, 5.677211547
5.683705517, 5.687307597
5.693705535, 5.697229123
5.703705535, 5.707436687
5.713705541, 5.717361614
5.723705521, 5.726996528
5.733705538, 5.737060388
5.743705517, 5.747062364
5.753705534, 5.757110265
5.763705532, 5.767245675
5.773705537, 5.777349158
5.783705528, 5.787485328
5.793705532, 5.797257519
5.803705520, 5.807157928
5.813705539, 5.817069788
5.823705535, 5.827187714
5.833705535, 5.837293359
5.843705529, 5.847411638
5.853705529, 5.857448419
5.863705539, 5.867424286
5.873705536, 5.877406532
5.883705537, 5.887291730
5.893705542, 5.897482983
5.903705537, 5.907161775
5.913705523, 5.916797574
5.923705532, 5.926905030
5.933705538, 5.936878019
5.943705534, 5.947089998
5.953705532, 5.957146106
5.963705523, 5.967206072
5.973705542, 5.977275620
5.983705521, 5.987331468
5.993705538, 5.997350908
6.003705530, 6.007383532
6.013705541, 6.017383013
6.023705544, 6.027432628
6.033705531, 6.037473360
6.043705532, 6.047284649
6.053705531, 6.057263870
6.063705532, 6.067369616
6.073705542, 6.077453093
6.083705525, 6.086985442
6.093705536, 6.097072666
6.103705518, 6.107015932
6.113705536, 6.117081875
6.123705532, 6.127081280
6.133705543, 6.137138731
6.143705517, 6.147191497
6.153705516, 6.157241715
6.163705518, 6.167403229
6.173705536, 6.177203883
6.183705535, 6.187346553
6.193705526, 6.197261572
6.203705520, 6.207287857
6.213705523, 6.217272788
6.223705532, 6.227412112
6.233705536, 6.237468353
6.243705532, 6.247482311
6.253705541, 6.257108658
6.263705520, 6.266866162
6.273705532, 6.276944381
6.283705520, 6.286967848
6.293705532, 6.297156628
6.303705535, 6.307104799
6.313705515, 6.317051024
6.323705515, 6.327285132
6.333705529, 6.337429886
6.343705532, 6.347458008
6.353705536, 6.357445872
6.363705533, 6.367419474
6.373705524, 6.377175405
6.383705524, 6.387189445
6.393705533, 6.397093005
6.403705516, 6.407282402
6.413705534, 6.417364687
6.423705537, 6.427518453
6.433705541, 6.437364206
6.443705521, 6.447423356
6.453705530, 6.457462715
6.463705523, 6.467498230
6.473705518, 6.477098203
6.483705535, 6.487072087
6.493705538, 6.497145784
6.503705539, 6.507271637
6.513705531, 6.517413124
6.523705536, 6.527312246
6.533705534, 6.537449426
6.543705533, 6.547428985
6.553705542, 6.557422121
6.563705519, 6.567492571
6.573705536, 6.577323857
6.583705520, 6.587102870
6.593705537, 6.597236987
6.603705529, 6.607196989
6.613705539, 6.617378365
6.623705532, 6.627327585
6.633705522, 6.637407957
6.643705518, 6.647461963
6.653705538, 6.657010851
6.663705535, 6.666927043
6.673705540, 6.676931111
6.683705524, 6.686958177
6.693705536, 6.696823576
6.703705520, 6.706857621
6.713705529, 6.716867941
6.723705534, 6.727203695
6.733705536, 6.737145883
6.743705517, 6.747262971
6.753705537, 6.757455341
6.763705532, 6.767298379
6.773705519, 6.777303021
6.783705529, 6.787281605
6.793705534, 6.797419867
6.803705531, 6.807341971
6.813705537, 6.817411704
6.823705534, 6.827532277
6.833705532, 6.837466355
6.843705534, 6.847220752
6.853705526, 6.857162435
6.863705521, 6.867295944
6.873705532, 6.877381382
6.883705541, 6.887447382
6.893705539, 6.897477391
6.903705531, 6.907400903
6.913705526, 6.917367285
6.923705513, 6.927425190
6.933705524, 6.937450163
6.943706878, 6.947329978
6.953705532, 6.957212322
6.963705537, 6.967264780
6.973705539, 6.977364796
6.983705519, 6.987335338
6.993705536, 6.997422840
7.003705539, 7.007471314
7.013705532, 7.017481731
7.023705530, 7.027030454
7.033705537, 7.037041112
7.043705521, 7.047064494
7.053705536, 7.057135747
7.063705535, 7.067122713
7.073705532, 7.077102927
7.083705529, 7.087254366
7.093705534, 7.097301137
7.103705525, 7.107387991
7.113705537, 7.117274855
7.123705533, 7.127418784
7.133705512, 7.136888615
7.143705533, 7.146811957
7.153705536, 7.156794983
7.163705539, 7.166919533
7.173705537, 7.176872111
7.183705537, 7.187045997
7.193705519, 7.196950434
7.203705530, 7.207217883
7.213705518, 7.217136000
7.223705517, 7.227229454
7.233705535, 7.237410487
7.243705529, 7.247599834
7.253705532, 7.256709613
7.263705537, 7.266794978
7.273705542, 7.276853848
7.283705540, 7.286902334
7.293705540, 7.296990789
7.303705517, 7.307075046
7.313705532, 7.317063252
7.323705532, 7.327353120
7.333705536, 7.337314765
7.343705520, 7.347415449
7.353705531, 7.357424171
7.363705536, 7.367471232
7.373705540, 7.377465823
7.383705534, 7.387049770
7.393705537, 7.397092983
7.403705539, 7.407080700
7.413705536, 7.417127466
7.423705536, 7.427187569
7.433705538, 7.437319196
7.443705535, 7.447347620
7.453705535, 7.457465008
7.463705528, 7.467285060
7.473705521, 7.477287458
7.483705519, 7.487396444
7.493705536, 7.497315980
7.503705536, 7.507495553
7.513705542, 7.517185315
7.523705524, 7.527166244
7.533705538, 7.537221397
7.543705529, 7.547187194
7.553705534, 7.557344938
7.563705531, 7.567368698
7.573705536, 7.577416939
7.583705524, 7.587503635
7.593705537, 7.597445343
7.603705540, 7.607254163
7.613705536, 7.617150723
7.623705532, 7.627228788
7.633705510, 7.637260984
7.643705532, 7.647328600
7.653705535, 7.657437798
7.663705537, 7.667384239
7.673705531, 7.677466405
7.683705536, 7.687473598
7.693705528, 7.697254189
7.703705528, 7.707146603
7.713705508, 7.717317984
7.723705514, 7.727427043
7.733705532, 7.737048290
7.743705534, 7.747066902
7.753705536, 7.757045259
7.763705520, 7.767089650
7.773705521, 7.777173217
7.783705524, 7.787253479
7.793705540, 7.797341666
7.803705532, 7.807427293
7.813705542, 7.817454228
7.823705520, 7.827250630
7.833705536, 7.837147415
7.843705534, 7.847319198
7.853705517, 7.857390308
7.863705530, 7.867406783
7.873705524, 7.877487208
7.883705525, 7.887159583
7.893705538, 7.897200362
7.903705533, 7.907313382
7.913705535, 7.917280134
7.923705534, 7.927344162
7.933705537, 7.937447453
7.943705517, 7.947226696
7.953705522, 7.957354874
7.963705532, 7.967440363
7.973705535, 7.977165586
7.983705534, 7.986816552
7.993705534, 7.996788798
8.003705524, 8.006867201
8.013705531, 8.017097574
8.023705521, 8.027151880
8.033705534, 8.037219472
8.043705532, 8.047176507
8.053705540, 8.057362032
8.063705528, 8.067351759
8.073705535, 8.077517982
8.083705517, 8.087118945
8.093705530, 8.097008543
8.103705538, 8.107058812
8.113705531, 8.116998690
8.123705518, 8.127257814
8.133705532, 8.137148772
8.143705532, 8.147321643
8.153705536, 8.157361132
8.163705535, 8.167203404
8.173705542, 8.177026390
8.183705521, 8.187112384
8.193705533, 8.197048016
8.203705513, 8.207071958
8.213705534, 8.217127136
8.223705531, 8.227194588
8.233705536, 8.237284440
8.243705521, 8.247431392
8.253705536, 8.257440937
8.263705534, 8.267365531
8.273705535, 8.277166383
8.283705532, 8.287150692
8.293705520, 8.297307606
8.303705529, 8.307393268
8.313705531, 8.317209166
8.323705531, 8.327438297
8.333705539, 8.337509582
8.343705532, 8.347020729
8.353705519, 8.356969944
8.363705532, 8.366997106
8.373705536, 8.377006514
8.383705514, 8.387153258
8.393705532, 8.397093344
8.403705529, 8.407091167
8.413705531, 8.417290032
8.423705526, 8.427404083
8.433705537, 8.437352965
8.443705513, 8.447465116
8.453705533, 8.457109697
8.463705534, 8.467100301
8.473705520, 8.477155239
8.483705520, 8.487081873
8.493705536, 8.497242630
8.503705516, 8.507225240
8.513705537, 8.517289314
8.523705539, 8.527438705
8.533705528, 8.537185302
8.543705523, 8.546955397
8.553705535, 8.557108226
8.563705521, 8.567286442
8.573705513, 8.577365764
8.583705536, 8.587388524
8.593705545, 8.597479668
8.603705519, 8.607403882
8.613705522, 8.617126962
8.623705517, 8.627055614
8.633705521, 8.637190111
8.643705532, 8.647187877
8.653705532, 8.657318109
8.663705518, 8.667482640
8.673705521, 8.677389302
8.683705521, 8.687432021
8.693705529, 8.697251994
8.703705536, 8.707367990
8.713705536, 8.717326268
8.723705524, 8.727453612
8.733705515, 8.737443036
8.743705517, 8.747308195
8.753705545, 8.757397242
8.763705535, 8.767322354
8.773705523, 8.777302615
8.783705520, 8.787396926
8.793705536, 8.797359569
8.803705534, 8.806952380
8.813705539, 8.817006441
8.823705537, 8.827044732
8.833705538, 8.837096462
8.843705518, 8.847205899
8.853705538, 8.857209234
8.863705518, 8.867378960
8.873705521, 8.877487081
8.883705532, 8.887352040
8.893705538, 8.897125468
8.903705538, 8.907180334
8.913705536, 8.917229992
8.923705535, 8.927225596
8.933705532, 8.937364668
8.943705532, 8.947341865
8.953705526, 8.957456060
8.963705520, 8.967207738
8.973705531, 8.977372715
8.983705519, 8.987406942
8.993705534, 8.997480639
9.003705533, 9.007227424
9.013705536, 9.017067296
9.023705520, 9.027017025
9.033705530, 9.037099936
9.043705536, 9.047284989
9.053705536, 9.057386167
9.063705529, 9.067487363
9.073705519, 9.077506301
9.083705525, 9.087158164
9.093705534, 9.096953741
9.103705517, 9.107029693
9.113705512, 9.117027807
9.123705533, 9.127098162
9.133705543, 9.137114175
9.143705520, 9.147145879
9.153705535, 9.157215626
9.163705521, 9.167167237
9.173705536, 9.177194794
9.183705537, 9.187426357
9.193705536, 9.197300110
9.203705521, 9.207161852
9.213705535, 9.217232875
9.223705515, 9.227205641
9.233705517, 9.237297825
9.243705528, 9.247263820
9.253705538, 9.257360587
9.263705537, 9.267491719
9.273705529, 9.277266587
9.283705531, 9.287261370
9.293705515, 9.297285687
9.303705533, 9.307359797
9.313705545, 9.317465203
9.323705528, 9.327307578
9.333705529, 9.337514560
9.343705538, 9.347432474
9.353705516, 9.357310098
9.363705534, 9.367333955
9.373705541, 9.377372532
9.383705525, 9.387270916
9.393705536, 9.397380392
9.403705536, 9.407427196
9.413705530, 9.416689884
9.423705533, 9.426500525
9.433705529, 9.436653477
9.443705537, 9.446729509
9.453705536, 9.456797619
9.463705532, 9.466827754
9.473705521, 9.476890319
9.483705539, 9.487010107
9.493705543, 9.496970984
9.503705518, 9.507107092
9.513705536, 9.517241284
9.523705532, 9.527346210
9.533705517, 9.537459556
9.543705531, 9.547463759
9.553705535, 9.557291142
9.563705529, 9.567289278
9.573705536, 9.577273344
9.583705515, 9.587411754
9.593705536, 9.597432466
9.603705528, 9.607512475
9.613705545, 9.617267917
9.623705526, 9.627429990
9.633705516, 9.637472252
9.643705519, 9.647177265
9.653705534, 9.657169651
9.663705534, 9.667270925
9.673705540, 9.677398515
9.683705525, 9.687285558
9.693705518, 9.697443129
9.703705515, 9.707464106
9.713705533, 9.717473677
9.723705538, 9.727081172
9.733705547, 9.737223622
9.743705528, 9.747296977
9.753705536, 9.757272951
9.763705530, 9.767342139
9.773705539, 9.777461521
9.783705536, 9.787343697
9.793705534, 9.797327093
9.803705542, 9.807305405
9.813705538, 9.817383732
9.823705534, 9.827361369
9.833705522, 9.837222836
9.843705532, 9.847205680
9.853705540, 9.857272905
9.863705528, 9.867178290
9.873705530, 9.877279686
9.883705532, 9.887320015
9.893705521, 9.897390507
9.903705535, 9.907408810
9.913705536, 9.917451471
9.923705534, 9.927475343
9.933705532, 9.937103622
9.943705521, 9.946830675
9.953705510, 9.957056111
9.963705536, 9.966918737
9.973705539, 9.977069659
9.983705523, 9.987072942
9.993705532, 9.997052949
10.003705524, 10.007238221
10.013705529, 10.017312751
10.023705522, 10.027397138
10.033705543, 10.037373505
10.043705523, 10.047482036
10.053705539, 10.057045956
10.063705528, 10.067075182
10.073705513, 10.077059321
10.083705524, 10.087139373
10.093705534, 10.097102333
10.103705513, 10.107216299
10.113705517, 10.117266107
10.123705522, 10.127233864
10.133705514, 10.137537232
10.143705536, 10.147059116
10.153705537, 10.157035252
10.163705540, 10.166984540
10.173705533, 10.176968746
10.183705521, 10.187003328
10.193705534, 10.197018116
10.203705536, 10.207235422
10.213705536, 10.217368292
10.223705531, 10.227319847
10.233705534, 10.237373453
10.243705537, 10.247462337
10.253705532, 10.257425540
10.263705527, 10.266859860
10.273705543, 10.276821412
10.283705536, 10.286859467
10.293705523, 10.296917656
10.303705529, 10.307009149
10.313705514, 10.317108400
10.323705540, 10.327034859
10.333705527, 10.337190078
10.343705520, 10.347338622
10.353705515, 10.357268185
10.363705520, 10.367427726
10.373705509, 10.377266782
10.383705521, 10.387039275
10.393705537, 10.396960316
10.403705529, 10.407230870
10.413705519, 10.417210912
10.423705521, 10.427265173
10.433705540, 10.437383581
10.443705535, 10.447392073
10.453705525, 10.457423620
10.463705518, 10.467366391
10.473705536, 10.477374636
10.483705517, 10.487310652
10.493705514, 10.497300356
10.503705530, 10.507440585
10.513705534, 10.517075054
10.523705526, 10.527027160
10.533705522, 10.537144218
10.543705533, 10.547076791
10.553705512, 10.557152876
10.563705533, 10.567126483
10.573705540, 10.577224532
10.583705524, 10.587313216
10.593705531, 10.597459798
10.603705516, 10.607445787
10.613705513, 10.617439543
10.623705532, 10.627370514
10.633705522, 10.637457961
10.643705521, 10.647420348
10.653705539, 10.657065926
10.663705517, 10.667060015
10.673705531, 10.677104398
10.683705536, 10.687252288
10.693705537, 10.697304676
10.703705525, 10.707372226
10.713705540, 10.717466090
10.723705533, 10.727509709
10.733705520, 10.737081901
10.743705532, 10.746992083
10.753705537, 10.757099901
10.763705518, 10.767114112
10.773705519, 10.777181529
10.783705519, 10.787269986
10.793705517, 10.797346304
10.803705519, 10.807343242
10.813705537, 10.817332658
10.823705527, 10.827114495
10.833705533, 10.837189988
10.843705536, 10.846480572
10.853705532, 10.855741288
10.863705532, 10.865566848
10.873705538, 10.875665994
10.883705539, 10.885563800
10.893705522, 10.895625118
10.903705526, 10.905670919
10.913705515, 10.915703008
10.923705534, 10.925758009
10.933705521, 10.935830024
10.943705536, 10.945840834
10.953705520, 10.955950562
10.963705538, 10.966063431
10.973705531, 10.976000684
10.983705532, 10.986060487
10.993705540, 10.996059848
11.003705537, 11.006236878
11.013705535, 11.016270775
11.023705533, 11.026314239
11.033705532, 11.036343808
11.043705535, 11.046391669
11.053705532, 11.056423726
11.063705534, 11.066395843
11.073705534, 11.076532393
11.083705531, 11.086565359
11.093705519, 11.096629347
11.103705537, 11.106607091
11.113705531, 11.116664232
11.123705534, 11.126702448
11.133705539, 11.136773643
11.143705535, 11.146734026
11.153705517, 11.156826937
11.163705532, 11.166914664
11.173705540, 11.176844658
11.183705536, 11.186874065
11.193705534, 11.196994610
11.203705539, 11.207017085
11.213705523, 11.217101239
11.223705532, 11.227062142
11.233705531, 11.237199069
11.243705537, 11.247176928
11.253705523, 11.257241243
11.263705532, 11.267211880
11.273705534, 11.277268703
11.283705543, 11.287239295
11.293705531, 11.297298648
11.303705528, 11.307428993
11.313705536, 11.317433898
11.323705509, 11.327076441
11.333705512, 11.337231109
11.343705538, 11.347213445
11.353705536, 11.357155339
11.363705543, 11.367222230
11.373705517, 11.377244968
11.383705524, 11.387161978
11.393705537, 11.397312745
11.403705530, 11.407288502
11.413705541, 11.417361143
11.423705521, 11.427388585
11.433705513, 11.437452051
11.443705516, 11.447058979
11.453705539, 11.457127563
11.463705531, 11.467141709
11.473705536, 11.477102619
11.483705519, 11.487223477
11.493705518, 11.497236052
11.503705506, 11.507161712
11.513705513, 11.517248305
11.523705531, 11.527357437
11.533705536, 11.537369326
11.543705541, 11.547403719
11.553705519, 11.557354698
11.563705538, 11.567431968
11.573705511, 11.577441690
11.583705539, 11.587523932
11.593705536, 11.597162328
11.603705537, 11.607145269
11.613705517, 11.617243137
11.623705536, 11.627229562
11.633705516, 11.637323690
11.643705519, 11.647421473
11.653705538, 11.657338086
11.663705525, 11.667407604
11.673705519, 11.677382528
11.683705521, 11.687491505
11.693705533, 11.697442981
11.703705515, 11.707484125
11.713705542, 11.716690403
11.723705515, 11.726648997
11.733705517, 11.736735971
11.743705594, 11.746667289
11.753705557, 11.756764575
11.763705533, 11.766764532
11.773705542, 11.776790100
11.783705520, 11.786778182
11.793705515, 11.796932775
11.803705536, 11.807058461
11.813705516, 11.817020760
11.823705539, 11.826968995
11.833705537, 11.837043695
11.843705518, 11.847079333
11.853705533, 11.857189975
11.863705530, 11.867169599
11.873705513, 11.876383313
11.883705535, 11.885701183
11.893705524, 11.894121215
11.903705506, 11.904171479
11.913705531, 11.914219389
11.923705530, 11.923883676
11.933705536, 11.933965431
11.943705534, 11.943962785
11.953705520, 11.953986937
11.963705514, 11.963983805
11.973705534, 11.973971204
11.983705528, 11.983924004
11.993705509, 11.993964910
12.003705537, 12.003921595
12.013705509, 12.013926636
12.023705509, 12.023915262
12.033705504, 12.033911002
12.043705507, 12.043929150
12.053705504, 12.053934420
------------------------------
