------------------------------
test was performed using the following parameters: --mps=100 --burst=1 --reply-every=1 --msg-size=12 --time=10
------------------------------
sockperf: [Total Run] RunTime=10.100 sec; SentMessages=1011; ReceivedMessages=1010
sockperf: ========= Printing statistics for Server No: 0
sockperf: [Valid Duration] RunTime=9.990 sec; SentMessages=1000; ReceivedMessages=1000
sockperf: [2;35m====> avg-lat=1465.771 (std-dev=625.903)[0m
sockperf: # dropped messages = 0; # duplicated messages = 0; # out-of-order messages = 0
sockperf: [2;35mTotal 1000 observations[0m; each percentile contains 10.00 observations
sockperf: ---> <MAX> observation = 2021.675
sockperf: ---> percentile  99.99 = 2021.675
sockperf: ---> percentile  99.90 = 2010.850
sockperf: ---> percentile  99.50 = 1993.543
sockperf: ---> percentile  99.00 = 1973.470
sockperf: ---> percentile  95.00 = 1932.892
sockperf: ---> percentile  90.00 = 1905.557
sockperf: ---> percentile  75.00 = 1840.286
sockperf: ---> percentile  50.00 = 1725.687
sockperf: ---> percentile  25.00 = 1509.923
sockperf: ---> <MIN> observation =   51.662
------------------------------
txTime, rxTime
2.065923918, 2.068972044
2.075923923, 2.078907724
2.085923907, 2.088960196
2.095923939, 2.098922293
2.105923931, 2.109010886
2.115923916, 2.119084438
2.125923911, 2.129074746
2.135923919, 2.139089743
2.145923916, 2.149190801
2.155923909, 2.159089023
2.165923931, 2.169165209
2.175923908, 2.179190884
2.185923925, 2.189170952
2.195923914, 2.199249455
2.205923911, 2.209145494
2.215923916, 2.219307558
2.225923931, 2.229248287
2.235923917, 2.239234637
2.245923918, 2.249388458
2.255923920, 2.259369858
2.265923919, 2.269467354
2.275923911, 2.279356790
2.285923935, 2.289410838
2.295923920, 2.299480384
2.305923922, 2.309508361
2.315923925, 2.319435172
2.325923917, 2.329491959
2.335923918, 2.339528402
2.345923930, 2.349569957
2.355923924, 2.359506782
2.365923919, 2.369639805
2.375923920, 2.379595136
2.385923921, 2.389583554
2.395923921, 2.399671767
2.405923933, 2.409545568
2.415923925, 2.419728191
2.425923921, 2.429698184
2.435923923, 2.439665166
2.445923917, 2.449723846
2.455923914, 2.459619534
2.465923934, 2.469652311
2.475923917, 2.478766234
2.485923931, 2.488846421
2.495923921, 2.498842177
2.505923915, 2.508782825
2.515923910, 2.518920860
2.525923931, 2.528910834
2.535923938, 2.538888432
2.545923931, 2.548903860
2.555923914, 2.558972727
2.565923920, 2.569029653
2.575923912, 2.579007466
2.585923940, 2.589232133
2.595923926, 2.599124729
2.605923927, 2.609153275
2.615923918, 2.619209481
2.625923917, 2.629371797
2.635923929, 2.639312776
2.645923934, 2.649311097
2.655923916, 2.659321299
2.665923922, 2.669302517
2.675923912, 2.679371561
2.685923914, 2.689368225
2.695923928, 2.699334749
2.705923931, 2.709465489
2.715923909, 2.719502583
2.725923920, 2.729458919
2.735923933, 2.739408672
2.745923912, 2.749452852
2.755923917, 2.759607428
2.765923928, 2.769522840
2.775923939, 2.779422388
2.785923926, 2.789563440
2.795923923, 2.799566111
2.805923918, 2.809693253
2.815923920, 2.819652165
2.825923937, 2.829640334
2.835923912, 2.839593949
2.845923912, 2.849607508
2.855923918, 2.859856966
2.865923915, 2.869684896
2.875923927, 2.879817341
2.885923931, 2.889807333
2.895923926, 2.899781499
2.905923912, 2.909747749
2.915923926, 2.919713244
2.925923915, 2.928683524
2.935923910, 2.938673572
2.945923929, 2.948665898
2.955923915, 2.958743682
2.965924007, 2.968701385
2.975923933, 2.978776626
2.985923918, 2.988856010
2.995923918, 2.998933480
3.005923931, 3.008943965
3.015923933, 3.018993568
3.025923922, 3.028943989
3.035923916, 3.038915958
3.045923918, 3.048915226
3.055923920, 3.059109297
3.065923933, 3.069140591
3.075923921, 3.079118378
3.085923931, 3.089075357
3.095923934, 3.099142246
3.105923936, 3.109215159
3.115923917, 3.119213134
3.125923937, 3.129226068
3.135923925, 3.139206510
3.145923925, 3.149233489
3.155923921, 3.159315570
3.165923918, 3.169225225
3.175923936, 3.179360809
3.185923939, 3.189423458
3.195923927, 3.199344558
3.205923918, 3.209332145
3.215923925, 3.219351464
3.225923920, 3.229452434
3.235923917, 3.239405343
3.245923936, 3.249437958
3.255923923, 3.259488158
3.265923920, 3.269414275
3.275923917, 3.279443066
3.285923915, 3.289524884
3.295923910, 3.299477998
3.305923939, 3.309598508
3.315923921, 3.319707048
3.325923913, 3.329561365
3.335923914, 3.339624424
3.345923920, 3.349663502
3.355923910, 3.359668194
3.365923937, 3.369705117
3.375923926, 3.379750452
3.385923924, 3.389713072
3.395923923, 3.399718004
3.405923918, 3.409697301
3.415923918, 3.419764280
3.425923937, 3.429808385
3.435923920, 3.439936583
3.445923915, 3.449840820
3.455923918, 3.459859054
3.465923925, 3.469841599
3.475923912, 3.479863127
3.485923929, 3.489967280
3.495923933, 3.499911021
3.505923909, 3.509219817
3.515923916, 3.519241697
3.525923912, 3.529262928
3.535923912, 3.539164326
3.545923933, 3.549310617
3.555923921, 3.559186696
3.565923939, 3.569242701
3.575923918, 3.579404018
3.585923921, 3.589314499
3.595923944, 3.599367851
3.605924049, 3.609339226
3.615923946, 3.619352615
3.625923921, 3.629360504
3.635923917, 3.639415218
3.645923942, 3.649486895
3.655923915, 3.659437558
3.665923939, 3.669358030
3.675923923, 3.679502579
3.685923918, 3.689464448
3.695923925, 3.699537090
3.705923942, 3.709542326
3.715923912, 3.719538846
3.725923936, 3.729482326
3.735923923, 3.739600801
3.745923918, 3.749616677
3.755923912, 3.759587831
3.765923926, 3.769691118
3.775923918, 3.779707987
3.785923927, 3.789655063
3.795923926, 3.799823101
3.805923914, 3.809838404
3.815923923, 3.819346479
3.825923918, 3.829035910
3.835923915, 3.839053998
3.845923929, 3.849056022
3.855923924, 3.859132867
3.865923935, 3.869210988
3.875923918, 3.879158416
3.885923931, 3.889225946
3.895923921, 3.899206478
3.905923937, 3.909221059
3.915923922, 3.919250060
3.925923920, 3.929196194
3.935923917, 3.939342100
3.945923918, 3.949376913
3.955923921, 3.959403766
3.965923929, 3.969388861
3.975923933, 3.979424816
3.985923926, 3.989514000
3.995923915, 3.999495928
4.005923917, 4.009512974
4.015923914, 4.019470912
4.025923936, 4.029514909
4.035923928, 4.039440164
4.045923916, 4.049560131
4.055923912, 4.059597799
4.065923917, 4.069614927
4.075923912, 4.079719286
4.085923929, 4.089531224
4.095923920, 4.099645052
4.105923939, 4.109644920
4.115923914, 4.119699584
4.125923910, 4.129654852
4.135923918, 4.139661893
4.145923940, 4.149671186
4.155923932, 4.159706957
4.165923917, 4.169726145
4.175923915, 4.179721685
4.185923917, 4.189735880
4.195923912, 4.199761502
4.205923928, 4.209166968
4.215923918, 4.218771238
4.225923917, 4.228943002
4.235923918, 4.238845144
4.245923915, 4.248903210
4.255923917, 4.258939584
4.265923935, 4.268904184
4.275923918, 4.279037296
4.285923921, 4.289029352
4.295923918, 4.299048060
4.305923916, 4.309093677
4.315923912, 4.319115093
4.325923929, 4.329117137
4.335923918, 4.339128511
4.345923926, 4.349127835
4.355923923, 4.359220239
4.365923914, 4.369249352
4.375923915, 4.379195313
4.385923931, 4.389147276
4.395923919, 4.399228600
4.405923921, 4.409238479
4.415923920, 4.419266646
4.425923923, 4.429341359
4.435923918, 4.439337210
4.445923925, 4.449402271
4.455923917, 4.459463346
4.465923918, 4.469406351
4.475923926, 4.479440064
4.485923912, 4.489504476
4.495923916, 4.499518182
4.505923937, 4.509516054
4.515923920, 4.519537109
4.525923927, 4.529585337
4.535923921, 4.539566424
4.545923925, 4.549737530
4.555923918, 4.559612748
4.565923934, 4.569714097
4.575923921, 4.579760652
4.585923917, 4.589755578
4.595923925, 4.599812761
4.605923910, 4.609747350
4.615923914, 4.619830076
4.625923933, 4.629730829
4.635923918, 4.639824164
4.645923917, 4.649480739
4.655923918, 4.659501307
4.665923921, 4.669452431
4.675923912, 4.679446984
4.685923931, 4.689425240
4.695923934, 4.699422497
4.705923926, 4.709389436
4.715923933, 4.719592989
4.725923918, 4.729493802
4.735923915, 4.739490881
4.745923931, 4.749541336
4.755923918, 4.759591791
4.765923917, 4.769597932
4.775923920, 4.779564119
4.785923918, 4.789671743
4.795923920, 4.799594670
4.805923933, 4.809627436
4.815923926, 4.819707277
4.825923920, 4.829776399
4.835923926, 4.839659553
4.845923915, 4.849610337
4.855923929, 4.859718063
4.865923940, 4.869639653
4.875923921, 4.879229372
4.885923918, 4.889288198
4.895923917, 4.899359191
4.905923917, 4.909421571
4.915923933, 4.919356973
4.925923931, 4.929408359
4.935923917, 4.939448285
4.945923928, 4.949412915
4.955923921, 4.959548613
4.965923918, 4.969599167
4.975923917, 4.979480433
4.985923937, 4.989679217
4.995923925, 4.999584220
5.005923917, 5.009631332
5.015923920, 5.019694533
5.025923911, 5.029703051
5.035923921, 5.039745122
5.045923931, 5.049784976
5.055923916, 5.059790797
5.065923912, 5.069945613
5.075923922, 5.079825760
5.085923918, 5.089870860
5.095923939, 5.099789220
5.105923929, 5.109919059
5.115923931, 5.119896932
5.125923917, 5.129727224
5.135923923, 5.139129710
5.145923920, 5.149141656
5.155923921, 5.159104255
5.165923935, 5.169082184
5.175923919, 5.179238821
5.185923924, 5.189208309
5.195923918, 5.199157061
5.205923931, 5.209266937
5.215923915, 5.219361833
5.225923940, 5.229366052
5.235923927, 5.239339662
5.245923928, 5.249485289
5.255923923, 5.259370656
5.265923920, 5.269428272
5.275923917, 5.279372604
5.285923940, 5.289434480
5.295923924, 5.299451848
5.305923940, 5.309572931
5.315923918, 5.319542114
5.325923921, 5.329616653
5.335923918, 5.339538690
5.345923933, 5.349579002
5.355923942, 5.359486340
5.365923920, 5.369548304
5.375923940, 5.379632661
5.385923912, 5.389574529
5.395923914, 5.399656381
5.405923931, 5.409691884
5.415923918, 5.419593176
5.425923931, 5.429643894
5.435923925, 5.439853118
5.445923910, 5.449784047
5.455923915, 5.459773259
5.465923928, 5.469777051
5.475923925, 5.479786330
5.485923918, 5.489825112
5.495923919, 5.499810372
5.505923920, 5.509801304
5.515923915, 5.519834147
5.525923942, 5.528961755
5.535924013, 5.538826253
5.545923925, 5.548733470
5.555923914, 5.558758571
5.565923921, 5.568936581
5.575923910, 5.578901294
5.585923931, 5.588973252
5.595923921, 5.598925871
5.605923924, 5.609005943
5.615923920, 5.618897384
5.625923921, 5.628943244
5.635923910, 5.638975304
5.645923940, 5.648944272
5.655923920, 5.658917733
5.665923925, 5.669047599
5.675923918, 5.679039304
5.685923918, 5.689034738
5.695923920, 5.699258062
5.705923936, 5.709122548
5.715923927, 5.719184615
5.725923928, 5.729209986
5.735923917, 5.739314656
5.745923914, 5.749300643
5.755923918, 5.759276931
5.765923942, 5.769280480
5.775923933, 5.779274680
5.785923923, 5.789287281
5.795923914, 5.799346048
5.805923921, 5.809421124
5.815923920, 5.819332172
5.825923933, 5.829431497
5.835923921, 5.839410230
5.845923918, 5.849474942
5.855923917, 5.859438048
5.865923931, 5.869484520
5.875923917, 5.879553979
5.885923936, 5.889522609
5.895923922, 5.899587211
5.905923917, 5.909519446
5.915923917, 5.919506500
5.925923914, 5.929608566
5.935923911, 5.939591458
5.945923934, 5.949595072
5.955923920, 5.959695080
5.965923924, 5.969539706
5.975924014, 5.979653022
5.985923925, 5.989688296
5.995923915, 5.999690869
6.005923915, 6.009755879
6.015923921, 6.019869491
6.025923923, 6.029687747
6.035923921, 6.039699801
6.045923921, 6.049823270
6.055923910, 6.059789924
6.065923937, 6.069552009
6.075923926, 6.079385602
6.085923943, 6.089439421
6.095923918, 6.099484903
6.105923940, 6.109367366
6.115923919, 6.119494587
6.125923937, 6.129443053
6.135923924, 6.139465552
6.145923934, 6.149490636
6.155923922, 6.159430114
6.165923920, 6.169607045
6.175923918, 6.179653849
6.185923933, 6.189554742
6.195923917, 6.199624099
6.205923941, 6.209640769
6.215923940, 6.219712305
6.225923907, 6.229753309
6.235923918, 6.239757201
6.245923933, 6.249709794
6.255923925, 6.259720178
6.265923920, 6.269762648
6.275923925, 6.279789711
6.285923918, 6.289609797
6.295923912, 6.299642345
6.305923934, 6.309583561
6.315923914, 6.319506388
6.325923920, 6.329643190
6.335923939, 6.339642597
6.345923923, 6.349734930
6.355923917, 6.359583481
6.365923936, 6.369698789
6.375923916, 6.379571502
6.385923922, 6.389751030
6.395923920, 6.399649222
6.405923939, 6.409705580
6.415923912, 6.419685394
6.425923909, 6.429552933
6.435923920, 6.439500329
6.445923918, 6.449486094
6.455923920, 6.459507457
6.465923917, 6.469547451
6.475923907, 6.479614047
6.485923931, 6.489691248
6.495923925, 6.499727189
6.505923917, 6.509699137
6.515923916, 6.519644023
6.525923915, 6.529766457
6.535923912, 6.539822717
6.545923952, 6.549751337
6.555923928, 6.559787527
6.565923937, 6.569858128
6.575923924, 6.579530077
6.585923921, 6.589326171
6.595923917, 6.599337208
6.605923931, 6.609362896
6.615923921, 6.619365865
6.625923917, 6.629334275
6.635923915, 6.639305440
6.645923915, 6.649413398
6.655923915, 6.659508098
6.665923931, 6.669515940
6.675923923, 6.679509540
6.685923920, 6.689515109
6.695923925, 6.699529920
6.705923920, 6.709566695
6.715923918, 6.719564235
6.725923929, 6.729570141
6.735923929, 6.739561075
6.745923937, 6.749682551
6.755923912, 6.759693637
6.765923918, 6.769736225
6.775923922, 6.779726449
6.785923940, 6.789723453
6.795923927, 6.799781525
6.805923921, 6.809813919
6.815923915, 6.819786806
6.825923921, 6.829779292
6.835923907, 6.839800717
6.845923931, 6.849816580
6.855923923, 6.859866298
6.865923918, 6.869536969
6.875923940, 6.879397561
6.885923929, 6.889469411
6.895923917, 6.899597065
6.905923933, 6.909448547
6.915923918, 6.919545210
6.925923919, 6.929593900
6.935923915, 6.939587159
6.945923914, 6.949534073
6.955923906, 6.959628298
6.965924027, 6.969660022
6.975923936, 6.979638146
6.985923917, 6.989594671
6.995923923, 6.999659986
7.005923915, 7.009718945
7.015923917, 7.019721873
7.025923931, 7.029736104
7.035923923, 7.039796453
7.045923934, 7.049782336
7.055923927, 7.059372092
7.065923918, 7.069354715
7.075923920, 7.079405510
7.085923933, 7.089336757
7.095923917, 7.099339765
7.105923920, 7.109293471
7.115923921, 7.119311366
7.125923921, 7.129375297
7.135923912, 7.139320102
7.145923928, 7.149544509
7.155923921, 7.159559015
7.165923936, 7.169518958
7.175923925, 7.179553606
7.185923936, 7.189669866
7.195923915, 7.199609223
7.205923939, 7.209668207
7.215923930, 7.219601339
7.225923916, 7.229619658
7.235923925, 7.239765767
7.245923918, 7.249628417
7.255923917, 7.259729343
7.265923936, 7.269760854
7.275923924, 7.279888284
7.285923929, 7.289572495
7.295923920, 7.299275963
7.305923921, 7.309261376
7.315923915, 7.319275093
7.325923931, 7.329288119
7.335923928, 7.339319092
7.345923920, 7.349289254
7.355923920, 7.359361778
7.365923921, 7.369354646
7.375923920, 7.379399870
7.385923933, 7.389333555
7.395923925, 7.399461384
7.405923917, 7.409515535
7.415923923, 7.419508572
7.425923920, 7.429517511
7.435923918, 7.439473028
7.445923918, 7.449558325
7.455923919, 7.459636024
7.465923927, 7.469594194
7.475923917, 7.479709967
7.485923918, 7.489560384
7.495923912, 7.499470014
7.505923937, 7.509557999
7.515923920, 7.519705999
7.525923921, 7.529560327
7.535923914, 7.539591909
7.545923920, 7.549715376
7.555923909, 7.559655138
7.565923937, 7.569629398
7.575923923, 7.579697639
7.585923920, 7.589735847
7.595923917, 7.599681476
7.605923921, 7.609685706
7.615923917, 7.619440099
7.625923936, 7.629299900
7.635923920, 7.639288317
7.645923925, 7.649372469
7.655923921, 7.659406939
7.665923910, 7.669444537
7.675923916, 7.679376883
7.685923923, 7.689479619
7.695923921, 7.699384058
7.705923932, 7.709422032
7.715923918, 7.719524567
7.725923921, 7.729493065
7.735923917, 7.739493894
7.745923937, 7.749585463
7.755923916, 7.759375103
7.765923917, 7.769510946
7.775923918, 7.779634603
7.785923920, 7.789651287
7.795923915, 7.799798438
7.805923942, 7.809629174
7.815923923, 7.819777333
7.825923914, 7.829837570
7.835923920, 7.839787673
7.845923934, 7.849755536
7.855923912, 7.859259695
7.865923931, 7.869241306
7.875923923, 7.879257047
7.885923921, 7.889216755
7.895923926, 7.899259152
7.905923940, 7.909283253
7.915923907, 7.919281886
7.925923942, 7.929390619
7.935923917, 7.939501378
7.945923918, 7.949420251
7.955923937, 7.959503084
7.965924005, 7.969438088
7.975923934, 7.979446160
7.985923933, 7.989536873
7.995923921, 7.999517048
8.005923922, 8.009525788
8.015923913, 8.019548315
8.025923912, 8.029511573
8.035923912, 8.039480309
8.045923936, 8.049480218
8.055923925, 8.059651729
8.065923917, 8.069607151
8.075923921, 8.079679363
8.085923920, 8.089609104
8.095923914, 8.099656053
8.105923933, 8.109711440
8.115923922, 8.119722662
8.125923920, 8.129795718
8.135923923, 8.139735005
8.145923929, 8.149769003
8.155923915, 8.159187864
8.165923939, 8.169109904
8.175923928, 8.179204652
8.185923924, 8.189133778
8.195923926, 8.199184437
8.205923920, 8.209098417
8.215923922, 8.219188859
8.225923931, 8.229247456
8.235923938, 8.239297572
8.245923940, 8.249249552
8.255923917, 8.259202967
8.265923920, 8.269303640
8.275923936, 8.279222888
8.285923936, 8.289368628
8.295923921, 8.299369652
8.305923925, 8.309229432
8.315923923, 8.319421641
8.325923915, 8.329506728
8.335923915, 8.339548820
8.345923937, 8.349578983
8.355923929, 8.359602522
8.365923928, 8.369600553
8.375923923, 8.379548697
8.385923922, 8.389563928
8.395923918, 8.399574342
8.405923929, 8.409621284
8.415923924, 8.419636050
8.425923919, 8.429619556
8.435923923, 8.439779693
8.445923910, 8.449697663
8.455923917, 8.459693300
8.465923934, 8.469803083
8.475923931, 8.479899986
8.485923909, 8.489878884
8.495923919, 8.499914054
8.505923909, 8.509831504
8.515923969, 8.519837895
8.525923925, 8.529411275
8.535923919, 8.539433441
8.545923932, 8.549457700
8.555923936, 8.559523064
8.565923937, 8.569506433
8.575923912, 8.579522355
8.585923933, 8.589621315
8.595923925, 8.599512786
8.605923921, 8.609581550
8.615923918, 8.619533301
8.625923939, 8.629630746
8.635923912, 8.639660583
8.645923926, 8.649773734
8.655923925, 8.659678655
8.665923915, 8.668989547
8.675923916, 8.678977636
8.685923917, 8.689108140
8.695923910, 8.699036933
8.705923931, 8.708987799
8.715923924, 8.719036923
8.725923919, 8.729008362
8.735923921, 8.738976408
8.745923933, 8.749004125
8.755923912, 8.759116893
8.765923933, 8.769194874
8.775923923, 8.779203648
8.785923920, 8.789145142
8.795923940, 8.799154405
8.805923912, 8.809282018
8.815923914, 8.819304741
8.825923933, 8.829320097
8.835923916, 8.839376197
8.845923927, 8.849396192
8.855923921, 8.859335462
8.865923910, 8.869347107
8.875923920, 8.879337482
8.885923931, 8.889411489
8.895923923, 8.899423219
8.905923932, 8.909425463
8.915923920, 8.919415388
8.925923914, 8.929469980
8.935923914, 8.939526333
8.945923933, 8.949502339
8.955923922, 8.959506205
8.965924017, 8.969475194
8.975923914, 8.979527115
8.985924010, 8.989564865
8.995923920, 8.999619459
9.005923942, 9.009600865
9.015923925, 9.019671343
9.025923918, 9.029649841
9.035923929, 9.039590576
9.045923920, 9.049602359
9.055923923, 9.059642905
9.065923934, 9.069735718
9.075923921, 9.079735037
9.085923918, 9.089698290
9.095923918, 9.099682902
9.105923921, 9.109750207
9.115923921, 9.119683742
9.125923920, 9.129769068
9.135923938, 9.139771801
9.145923914, 9.149709829
9.155923925, 9.159795779
9.165923910, 9.169739746
9.175923939, 9.179678869
9.185923928, 9.189839820
9.195923920, 9.198087676
9.205923929, 9.208701972
9.215923920, 9.218723991
9.225923915, 9.228843218
9.235923918, 9.238792649
9.245923937, 9.248746332
9.255923921, 9.258697081
9.265923921, 9.268802011
9.275923915, 9.278841617
9.285923909, 9.288855425
9.295923914, 9.298929892
9.305923939, 9.308823962
9.315923944, 9.318958312
9.325923927, 9.328929099
9.335923917, 9.338974120
9.345923918, 9.348993058
9.355923912, 9.359017949
9.365923939, 9.368992369
9.375923917, 9.379026103
9.385923935, 9.389059935
9.395923914, 9.398906140
9.405923920, 9.409063086
9.415923912, 9.419078794
9.425923936, 9.429132432
9.435923920, 9.439183544
9.445923922, 9.449143265
9.455923923, 9.459227571
9.465923918, 9.469221715
9.475923921, 9.479232557
9.485923936, 9.489110425
9.495923924, 9.499286055
9.505923920, 9.509183521
9.515923915, 9.519156461
9.525923933, 9.529181907
9.535923915, 9.539284039
9.545923934, 9.549216449
9.555923924, 9.559317050
9.565923920, 9.569224420
9.575923915, 9.579397670
9.585923921, 9.589352768
9.595923921, 9.599368864
9.605923933, 9.609507161
9.615923924, 9.619465760
9.625923927, 9.629395615
9.635923925, 9.639555286
9.645923918, 9.649438161
9.655923910, 9.659284838
9.665923936, 9.669396508
9.675923923, 9.679473904
9.685923926, 9.689494720
9.695923915, 9.699408322
9.705923920, 9.709494321
9.715923915, 9.719604489
9.725923934, 9.729617678
9.735923917, 9.739679937
9.745923912, 9.749642661
9.755923915, 9.759677494
9.765923909, 9.769692855
9.775923909, 9.779714483
9.785923936, 9.789708879
9.795923923, 9.799771612
9.805923918, 9.809707344
9.815923916, 9.819668085
9.825923909, 9.829749543
9.835923933, 9.839858900
9.845923925, 9.849783012
9.855923920, 9.859592951
9.865923918, 9.869120729
9.875923918, 9.879102754
9.885923940, 9.889101633
9.895923929, 9.899144666
9.905923933, 9.909106007
9.915923914, 9.919101594
9.925923919, 9.929206231
9.935923923, 9.939183637
9.945923939, 9.949219968
9.955923914, 9.959248747
9.965923933, 9.969228198
9.975924008, 9.978543607
9.985923921, 9.988607782
9.995923936, 9.998639747
10.005923931, 10.008636622
10.015923917, 10.018656415
10.025923929, 10.028708200
10.035923934, 10.038724798
10.045923933, 10.048686357
10.055923917, 10.058763953
10.065923920, 10.068722058
10.075923934, 10.078713566
10.085923942, 10.088780295
10.095923920, 10.098829257
10.105923938, 10.108865145
10.115923937, 10.118850552
10.125923934, 10.128926114
10.135923914, 10.138899504
10.145923929, 10.148887021
10.155923923, 10.158945806
10.165923936, 10.168849619
10.175923933, 10.178939712
10.185923934, 10.189034713
10.195923912, 10.198992391
10.205923934, 10.208943782
10.215923933, 10.219067342
10.225923923, 10.229001621
10.235923931, 10.239028294
10.245923942, 10.249028741
10.255923928, 10.259078396
10.265923934, 10.268480632
10.275923925, 10.278483563
10.285923929, 10.288532666
10.295923940, 10.298532025
10.305923929, 10.308535219
10.315923912, 10.318563627
10.325923929, 10.328604837
10.335923933, 10.337071223
10.345923933, 10.347046700
10.355923936, 10.357023445
10.365923928, 10.366992556
10.375923934, 10.377010072
10.385923933, 10.387018018
10.395923925, 10.396972399
10.405923918, 10.406968601
10.415923936, 10.416965985
10.425923935, 10.426969969
10.435923925, 10.436965311
10.445923914, 10.446955458
10.455923919, 10.456955842
10.465923915, 10.466967111
10.475923933, 10.476954096
10.485923929, 10.486955030
10.495923929, 10.496955879
10.505923927, 10.506955821
10.515923913, 10.516949220
10.525923917, 10.526947905
10.535923933, 10.536163568
10.545923933, 10.546162939
10.555923912, 10.556165854
10.565923930, 10.566140816
10.575923919, 10.576160117
10.585923930, 10.586169196
10.595923914, 10.596105630
10.605923917, 10.606098181
10.615923936, 10.616095591
10.625923906, 10.626097777
10.635923909, 10.636095151
10.645923909, 10.646095866
10.655923909, 10.656098956
10.665923903, 10.666099453
10.675923930, 10.676101921
10.685923912, 10.686097186
10.695923906, 10.696095700
10.705923908, 10.706159297
10.715923903, 10.716097349
10.725923901, 10.726093205
10.735923901, 10.736097259
10.745923906, 10.746096788
10.755923908, 10.756100263
10.765923914, 10.766095967
10.775923901, 10.776096411
10.785923909, 10.786096507
10.795923903, 10.796098323
10.805923909, 10.806094246
10.815923905, 10.816093889
10.825923906, 10.826099332
10.835923901, 10.836100021
10.845923905, 10.846098999
10.855923903, 10.856093938
10.865923909, 10.866096403
10.875923922, 10.876101269
10.885923903, 10.886096307
10.895923908, 10.896095062
10.905923909, 10.906098430
10.915923911, 10.916101330
10.925923911, 10.926095362
10.935923901, 10.936098474
10.945923912, 10.946094708
10.955923909, 10.956096474
10.965923908, 10.966095645
10.975923900, 10.976093602
10.985923908, 10.986097560
10.995923911, 10.996101591
11.005923900, 11.006093743
11.015923905, 11.016087927
11.025923906, 11.026096215
11.035923897, 11.036096177
11.045923901, 11.046092835
11.055923903, 11.056098416
11.065923900, 11.066098332
11.075923903, 11.076098465
11.085923903, 11.086095211
11.095923900, 11.096096168
11.105923905, 11.106094174
11.115923901, 11.116095836
11.125923905, 11.126094451
11.135923906, 11.136094205
11.145923903, 11.146101250
11.155923895, 11.156105862
11.165923903, 11.166097128
11.175923900, 11.176097717
11.185923903, 11.186096068
11.195923908, 11.196094011
11.205923901, 11.206097542
11.215923903, 11.216097178
11.225923905, 11.226096114
11.235923908, 11.236100019
11.245923906, 11.246097600
11.255923906, 11.256097476
11.265923903, 11.266096916
11.275923903, 11.276090431
11.285923904, 11.286094429
11.295923905, 11.296095871
11.305923906, 11.306101425
11.315923903, 11.316103088
11.325923905, 11.326095557
11.335923900, 11.336097887
11.345923908, 11.346094906
11.355923900, 11.356095692
11.365923909, 11.366096829
11.375923909, 11.376098733
11.385923909, 11.386099948
11.395923905, 11.396099314
11.405923906, 11.406093422
11.415923905, 11.416099823
11.425923903, 11.426095696
11.435923905, 11.436096589
11.445923898, 11.446095981
11.455923901, 11.456096817
11.465923906, 11.466096144
11.475923908, 11.476100326
11.485923909, 11.486094312
11.495923901, 11.496095235
11.505923938, 11.506096179
11.515923906, 11.516094143
11.525923901, 11.526095595
11.535923908, 11.536094234
11.545923903, 11.546097074
11.555923906, 11.556058742
11.565923903, 11.566048878
11.575923896, 11.576051589
11.585923901, 11.586048014
11.595923900, 11.596049749
11.605923911, 11.606097567
11.615923911, 11.616099232
11.625923931, 11.626098402
11.635923905, 11.636098661
11.645923903, 11.646095876
11.655923901, 11.656096645
11.665923909, 11.666095601
11.675923905, 11.676097562
11.685923901, 11.686096354
11.695923897, 11.696097598
11.705923901, 11.706100272
11.715923908, 11.716097080
11.725923905, 11.726095591
11.735923901, 11.736095746
11.745923906, 11.746097490
11.755923914, 11.756096139
11.765923901, 11.766095555
11.775923908, 11.776094882
11.785923908, 11.786099854
11.795923909, 11.796096968
11.805923906, 11.806099735
11.815923917, 11.816097729
11.825923903, 11.826096431
11.835923903, 11.836097006
11.845923909, 11.846097057
11.855923909, 11.856098051
11.865923930, 11.866100615
11.875923901, 11.876027227
11.885923908, 11.886098028
11.895923908, 11.896095718
11.905923905, 11.906095861
11.915923906, 11.916094857
11.925923911, 11.926030360
11.935923908, 11.936095639
11.945923900, 11.946096765
11.955923914, 11.956100113
11.965923917, 11.966098129
11.975923908, 11.976098589
11.985923905, 11.986095994
11.995923900, 11.996097095
12.005923901, 12.006093828
12.015923908, 12.016095793
12.025923905, 12.026099615
12.035923922, 12.036102462
12.045923901, 12.046096636
12.055923898, 12.056095765
------------------------------
