------------------------------
test was performed using the following parameters: --mps=100 --burst=1 --reply-every=1 --msg-size=12 --time=10
------------------------------
sockperf: [Total Run] RunTime=10.100 sec; SentMessages=1011; ReceivedMessages=1010
sockperf: ========= Printing statistics for Server No: 0
sockperf: [Valid Duration] RunTime=9.980 sec; SentMessages=999; ReceivedMessages=999
sockperf: [2;35m====> avg-lat= 61.513 (std-dev=14.509)[0m
sockperf: # dropped messages = 0; # duplicated messages = 0; # out-of-order messages = 0
sockperf: [2;35mTotal 999 observations[0m; each percentile contains 9.99 observations
sockperf: ---> <MAX> observation =  121.207
sockperf: ---> percentile  99.99 =  121.207
sockperf: ---> percentile  99.90 =  108.331
sockperf: ---> percentile  99.50 =   99.608
sockperf: ---> percentile  99.00 =   97.108
sockperf: ---> percentile  95.00 =   88.526
sockperf: ---> percentile  90.00 =   85.990
sockperf: ---> percentile  75.00 =   68.523
sockperf: ---> percentile  50.00 =   58.538
sockperf: ---> percentile  25.00 =   52.127
sockperf: ---> <MIN> observation =   28.094
------------------------------
txTime, rxTime
2.063826393, 2.064001891
2.073826377, 2.073998358
2.083826395, 2.083990650
2.093826401, 2.094019202
2.103826395, 2.103992602
2.113826398, 2.114000112
2.123826379, 2.123984137
2.133826392, 2.133988568
2.143826399, 2.143991061
2.153826393, 2.153990458
2.163826395, 2.163982911
2.173826396, 2.174001021
2.183826385, 2.183998337
2.193826385, 2.194013927
2.203826392, 2.204006865
2.213826395, 2.213983762
2.223826381, 2.223978007
2.233826381, 2.234024603
2.243826396, 2.243944874
2.253826373, 2.253984024
2.263826398, 2.263951706
2.273826373, 2.273939192
2.283826369, 2.283953618
2.293826385, 2.293967011
2.303826385, 2.303932098
2.313826385, 2.313936246
2.323826374, 2.323948864
2.333826381, 2.333949546
2.343826381, 2.343958601
2.353826398, 2.353948662
2.363826393, 2.363938170
2.373826382, 2.373954567
2.383826376, 2.383932614
2.393826381, 2.393940153
2.403826382, 2.403942902
2.413826379, 2.413917553
2.423826381, 2.423913738
2.433826377, 2.433937771
2.443826385, 2.443930397
2.453826385, 2.453941402
2.463826376, 2.463928757
2.473826382, 2.473947671
2.483826379, 2.483922542
2.493826387, 2.493935278
2.503826385, 2.503933732
2.513826374, 2.513946305
2.523826379, 2.523952500
2.533826384, 2.533941167
2.543826381, 2.543942072
2.553826385, 2.553946655
2.563826384, 2.563915440
2.573826373, 2.573936525
2.583826376, 2.583947424
2.593826379, 2.593928498
2.603826374, 2.603944784
2.613826374, 2.613953756
2.623826373, 2.623972516
2.633826373, 2.633918854
2.643826373, 2.643915773
2.653826377, 2.653954117
2.663826379, 2.663950530
2.673826381, 2.673944102
2.683826377, 2.683963147
2.693826379, 2.693931021
2.703826381, 2.703943880
2.713826381, 2.713968315
2.723826384, 2.723931046
2.733826376, 2.733909512
2.743826382, 2.743920812
2.753826384, 2.753937815
2.763826377, 2.763940373
2.773826390, 2.773930385
2.783826376, 2.783953966
2.793826377, 2.793954938
2.803826379, 2.803936918
2.813826385, 2.813929335
2.823826376, 2.823939684
2.833826382, 2.833940286
2.843826376, 2.843937982
2.853826377, 2.853943499
2.863826377, 2.863934117
2.873826379, 2.873934531
2.883826368, 2.883931679
2.893826374, 2.893931289
2.903826381, 2.903947685
2.913826387, 2.913959296
2.923826390, 2.923917922
2.933826385, 2.933912148
2.943826379, 2.943935813
2.953826377, 2.953957588
2.963826376, 2.963919369
2.973826377, 2.973915972
2.983826379, 2.983959754
2.993826379, 2.993946690
3.003826379, 3.003943243
3.013826381, 3.013944547
3.023826387, 3.023936942
3.033826381, 3.033950304
3.043826382, 3.043946644
3.053826377, 3.053930339
3.063826371, 3.063932118
3.073826379, 3.073949074
3.083826379, 3.083919317
3.093826382, 3.093931954
3.103826377, 3.103920610
3.113826379, 3.113913936
3.123826377, 3.123940944
3.133826381, 3.133938420
3.143826382, 3.143944390
3.153826384, 3.153952295
3.163826382, 3.163937809
3.173826377, 3.173936236
3.183826379, 3.183911523
3.193826381, 3.193942356
3.203826377, 3.203924478
3.213826376, 3.213932766
3.223826376, 3.223917136
3.233826373, 3.233966351
3.243826377, 3.243949761
3.253826373, 3.253946343
3.263826377, 3.263931566
3.273826381, 3.273936621
3.283826384, 3.283919961
3.293826385, 3.293926204
3.303826376, 3.303915243
3.313826374, 3.313935706
3.323826384, 3.323947784
3.333826374, 3.333923011
3.343826385, 3.343947303
3.353826381, 3.353931863
3.363826387, 3.363922372
3.373826387, 3.373934742
3.383826385, 3.383934428
3.393826381, 3.393959435
3.403826373, 3.403925089
3.413826377, 3.413930288
3.423826369, 3.423927923
3.433826373, 3.433938218
3.443826379, 3.443948793
3.453826377, 3.453929625
3.463826379, 3.463972924
3.473826379, 3.473928766
3.483826376, 3.483904191
3.493826377, 3.493943171
3.503826384, 3.503958917
3.513826381, 3.513964241
3.523826377, 3.523947258
3.533826381, 3.533951864
3.543826459, 3.543960891
3.553826373, 3.553927003
3.563826382, 3.563963779
3.573826379, 3.573950131
3.583826381, 3.583940119
3.593826373, 3.593937340
3.603826382, 3.603965220
3.613826382, 3.613935821
3.623826377, 3.623933457
3.633826377, 3.633934682
3.643826385, 3.643933996
3.653826379, 3.653939789
3.663826377, 3.663934831
3.673826382, 3.673942923
3.683826379, 3.683938262
3.693826374, 3.693954861
3.703826376, 3.703926332
3.713826373, 3.713941495
3.723826373, 3.723937771
3.733826379, 3.733960872
3.743826382, 3.743923093
3.753826379, 3.753950783
3.763826379, 3.763938120
3.773826385, 3.773961717
3.783826379, 3.783970937
3.793826377, 3.793924710
3.803826385, 3.803939601
3.813826384, 3.813949955
3.823826384, 3.823932625
3.833826379, 3.833938150
3.843826373, 3.843967937
3.853826379, 3.853959160
3.863826377, 3.863950513
3.873826382, 3.873942380
3.883826381, 3.883937408
3.893826379, 3.893957105
3.903826374, 3.903945637
3.913826385, 3.913943041
3.923826377, 3.923946182
3.933826377, 3.933969186
3.943826384, 3.943911637
3.953826377, 3.953968094
3.963826379, 3.963956201
3.973826379, 3.973939612
3.983826385, 3.983920651
3.993826381, 3.993915426
4.003826379, 4.003919048
4.013826381, 4.013937749
4.023826382, 4.023959157
4.033826387, 4.033943949
4.043826404, 4.043947928
4.053826384, 4.053933440
4.063826377, 4.063937433
4.073826377, 4.073970254
4.083826373, 4.083912755
4.093826381, 4.093949903
4.103826382, 4.103941546
4.113826384, 4.113945135
4.123826379, 4.123945012
4.133826384, 4.133970367
4.143826384, 4.143945795
4.153826377, 4.153919970
4.163826377, 4.163930462
4.173826379, 4.173926617
4.183826381, 4.183981436
4.193826406, 4.193949990
4.203826385, 4.203944109
4.213826382, 4.213942091
4.223826385, 4.223948020
4.233826381, 4.233926358
4.243826379, 4.243984866
4.253826374, 4.253950550
4.263826382, 4.263940873
4.273826374, 4.273952733
4.283826385, 4.283946707
4.293826376, 4.293949104
4.303826382, 4.303927083
4.313826382, 4.313942886
4.323826382, 4.323978565
4.333826385, 4.333947180
4.343826377, 4.343959752
4.353826401, 4.353948523
4.363826377, 4.363940689
4.373826376, 4.373963063
4.383826371, 4.383934045
4.393826381, 4.393929182
4.403826379, 4.403946638
4.413826379, 4.413920101
4.423826384, 4.423939883
4.433826376, 4.433929606
4.443826377, 4.443917847
4.453826377, 4.453944326
4.463826381, 4.463946362
4.473826385, 4.473903431
4.483826382, 4.483921712
4.493826385, 4.493981666
4.503826379, 4.503995079
4.513826384, 4.514010503
4.523826376, 4.523972071
4.533826376, 4.533997436
4.543826371, 4.544011032
4.553826374, 4.553994023
4.563826376, 4.563946234
4.573826373, 4.573963968
4.583826376, 4.583935639
4.593826381, 4.593934929
4.603826376, 4.603950658
4.613826377, 4.613948913
4.623826373, 4.623967423
4.633826371, 4.633934288
4.643826377, 4.643931882
4.653826379, 4.653917357
4.663826379, 4.663905304
4.673826373, 4.673979113
4.683826371, 4.683995995
4.693826379, 4.694021813
4.703826379, 4.704002320
4.713826373, 4.713999571
4.723826376, 4.723976531
4.733826371, 4.734010568
4.743826377, 4.744000019
4.753826384, 4.753978406
4.763826379, 4.763965477
4.773826381, 4.773988746
4.783826373, 4.783925738
4.793826376, 4.793897439
4.803826374, 4.803931681
4.813826377, 4.813933358
4.823826376, 4.823950696
4.833826382, 4.833954536
4.843826382, 4.843900809
4.853826385, 4.853957485
4.863826371, 4.863910322
4.873826381, 4.873937098
4.883826379, 4.883933636
4.893826374, 4.893907653
4.903826376, 4.904009387
4.913826377, 4.913963196
4.923826382, 4.923974062
4.933826382, 4.933941879
4.943826377, 4.943935049
4.953826379, 4.953937790
4.963826381, 4.963933295
4.973826377, 4.973961974
4.983826381, 4.983930694
4.993826381, 4.993919310
5.003826381, 5.003946311
5.013826382, 5.013930579
5.023826384, 5.023948825
5.033826382, 5.033922238
5.043826382, 5.043961598
5.053826385, 5.053954719
5.063826384, 5.063935286
5.073826385, 5.073937054
5.083826381, 5.083937529
5.093826381, 5.093923659
5.103826381, 5.103940632
5.113826381, 5.113927015
5.123826381, 5.123948853
5.133826377, 5.133953130
5.143826384, 5.143950427
5.153826381, 5.153954307
5.163826377, 5.163937709
5.173826377, 5.173941533
5.183826381, 5.183917266
5.193826385, 5.193961484
5.203826381, 5.203969984
5.213826377, 5.213921865
5.223826374, 5.223923035
5.233826384, 5.233946550
5.243826385, 5.243934174
5.253826384, 5.253953143
5.263826379, 5.263959354
5.273826379, 5.273958578
5.283826373, 5.283955627
5.293826376, 5.293934632
5.303826385, 5.303923540
5.313826384, 5.313937828
5.323826387, 5.323940387
5.333826382, 5.333929464
5.343826376, 5.343931574
5.353826379, 5.353923595
5.363826385, 5.363934188
5.373826381, 5.374003251
5.383826381, 5.384068796
5.393826385, 5.393916205
5.403826379, 5.404037525
5.413826382, 5.413928413
5.423826377, 5.423942408
5.433826377, 5.433940553
5.443826376, 5.443908612
5.453826379, 5.453986968
5.463826379, 5.463941448
5.473826379, 5.473938912
5.483826385, 5.483963725
5.493826376, 5.493953536
5.503826385, 5.503989714
5.513826381, 5.513963578
5.523826382, 5.523920698
5.533826382, 5.533941134
5.543826385, 5.543981765
5.553826376, 5.553991692
5.563826373, 5.563941268
5.573826369, 5.573943807
5.583826371, 5.583955990
5.593826376, 5.593984320
5.603826379, 5.604008822
5.613826384, 5.613933887
5.623826373, 5.623929420
5.633826376, 5.633911422
5.643826376, 5.644009988
5.653826385, 5.653984598
5.663826384, 5.663970184
5.673826382, 5.673987506
5.683826387, 5.683983499
5.693826369, 5.694012265
5.703826377, 5.703987194
5.713826374, 5.713966310
5.723826381, 5.723975886
5.733826387, 5.733962916
5.743826409, 5.743964000
5.753826376, 5.753983965
5.763826381, 5.763912628
5.773826377, 5.773924229
5.783826385, 5.783974335
5.793826376, 5.793952098
5.803826381, 5.803959317
5.813826385, 5.813989188
5.823826376, 5.823980382
5.833826377, 5.833944301
5.843826385, 5.843942062
5.853826376, 5.853920810
5.863826384, 5.863943120
5.873826377, 5.874024576
5.883826382, 5.884043046
5.893826376, 5.893951430
5.903826382, 5.903922329
5.913826381, 5.913917075
5.923826373, 5.923951656
5.933826374, 5.933966880
5.943826384, 5.943940086
5.953826379, 5.953930091
5.963826381, 5.963974394
5.973826377, 5.973924870
5.983826377, 5.983949081
5.993826385, 5.993970048
6.003826379, 6.003976331
6.013826377, 6.013935428
6.023826385, 6.023941702
6.033826384, 6.033926534
6.043826381, 6.043948874
6.053826384, 6.053963431
6.063826382, 6.063944085
6.073826382, 6.073965207
6.083826384, 6.083938047
6.093826379, 6.093936225
6.103826381, 6.103941233
6.113826377, 6.113931059
6.123826382, 6.123947378
6.133826381, 6.133939569
6.143826382, 6.143930784
6.153826377, 6.153956111
6.163826382, 6.163929038
6.173826381, 6.173945801
6.183826384, 6.183934245
6.193826382, 6.193946089
6.203826379, 6.203948353
6.213826384, 6.213910238
6.223826385, 6.223956001
6.233826374, 6.233932445
6.243826376, 6.243934705
6.253826377, 6.253944930
6.263826377, 6.263951389
6.273826382, 6.273920180
6.283826379, 6.283932065
6.293826381, 6.293950557
6.303826379, 6.303954652
6.313826376, 6.313949095
6.323826381, 6.323930636
6.333826385, 6.333918676
6.343826376, 6.343914675
6.353826381, 6.353946207
6.363826381, 6.363912579
6.373826379, 6.373941164
6.383826379, 6.383914904
6.393826377, 6.393929567
6.403826385, 6.403939714
6.413826381, 6.413935076
6.423826371, 6.423928449
6.433826377, 6.433927702
6.443826379, 6.443922075
6.453826379, 6.453925476
6.463826382, 6.463913306
6.473826384, 6.473902436
6.483826376, 6.483917092
6.493826379, 6.493929139
6.503826381, 6.503935140
6.513826374, 6.513929216
6.523826382, 6.523944751
6.533826381, 6.533930197
6.543826384, 6.543928021
6.553826379, 6.553924380
6.563826385, 6.563905585
6.573826379, 6.573941105
6.583826371, 6.583955835
6.593826379, 6.593969142
6.603826376, 6.603951244
6.613826381, 6.613947347
6.623826377, 6.623980711
6.633826376, 6.633943003
6.643826379, 6.643939639
6.653826371, 6.653944810
6.663826371, 6.663999874
6.673826374, 6.673941259
6.683826377, 6.683922902
6.693826379, 6.693945683
6.703826377, 6.703977439
6.713826384, 6.713917842
6.723826369, 6.723925777
6.733826379, 6.733949876
6.743826376, 6.743941789
6.753826373, 6.753939620
6.763826376, 6.763957916
6.773826377, 6.773959408
6.783826379, 6.783944233
6.793826374, 6.793928351
6.803826379, 6.803923191
6.813826379, 6.813929141
6.823826381, 6.823953116
6.833826373, 6.833925983
6.843826376, 6.843949921
6.853826373, 6.853904227
6.863826384, 6.863947181
6.873826379, 6.873981451
6.883826382, 6.883949349
6.893826382, 6.893907833
6.903826377, 6.903904115
6.913826393, 6.913931738
6.923826379, 6.923950124
6.933826377, 6.933916899
6.943826379, 6.943922699
6.953826379, 6.953935769
6.963826373, 6.963954875
6.973826377, 6.973940086
6.983826379, 6.983931970
6.993826381, 6.993940779
7.003826373, 7.003911422
7.013826381, 7.013938941
7.023826379, 7.023932159
7.033826371, 7.033923763
7.043826377, 7.043954323
7.053826379, 7.053950797
7.063826385, 7.063941173
7.073826381, 7.073923436
7.083826384, 7.083948364
7.093826382, 7.093953629
7.103826381, 7.103915183
7.113826377, 7.113905613
7.123826377, 7.123954610
7.133826379, 7.133920379
7.143826379, 7.143933430
7.153826384, 7.153925206
7.163826377, 7.163930836
7.173826384, 7.173926245
7.183826382, 7.183927367
7.193826377, 7.193935270
7.203826376, 7.203906531
7.213826385, 7.214013290
7.223826376, 7.223915916
7.233826379, 7.233962910
7.243826379, 7.243939080
7.253826377, 7.253943139
7.263826382, 7.263935341
7.273826376, 7.273961058
7.283826381, 7.283930615
7.293826379, 7.293955852
7.303826379, 7.303943944
7.313826385, 7.313920289
7.323826384, 7.323944753
7.333826382, 7.333932601
7.343826382, 7.343925124
7.353826385, 7.353918586
7.363826376, 7.363957322
7.373826377, 7.373945138
7.383826377, 7.383912889
7.393826382, 7.393974274
7.403826381, 7.403918380
7.413826382, 7.413944462
7.423826376, 7.423955976
7.433826387, 7.433912011
7.443826371, 7.443925290
7.453826385, 7.453948244
7.463826381, 7.463944153
7.473826385, 7.473949011
7.483826379, 7.483943528
7.493826377, 7.493981053
7.503826368, 7.503926062
7.513826373, 7.513995740
7.523826381, 7.523914804
7.533826377, 7.533988304
7.543826381, 7.543985687
7.553826373, 7.553954563
7.563826371, 7.563924470
7.573826379, 7.573958557
7.583826381, 7.583925441
7.593826377, 7.593941347
7.603826377, 7.603943123
7.613826379, 7.613936394
7.623826384, 7.623945541
7.633826395, 7.633922452
7.643826374, 7.643984028
7.653826379, 7.653963627
7.663826377, 7.663922793
7.673826381, 7.673929849
7.683826374, 7.683991847
7.693826369, 7.693964728
7.703826381, 7.703937984
7.713826381, 7.713915222
7.723826379, 7.723927993
7.733826381, 7.733956422
7.743826373, 7.743959162
7.753826379, 7.753949840
7.763826384, 7.763964347
7.773826382, 7.773929501
7.783826382, 7.783956855
7.793826379, 7.793989829
7.803826382, 7.803977280
7.813826377, 7.813978488
7.823826379, 7.823975219
7.833826377, 7.833932742
7.843826377, 7.843905877
7.853826381, 7.853933105
7.863826377, 7.863960894
7.873826377, 7.873928597
7.883826374, 7.883976658
7.893826388, 7.893955439
7.903826379, 7.903923406
7.913826385, 7.913956494
7.923826376, 7.923958115
7.933826379, 7.933915947
7.943826385, 7.943922697
7.953826376, 7.953922305
7.963826385, 7.963934103
7.973826377, 7.973949287
7.983826377, 7.983940224
7.993826384, 7.993939380
8.003826377, 8.003931477
8.013826377, 8.013954941
8.023826374, 8.023942320
8.033826374, 8.033951526
8.043826379, 8.043910811
8.053826392, 8.053939602
8.063826376, 8.063937270
8.073826379, 8.073947478
8.083826379, 8.083925230
8.093826371, 8.093931015
8.103826368, 8.103913980
8.113826390, 8.113917449
8.123826384, 8.123918083
8.133826377, 8.133950391
8.143826382, 8.143964603
8.153826374, 8.153939942
8.163826376, 8.163933026
8.173826381, 8.173944701
8.183826379, 8.183959806
8.193826373, 8.193979107
8.203826379, 8.203945672
8.213826374, 8.213926278
8.223826376, 8.223956827
8.233826381, 8.233930532
8.243826384, 8.243956261
8.253826381, 8.253936621
8.263826374, 8.263934970
8.273826379, 8.273916909
8.283826374, 8.283946720
8.293826373, 8.293948623
8.303826379, 8.303934202
8.313826385, 8.313969308
8.323826382, 8.323936694
8.333826377, 8.333910754
8.343826371, 8.343905823
8.353826387, 8.353960600
8.363826371, 8.363919481
8.373826381, 8.373907701
8.383826376, 8.383964540
8.393826373, 8.393934360
8.403826376, 8.403923850
8.413826392, 8.413936231
8.423826381, 8.423928627
8.433826377, 8.433950527
8.443826381, 8.443945558
8.453826377, 8.453915773
8.463826371, 8.463943396
8.473826381, 8.473962437
8.483826381, 8.483934700
8.493826374, 8.493947317
8.503826384, 8.503944145
8.513826382, 8.513945593
8.523826369, 8.523957973
8.533826381, 8.533948891
8.543826385, 8.543963679
8.553826381, 8.553942902
8.563826381, 8.563933770
8.573826366, 8.573929864
8.583826376, 8.583929005
8.593826382, 8.593932725
8.603826396, 8.603932590
8.613826376, 8.613910347
8.623826379, 8.623926281
8.633826381, 8.633919353
8.643826384, 8.644013800
8.653826385, 8.653935905
8.663826395, 8.663917310
8.673826377, 8.673915409
8.683826382, 8.683912848
8.693826382, 8.693934583
8.703826381, 8.703931443
8.713826382, 8.713942383
8.723826385, 8.723961467
8.733826377, 8.733950246
8.743826387, 8.743936645
8.753826374, 8.753951612
8.763826382, 8.763948321
8.773826379, 8.773937120
8.783826384, 8.783966717
8.793826381, 8.793956306
8.803826377, 8.803958306
8.813826377, 8.813936920
8.823826376, 8.823932914
8.833826379, 8.833958006
8.843826379, 8.843949041
8.853826377, 8.853935619
8.863826379, 8.863950945
8.873826374, 8.873946883
8.883826377, 8.883932150
8.893826371, 8.893956028
8.903826384, 8.903934103
8.913826382, 8.913924300
8.923826384, 8.923918658
8.933826381, 8.933961996
8.943826384, 8.943956195
8.953826379, 8.953934433
8.963826381, 8.963939122
8.973826379, 8.973908792
8.983826381, 8.983932827
8.993826377, 8.993912840
9.003826373, 9.003931552
9.013826376, 9.013923613
9.023826384, 9.023917624
9.033826385, 9.033921677
9.043826379, 9.043938376
9.053826384, 9.053924241
9.063826377, 9.063920322
9.073826376, 9.073934504
9.083826384, 9.083941650
9.093826384, 9.093955718
9.103826385, 9.103958243
9.113826381, 9.113980288
9.123826376, 9.123916214
9.133826371, 9.133940935
9.143826385, 9.144009889
9.153826377, 9.153911521
9.163826385, 9.163930509
9.173826374, 9.173942691
9.183826385, 9.183942803
9.193826385, 9.193936122
9.203826385, 9.203940153
9.213826379, 9.213938477
9.223826381, 9.223952016
9.233826379, 9.233928979
9.243826371, 9.243927538
9.253826376, 9.253930029
9.263826381, 9.263897566
9.273826373, 9.273931184
9.283826382, 9.283930243
9.293826374, 9.293965867
9.303826373, 9.303927202
9.313826374, 9.314013374
9.323826374, 9.323914210
9.333826379, 9.333943475
9.343826384, 9.343921049
9.353826384, 9.353928004
9.363826384, 9.363942080
9.373826385, 9.373947993
9.383826376, 9.383953367
9.393826384, 9.393953372
9.403826384, 9.403930377
9.413826381, 9.413919078
9.423826379, 9.423971032
9.433826384, 9.433965367
9.443826385, 9.443929812
9.453826382, 9.453939156
9.463826381, 9.463946957
9.473826376, 9.473940177
9.483826369, 9.483979361
9.493826379, 9.493927418
9.503826387, 9.503933359
9.513826381, 9.513951484
9.523826385, 9.523988825
9.533826382, 9.533943543
9.543826377, 9.543934570
9.553826384, 9.553940466
9.563826379, 9.563907498
9.573826377, 9.573944797
9.583826384, 9.583914583
9.593826385, 9.593965192
9.603826377, 9.603921331
9.613826376, 9.613957588
9.623826379, 9.623952871
9.633826379, 9.633934395
9.643826373, 9.643899751
9.653826381, 9.653962896
9.663826376, 9.663948657
9.673826377, 9.673932458
9.683826377, 9.683940239
9.693826381, 9.693975603
9.703826384, 9.703932695
9.713826379, 9.713953222
9.723826382, 9.723947866
9.733826376, 9.733923398
9.743826384, 9.743919928
9.753826377, 9.753960965
9.763826373, 9.763952706
9.773826388, 9.773935736
9.783826371, 9.783952928
9.793826382, 9.793932114
9.803826387, 9.803941565
9.813826385, 9.813954436
9.823826387, 9.823953944
9.833826377, 9.833976639
9.843826376, 9.843968274
9.853826388, 9.853931749
9.863826381, 9.863996312
9.873826376, 9.873973626
9.883826376, 9.883943070
9.893826385, 9.893936571
9.903826384, 9.903922675
9.913826382, 9.913942386
9.923826379, 9.923949466
9.933826377, 9.933945234
9.943826381, 9.943941538
9.953826371, 9.953945547
9.963826371, 9.963947284
9.973826385, 9.973930148
9.983826382, 9.983909060
9.993826382, 9.993935132
10.003826385, 10.003994793
10.013826377, 10.013959089
10.023826369, 10.023934054
10.033826379, 10.033933396
10.043826385, 10.043923981
10.053826374, 10.053931414
10.063826373, 10.063991089
10.073826373, 10.073937163
10.083826371, 10.083931356
10.093826382, 10.093972845
10.103826382, 10.103931318
10.113826384, 10.113935294
10.123826379, 10.123937633
10.133826377, 10.133927142
10.143826379, 10.143959493
10.153826384, 10.153950108
10.163826377, 10.164007579
10.173826377, 10.173923126
10.183826381, 10.183934986
10.193826387, 10.193960062
10.203826373, 10.203951926
10.213826385, 10.213930363
10.223826384, 10.223929349
10.233826377, 10.233935876
10.243826377, 10.243919301
10.253826377, 10.253979942
10.263826371, 10.263943445
10.273826382, 10.274007093
10.283826379, 10.284029769
10.293826382, 10.294005013
10.303826381, 10.304000926
10.313826385, 10.313971602
10.323826381, 10.323945558
10.333826382, 10.333939811
10.343826379, 10.343932327
10.353826377, 10.353977829
10.363826385, 10.363937387
10.373826377, 10.373931973
10.383826377, 10.383911111
10.393826371, 10.393931465
10.403826387, 10.403917761
10.413826384, 10.413952368
10.423826371, 10.423930187
10.433826381, 10.433917624
10.443826381, 10.443905452
10.453826373, 10.453996039
10.463826377, 10.463948233
10.473826382, 10.473946299
10.483826374, 10.483930667
10.493826384, 10.493993933
10.503826379, 10.503950936
10.513826382, 10.513943387
10.523826384, 10.523939006
10.533826384, 10.533942714
10.543826381, 10.543920351
10.553826377, 10.553936132
10.563826374, 10.563946303
10.573826385, 10.573978630
10.583826374, 10.583935093
10.593826377, 10.593946084
10.603826384, 10.603934635
10.613826381, 10.613916121
10.623826379, 10.623939140
10.633826377, 10.633955704
10.643826371, 10.643934728
10.653826376, 10.653935418
10.663826381, 10.663957915
10.673826377, 10.673929051
10.683826381, 10.683941315
10.693826382, 10.693979511
10.703826387, 10.704006970
10.713826381, 10.714028316
10.723826382, 10.724017266
10.733826377, 10.733985316
10.743826381, 10.743973506
10.753826371, 10.754025588
10.763826379, 10.763982871
10.773826420, 10.774009580
10.783826382, 10.784019481
10.793826376, 10.794020592
10.803826379, 10.803985500
10.813826381, 10.813991616
10.823826379, 10.823976784
10.833826376, 10.833981298
10.843826381, 10.843986065
10.853826385, 10.853990835
10.863826385, 10.863935792
10.873826377, 10.873937217
10.883826379, 10.883929761
10.893826379, 10.893925896
10.903826376, 10.903941859
10.913826377, 10.913943455
10.923826374, 10.923970538
10.933826379, 10.933922024
10.943826377, 10.943963163
10.953826379, 10.954022239
10.963826373, 10.963913598
10.973826369, 10.973958751
10.983826377, 10.983943477
10.993826371, 10.993973077
11.003826385, 11.003990666
11.013826384, 11.013954654
11.023826526, 11.023973015
11.033826379, 11.033896048
11.043826377, 11.043888749
11.053826381, 11.053885419
11.063826382, 11.063885976
11.073826385, 11.073886240
11.083826385, 11.083885913
11.093826381, 11.093886033
11.103826381, 11.103883584
11.113826384, 11.113885195
11.123826382, 11.123882571
11.133826387, 11.133889876
11.143826373, 11.143886783
11.153826382, 11.153884413
11.163826377, 11.163884576
11.173826381, 11.173884985
11.183826379, 11.183884795
11.193826379, 11.193887858
11.203826379, 11.203883821
11.213826384, 11.213889103
11.223826371, 11.224000515
11.233826377, 11.233999853
11.243826379, 11.243996419
11.253826379, 11.254003090
11.263826382, 11.263992576
11.273826384, 11.273977045
11.283826382, 11.283990832
11.293826382, 11.293996044
11.303826385, 11.303994136
11.313826379, 11.313994081
11.323826407, 11.323991956
11.333826379, 11.334002942
11.343826382, 11.344003864
11.353826381, 11.354003125
11.363826384, 11.363981456
11.373826381, 11.374003433
11.383826381, 11.383951585
11.393826382, 11.394002181
11.403826373, 11.404003354
11.413826385, 11.414002241
11.423826381, 11.424004148
11.433826376, 11.434002754
11.443826374, 11.444002255
11.453826379, 11.454005915
11.463826373, 11.463975368
11.473826373, 11.473998593
11.483826385, 11.484000947
11.493826379, 11.493992725
11.503826377, 11.504003299
11.513826381, 11.514001994
11.523826384, 11.524003751
11.533826384, 11.534004857
11.543826381, 11.544005789
11.553826378, 11.554002893
11.563826390, 11.564001455
11.573826379, 11.573999679
11.583826397, 11.584003325
11.593826378, 11.593997568
11.603826380, 11.604003800
11.613826378, 11.614006942
11.623826385, 11.623995232
11.633826382, 11.634005205
11.643826381, 11.644002276
11.653826371, 11.654001610
11.663826383, 11.664003588
11.673826380, 11.674002623
11.683826377, 11.684001216
11.693826379, 11.694003893
11.703826381, 11.703994184
11.713826375, 11.714000220
11.723826404, 11.723961464
11.733826371, 11.734002582
11.743826371, 11.743993696
11.753826379, 11.754005516
11.763826371, 11.763972935
11.773826378, 11.774002527
11.783826376, 11.784000995
11.793826378, 11.794003474
11.803826386, 11.804001895
11.813826379, 11.813996971
11.823826376, 11.824001981
11.833826384, 11.833997323
11.843826379, 11.844003901
11.853826378, 11.854006984
11.863826371, 11.863977023
11.873826378, 11.874002451
11.883826384, 11.884001153
11.893826386, 11.893991508
11.903826384, 11.904005060
11.913826381, 11.914003305
11.923826376, 11.924002858
11.933826384, 11.934003160
11.943826378, 11.944001149
11.953826386, 11.953999620
11.963826379, 11.963971444
11.973826385, 11.973999328
11.983826382, 11.984000510
11.993826384, 11.994007326
12.003826369, 12.003996527
12.013826377, 12.014002662
12.023826382, 12.024000460
12.033826374, 12.034003689
12.043826381, 12.044001268
------------------------------
