------------------------------
test was performed using the following parameters: --mps=100 --burst=1 --reply-every=1 --msg-size=12 --time=10
------------------------------
sockperf: [Total Run] RunTime=10.100 sec; SentMessages=1011; ReceivedMessages=1010
sockperf: ========= Printing statistics for Server No: 0
sockperf: [Valid Duration] RunTime=9.980 sec; SentMessages=999; ReceivedMessages=999
sockperf: [2;35m====> avg-lat= 87.205 (std-dev=34.053)[0m
sockperf: # dropped messages = 0; # duplicated messages = 0; # out-of-order messages = 0
sockperf: [2;35mTotal 999 observations[0m; each percentile contains 9.99 observations
sockperf: ---> <MAX> observation =  275.561
sockperf: ---> percentile  99.99 =  275.561
sockperf: ---> percentile  99.90 =  193.231
sockperf: ---> percentile  99.50 =  159.673
sockperf: ---> percentile  99.00 =  157.007
sockperf: ---> percentile  95.00 =  149.534
sockperf: ---> percentile  90.00 =  142.652
sockperf: ---> percentile  75.00 =  110.742
sockperf: ---> percentile  50.00 =   81.492
sockperf: ---> percentile  25.00 =   57.416
sockperf: ---> <MIN> observation =   26.000
------------------------------
txTime, rxTime
2.063505443, 2.063594077
2.073505435, 2.073574976
2.083505421, 2.083672772
2.093505438, 2.093630219
2.103505491, 2.103634155
2.113505419, 2.113669248
2.123505420, 2.123647717
2.133505441, 2.133651609
2.143505437, 2.143680214
2.153505414, 2.153706784
2.163505420, 2.163713623
2.173505529, 2.173720644
2.183505486, 2.183645967
2.193505395, 2.193632090
2.203505393, 2.203591166
2.213505397, 2.213648563
2.223505387, 2.223649341
2.233505400, 2.233618984
2.243505413, 2.243600339
2.253505390, 2.253569452
2.263505396, 2.263600596
2.273505389, 2.273618980
2.283505393, 2.283622411
2.293505389, 2.293649332
2.303505388, 2.303619540
2.313505392, 2.313645759
2.323505396, 2.323645208
2.333505394, 2.333642979
2.343505393, 2.343578584
2.353505390, 2.353639440
2.363505396, 2.363620229
2.373505394, 2.373623592
2.383505391, 2.383640191
2.393505390, 2.393670165
2.403505450, 2.403638539
2.413505392, 2.413626742
2.423505394, 2.423686438
2.433505394, 2.433594263
2.443505394, 2.443638790
2.453505389, 2.453638968
2.463505390, 2.463634727
2.473505397, 2.473623098
2.483505388, 2.483652487
2.493505395, 2.493618354
2.503505394, 2.503570101
2.513505398, 2.513614274
2.523505388, 2.523624482
2.533505389, 2.533652028
2.543505394, 2.543646903
2.553505390, 2.553665757
2.563505393, 2.563605213
2.573505396, 2.573650449
2.583505390, 2.583602446
2.593505396, 2.593706844
2.603505392, 2.603631957
2.613505395, 2.613583881
2.623505391, 2.623681059
2.633505403, 2.633690773
2.643505396, 2.643662977
2.653505390, 2.653653743
2.663505390, 2.663613352
2.673505397, 2.673690625
2.683505391, 2.683724882
2.693505389, 2.693671836
2.703505393, 2.703656150
2.713505395, 2.713621623
2.723505388, 2.723659419
2.733505388, 2.733616452
2.743505398, 2.743583657
2.753505390, 2.753646484
2.763505390, 2.763585596
2.773505390, 2.773657230
2.783505397, 2.783557578
2.793505394, 2.793629044
2.803505394, 2.803568951
2.813505393, 2.813588411
2.823505387, 2.823586432
2.833505394, 2.833583196
2.843505393, 2.843602654
2.853505390, 2.853570811
2.863505391, 2.863573668
2.873505398, 2.873579094
2.883505387, 2.883578662
2.893505397, 2.893604799
2.903505391, 2.903627578
2.913505395, 2.913586837
2.923505393, 2.923612394
2.933505397, 2.933593225
2.943505387, 2.943636153
2.953505397, 2.953620381
2.963505393, 2.963630735
2.973505390, 2.973608921
2.983505396, 2.983658826
2.993505389, 2.993566379
3.003505391, 3.003634877
3.013505395, 3.013613640
3.023505397, 3.023638454
3.033508454, 3.033665672
3.043505404, 3.043611431
3.053505417, 3.053624628
3.063516804, 3.063636254
3.073507543, 3.073654820
3.083505424, 3.083619190
3.093505425, 3.093658082
3.103507588, 3.103638676
3.113505406, 3.113616798
3.123505404, 3.123617967
3.133505512, 3.133594210
3.143510458, 3.143619232
3.153511124, 3.153670975
3.163505420, 3.163609258
3.173505413, 3.173648157
3.183508336, 3.183646794
3.193505414, 3.193625291
3.203505410, 3.203643851
3.213505416, 3.213643921
3.223505402, 3.223702389
3.233505413, 3.233672458
3.243505391, 3.243640776
3.253505394, 3.253697660
3.263505402, 3.263611341
3.273505397, 3.273656445
3.283505415, 3.283619049
3.293505392, 3.293662655
3.303505394, 3.303613709
3.313505395, 3.313647423
3.323505401, 3.323612313
3.333505397, 3.333616061
3.343505396, 3.343610177
3.353505390, 3.353607011
3.363505385, 3.363605156
3.373505392, 3.373604497
3.383505396, 3.383610630
3.393505402, 3.393597240
3.403505391, 3.403599131
3.413505394, 3.413610153
3.423505398, 3.423605338
3.433505398, 3.433614608
3.443505394, 3.443614472
3.453505390, 3.453594870
3.463505390, 3.463604300
3.473505392, 3.473607300
3.483505390, 3.483650258
3.493505395, 3.493668460
3.503505399, 3.503691548
3.513505394, 3.513661301
3.523505391, 3.523679344
3.533505398, 3.533656244
3.543505394, 3.543608109
3.553505389, 3.553646879
3.563505396, 3.563636758
3.573505394, 3.573708952
3.583505420, 3.583616052
3.593505390, 3.593608125
3.603505390, 3.603604855
3.613505390, 3.613600886
3.623505398, 3.623596668
3.633505395, 3.633623247
3.643505394, 3.643598825
3.653505390, 3.653646605
3.663505398, 3.663620808
3.673505392, 3.673592985
3.683505393, 3.683613145
3.693505395, 3.693610041
3.703505388, 3.703640461
3.713505394, 3.713601196
3.723505390, 3.723615217
3.733505400, 3.733640799
3.743505398, 3.743604924
3.753505400, 3.753632891
3.763505390, 3.763605988
3.773505397, 3.773596727
3.783505394, 3.783618684
3.793505392, 3.793600351
3.803505394, 3.803620729
3.813505394, 3.813605280
3.823505387, 3.823603918
3.833505390, 3.833607559
3.843505388, 3.843604984
3.853505395, 3.853649558
3.863505388, 3.863618294
3.873505394, 3.873597962
3.883505396, 3.883613910
3.893505397, 3.893616631
3.903505398, 3.903666424
3.913505389, 3.913601309
3.923505389, 3.923596366
3.933505398, 3.933612742
3.943505394, 3.943609416
3.953505396, 3.953650426
3.963505388, 3.963661954
3.973505398, 3.973684442
3.983505392, 3.983654771
3.993505393, 3.993657385
4.003505490, 4.003660108
4.013505392, 4.013673337
4.023505389, 4.023694674
4.033505395, 4.033752708
4.043505394, 4.043738030
4.053505420, 4.053744352
4.063505415, 4.063717540
4.073505420, 4.073729048
4.083505396, 4.083702859
4.093505408, 4.093713585
4.103505417, 4.103711812
4.113505409, 4.113712951
4.123505411, 4.123742129
4.133505411, 4.133724334
4.143505399, 4.143723052
4.153505420, 4.153721463
4.163505399, 4.163704334
4.173505400, 4.173711967
4.183505413, 4.183707363
4.193505420, 4.193698214
4.203505402, 4.203755286
4.213505411, 4.213707399
4.223505404, 4.223727512
4.233505400, 4.233686058
4.243505394, 4.243627548
4.253505389, 4.253673984
4.263505388, 4.263653988
4.273505395, 4.273688795
4.283505427, 4.283686732
4.293505392, 4.293802067
4.303505389, 4.303700685
4.313505396, 4.313673047
4.323505389, 4.323708739
4.333505391, 4.333657612
4.343505392, 4.343716497
4.353505397, 4.353680168
4.363505393, 4.363658504
4.373505392, 4.373660758
4.383505387, 4.383682425
4.393505392, 4.393654967
4.403505398, 4.403654709
4.413505396, 4.413699590
4.423505393, 4.423643898
4.433505395, 4.433652423
4.443505391, 4.443675762
4.453505394, 4.453652122
4.463505396, 4.463737079
4.473505392, 4.473679030
4.483505395, 4.483701544
4.493505397, 4.493704793
4.503505393, 4.503678531
4.513505392, 4.513645875
4.523505394, 4.523634658
4.533505397, 4.533674461
4.543505390, 4.543657420
4.553505394, 4.553696651
4.563505391, 4.563660558
4.573505395, 4.573647521
4.583505398, 4.583654712
4.593505390, 4.593692948
4.603505388, 4.603670555
4.613505389, 4.613676993
4.623505391, 4.623677909
4.633505397, 4.633659801
4.643505393, 4.643702395
4.653505394, 4.653662130
4.663505405, 4.663660641
4.673505397, 4.673642838
4.683505394, 4.683651106
4.693505389, 4.693652466
4.703505391, 4.703658004
4.713505394, 4.713641958
4.723505391, 4.723650851
4.733505390, 4.733689234
4.743505394, 4.743672344
4.753505398, 4.753674801
4.763505393, 4.763684558
4.773505391, 4.773651988
4.783505390, 4.783658903
4.793505397, 4.793663661
4.803505387, 4.803648252
4.813505391, 4.813699469
4.823505392, 4.823682921
4.833505389, 4.833667402
4.843505394, 4.843673691
4.853505389, 4.853706745
4.863505393, 4.863683514
4.873505389, 4.873678559
4.883505393, 4.883695978
4.893505398, 4.893639932
4.903505394, 4.903660433
4.913505398, 4.913680670
4.923505386, 4.923683272
4.933505391, 4.933663261
4.943505390, 4.943664340
4.953505394, 4.953683746
4.963505397, 4.963636314
4.973505390, 4.973644403
4.983505389, 4.983676994
4.993505387, 4.993651652
5.003505389, 5.003656161
5.013505398, 5.013647595
5.023505391, 5.023696451
5.033505398, 5.033704476
5.043505437, 5.043699205
5.053505400, 5.053690094
5.063505462, 5.063703057
5.073505419, 5.073726539
5.083505421, 5.083728949
5.093505415, 5.093805140
5.103505417, 5.103711086
5.113505416, 5.113710332
5.123505417, 5.123725077
5.133505398, 5.133715134
5.143505418, 5.143740314
5.153505413, 5.153740544
5.163505401, 5.163715189
5.173505420, 5.173694423
5.183505401, 5.183703387
5.193505400, 5.193715758
5.203505420, 5.203709276
5.213505420, 5.213716702
5.223505399, 5.223693624
5.233505417, 5.233708692
5.243505404, 5.243764776
5.253505397, 5.253708631
5.263505420, 5.263698643
5.273505411, 5.273761518
5.283505399, 5.283725176
5.293505417, 5.293702867
5.303505405, 5.303721943
5.313505402, 5.313703400
5.323505410, 5.323702096
5.333505413, 5.333719020
5.343505396, 5.343708956
5.353505420, 5.353729631
5.363505398, 5.363712338
5.373505406, 5.373724148
5.383505417, 5.383727869
5.393505417, 5.393716783
5.403505391, 5.403710786
5.413505414, 5.413737530
5.423505399, 5.423690208
5.433505398, 5.433736196
5.443505415, 5.443712130
5.453505419, 5.453717212
5.463505402, 5.463744620
5.473505417, 5.473742110
5.483505398, 5.483714192
5.493505399, 5.493693479
5.503505414, 5.503766848
5.513505417, 5.513748766
5.523505398, 5.523697629
5.533505413, 5.533695978
5.543505402, 5.543738196
5.553505400, 5.553710741
5.563505418, 5.563738703
5.573505414, 5.573697546
5.583505399, 5.583687063
5.593505414, 5.593734251
5.603505398, 5.603717571
5.613505398, 5.613709550
5.623505417, 5.623727893
5.633505416, 5.633718478
5.643505399, 5.643688748
5.653505413, 5.653705354
5.663505399, 5.663725341
5.673505403, 5.673694425
5.683505417, 5.683718053
5.693505413, 5.693744891
5.703505396, 5.703752943
5.713505413, 5.713702677
5.723505404, 5.723744137
5.733505400, 5.733703289
5.743505412, 5.743718499
5.753505416, 5.753714579
5.763505394, 5.763679279
5.773505416, 5.773717323
5.783505402, 5.783665579
5.793505398, 5.793736749
5.803505415, 5.803664274
5.813505419, 5.813672795
5.823505394, 5.823676089
5.833505405, 5.833687363
5.843505404, 5.843664483
5.853505398, 5.853677357
5.863505391, 5.863678193
5.873505394, 5.873673910
5.883505401, 5.883680131
5.893505411, 5.893663828
5.903505418, 5.903628024
5.913505395, 5.913627235
5.923505393, 5.923633433
5.933505393, 5.933612186
5.943505418, 5.943670458
5.953505398, 5.953633975
5.963505391, 5.963659862
5.973505390, 5.973748210
5.983505393, 5.983647618
5.993505392, 5.993693172
6.003505389, 6.003655404
6.013505396, 6.013682587
6.023505400, 6.023666648
6.033505395, 6.033710916
6.043505391, 6.043722785
6.053505417, 6.053640816
6.063508543, 6.063668520
6.073505404, 6.073633301
6.083505412, 6.083596548
6.093505422, 6.093602199
6.103505404, 6.103599613
6.113505402, 6.113666556
6.123505545, 6.123635060
6.133510688, 6.133648568
6.143505414, 6.143615230
6.153516958, 6.153665797
6.163509404, 6.163613479
6.173513360, 6.173697566
6.183505406, 6.183595461
6.193505400, 6.193607736
6.203510447, 6.203623991
6.213514695, 6.213621098
6.223507602, 6.223606982
6.233508945, 6.233623436
6.243505422, 6.243619728
6.253505404, 6.253595450
6.263509255, 6.263610688
6.273505418, 6.273641760
6.283506955, 6.283611311
6.293505465, 6.293634329
6.303505403, 6.303683246
6.313505404, 6.313594527
6.323505398, 6.323627738
6.333505402, 6.333605044
6.343505420, 6.343564506
6.353505410, 6.353625186
6.363505401, 6.363592674
6.373505422, 6.373610549
6.383505417, 6.383591191
6.393505400, 6.393617902
6.403505422, 6.403589052
6.413505405, 6.413615008
6.423505414, 6.423569772
6.433505407, 6.433620593
6.443505412, 6.443592266
6.453505623, 6.453624638
6.463505409, 6.463596466
6.473505430, 6.473567096
6.483505488, 6.483660226
6.493505407, 6.493576922
6.503505430, 6.503567192
6.513505418, 6.513620995
6.523505409, 6.523639391
6.533505419, 6.533587055
6.543505422, 6.543584066
6.553505476, 6.553584570
6.563505400, 6.563600613
6.573505411, 6.573578276
6.583505415, 6.583587847
6.593505415, 6.593610425
6.603505414, 6.603609832
6.613505416, 6.613627840
6.623505404, 6.623601961
6.633505394, 6.633611566
6.643505403, 6.643583328
6.653505408, 6.653606457
6.663505404, 6.663577363
6.673505404, 6.673574320
6.683505414, 6.683619837
6.693505404, 6.693610093
6.703507290, 6.703622979
6.713505408, 6.713592660
6.723505406, 6.723599866
6.733505408, 6.733602159
6.743505398, 6.743590416
6.753505437, 6.753610417
6.763505403, 6.763615107
6.773505399, 6.773627687
6.783505400, 6.783619119
6.793516855, 6.793629068
6.803507894, 6.803570980
6.813505421, 6.813619808
6.823510026, 6.823621514
6.833507786, 6.833625326
6.843505404, 6.843596283
6.853505405, 6.853624232
6.863505414, 6.863659967
6.873505402, 6.873644426
6.883505398, 6.883608663
6.893505416, 6.893648394
6.903505404, 6.903622760
6.913505399, 6.913657029
6.923505423, 6.923642779
6.933505418, 6.933639466
6.943505414, 6.943636020
6.953505416, 6.953647711
6.963505404, 6.963655956
6.973505411, 6.973688383
6.983509461, 6.983671128
6.993505418, 6.993624047
7.003506440, 7.003663148
7.013505410, 7.013698116
7.023505415, 7.023644157
7.033505452, 7.033627646
7.043510589, 7.043669616
7.053509716, 7.053631130
7.063505414, 7.063650058
7.073505411, 7.073675510
7.083505404, 7.083645970
7.093505487, 7.093659125
7.103505403, 7.103634758
7.113505405, 7.113677511
7.123516105, 7.123650793
7.133505418, 7.133656737
7.143505409, 7.143644899
7.153509469, 7.153633204
7.163505406, 7.163668667
7.173506785, 7.173675708
7.183505404, 7.183638224
7.193505402, 7.193644657
7.203505403, 7.203656143
7.213505471, 7.213680143
7.223510656, 7.223657652
7.233505413, 7.233641289
7.243507290, 7.243703141
7.253505402, 7.253591067
7.263505406, 7.263634741
7.273505419, 7.273682655
7.283505415, 7.283573765
7.293505405, 7.293584504
7.303505404, 7.303562706
7.313505415, 7.313614959
7.323505401, 7.323595072
7.333505407, 7.333658191
7.343505408, 7.343650304
7.353505405, 7.353667098
7.363505418, 7.363656431
7.373505411, 7.373662672
7.383505393, 7.383625214
7.393505417, 7.393649641
7.403505394, 7.403657684
7.413505402, 7.413611937
7.423505396, 7.423615599
7.433505390, 7.433608758
7.443505387, 7.443672847
7.453505389, 7.453689248
7.463505390, 7.463695533
7.473505497, 7.473737338
7.483505415, 7.483730650
7.493505414, 7.493704395
7.503505415, 7.503775991
7.513505395, 7.513737817
7.523505402, 7.523718510
7.533505403, 7.533700398
7.543505421, 7.543752476
7.553505413, 7.553799739
7.563505400, 7.563715443
7.573505416, 7.573722348
7.583505404, 7.583711214
7.593505397, 7.593714037
7.603505421, 7.603698285
7.613505411, 7.613649696
7.623505391, 7.623722222
7.633505416, 7.633707873
7.643505402, 7.643756731
7.653505399, 7.653695713
7.663505417, 7.663747095
7.673505414, 7.673701960
7.683505394, 7.683728053
7.693505411, 7.693716627
7.703505404, 7.703705986
7.713505395, 7.713716969
7.723505415, 7.723702159
7.733505411, 7.733738152
7.743505402, 7.743771635
7.753505403, 7.753719516
7.763505401, 7.763675293
7.773505397, 7.773744313
7.783505417, 7.783891881
7.793505417, 7.793723285
7.803505394, 7.803691599
7.813505414, 7.813725816
7.823505403, 7.823740542
7.833505397, 7.833705137
7.843505417, 7.843734656
7.853505411, 7.853703898
7.863505401, 7.863707560
7.873505413, 7.873674339
7.883505397, 7.883685647
7.893505409, 7.893679193
7.903505417, 7.903700304
7.913505414, 7.913694586
7.923505396, 7.923769743
7.933505413, 7.933679430
7.943505397, 7.943645438
7.953505394, 7.953698937
7.963505394, 7.963638998
7.973505393, 7.973660323
7.983505394, 7.983675627
7.993505395, 7.993757831
8.003505397, 8.003677824
8.013505396, 8.013666756
8.023505396, 8.023660799
8.033505392, 8.033824467
8.043505393, 8.043647348
8.053505395, 8.053669816
8.063505394, 8.063693244
8.073505397, 8.073638827
8.083505396, 8.083683780
8.093505390, 8.093676238
8.103505388, 8.103748055
8.113505487, 8.113648556
8.123505404, 8.123698136
8.133505397, 8.133698553
8.143505417, 8.143700575
8.153505411, 8.153698471
8.163505399, 8.163697293
8.173505414, 8.173652778
8.183505396, 8.183617679
8.193505398, 8.193654984
8.203505410, 8.203671764
8.213505414, 8.213618418
8.223505387, 8.223602603
8.233505397, 8.233611076
8.243505396, 8.243604242
8.253505394, 8.253605659
8.263505394, 8.263609790
8.273505394, 8.273608290
8.283505394, 8.283615751
8.293505395, 8.293618467
8.303505396, 8.303608740
8.313505392, 8.313606654
8.323505398, 8.323606347
8.333505395, 8.333603944
8.343505390, 8.343605979
8.353505390, 8.353689488
8.363505391, 8.363685082
8.373505394, 8.373598808
8.383505399, 8.383593949
8.393505395, 8.393610511
8.403505390, 8.403697686
8.413505398, 8.413601347
8.423505396, 8.423607809
8.433505397, 8.433648053
8.443505398, 8.443605794
8.453505392, 8.453638352
8.463505388, 8.463623772
8.473505397, 8.473631998
8.483505397, 8.483609137
8.493505393, 8.493627111
8.503505395, 8.503596614
8.513505391, 8.513609833
8.523505395, 8.523575518
8.533505393, 8.533589440
8.543505398, 8.543615526
8.553505391, 8.553635538
8.563505394, 8.563598554
8.573505388, 8.573557389
8.583505411, 8.583613740
8.593505398, 8.593668567
8.603505392, 8.603566720
8.613505394, 8.613573189
8.623505391, 8.623595358
8.633505398, 8.633598003
8.643505396, 8.643632089
8.653505397, 8.653593453
8.663505391, 8.663693919
8.673505394, 8.673602868
8.683505393, 8.683618283
8.693505395, 8.693617141
8.703505390, 8.703631690
8.713505406, 8.713625637
8.723505393, 8.723595724
8.733505390, 8.733604326
8.743505393, 8.743620775
8.753505390, 8.753588754
8.763505394, 8.763651342
8.773505389, 8.773604975
8.783505394, 8.783611093
8.793505389, 8.793599392
8.803505393, 8.803596614
8.813505390, 8.813612332
8.823505388, 8.823606310
8.833505397, 8.833622921
8.843505390, 8.843604496
8.853505394, 8.853641899
8.863505389, 8.863601960
8.873505388, 8.873606457
8.883505392, 8.883608165
8.893505388, 8.893612624
8.903505397, 8.903606417
8.913505390, 8.913629192
8.923505391, 8.923611467
8.933505392, 8.933596465
8.943505394, 8.943598951
8.953505392, 8.953610466
8.963505391, 8.963630136
8.973505395, 8.973635825
8.983505389, 8.983613526
8.993505392, 8.993605797
9.003505387, 9.003598685
9.013505396, 9.013647355
9.023505398, 9.023611409
9.033505389, 9.033613668
9.043505392, 9.043606562
9.053505389, 9.053604494
9.063505393, 9.063625411
9.073505460, 9.073636310
9.083505391, 9.083620710
9.093505390, 9.093613468
9.103505393, 9.103620450
9.113505469, 9.113612152
9.123505394, 9.123616952
9.133505411, 9.133641661
9.143505392, 9.143610786
9.153505396, 9.153635274
9.163505398, 9.163668618
9.173505394, 9.173678657
9.183505388, 9.183692893
9.193505397, 9.193776374
9.203505394, 9.203643869
9.213505400, 9.213652437
9.223505390, 9.223661122
9.233505394, 9.233664693
9.243505390, 9.243659998
9.253505394, 9.253651907
9.263505399, 9.263652790
9.273505392, 9.273653494
9.283505391, 9.283682482
9.293505390, 9.293684044
9.303505387, 9.303660667
9.313505394, 9.313737255
9.323505391, 9.323728728
9.333505389, 9.333657219
9.343505396, 9.343618123
9.353505463, 9.353609440
9.363505389, 9.363625895
9.373505389, 9.373724039
9.383505391, 9.383668376
9.393505394, 9.393587971
9.403505396, 9.403628918
9.413505398, 9.413606541
9.423505392, 9.423611969
9.433505392, 9.433680491
9.443505394, 9.443697134
9.453505392, 9.453707773
9.463505392, 9.463660066
9.473505392, 9.473617638
9.483505385, 9.483612444
9.493505396, 9.493608144
9.503505394, 9.503608040
9.513505390, 9.513605687
9.523505399, 9.523655485
9.533505392, 9.533607705
9.543505389, 9.543673011
9.553505396, 9.553621757
9.563505391, 9.563608794
9.573505393, 9.573610305
9.583505394, 9.583653699
9.593505393, 9.593609184
9.603505394, 9.603671159
9.613505396, 9.613637076
9.623505464, 9.623610881
9.633505392, 9.633605711
9.643505397, 9.643608592
9.653505392, 9.653595862
9.663505385, 9.663611003
9.673505396, 9.673680922
9.683505396, 9.683684853
9.693505392, 9.693672154
9.703505399, 9.703659985
9.713505395, 9.713651925
9.723505386, 9.723668470
9.733505395, 9.733730974
9.743505394, 9.743686715
9.753505397, 9.753660993
9.763505418, 9.763651834
9.773505390, 9.773698614
9.783505385, 9.783674289
9.793505396, 9.793670294
9.803505395, 9.803705872
9.813505397, 9.813692157
9.823505409, 9.823697993
9.833505417, 9.833704919
9.843505399, 9.843719032
9.853505411, 9.853723047
9.863505393, 9.863735973
9.873505395, 9.873694008
9.883505418, 9.883718321
9.893505425, 9.893700118
9.903505413, 9.903698885
9.913505416, 9.913708165
9.923505402, 9.923729534
9.933505400, 9.933707202
9.943505410, 9.943728847
9.953505414, 9.953712240
9.963505398, 9.963682363
9.973505395, 9.973646463
9.983505399, 9.983730163
9.993505398, 9.993651471
10.003505461, 10.003710850
10.013505649, 10.013654155
10.023505399, 10.023674263
10.033505419, 10.033665198
10.043505393, 10.043684938
10.053505397, 10.053714713
10.063505396, 10.063720299
10.073505389, 10.073717368
10.083505385, 10.083720390
10.093505391, 10.093721869
10.103505397, 10.103717822
10.113505394, 10.113712635
10.123505396, 10.123741094
10.133505414, 10.133736523
10.143505394, 10.143747407
10.153505414, 10.153752426
10.163505399, 10.163747275
10.173505400, 10.173745604
10.183505413, 10.183754105
10.193505420, 10.193755685
10.203505399, 10.203748654
10.213505417, 10.213754743
10.223505399, 10.223758464
10.233505402, 10.233750608
10.243505417, 10.243759635
10.253505417, 10.253731697
10.263505396, 10.263734813
10.273505411, 10.273757974
10.283505402, 10.283750906
10.293505402, 10.293740548
10.303505413, 10.303736008
10.313505419, 10.313740074
10.323505393, 10.323739345
10.333505411, 10.333738610
10.343505398, 10.343735974
10.353505397, 10.353738460
10.363505420, 10.363726905
10.373505419, 10.373736966
10.383505391, 10.383739655
10.393505420, 10.393742571
10.403505404, 10.403734898
10.413505405, 10.413740480
10.423505417, 10.423736179
10.433505420, 10.433758395
10.443505394, 10.443750369
10.453505416, 10.453739676
10.463505396, 10.463740798
10.473505400, 10.473743126
10.483505415, 10.483717729
10.493505417, 10.493737135
10.503505413, 10.503744691
10.513505416, 10.513737800
10.523505396, 10.523737382
10.533505400, 10.533746946
10.543505413, 10.543736545
10.553505416, 10.553739039
10.563505399, 10.563742016
10.573505414, 10.573738105
10.583505396, 10.583738444
10.593505400, 10.593746426
10.603505420, 10.603759287
10.613505420, 10.613751058
10.623505396, 10.623752840
10.633505416, 10.633739022
10.643505401, 10.643736744
10.653505400, 10.653750462
10.663505410, 10.663735907
10.673505416, 10.673739636
10.683505391, 10.683753447
10.693505416, 10.693736101
10.703505394, 10.703740308
10.713505419, 10.713749862
10.723505413, 10.723756141
10.733505422, 10.733757575
10.743505394, 10.743737662
10.753505413, 10.753758721
10.763505404, 10.763777264
10.773505405, 10.773781288
10.783505410, 10.783779969
10.793505413, 10.793781973
10.803505391, 10.803784950
10.813505416, 10.813775042
10.823505394, 10.823792671
10.833505397, 10.833785305
10.843505413, 10.843778756
10.853505413, 10.853790718
10.863505394, 10.863779445
10.873505420, 10.873781779
10.883505401, 10.883780773
10.893505398, 10.893786264
10.903505413, 10.903775594
10.913505419, 10.913796005
10.923505399, 10.923775074
10.933505413, 10.933781591
10.943505398, 10.943790547
10.953505402, 10.953800924
10.963505417, 10.963775948
10.973505413, 10.973795982
10.983505394, 10.983792079
10.993505413, 10.993804482
11.003505417, 11.003796687
11.013505405, 11.013817223
11.023505418, 11.023807892
11.033505420, 11.033774567
11.043505398, 11.043789673
11.053505414, 11.053810611
11.063505394, 11.063808811
11.073505403, 11.073779128
11.083505415, 11.083790039
11.093505411, 11.093796448
11.103505398, 11.103828896
11.113505414, 11.113812574
11.123505396, 11.123797978
11.133505395, 11.133819222
11.143505415, 11.143798301
11.153505416, 11.153797235
11.163505399, 11.163795702
11.173505420, 11.173812385
11.183505399, 11.183794257
11.193505405, 11.193792401
11.203505412, 11.203793458
11.213505417, 11.213797345
11.223505391, 11.223795641
11.233505414, 11.233776033
11.243505401, 11.243795214
11.253505397, 11.253799913
11.263505420, 11.263772026
11.273505413, 11.273789717
11.283505394, 11.283799083
11.293505419, 11.293790112
11.303505398, 11.303790864
11.313505405, 11.313818350
11.323505418, 11.323806549
11.333505417, 11.333796229
11.343505402, 11.343794333
11.353505411, 11.353790427
11.363505394, 11.363791496
11.373505405, 11.373752468
11.383505415, 11.383810606
11.393505420, 11.393795518
11.403505391, 11.403815781
11.413505413, 11.413807436
11.423505404, 11.423789063
11.433505395, 11.433792609
11.443505418, 11.443785214
11.453505417, 11.453806890
11.463505394, 11.463795499
11.473505414, 11.473812363
11.483505399, 11.483794770
11.493505400, 11.493805708
11.503505413, 11.503805498
11.513505400, 11.513824746
11.523505391, 11.523818603
11.533505413, 11.533793468
11.543505399, 11.543823046
11.553505398, 11.553811488
11.563505417, 11.563804372
11.573505416, 11.573820846
11.583505398, 11.583804805
11.593505420, 11.593817962
11.603505396, 11.603801061
11.613505403, 11.613804320
11.623505415, 11.623789372
11.633505413, 11.633818251
11.643505398, 11.643809372
11.653505420, 11.653827558
11.663505404, 11.663825073
11.673505400, 11.673818709
11.683505410, 11.683817906
11.693505420, 11.693818820
11.703505394, 11.703811239
11.713505419, 11.713802621
11.723505398, 11.723819412
11.733505402, 11.733818769
11.743505410, 11.743812593
11.753505417, 11.753794017
11.763505394, 11.763799371
11.773505417, 11.773803195
11.783505398, 11.783812852
11.793505395, 11.793801694
11.803505420, 11.803818665
11.813505419, 11.813808027
11.823505393, 11.823793556
11.833505414, 11.833790960
11.843505394, 11.843794359
11.853505402, 11.853802536
11.863505391, 11.863800422
11.873505395, 11.873796194
11.883505393, 11.883794228
11.893505417, 11.893797937
11.903505394, 11.903805981
11.913505405, 11.913807700
11.923505417, 11.923795154
11.933505414, 11.933773871
11.943505399, 11.943821162
11.953505417, 11.953812661
11.963505396, 11.963815825
11.973505402, 11.973778065
11.983505418, 11.983801401
11.993505419, 11.993781508
12.003505396, 12.003812894
12.013505417, 12.013812008
12.023505402, 12.023792760
12.033505405, 12.034056528
12.043505418, 12.043810170
------------------------------
