------------------------------
test was performed using the following parameters: --mps=100 --burst=1 --reply-every=1 --msg-size=12 --time=10
------------------------------
sockperf: [Total Run] RunTime=10.100 sec; SentMessages=1011; ReceivedMessages=1010
sockperf: ========= Printing statistics for Server No: 0
sockperf: [Valid Duration] RunTime=9.990 sec; SentMessages=1000; ReceivedMessages=1000
sockperf: [2;35m====> avg-lat= 78.019 (std-dev=17.590)[0m
sockperf: # dropped messages = 0; # duplicated messages = 0; # out-of-order messages = 0
sockperf: [2;35mTotal 1000 observations[0m; each percentile contains 10.00 observations
sockperf: ---> <MAX> observation =  136.693
sockperf: ---> percentile  99.99 =  136.693
sockperf: ---> percentile  99.90 =  135.475
sockperf: ---> percentile  99.50 =  122.313
sockperf: ---> percentile  99.00 =  116.744
sockperf: ---> percentile  95.00 =  102.214
sockperf: ---> percentile  90.00 =   94.483
sockperf: ---> percentile  75.00 =   87.678
sockperf: ---> percentile  50.00 =   83.719
sockperf: ---> percentile  25.00 =   67.321
sockperf: ---> <MIN> observation =   43.296
------------------------------
txTime, rxTime
2.062784930, 2.062961158
2.072784909, 2.072921803
2.082784903, 2.082976542
2.092784928, 2.092935636
2.102784911, 2.102916329
2.112784911, 2.112923768
2.122784913, 2.122947736
2.132784912, 2.132966734
2.142784911, 2.142958342
2.152784926, 2.152956338
2.162784928, 2.162957044
2.172784907, 2.172985581
2.182784925, 2.182953543
2.192784930, 2.192999436
2.202784923, 2.202948091
2.212784912, 2.212963095
2.222784927, 2.223000239
2.232784913, 2.233009057
2.242784923, 2.242986081
2.252784912, 2.252997563
2.262784911, 2.262981941
2.272784921, 2.272992503
2.282784909, 2.282982254
2.292784924, 2.292979837
2.302784904, 2.302988226
2.312784923, 2.312980875
2.322784933, 2.323012449
2.332784926, 2.332998610
2.342784920, 2.343031748
2.352784925, 2.353018446
2.362784927, 2.363014591
2.372784928, 2.373000978
2.382784922, 2.382955375
2.392784917, 2.392971673
2.402784907, 2.402946061
2.412784937, 2.412964619
2.422784913, 2.422955587
2.432784939, 2.432971832
2.442784916, 2.443058303
2.452784924, 2.453000388
2.462784922, 2.463008487
2.472784912, 2.473005622
2.482784930, 2.482971167
2.492784907, 2.493001450
2.502784927, 2.503047653
2.512784981, 2.512961601
2.522784911, 2.522966807
2.532784905, 2.533008378
2.542784930, 2.542953814
2.552784910, 2.552917410
2.562784930, 2.562881182
2.572784910, 2.572923635
2.582784911, 2.582889013
2.592784915, 2.592881922
2.602784917, 2.602880055
2.612784909, 2.612882478
2.622784913, 2.622883648
2.632784904, 2.632878745
2.642784906, 2.642874606
2.652784904, 2.652886400
2.662784909, 2.662878389
2.672784904, 2.672880730
2.682784913, 2.682879976
2.692784910, 2.692882263
2.702784917, 2.702968821
2.712784910, 2.712958644
2.722784913, 2.722938280
2.732784903, 2.732940676
2.742784904, 2.742953036
2.752784914, 2.752946847
2.762784907, 2.762959676
2.772784908, 2.772970811
2.782784919, 2.782941085
2.792784913, 2.792943978
2.802784911, 2.802960351
2.812784913, 2.812931614
2.822784911, 2.822969293
2.832784905, 2.832961417
2.842784914, 2.842926730
2.852784904, 2.852952272
2.862784903, 2.862952284
2.872784913, 2.872982857
2.882784909, 2.882947165
2.892784907, 2.892956708
2.902784928, 2.902942092
2.912784911, 2.912960578
2.922784905, 2.922971442
2.932784914, 2.932957567
2.942784904, 2.942942631
2.952784911, 2.952877756
2.962784939, 2.962932249
2.972784908, 2.972880622
2.982784914, 2.982887332
2.992784908, 2.992893642
3.002784911, 3.002887082
3.012784913, 3.012873675
3.022784914, 3.022874337
3.032784910, 3.032879435
3.042784906, 3.042880081
3.052784908, 3.052881424
3.062784907, 3.062879524
3.072784975, 3.072879662
3.082784909, 3.082887545
3.092784904, 3.092879807
3.102784915, 3.102901259
3.112784910, 3.112903562
3.122784911, 3.122934594
3.132784907, 3.132912882
3.142784906, 3.142922714
3.152784905, 3.152900854
3.162784925, 3.162905233
3.172784915, 3.172891717
3.182784909, 3.182926704
3.192784913, 3.192951880
3.202784911, 3.202906179
3.212784913, 3.212910720
3.222784911, 3.222913963
3.232784911, 3.232918457
3.242784911, 3.242937965
3.252784938, 3.252971616
3.262784910, 3.262965189
3.272784907, 3.272955887
3.282784904, 3.283023167
3.292784911, 3.292988251
3.302784910, 3.302954737
3.312784898, 3.312949766
3.322784927, 3.322976742
3.332784924, 3.333007590
3.342784909, 3.342966128
3.352784913, 3.352947758
3.362784911, 3.362966495
3.372784905, 3.372949774
3.382784931, 3.382958152
3.392784904, 3.392956575
3.402784910, 3.402963904
3.412784904, 3.412946919
3.422784911, 3.422953264
3.432784903, 3.432950931
3.442784904, 3.442951196
3.452784913, 3.452948142
3.462784909, 3.462937140
3.472784904, 3.472946287
3.482784908, 3.482967298
3.492784907, 3.492953384
3.502784905, 3.502952685
3.512784910, 3.512917437
3.522784911, 3.522949655
3.532784905, 3.532918972
3.542784905, 3.542941452
3.552784904, 3.552936293
3.562784976, 3.562953059
3.572784908, 3.572954882
3.582784922, 3.582986085
3.592784922, 3.592958123
3.602784904, 3.602972017
3.612784909, 3.612941021
3.622784924, 3.622958398
3.632784909, 3.632943548
3.642784930, 3.642935392
3.652784921, 3.652960104
3.662784909, 3.662934443
3.672784905, 3.672970927
3.682784906, 3.682951267
3.692784904, 3.692977266
3.702784906, 3.703016990
3.712784908, 3.712950346
3.722784906, 3.722984042
3.732784909, 3.732955425
3.742784909, 3.742945684
3.752784908, 3.752943114
3.762784911, 3.762946886
3.772784907, 3.772959392
3.782784913, 3.782946538
3.792784907, 3.792963957
3.802784912, 3.802966767
3.812784910, 3.812956999
3.822784939, 3.822965121
3.832784919, 3.832947117
3.842784911, 3.842972206
3.852784905, 3.852930978
3.862784909, 3.862932596
3.872784905, 3.872947800
3.882784907, 3.882948993
3.892784907, 3.892950606
3.902784901, 3.902959801
3.912784900, 3.912964568
3.922784903, 3.922944442
3.932784909, 3.932963407
3.942784909, 3.942937793
3.952784905, 3.952944599
3.962784906, 3.962949307
3.972784904, 3.972936458
3.982784911, 3.982943559
3.992784910, 3.992944716
4.002784906, 4.002938553
4.012784913, 4.012966040
4.022784944, 4.022957760
4.032784907, 4.032937540
4.042784908, 4.042963333
4.052784913, 4.052940250
4.062784905, 4.062934440
4.072784912, 4.072966045
4.082784909, 4.082959357
4.092784905, 4.092949987
4.102784910, 4.102927422
4.112784909, 4.112941098
4.122784905, 4.122935228
4.132784911, 4.132946128
4.142784905, 4.142974890
4.152784915, 4.152960004
4.162784904, 4.162948424
4.172784906, 4.172951558
4.182784908, 4.182942554
4.192784904, 4.192956725
4.202784912, 4.202987995
4.212784905, 4.212999143
4.222784907, 4.223005238
4.232784905, 4.232964283
4.242784906, 4.242990062
4.252784905, 4.252939778
4.262784914, 4.262935646
4.272784905, 4.272938571
4.282784908, 4.282944455
4.292784905, 4.292940646
4.302784905, 4.302943121
4.312784919, 4.312952992
4.322784937, 4.322963640
4.332784899, 4.332936278
4.342784911, 4.343018400
4.352784910, 4.352996565
4.362784911, 4.362975270
4.372784972, 4.373007227
4.382784920, 4.383010080
4.392784907, 4.392948611
4.402784913, 4.402964770
4.412784913, 4.412957026
4.422784907, 4.422984294
4.432784916, 4.432978471
4.442784911, 4.442971985
4.452784908, 4.452952419
4.462784907, 4.462954934
4.472784977, 4.472951993
4.482784907, 4.482956421
4.492784910, 4.492947346
4.502784911, 4.502958719
4.512784909, 4.512977340
4.522784910, 4.522950787
4.532784905, 4.532956247
4.542784913, 4.542979197
4.552784909, 4.552957170
4.562784909, 4.562989339
4.572784918, 4.572953919
4.582784909, 4.582926278
4.592784918, 4.592886736
4.602784904, 4.602922304
4.612784932, 4.612891896
4.622784909, 4.622927148
4.632784964, 4.632884781
4.642785198, 4.642913215
4.652784975, 4.652930943
4.662784913, 4.662899075
4.672784910, 4.672890727
4.682784906, 4.682892896
4.692784910, 4.692910373
4.702784979, 4.702873905
4.712784975, 4.712881325
4.722784909, 4.722896212
4.732784911, 4.732877841
4.742784907, 4.742895110
4.752784909, 4.752880872
4.762784908, 4.762884576
4.772784911, 4.772879775
4.782784907, 4.782876905
4.792784911, 4.792879170
4.802784932, 4.802876654
4.812784906, 4.812880662
4.822784937, 4.822888280
4.832784917, 4.832882638
4.842784908, 4.842880849
4.852784914, 4.852880127
4.862784911, 4.862877425
4.872784906, 4.872878106
4.882784921, 4.882877032
4.892784904, 4.892876115
4.902784911, 4.902873470
4.912784912, 4.912879849
4.922784911, 4.922878983
4.932784898, 4.932875264
4.942784911, 4.942877107
4.952784909, 4.952879312
4.962784913, 4.962886579
4.972784912, 4.972879552
4.982784911, 4.982892020
4.992784907, 4.992877099
5.002784905, 5.002943440
5.012784906, 5.012957556
5.022784907, 5.022941785
5.032784911, 5.032941349
5.042784908, 5.042942679
5.052784912, 5.052953274
5.062784916, 5.062945360
5.072784911, 5.072950896
5.082784926, 5.082951819
5.092784923, 5.092957753
5.102784910, 5.102970860
5.112784917, 5.112969393
5.122784907, 5.122960920
5.132784909, 5.132943000
5.142784908, 5.142968821
5.152784913, 5.152953246
5.162784907, 5.162964974
5.172784904, 5.172945532
5.182784908, 5.182963878
5.192785051, 5.192986269
5.202784918, 5.202960402
5.212784914, 5.212960732
5.222784901, 5.222980332
5.232784907, 5.232965882
5.242784904, 5.242920749
5.252784910, 5.252963968
5.262784909, 5.262963527
5.272784913, 5.272947368
5.282784910, 5.282958964
5.292784903, 5.292950470
5.302784969, 5.302966891
5.312784914, 5.312950535
5.322785182, 5.322945487
5.332784915, 5.332949927
5.342784964, 5.342956719
5.352784902, 5.352954982
5.362784910, 5.362966336
5.372784907, 5.372974759
5.382784912, 5.382950602
5.392784902, 5.392979984
5.402784909, 5.402954815
5.412784901, 5.413018810
5.422784908, 5.422949462
5.432784905, 5.432951837
5.442784905, 5.442947230
5.452784908, 5.452955193
5.462784903, 5.462967242
5.472784908, 5.472971666
5.482784903, 5.482967007
5.492784904, 5.492972060
5.502784906, 5.502974646
5.512784911, 5.512955094
5.522784907, 5.522973875
5.532784905, 5.532951684
5.542784914, 5.542975748
5.552784912, 5.552975964
5.562784925, 5.562958412
5.572784910, 5.572981938
5.582784913, 5.582954915
5.592784911, 5.592954700
5.602784904, 5.602946616
5.612784905, 5.612944043
5.622784903, 5.622965938
5.632784911, 5.632946827
5.642784907, 5.642964635
5.652784911, 5.652931321
5.662784908, 5.662959082
5.672784903, 5.672983671
5.682784934, 5.682943917
5.692784907, 5.692956788
5.702784904, 5.702956897
5.712784903, 5.712956193
5.722784905, 5.722965383
5.732784909, 5.732947059
5.742784905, 5.742967456
5.752784905, 5.752973020
5.762784901, 5.762955315
5.772784912, 5.772941784
5.782784911, 5.782954386
5.792784911, 5.792963833
5.802784911, 5.802959290
5.812784919, 5.812947819
5.822785134, 5.822957426
5.832784912, 5.832970545
5.842784918, 5.842949012
5.852784914, 5.852964823
5.862784908, 5.862951704
5.872784907, 5.872952347
5.882784908, 5.882952256
5.892784911, 5.892956872
5.902784910, 5.902953189
5.912784906, 5.912973143
5.922784911, 5.922955034
5.932784904, 5.932953266
5.942784911, 5.942906170
5.952784906, 5.952878327
5.962784907, 5.962877977
5.972784907, 5.972915515
5.982785106, 5.982915726
5.992784904, 5.992910750
6.002784910, 6.002881083
6.012784900, 6.012875024
6.022784911, 6.022875759
6.032784907, 6.032873240
6.042784982, 6.042887249
6.052784904, 6.052879876
6.062784924, 6.062882466
6.072784903, 6.072876601
6.082784982, 6.082880407
6.092784906, 6.092914927
6.102784910, 6.102875603
6.112784926, 6.112878828
6.122784907, 6.122878710
6.132784903, 6.132874680
6.142784913, 6.142876346
6.152784904, 6.152878267
6.162784910, 6.162877297
6.172784986, 6.172879690
6.182784927, 6.182887984
6.192784926, 6.192886367
6.202784910, 6.202875265
6.212784901, 6.212879592
6.222784910, 6.222881895
6.232784909, 6.232872384
6.242784908, 6.242877167
6.252784963, 6.252941729
6.262784911, 6.262935578
6.272784904, 6.272938328
6.282784908, 6.282929904
6.292784906, 6.292949093
6.302784935, 6.302953797
6.312784977, 6.312966585
6.322785396, 6.322959895
6.332784904, 6.332981743
6.342784910, 6.342966899
6.352784906, 6.352969937
6.362784915, 6.362971348
6.372784912, 6.372963898
6.382784910, 6.383000896
6.392784917, 6.392968048
6.402784908, 6.402960266
6.412784912, 6.412960631
6.422784911, 6.422949613
6.432784936, 6.432947503
6.442784908, 6.442956478
6.452784912, 6.452994666
6.462784908, 6.462975630
6.472784909, 6.472930422
6.482784909, 6.482966658
6.492784934, 6.492960791
6.502784905, 6.502951369
6.512785012, 6.512946909
6.522784911, 6.522945206
6.532784904, 6.532973699
6.542784904, 6.542945240
6.552784970, 6.552971095
6.562784912, 6.562950198
6.572784915, 6.572991689
6.582784908, 6.582977679
6.592784913, 6.592882653
6.602784914, 6.602883014
6.612784909, 6.612890588
6.622784913, 6.622894996
6.632784909, 6.632890224
6.642784913, 6.642882460
6.652784912, 6.652878729
6.662784909, 6.662894620
6.672784912, 6.672874943
6.682784925, 6.682878978
6.692784983, 6.692880330
6.702784911, 6.702876812
6.712784904, 6.712877689
6.722784908, 6.722883356
6.732784939, 6.732875859
6.742784909, 6.742881181
6.752784912, 6.752884290
6.762784917, 6.762873569
6.772784907, 6.772880370
6.782784908, 6.782897904
6.792784932, 6.792877026
6.802784930, 6.802886383
6.812784909, 6.812879784
6.822784909, 6.822882911
6.832784912, 6.832888422
6.842784909, 6.842902104
6.852784909, 6.852880619
6.862784913, 6.862882382
6.872784912, 6.872879746
6.882784906, 6.882880110
6.892784905, 6.892888890
6.902784916, 6.902881714
6.912784913, 6.912876757
6.922784906, 6.922881460
6.932784909, 6.932879097
6.942784906, 6.942964729
6.952784909, 6.952944155
6.962784913, 6.962961042
6.972784904, 6.972996743
6.982784911, 6.982948672
6.992784902, 6.992968687
7.002784917, 7.002953181
7.012784910, 7.012958166
7.022784913, 7.022959194
7.032784907, 7.032989972
7.042784906, 7.042948901
7.052784915, 7.052948660
7.062784911, 7.062957503
7.072784907, 7.072955877
7.082784911, 7.082947584
7.092784905, 7.092960069
7.102784903, 7.102941674
7.112784907, 7.112923019
7.122784906, 7.122928988
7.132784909, 7.132955680
7.142784908, 7.142945895
7.152784907, 7.152964337
7.162784903, 7.162958426
7.172784910, 7.172932691
7.182784911, 7.182951365
7.192784913, 7.192953215
7.202784900, 7.202981377
7.212784907, 7.212947949
7.222784914, 7.222948714
7.232784905, 7.232940311
7.242784906, 7.242967680
7.252784910, 7.252943865
7.262784908, 7.262939934
7.272784909, 7.272927730
7.282784913, 7.282948941
7.292784913, 7.292939958
7.302784915, 7.302956092
7.312784921, 7.312954198
7.322784907, 7.322976922
7.332784905, 7.332973533
7.342784911, 7.342991769
7.352784912, 7.352964307
7.362784913, 7.362950543
7.372784912, 7.372963034
7.382784914, 7.382964961
7.392784909, 7.392948178
7.402784902, 7.402961251
7.412784901, 7.412955408
7.422784911, 7.422956884
7.432784910, 7.432940904
7.442784913, 7.442935212
7.452784910, 7.452954592
7.462784914, 7.462960927
7.472784917, 7.472948543
7.482784913, 7.482964778
7.492784912, 7.492947015
7.502784909, 7.502951016
7.512784904, 7.512945793
7.522784914, 7.522961088
7.532784909, 7.532964550
7.542784974, 7.542941763
7.552784912, 7.552960892
7.562784909, 7.562954970
7.572784923, 7.572982244
7.582784911, 7.582957907
7.592784929, 7.592989392
7.602784909, 7.602940277
7.612784904, 7.612983017
7.622784915, 7.622977993
7.632784899, 7.632947149
7.642784912, 7.642951829
7.652784910, 7.652963607
7.662784904, 7.662967832
7.672784908, 7.672953661
7.682784904, 7.682936924
7.692784908, 7.692967565
7.702784910, 7.703009199
7.712784905, 7.712961977
7.722784910, 7.722942711
7.732784938, 7.732945858
7.742784901, 7.742948093
7.752784905, 7.752957917
7.762784906, 7.762996273
7.772784908, 7.772964933
7.782784912, 7.782958134
7.792784910, 7.792989322
7.802784906, 7.802968857
7.812784907, 7.812949604
7.822784902, 7.822958813
7.832784934, 7.832960062
7.842784914, 7.842961613
7.852784916, 7.852951498
7.862784909, 7.862969905
7.872784900, 7.872943539
7.882784909, 7.882949648
7.892784905, 7.892967623
7.902784910, 7.902959752
7.912784910, 7.912969890
7.922784908, 7.922954717
7.932784902, 7.932977008
7.942784906, 7.942963078
7.952784910, 7.952948606
7.962784906, 7.962967472
7.972784905, 7.972978327
7.982784906, 7.982952033
7.992784899, 7.992957071
8.002784982, 8.002874890
8.012784913, 8.012881241
8.022784907, 8.022876252
8.032784910, 8.032875851
8.042784909, 8.042877440
8.052784904, 8.052880426
8.062784911, 8.062895731
8.072784905, 8.072902565
8.082784926, 8.082884764
8.092784904, 8.092880090
8.102784906, 8.102878060
8.112784902, 8.112877556
8.122784911, 8.122877312
8.132784908, 8.132873528
8.142784904, 8.142873464
8.152784905, 8.152883001
8.162784911, 8.162877882
8.172784905, 8.172874875
8.182784909, 8.182877067
8.192784908, 8.192876877
8.202784923, 8.202877869
8.212784918, 8.212878200
8.222784909, 8.222878583
8.232784905, 8.232882801
8.242784906, 8.242916904
8.252784913, 8.252973008
8.262784912, 8.262960407
8.272784930, 8.272950723
8.282784902, 8.282965391
8.292784917, 8.292957788
8.302784906, 8.302956106
8.312784908, 8.312983392
8.322784909, 8.322955206
8.332784913, 8.332956544
8.342784902, 8.342970893
8.352784905, 8.353029532
8.362784913, 8.362964917
8.372784913, 8.372973380
8.382784906, 8.382952963
8.392784918, 8.393009974
8.402784912, 8.402943095
8.412784900, 8.413032949
8.422784913, 8.422977101
8.432784907, 8.432983549
8.442784906, 8.443009050
8.452784910, 8.452957227
8.462784909, 8.463026200
8.472784905, 8.473017593
8.482784908, 8.483055860
8.492784905, 8.492962566
8.502784911, 8.502977666
8.512784908, 8.512974361
8.522785005, 8.522961138
8.532784908, 8.532933539
8.542784912, 8.543011113
8.552784913, 8.552963762
8.562784911, 8.562939719
8.572784907, 8.572959396
8.582784909, 8.582962731
8.592784904, 8.592947953
8.602784910, 8.602959489
8.612784910, 8.613006608
8.622784908, 8.622954673
8.632784943, 8.632932285
8.642784903, 8.643015674
8.652784909, 8.652996333
8.662784916, 8.662973103
8.672784910, 8.673009757
8.682784908, 8.682970029
8.692784918, 8.692949451
8.702784905, 8.702951406
8.712784915, 8.712955380
8.722784905, 8.722944663
8.732784907, 8.732964337
8.742784909, 8.742955373
8.752784907, 8.752970503
8.762784902, 8.762975030
8.772784904, 8.772887821
8.782784911, 8.782874489
8.792784907, 8.792889118
8.802784927, 8.802890995
8.812784924, 8.812895627
8.822784906, 8.822897584
8.832784913, 8.832889713
8.842784917, 8.842893990
8.852784913, 8.852885073
8.862784904, 8.862900591
8.872784907, 8.872881901
8.882784936, 8.882880299
8.892784904, 8.892875167
8.902784906, 8.902887125
8.912784913, 8.912895893
8.922784923, 8.922882805
8.932784911, 8.932875985
8.942784903, 8.942878559
8.952784911, 8.952926312
8.962784912, 8.962877784
8.972784907, 8.972880709
8.982784904, 8.982879134
8.992784922, 8.992877602
9.002784915, 9.002876709
9.012784934, 9.012893954
9.022784906, 9.022875678
9.032784918, 9.032883709
9.042784907, 9.042880700
9.052784916, 9.052902474
9.062784907, 9.062875229
9.072784910, 9.072884001
9.082784909, 9.082882988
9.092784905, 9.092891346
9.102784911, 9.102877127
9.112785000, 9.112883297
9.122784911, 9.122881371
9.132784905, 9.132874526
9.142784911, 9.142924465
9.152784919, 9.152885919
9.162784907, 9.162878491
9.172784913, 9.172882171
9.182784901, 9.182878411
9.192784913, 9.192882457
9.202784911, 9.202875506
9.212784907, 9.212878653
9.222784912, 9.222874779
9.232784910, 9.232876400
9.242784907, 9.242871500
9.252784934, 9.252966942
9.262784917, 9.262960595
9.272784911, 9.272941267
9.282784912, 9.282957404
9.292784918, 9.292953521
9.302784917, 9.302941974
9.312784911, 9.312948720
9.322784923, 9.322959973
9.332784935, 9.332968727
9.342784917, 9.342926608
9.352784911, 9.352955202
9.362784909, 9.362957328
9.372784908, 9.372959822
9.382784904, 9.382947271
9.392784913, 9.392951623
9.402784906, 9.402951881
9.412784908, 9.412962401
9.422784907, 9.422974828
9.432784902, 9.432947492
9.442784913, 9.442950820
9.452784913, 9.452945414
9.462784913, 9.462944356
9.472784904, 9.472944544
9.482784935, 9.482948183
9.492784904, 9.492928934
9.502784905, 9.502944944
9.512784907, 9.512947375
9.522784915, 9.522944679
9.532784913, 9.532959821
9.542784907, 9.542949922
9.552784910, 9.552967528
9.562784908, 9.562901741
9.572784907, 9.572948221
9.582784909, 9.582955232
9.592784908, 9.592951245
9.602784912, 9.602945248
9.612784902, 9.612959731
9.622784904, 9.622934556
9.632784910, 9.632955610
9.642784904, 9.642952792
9.652784908, 9.652964684
9.662784938, 9.662945262
9.672784900, 9.672936547
9.682784907, 9.682946913
9.692784907, 9.692963225
9.702784905, 9.702962279
9.712784912, 9.712924622
9.722784934, 9.722948548
9.732784902, 9.732937372
9.742784909, 9.742917285
9.752784908, 9.752957527
9.762784906, 9.762964031
9.772784910, 9.772950175
9.782784909, 9.782938801
9.792784908, 9.792944271
9.802784951, 9.802940289
9.812784902, 9.812953806
9.822784911, 9.822946158
9.832784932, 9.832968559
9.842784913, 9.842974299
9.852784899, 9.852970712
9.862784916, 9.862962305
9.872784907, 9.872939108
9.882784908, 9.882948201
9.892784910, 9.892957887
9.902784909, 9.902937300
9.912784905, 9.912946255
9.922784906, 9.922936261
9.932784918, 9.932941873
9.942784907, 9.942880577
9.952784935, 9.952929369
9.962784904, 9.962914040
9.972784911, 9.972926595
9.982784914, 9.982924200
9.992784916, 9.992917057
10.002784909, 10.002915058
10.012784905, 10.012919117
10.022784922, 10.022923562
10.032784913, 10.032921029
10.042784914, 10.042915251
10.052784926, 10.052929476
10.062784920, 10.062923155
10.072784918, 10.072920091
10.082784901, 10.082916195
10.092784904, 10.092919996
10.102784917, 10.102925394
10.112784911, 10.112916848
10.122784915, 10.122921706
10.132784905, 10.132917281
10.142784901, 10.142916042
10.152784904, 10.152916104
10.162784911, 10.162914272
10.172784916, 10.172918675
10.182784911, 10.182920438
10.192784904, 10.192914886
10.202784906, 10.202922094
10.212784910, 10.212921477
10.222784906, 10.222917708
10.232784904, 10.232916384
10.242784911, 10.242919077
10.252784929, 10.252916194
10.262784904, 10.262924514
10.272784910, 10.272923724
10.282784917, 10.282920799
10.292784908, 10.292917489
10.302784912, 10.302915764
10.312784907, 10.312921132
10.322784904, 10.322919786
10.332784915, 10.332924070
10.342784930, 10.342929019
10.352784913, 10.352916608
10.362784909, 10.362919552
10.372784905, 10.372918927
10.382784914, 10.382918956
10.392784902, 10.392918155
10.402784909, 10.402921814
10.412784907, 10.412916444
10.422784922, 10.422925014
10.432784915, 10.432919722
10.442784903, 10.442917175
10.452784909, 10.452925742
10.462784917, 10.462918944
10.472784902, 10.472916093
10.482784913, 10.482917675
10.492784909, 10.492917312
10.502784908, 10.502959486
10.512784902, 10.512955697
10.522784916, 10.522961796
10.532784920, 10.532956119
10.542784919, 10.542960453
10.552784915, 10.552957407
10.562784906, 10.562952224
10.572784902, 10.572957379
10.582784911, 10.582960509
10.592784910, 10.592957197
10.602784905, 10.602955131
10.612784904, 10.612956109
10.622784903, 10.622955118
10.632784904, 10.632953878
10.642784905, 10.642953937
10.652784909, 10.652955519
10.662784917, 10.662961330
10.672784902, 10.672956845
10.682784930, 10.682954329
10.692784901, 10.692955157
10.702784909, 10.702957455
10.712784901, 10.712955302
10.722784914, 10.722955845
10.732784905, 10.732955774
10.742784905, 10.742959751
10.752784904, 10.752957546
10.762784909, 10.762955830
10.772784910, 10.772960876
10.782784922, 10.782959899
10.792784912, 10.792956210
10.802784911, 10.802955665
10.812784904, 10.812955405
10.822784902, 10.822959413
10.832784932, 10.832964182
10.842784916, 10.842957782
10.852784915, 10.852957086
10.862784908, 10.862955134
10.872784899, 10.872957488
10.882784903, 10.882956175
10.892784904, 10.892954800
10.902784903, 10.902959050
10.912784909, 10.912956846
10.922784909, 10.922954841
10.932784901, 10.932955045
10.942784905, 10.942955559
10.952784907, 10.952957971
10.962784909, 10.962956689
10.972784910, 10.972957309
10.982784909, 10.982959913
10.992784912, 10.992957928
11.002784905, 11.002957411
11.012784915, 11.012954996
11.022784914, 11.022961903
11.032784907, 11.032955948
11.042784909, 11.042959909
11.052784907, 11.052955204
11.062784908, 11.062958881
11.072784910, 11.072956243
11.082784916, 11.082956898
11.092784902, 11.092956539
11.102784911, 11.102955090
11.112784899, 11.112956976
11.122784908, 11.122955275
11.132784904, 11.132957308
11.142784909, 11.142959568
11.152784902, 11.152955929
11.162784908, 11.162967606
11.172784931, 11.172956826
11.182784903, 11.182955051
11.192784910, 11.192954145
11.202784906, 11.202955590
11.212784904, 11.212956706
11.222784909, 11.222960161
11.232784909, 11.232957906
11.242784909, 11.242956489
11.252784907, 11.252954518
11.262784905, 11.262955755
11.272784913, 11.272961769
11.282784917, 11.282956427
11.292784907, 11.292959791
11.302784911, 11.302958858
11.312784915, 11.312955476
11.322784908, 11.322955175
11.332784932, 11.332965142
11.342784908, 11.342954610
11.352784905, 11.352955883
11.362784905, 11.362953904
11.372784920, 11.372955650
11.382784911, 11.382959018
11.392784909, 11.392953545
11.402784906, 11.402955178
11.412784899, 11.412958054
11.422784911, 11.422956382
11.432784909, 11.432953862
11.442784909, 11.442955943
11.452784910, 11.452955070
11.462784905, 11.462960752
11.472784909, 11.472956722
11.482784920, 11.482956434
11.492784909, 11.492955834
11.502784908, 11.502954466
11.512784918, 11.512962196
11.522784908, 11.522955996
11.532784912, 11.532959439
11.542784922, 11.542960749
11.552784909, 11.552957246
11.562784909, 11.562902006
11.572784904, 11.572955956
11.582784913, 11.582956206
11.592784905, 11.592955353
11.602784908, 11.602953806
11.612784910, 11.612956212
11.622784913, 11.622960520
11.632784910, 11.632957255
11.642784905, 11.642957997
11.652784909, 11.652957884
11.662784909, 11.662955281
11.672784910, 11.672955320
11.682784908, 11.682955649
11.692784910, 11.692957350
11.702784903, 11.702958736
11.712784909, 11.712956438
11.722784906, 11.722955578
11.732784917, 11.732956048
11.742784905, 11.742956784
11.752784913, 11.752956319
11.762784920, 11.762961761
11.772784909, 11.772955748
11.782784922, 11.782962108
11.792784904, 11.792955814
11.802784913, 11.802955911
11.812784917, 11.812956900
11.822784905, 11.822955608
11.832784913, 11.832965571
11.842784908, 11.842955395
11.852784913, 11.852956010
11.862784909, 11.862959007
11.872784912, 11.872958539
11.882784909, 11.882957987
11.892784905, 11.892954235
11.902784911, 11.902952579
11.912784909, 11.912955815
11.922784911, 11.922957029
11.932784909, 11.932955187
11.942784911, 11.942961623
11.952784904, 11.952952102
11.962784911, 11.962955360
11.972784902, 11.972956054
11.982784908, 11.982957899
11.992784910, 11.992960219
12.002784911, 12.002953600
12.012784913, 12.012962685
12.022784911, 12.022959168
12.032784909, 12.032962802
12.042784922, 12.042962162
12.052784912, 12.052961147
------------------------------
