------------------------------
test was performed using the following parameters: --mps=100 --burst=1 --reply-every=1 --msg-size=12 --time=10
------------------------------
sockperf: [Total Run] RunTime=10.100 sec; SentMessages=1011; ReceivedMessages=1010
sockperf: ========= Printing statistics for Server No: 0
sockperf: [Valid Duration] RunTime=9.990 sec; SentMessages=1000; ReceivedMessages=1000
sockperf: [2;35m====> avg-lat= 83.972 (std-dev=25.986)[0m
sockperf: # dropped messages = 0; # duplicated messages = 0; # out-of-order messages = 0
sockperf: [2;35mTotal 1000 observations[0m; each percentile contains 10.00 observations
sockperf: ---> <MAX> observation =  173.513
sockperf: ---> percentile  99.99 =  173.513
sockperf: ---> percentile  99.90 =  165.289
sockperf: ---> percentile  99.50 =  155.899
sockperf: ---> percentile  99.00 =  152.523
sockperf: ---> percentile  95.00 =  129.490
sockperf: ---> percentile  90.00 =  116.185
sockperf: ---> percentile  75.00 =  103.279
sockperf: ---> percentile  50.00 =   81.870
sockperf: ---> percentile  25.00 =   64.766
sockperf: ---> <MIN> observation =   28.706
------------------------------
txTime, rxTime
2.063047352, 2.063296014
2.073047333, 2.073372273
2.083047341, 2.083267890
2.093047342, 2.093231759
2.103047336, 2.103212638
2.113047347, 2.113205778
2.123047346, 2.123210501
2.133047346, 2.133177439
2.143047349, 2.143169183
2.153047341, 2.153214660
2.163047350, 2.163194047
2.173047324, 2.173155094
2.183047336, 2.183189137
2.193047421, 2.193207682
2.203047339, 2.203185603
2.213047341, 2.213250907
2.223047338, 2.223221059
2.233047333, 2.233193153
2.243047331, 2.243164328
2.253047336, 2.253159338
2.263047333, 2.263191085
2.273047338, 2.273176063
2.283047338, 2.283157715
2.293047334, 2.293142983
2.303047339, 2.303126669
2.313047331, 2.313135049
2.323047333, 2.323126142
2.333047333, 2.333199622
2.343047334, 2.343195476
2.353047338, 2.353191870
2.363047338, 2.363305305
2.373047339, 2.373251690
2.383047353, 2.383302270
2.393047353, 2.393335056
2.403047352, 2.403332360
2.413047330, 2.413260348
2.423047350, 2.423298878
2.433047339, 2.433226241
2.443047336, 2.443216355
2.453047357, 2.453247826
2.463047350, 2.463309868
2.473047440, 2.473206117
2.483047346, 2.483178848
2.493047333, 2.493165070
2.503047331, 2.503251262
2.513047350, 2.513217644
2.523047346, 2.523202748
2.533047352, 2.533237069
2.543047350, 2.543300644
2.553047350, 2.553260036
2.563047350, 2.563289139
2.573047339, 2.573184184
2.583047336, 2.583164083
2.593047349, 2.593172741
2.603047346, 2.603169148
2.613047346, 2.613188836
2.623047341, 2.623174742
2.633047396, 2.633169294
2.643047338, 2.643153079
2.653047341, 2.653123699
2.663047339, 2.663139048
2.673047334, 2.673144908
2.683047333, 2.683126058
2.693047336, 2.693104749
2.703047332, 2.703175359
2.713047322, 2.713237670
2.723047340, 2.723212410
2.733047333, 2.733184138
2.743047336, 2.743205025
2.753047341, 2.753194754
2.763047338, 2.763230774
2.773047327, 2.773199406
2.783047333, 2.783242444
2.793047334, 2.793256543
2.803047333, 2.803185608
2.813047339, 2.813256596
2.823047328, 2.823211238
2.833047321, 2.833192324
2.843047346, 2.843175872
2.853047338, 2.853181227
2.863047333, 2.863228477
2.873047338, 2.873167622
2.883047334, 2.883191656
2.893047330, 2.893189385
2.903047346, 2.903164638
2.913047423, 2.913145006
2.923047336, 2.923180094
2.933047334, 2.933185213
2.943047338, 2.943146443
2.953047336, 2.953240727
2.963047336, 2.963160792
2.973047339, 2.973160102
2.983047333, 2.983163475
2.993047341, 2.993137048
3.003047342, 3.003133810
3.013047334, 3.013143102
3.023047339, 3.023161916
3.033047412, 3.033138594
3.043047393, 3.043127927
3.053047334, 3.053175539
3.063047347, 3.063127662
3.073047336, 3.073163625
3.083047338, 3.083142140
3.093047336, 3.093177339
3.103047333, 3.103199305
3.113047338, 3.113233187
3.123047424, 3.123195243
3.133047330, 3.133156060
3.143047341, 3.143181139
3.153047342, 3.153176268
3.163047332, 3.163222338
3.173047336, 3.173248163
3.183047334, 3.183192916
3.193047333, 3.193216676
3.203047339, 3.203170594
3.213047341, 3.213199222
3.223047334, 3.223202251
3.233047333, 3.233171281
3.243047331, 3.243188261
3.253047334, 3.253252085
3.263047350, 3.263277152
3.273047336, 3.273268052
3.283047341, 3.283252261
3.293047352, 3.293218379
3.303047333, 3.303194352
3.313047328, 3.313212432
3.323047336, 3.323210430
3.333047341, 3.333186885
3.343047338, 3.343195649
3.353047423, 3.353176896
3.363047338, 3.363208404
3.373047331, 3.373201322
3.383047347, 3.383174397
3.393047339, 3.393200706
3.403047339, 3.403236996
3.413047334, 3.413191747
3.423047337, 3.423197894
3.433047331, 3.433192789
3.443047334, 3.443141831
3.453047339, 3.453197718
3.463047331, 3.463263298
3.473047339, 3.473137680
3.483047339, 3.483158623
3.493047335, 3.493240245
3.503047341, 3.503170706
3.513047333, 3.513124902
3.523047338, 3.523201822
3.533047341, 3.533141291
3.543047334, 3.543173023
3.553047341, 3.553193507
3.563047350, 3.563190090
3.573047338, 3.573233813
3.583047334, 3.583185964
3.593047334, 3.593229438
3.603047335, 3.603233320
3.613047333, 3.613191335
3.623047421, 3.623200626
3.633047334, 3.633213654
3.643047339, 3.643183471
3.653047346, 3.653191983
3.663047336, 3.663203809
3.673047420, 3.673211797
3.683047339, 3.683166156
3.693047336, 3.693221125
3.703047339, 3.703214025
3.713047331, 3.713181983
3.723047336, 3.723179349
3.733047331, 3.733197997
3.743047353, 3.743178784
3.753047334, 3.753197573
3.763047338, 3.763215456
3.773047338, 3.773229975
3.783047341, 3.783200682
3.793047332, 3.793176634
3.803047340, 3.803182163
3.813047338, 3.813180436
3.823047333, 3.823181525
3.833047344, 3.833217753
3.843047339, 3.843181740
3.853047336, 3.853147126
3.863047341, 3.863199259
3.873047336, 3.873136345
3.883047341, 3.883130696
3.893047424, 3.893141951
3.903047339, 3.903234505
3.913047331, 3.913151595
3.923047341, 3.923174508
3.933047333, 3.933211545
3.943047334, 3.943237742
3.953047336, 3.953181149
3.963047331, 3.963279939
3.973047333, 3.973144769
3.983047338, 3.983211079
3.993047336, 3.993159358
4.003047327, 4.003178245
4.013047333, 4.013134771
4.023047338, 4.023129869
4.033047328, 4.033137291
4.043047330, 4.043130362
4.053047339, 4.053153906
4.063047334, 4.063216636
4.073047336, 4.073183513
4.083047336, 4.083203432
4.093047331, 4.093191057
4.103047349, 4.103210611
4.113047328, 4.113166478
4.123047334, 4.123158068
4.133047333, 4.133159357
4.143047330, 4.143130938
4.153047333, 4.153196363
4.163047341, 4.163210447
4.173047331, 4.173220644
4.183047342, 4.183216814
4.193047334, 4.193214567
4.203047333, 4.203241704
4.213047336, 4.213215521
4.223047398, 4.223233667
4.233047417, 4.233222420
4.243047336, 4.243247956
4.253047341, 4.253197381
4.263047333, 4.263195814
4.273047328, 4.273268394
4.283047343, 4.283160832
4.293047338, 4.293204561
4.303047328, 4.303134146
4.313047342, 4.313127641
4.323047331, 4.323141974
4.333047341, 4.333131119
4.343047339, 4.343240755
4.353047334, 4.353175340
4.363047331, 4.363204234
4.373047339, 4.373265241
4.383047423, 4.383180766
4.393047330, 4.393138379
4.403047406, 4.403156152
4.413047334, 4.413203452
4.423047336, 4.423158510
4.433047336, 4.433142381
4.443047396, 4.443184767
4.453047338, 4.453146605
4.463047334, 4.463143593
4.473047336, 4.473185912
4.483047341, 4.483134434
4.493047334, 4.493196900
4.503047424, 4.503126651
4.513047336, 4.513130878
4.523047336, 4.523186282
4.533047331, 4.533174423
4.543047334, 4.543256251
4.553047339, 4.553144769
4.563047334, 4.563148293
4.573047333, 4.573122208
4.583047339, 4.583151615
4.593047333, 4.593123798
4.603047338, 4.603155324
4.613047334, 4.613123111
4.623047380, 4.623148756
4.633047334, 4.633214917
4.643047334, 4.643196943
4.653047338, 4.653221680
4.663047341, 4.663242340
4.673047338, 4.673206942
4.683047328, 4.683258264
4.693047333, 4.693223843
4.703047334, 4.703241712
4.713047355, 4.713243558
4.723047341, 4.723219298
4.733047342, 4.733221304
4.743047328, 4.743202206
4.753047338, 4.753219666
4.763047340, 4.763197651
4.773047333, 4.773206122
4.783047333, 4.783201723
4.793047340, 4.793239290
4.803047348, 4.803238260
4.813047339, 4.813241157
4.823047333, 4.823197988
4.833047334, 4.833239297
4.843047333, 4.843301224
4.853047339, 4.853219037
4.863047334, 4.863181754
4.873047336, 4.873212870
4.883047334, 4.883232803
4.893047333, 4.893297158
4.903047333, 4.903180122
4.913047338, 4.913171794
4.923047331, 4.923135237
4.933047334, 4.933199039
4.943047343, 4.943174125
4.953047334, 4.953165930
4.963047336, 4.963166915
4.973047341, 4.973209641
4.983047341, 4.983220425
4.993047330, 4.993145229
5.003047332, 5.003144124
5.013047333, 5.013176367
5.023047335, 5.023150784
5.033047339, 5.033156032
5.043047333, 5.043114280
5.053047346, 5.053134666
5.063047333, 5.063188140
5.073047339, 5.073133895
5.083047350, 5.083203108
5.093047334, 5.093226989
5.103047334, 5.103225815
5.113047413, 5.113258299
5.123047346, 5.123243100
5.133047333, 5.133243619
5.143047334, 5.143241155
5.153047336, 5.153216152
5.163047331, 5.163266105
5.173047331, 5.173232606
5.183047338, 5.183240673
5.193047333, 5.193238560
5.203047338, 5.203270872
5.213047330, 5.213235727
5.223047341, 5.223256127
5.233047347, 5.233252399
5.243047338, 5.243207841
5.253047336, 5.253212925
5.263047333, 5.263242743
5.273047341, 5.273234522
5.283047424, 5.283208954
5.293047336, 5.293260722
5.303047341, 5.303213494
5.313047331, 5.313250047
5.323047336, 5.323219612
5.333047334, 5.333255649
5.343047333, 5.343267011
5.353047338, 5.353265232
5.363047336, 5.363192275
5.373047341, 5.373272867
5.383047334, 5.383233289
5.393047334, 5.393174307
5.403047334, 5.403255932
5.413047331, 5.413183132
5.423047336, 5.423155546
5.433047333, 5.433176600
5.443047333, 5.443220922
5.453047338, 5.453120858
5.463047334, 5.463154761
5.473047330, 5.473223555
5.483047346, 5.483264927
5.493047334, 5.493256513
5.503047341, 5.503219370
5.513047334, 5.513202777
5.523047336, 5.523259239
5.533047336, 5.533209287
5.543047349, 5.543262057
5.553047341, 5.553255959
5.563047339, 5.563203003
5.573047335, 5.573232677
5.583047334, 5.583227881
5.593047440, 5.593216290
5.603047349, 5.603233166
5.613047334, 5.613194543
5.623047333, 5.623176486
5.633047334, 5.633118902
5.643047339, 5.643191232
5.653047334, 5.653127464
5.663047338, 5.663220031
5.673047334, 5.673275585
5.683047337, 5.683133383
5.693047337, 5.693130069
5.703047334, 5.703250229
5.713047333, 5.713140411
5.723047336, 5.723171473
5.733047341, 5.733220485
5.743047333, 5.743204604
5.753047331, 5.753210906
5.763047334, 5.763184069
5.773047337, 5.773188931
5.783047347, 5.783247909
5.793047341, 5.793226458
5.803047339, 5.803247377
5.813047338, 5.813222514
5.823047347, 5.823209965
5.833047333, 5.833221989
5.843047327, 5.843234360
5.853047336, 5.853202854
5.863047339, 5.863214505
5.873047334, 5.873254443
5.883047328, 5.883231969
5.893047341, 5.893197086
5.903047344, 5.903193456
5.913047336, 5.913174028
5.923047338, 5.923181669
5.933047341, 5.933144131
5.943047336, 5.943205772
5.953047353, 5.953257788
5.963047338, 5.963180202
5.973047333, 5.973192395
5.983047334, 5.983175255
5.993047338, 5.993254275
6.003047334, 6.003136035
6.013047334, 6.013205750
6.023047331, 6.023135840
6.033047339, 6.033161400
6.043047330, 6.043224782
6.053047350, 6.053128461
6.063047328, 6.063126449
6.073047333, 6.073256330
6.083047331, 6.083125497
6.093047338, 6.093128000
6.103047339, 6.103178719
6.113047334, 6.113134514
6.123047344, 6.123200179
6.133047329, 6.133236423
6.143047341, 6.143181180
6.153047336, 6.153224107
6.163047335, 6.163196338
6.173047338, 6.173139490
6.183047344, 6.183274801
6.193047431, 6.193178235
6.203047347, 6.203160841
6.213047338, 6.213146725
6.223047334, 6.223154862
6.233047338, 6.233163650
6.243047331, 6.243165344
6.253047339, 6.253141485
6.263047331, 6.263122499
6.273047328, 6.273151625
6.283047333, 6.283174585
6.293047338, 6.293129812
6.303047342, 6.303146298
6.313047330, 6.313195416
6.323047328, 6.323211507
6.333047341, 6.333140045
6.343047338, 6.343116666
6.353047334, 6.353171028
6.363047328, 6.363171985
6.373047333, 6.373158837
6.383047333, 6.383205600
6.393047331, 6.393221227
6.403047424, 6.403185932
6.413047336, 6.413198290
6.423047333, 6.423217173
6.433047341, 6.433363782
6.443047333, 6.443277100
6.453047336, 6.453334845
6.463047336, 6.463306317
6.473047339, 6.473320768
6.483047334, 6.483348218
6.493047334, 6.493318263
6.503047333, 6.503295822
6.513047339, 6.513286054
6.523047341, 6.523344584
6.533047341, 6.533253731
6.543047349, 6.543281526
6.553047355, 6.553292427
6.563047338, 6.563171021
6.573047341, 6.573170708
6.583047333, 6.583209475
6.593047325, 6.593198951
6.603047336, 6.603196454
6.613047338, 6.613301297
6.623047340, 6.623212583
6.633047331, 6.633244435
6.643047340, 6.643206630
6.653047333, 6.653197642
6.663047339, 6.663253369
6.673047334, 6.673222849
6.683047420, 6.683206691
6.693047334, 6.693294563
6.703047340, 6.703189740
6.713047334, 6.713233447
6.723047334, 6.723200895
6.733047333, 6.733190733
6.743047334, 6.743236883
6.753047336, 6.753250267
6.763047339, 6.763194704
6.773047342, 6.773220719
6.783047348, 6.783132357
6.793047345, 6.793203985
6.803047355, 6.803143157
6.813047333, 6.813213985
6.823047349, 6.823144103
6.833047328, 6.833152404
6.843047339, 6.843155446
6.853047333, 6.853161461
6.863047333, 6.863225764
6.873047339, 6.873255037
6.883047336, 6.883264503
6.893047338, 6.893253990
6.903047331, 6.903264446
6.913047331, 6.913220497
6.923047327, 6.923235414
6.933047333, 6.933301972
6.943047333, 6.943252174
6.953047333, 6.953262265
6.963047331, 6.963238122
6.973047331, 6.973291752
6.983047339, 6.983260174
6.993047331, 6.993218566
7.003047332, 7.003394359
7.013047350, 7.013312517
7.023047341, 7.023352922
7.033047339, 7.033357813
7.043047334, 7.043272711
7.053047334, 7.053300677
7.063047333, 7.063338620
7.073047349, 7.073349142
7.083047352, 7.083271744
7.093047330, 7.093334972
7.103047346, 7.103338401
7.113047342, 7.113340677
7.123047353, 7.123359153
7.133047353, 7.133322780
7.143047346, 7.143352393
7.153047328, 7.153332685
7.163047346, 7.163349428
7.173047341, 7.173292013
7.183047338, 7.183344684
7.193047353, 7.193260852
7.203047346, 7.203326856
7.213047358, 7.213249126
7.223047353, 7.223289107
7.233047339, 7.233235075
7.243047334, 7.243203907
7.253047339, 7.253218793
7.263047336, 7.263217769
7.273047338, 7.273261787
7.283047339, 7.283270503
7.293047333, 7.293354020
7.303047339, 7.303245808
7.313047328, 7.313298479
7.323047338, 7.323260434
7.333047339, 7.333308151
7.343047340, 7.343228258
7.353047335, 7.353231641
7.363047341, 7.363271109
7.373047353, 7.373377933
7.383047339, 7.383238075
7.393047333, 7.393257970
7.403047337, 7.403283236
7.413047339, 7.413274368
7.423047334, 7.423259162
7.433047338, 7.433235249
7.443047342, 7.443229133
7.453047337, 7.453259869
7.463047344, 7.463205320
7.473047336, 7.473182041
7.483047338, 7.483183507
7.493047333, 7.493223136
7.503047338, 7.503243188
7.513047333, 7.513176866
7.523047344, 7.523192527
7.533047339, 7.533240463
7.543047337, 7.543157703
7.553047331, 7.553246942
7.563047342, 7.563241306
7.573047333, 7.573220913
7.583047350, 7.583178550
7.593047341, 7.593239397
7.603047336, 7.603228453
7.613047341, 7.613246790
7.623047333, 7.623315125
7.633047338, 7.633251395
7.643047349, 7.643161833
7.653047339, 7.653195209
7.663047339, 7.663130341
7.673047338, 7.673187689
7.683047336, 7.683231927
7.693047333, 7.693189797
7.703047333, 7.703139214
7.713047339, 7.713222743
7.723047339, 7.723182136
7.733047338, 7.733196584
7.743047336, 7.743186376
7.753047338, 7.753183585
7.763047339, 7.763216960
7.773047349, 7.773256570
7.783047328, 7.783165139
7.793047341, 7.793186055
7.803047338, 7.803133251
7.813047334, 7.813119930
7.823047336, 7.823143492
7.833047336, 7.833164972
7.843047340, 7.843158871
7.853047335, 7.853198934
7.863047335, 7.863194058
7.873047330, 7.873216410
7.883047338, 7.883251240
7.893047339, 7.893186493
7.903047333, 7.903165392
7.913047336, 7.913213560
7.923047338, 7.923184810
7.933047333, 7.933231805
7.943047338, 7.943258789
7.953047334, 7.953259251
7.963047334, 7.963268279
7.973047342, 7.973247197
7.983047339, 7.983167288
7.993047333, 7.993260567
8.003047334, 8.003234009
8.013047342, 8.013346300
8.023047333, 8.023270771
8.033047336, 8.033310738
8.043047331, 8.043337962
8.053047339, 8.053196546
8.063047347, 8.063269491
8.073047341, 8.073233481
8.083047338, 8.083137302
8.093047338, 8.093247385
8.103047331, 8.103189896
8.113047330, 8.113202864
8.123047333, 8.123227821
8.133047411, 8.133214148
8.143047426, 8.143207585
8.153047333, 8.153228345
8.163047337, 8.163234468
8.173047339, 8.173225812
8.183047336, 8.183214573
8.193047336, 8.193210792
8.203047332, 8.203205283
8.213047336, 8.213283640
8.223047338, 8.223262802
8.233047334, 8.233259421
8.243047347, 8.243236481
8.253047341, 8.253224300
8.263047327, 8.263247657
8.273047334, 8.273303890
8.283047358, 8.283297042
8.293047346, 8.293293246
8.303047352, 8.303280977
8.313047338, 8.313297086
8.323047338, 8.323246143
8.333047341, 8.333251222
8.343047327, 8.343198931
8.353047334, 8.353287961
8.363047334, 8.363235755
8.373047339, 8.373246735
8.383047334, 8.383201019
8.393047338, 8.393246977
8.403047339, 8.403210149
8.413047334, 8.413217206
8.423047333, 8.423244054
8.433047333, 8.433297984
8.443047339, 8.443234173
8.453047334, 8.453260235
8.463047334, 8.463291883
8.473047338, 8.473290382
8.483047347, 8.483255229
8.493047346, 8.493280124
8.503047352, 8.503194926
8.513047336, 8.513211879
8.523047333, 8.523279704
8.533047352, 8.533257413
8.543047333, 8.543254357
8.553047337, 8.553311059
8.563047336, 8.563201961
8.573047333, 8.573256403
8.583047347, 8.583225063
8.593047328, 8.593357524
8.603047349, 8.603225396
8.613047331, 8.613213447
8.623047331, 8.623254333
8.633047338, 8.633251062
8.643047331, 8.643224836
8.653047338, 8.653260056
8.663047331, 8.663157502
8.673047338, 8.673184083
8.683047342, 8.683159665
8.693047331, 8.693195383
8.703047344, 8.703168042
8.713047331, 8.713166064
8.723047336, 8.723190212
8.733047334, 8.733170428
8.743047338, 8.743155188
8.753047338, 8.753174386
8.763047336, 8.763190594
8.773047334, 8.773190981
8.783047334, 8.783174583
8.793047339, 8.793204617
8.803047336, 8.803223069
8.813047333, 8.813151686
8.823047333, 8.823156979
8.833047424, 8.833131475
8.843047334, 8.843174110
8.853047339, 8.853123009
8.863047338, 8.863171502
8.873047334, 8.873193194
8.883047330, 8.883185420
8.893047334, 8.893172429
8.903047346, 8.903280974
8.913047336, 8.913228964
8.923047336, 8.923250497
8.933047327, 8.933192197
8.943047334, 8.943204393
8.953047334, 8.953267361
8.963047330, 8.963190398
8.973047334, 8.973211917
8.983047336, 8.983182123
8.993047338, 8.993166083
9.003047338, 9.003210264
9.013047332, 9.013187285
9.023047338, 9.023178541
9.033047342, 9.033203689
9.043047331, 9.043130228
9.053047342, 9.053227370
9.063047338, 9.063252203
9.073047333, 9.073175651
9.083047341, 9.083180862
9.093047339, 9.093209645
9.103047334, 9.103163419
9.113047333, 9.113177154
9.123047339, 9.123244236
9.133047333, 9.133185369
9.143047352, 9.143112640
9.153047336, 9.153160614
9.163047341, 9.163120763
9.173047341, 9.173208928
9.183047334, 9.183203485
9.193047335, 9.193213725
9.203047336, 9.203158758
9.213047327, 9.213184942
9.223047341, 9.223170619
9.233047334, 9.233160001
9.243047336, 9.243175470
9.253047331, 9.253157312
9.263047330, 9.263174303
9.273047333, 9.273190108
9.283047333, 9.283114138
9.293047347, 9.293190501
9.303047338, 9.303166456
9.313047353, 9.313162669
9.323047339, 9.323191741
9.333047336, 9.333130144
9.343047342, 9.343141462
9.353047338, 9.353133335
9.363047334, 9.363118269
9.373047361, 9.373206017
9.383047338, 9.383197555
9.393047336, 9.393263992
9.403047338, 9.403210421
9.413047334, 9.413247487
9.423047338, 9.423261230
9.433047333, 9.433310165
9.443047336, 9.443229970
9.453047339, 9.453307671
9.463047338, 9.463260628
9.473047346, 9.473304126
9.483047349, 9.483329106
9.493047336, 9.493284234
9.503047353, 9.503347946
9.513047339, 9.513306181
9.523047344, 9.523333272
9.533047336, 9.533269642
9.543047331, 9.543276233
9.553047342, 9.553327576
9.563047352, 9.563363399
9.573047341, 9.573289972
9.583047342, 9.583326599
9.593047350, 9.593318299
9.603047349, 9.603249712
9.613047333, 9.613258940
9.623047333, 9.623330540
9.633047336, 9.633298232
9.643047334, 9.643318898
9.653047358, 9.653227499
9.663047353, 9.663221030
9.673047336, 9.673239811
9.683047336, 9.683167789
9.693047333, 9.693205154
9.703047335, 9.703162959
9.713047341, 9.713191890
9.723047341, 9.723209976
9.733047338, 9.733235587
9.743047338, 9.743268385
9.753047340, 9.753173941
9.763047333, 9.763161870
9.773047340, 9.773185280
9.783047331, 9.783217098
9.793047336, 9.793183333
9.803047342, 9.803227283
9.813047423, 9.813228210
9.823047325, 9.823196002
9.833047336, 9.833225835
9.843047341, 9.843174790
9.853047339, 9.853161275
9.863047338, 9.863231557
9.873047331, 9.873198451
9.883047338, 9.883222122
9.893047336, 9.893231305
9.903047330, 9.903115881
9.913047325, 9.913170737
9.923047334, 9.923133534
9.933047333, 9.933141145
9.943047338, 9.943118759
9.953047332, 9.953262692
9.963047334, 9.963225065
9.973047338, 9.973279330
9.983047341, 9.983221745
9.993047341, 9.993276680
10.003047336, 10.003257319
10.013047336, 10.013262425
10.023047327, 10.023261179
10.033047334, 10.033257820
10.043047331, 10.043205030
10.053047341, 10.053250921
10.063047339, 10.063256894
10.073047339, 10.073255193
10.083047339, 10.083210256
10.093047333, 10.093246759
10.103047341, 10.103254442
10.113047341, 10.113254978
10.123047333, 10.123232333
10.133047331, 10.133260529
10.143047328, 10.143259802
10.153047331, 10.153261411
10.163047338, 10.163259448
10.173047333, 10.173254654
10.183047336, 10.183277825
10.193047339, 10.193258094
10.203047333, 10.203254258
10.213047336, 10.213259192
10.223047334, 10.223253893
10.233047338, 10.233259049
10.243047341, 10.243244306
10.253047338, 10.253260804
10.263047334, 10.263258361
10.273047336, 10.273253780
10.283047331, 10.283287915
10.293047338, 10.293252550
10.303047325, 10.303255371
10.313047333, 10.313258757
10.323047333, 10.323231392
10.333047344, 10.333260100
10.343047341, 10.343256511
10.353047336, 10.353254460
10.363047333, 10.363254314
10.373047338, 10.373255935
10.383047339, 10.383255379
10.393047333, 10.393258058
10.403047333, 10.403206820
10.413047338, 10.413252813
10.423047336, 10.423253799
10.433047339, 10.433258683
10.443047327, 10.443247422
10.453047336, 10.453254203
10.463047338, 10.463253632
10.473047336, 10.473260691
10.483047327, 10.483185117
10.493047338, 10.493260993
10.503047327, 10.503255970
10.513047342, 10.513258461
10.523047346, 10.523252648
10.533047338, 10.533254439
10.543047328, 10.543255920
10.553047336, 10.553265564
10.563047334, 10.563251148
10.573047330, 10.573254712
10.583047327, 10.583300034
10.593047341, 10.593245437
10.603047341, 10.603292057
10.613047357, 10.613258202
10.623047333, 10.623315244
10.633047330, 10.633258790
10.643047347, 10.643308194
10.653047333, 10.653261272
10.663047327, 10.663226292
10.673047347, 10.673182427
10.683047335, 10.683276988
10.693047331, 10.693178023
10.703047333, 10.703241151
10.713047338, 10.713188122
10.723047332, 10.723175397
10.733047340, 10.733175008
10.743047333, 10.743180207
10.753047329, 10.753177513
10.763047340, 10.763176704
10.773047339, 10.773179287
10.783047326, 10.783169588
10.793047336, 10.793184491
10.803047330, 10.803181057
10.813047332, 10.813177197
10.823047342, 10.823176859
10.833047336, 10.833177709
10.843047332, 10.843170502
10.853047328, 10.853178080
10.863047333, 10.863178215
10.873047331, 10.873180923
10.883047340, 10.883145437
10.893047339, 10.893174977
10.903047338, 10.903174408
10.913047336, 10.913177588
10.923047335, 10.923174628
10.933047338, 10.933178764
10.943047332, 10.943173885
10.953047338, 10.953182408
10.963047333, 10.963178526
10.973047336, 10.973180241
10.983047340, 10.983212437
10.993047342, 10.993180315
11.003047344, 11.003174644
11.013047338, 11.013178803
11.023047338, 11.023163107
11.033047339, 11.033184296
11.043047327, 11.043163482
11.053047328, 11.053177523
11.063047351, 11.063174228
11.073047335, 11.073178124
11.083047337, 11.083213626
11.093047333, 11.093177003
11.103047335, 11.103175211
11.113047332, 11.113183837
11.123047335, 11.123180582
11.133047336, 11.133174644
11.143047340, 11.143177505
11.153047333, 11.153179324
11.163047340, 11.163174302
11.173047327, 11.173175773
11.183047349, 11.183281054
11.193047333, 11.193257426
11.203047334, 11.203256482
11.213047338, 11.213252941
11.223047336, 11.223243620
11.233047330, 11.233254406
11.243047341, 11.243178411
11.253047333, 11.253258391
11.263047339, 11.263255132
11.273047333, 11.273259166
11.283047338, 11.283242728
11.293047331, 11.293249001
11.303047334, 11.303253773
11.313047341, 11.313254439
11.323047338, 11.323253760
11.333047334, 11.333259397
11.343047333, 11.343254688
11.353047331, 11.353258802
11.363047339, 11.363253683
11.373047336, 11.373250334
11.383047339, 11.383274233
11.393047334, 11.393252687
11.403047333, 11.403252903
11.413047334, 11.413254305
11.423047336, 11.423252721
11.433047334, 11.433259545
11.443047339, 11.443178620
11.453047329, 11.453254412
11.463047331, 11.463256111
11.473047336, 11.473257183
11.483047342, 11.483271859
11.493047333, 11.493262165
11.503047336, 11.503256611
11.513047331, 11.513257608
11.523047322, 11.523254886
11.533047336, 11.533254333
11.543047341, 11.543251982
11.553047338, 11.553254753
11.563047339, 11.563255704
11.573047333, 11.573254291
11.583047339, 11.583215108
11.593047336, 11.593257131
11.603047339, 11.603199951
11.613047333, 11.613252689
11.623047336, 11.623253840
11.633047334, 11.633250624
11.643047334, 11.643219933
11.653047331, 11.653254066
11.663047334, 11.663253670
11.673047338, 11.673181431
11.683047332, 11.683273995
11.693047339, 11.693181169
11.703047340, 11.703175913
11.713047328, 11.713175038
11.723047338, 11.723174490
11.733047339, 11.733179712
11.743047333, 11.743176558
11.753047333, 11.753184131
11.763047334, 11.763179110
11.773047334, 11.773175559
11.783047336, 11.783181184
11.793047337, 11.793174750
11.803047340, 11.803159800
11.813047341, 11.813178236
11.823047333, 11.823173477
11.833047336, 11.833180241
11.843047333, 11.843164144
11.853047336, 11.853175447
11.863047336, 11.863174093
11.873047333, 11.873178250
11.883047341, 11.883216837
11.893047330, 11.893175190
11.903047332, 11.903154427
11.913047339, 11.913233638
11.923047338, 11.923226298
11.933047342, 11.933228336
11.943047334, 11.943221886
11.953047330, 11.953224486
11.963047341, 11.963226638
11.973047334, 11.973223296
11.983047338, 11.983301128
11.993047333, 11.993292165
12.003047334, 12.003281416
12.013047330, 12.013289738
12.023047339, 12.023285427
12.033047339, 12.033286068
12.043047333, 12.043337443
12.053047355, 12.053349334
------------------------------
