------------------------------
test was performed using the following parameters: --mps=100 --burst=1 --reply-every=1 --msg-size=12 --time=10
------------------------------
sockperf: [Total Run] RunTime=10.100 sec; SentMessages=1011; ReceivedMessages=1010
sockperf: ========= Printing statistics for Server No: 0
sockperf: [Valid Duration] RunTime=9.980 sec; SentMessages=999; ReceivedMessages=999
sockperf: [2;35m====> avg-lat= 77.233 (std-dev=19.642)[0m
sockperf: # dropped messages = 0; # duplicated messages = 0; # out-of-order messages = 0
sockperf: [2;35mTotal 999 observations[0m; each percentile contains 9.99 observations
sockperf: ---> <MAX> observation =  143.675
sockperf: ---> percentile  99.99 =  143.675
sockperf: ---> percentile  99.90 =  143.338
sockperf: ---> percentile  99.50 =  131.247
sockperf: ---> percentile  99.00 =  126.119
sockperf: ---> percentile  95.00 =  109.594
sockperf: ---> percentile  90.00 =  100.937
sockperf: ---> percentile  75.00 =   88.527
sockperf: ---> percentile  50.00 =   79.182
sockperf: ---> percentile  25.00 =   64.489
sockperf: ---> <MIN> observation =   34.196
------------------------------
txTime, rxTime
2.064503852, 2.064685051
2.074503834, 2.074702840
2.084503855, 2.084741612
2.094503848, 2.094723135
2.104503860, 2.104687705
2.114503846, 2.114704887
2.124503841, 2.124729873
2.134503842, 2.134712241
2.144503855, 2.144730969
2.154503845, 2.154747508
2.164503855, 2.164757125
2.174503866, 2.174781297
2.184503854, 2.184724343
2.194503859, 2.194714673
2.204503859, 2.204740786
2.214503840, 2.214708908
2.224503853, 2.224727263
2.234503844, 2.234716750
2.244503863, 2.244770484
2.254503851, 2.254693376
2.264503856, 2.264745252
2.274503845, 2.274700174
2.284503840, 2.284676113
2.294503864, 2.294655684
2.304503862, 2.304651496
2.314503839, 2.314640030
2.324503847, 2.324674915
2.334503837, 2.334673903
2.344503839, 2.344671922
2.354503839, 2.354667763
2.364503854, 2.364665385
2.374503834, 2.374706393
2.384503858, 2.384658485
2.394503839, 2.394758462
2.404503846, 2.404742355
2.414503858, 2.414711545
2.424503841, 2.424730541
2.434503851, 2.434747841
2.444503860, 2.444681941
2.454503842, 2.454705718
2.464503846, 2.464681133
2.474503854, 2.474666051
2.484503836, 2.484696361
2.494503844, 2.494632823
2.504503841, 2.504709876
2.514503853, 2.514766348
2.524503844, 2.524697061
2.534503851, 2.534702977
2.544503862, 2.544675737
2.554503839, 2.554684317
2.564503862, 2.564722161
2.574503846, 2.574653274
2.584503834, 2.584640923
2.594503845, 2.594615600
2.604503836, 2.604631956
2.614503836, 2.614684212
2.624503852, 2.624695686
2.634503839, 2.634699038
2.644503843, 2.644675333
2.654503844, 2.654622449
2.664503843, 2.664625376
2.674503839, 2.674700785
2.684503853, 2.684629991
2.694503842, 2.694637893
2.704503841, 2.704630275
2.714503842, 2.714649447
2.724503839, 2.724617500
2.734503848, 2.734629303
2.744503842, 2.744612393
2.754503847, 2.754662717
2.764503855, 2.764681929
2.774503844, 2.774665486
2.784503833, 2.784642585
2.794503845, 2.794595503
2.804503838, 2.804628714
2.814503848, 2.814600075
2.824503833, 2.824606199
2.834503859, 2.834603645
2.844503857, 2.844595473
2.854503836, 2.854595084
2.864503835, 2.864622634
2.874503836, 2.874619464
2.884503851, 2.884594466
2.894503844, 2.894638206
2.904503854, 2.904592650
2.914503840, 2.914669770
2.924503844, 2.924604615
2.934503840, 2.934675316
2.944503846, 2.944599095
2.954503845, 2.954588178
2.964503848, 2.964606418
2.974503839, 2.974607739
2.984503835, 2.984608883
2.994503840, 2.994604253
3.004503836, 3.004573939
3.014503855, 3.014591877
3.024503851, 3.024594970
3.034503837, 3.034641621
3.044503841, 3.044595401
3.054503861, 3.054669072
3.064503833, 3.064649253
3.074503834, 3.074679305
3.084503835, 3.084689532
3.094503836, 3.094656875
3.104503848, 3.104689447
3.114503856, 3.114657795
3.124503835, 3.124647843
3.134503842, 3.134637069
3.144503853, 3.144671779
3.154503841, 3.154710048
3.164503840, 3.164694769
3.174503834, 3.174681495
3.184503855, 3.184699546
3.194503842, 3.194650784
3.204503836, 3.204704415
3.214503843, 3.214711935
3.224503841, 3.224729742
3.234503848, 3.234706206
3.244503838, 3.244693721
3.254503836, 3.254672587
3.264503846, 3.264697417
3.274503840, 3.274683877
3.284503844, 3.284659330
3.294503839, 3.294676654
3.304503838, 3.304661769
3.314503855, 3.314636850
3.324503835, 3.324657560
3.334503836, 3.334671888
3.344503836, 3.344652330
3.354503849, 3.354666811
3.364503834, 3.364693724
3.374503831, 3.374651936
3.384503840, 3.384653004
3.394503829, 3.394665071
3.404503860, 3.404695355
3.414503844, 3.414653616
3.424503848, 3.424676561
3.434503878, 3.434659270
3.444503844, 3.444696710
3.454503834, 3.454651097
3.464503849, 3.464667540
3.474503839, 3.474688220
3.484503838, 3.484654595
3.494503840, 3.494672580
3.504503841, 3.504666064
3.514503835, 3.514746715
3.524503853, 3.524732958
3.534503837, 3.534697074
3.544503833, 3.544664501
3.554503834, 3.554662716
3.564503842, 3.564689556
3.574503829, 3.574673824
3.584503838, 3.584675876
3.594503834, 3.594686543
3.604503836, 3.604715015
3.614503848, 3.614642561
3.624503844, 3.624679845
3.634503831, 3.634666454
3.644503835, 3.644661524
3.654503836, 3.654658280
3.664503829, 3.664682942
3.674503833, 3.674668606
3.684503838, 3.684732163
3.694503836, 3.694680442
3.704503849, 3.704701444
3.714503839, 3.714635607
3.724503840, 3.724702649
3.734503845, 3.734678310
3.744503838, 3.744680316
3.754503851, 3.754659101
3.764503833, 3.764714018
3.774503835, 3.774711345
3.784503855, 3.784687921
3.794503845, 3.794667088
3.804503839, 3.804697526
3.814503848, 3.814616712
3.824503834, 3.824634559
3.834503837, 3.834655108
3.844503839, 3.844647448
3.854503834, 3.854638202
3.864503838, 3.864639631
3.874503836, 3.874651619
3.884503849, 3.884657450
3.894503833, 3.894644826
3.904503835, 3.904629894
3.914503840, 3.914652948
3.924503854, 3.924637108
3.934503831, 3.934635286
3.944503846, 3.944654184
3.954503833, 3.954620866
3.964503852, 3.964705864
3.974503834, 3.974650066
3.984503836, 3.984630179
3.994503840, 3.994666245
4.004503842, 4.004653455
4.014503832, 4.014650846
4.024503853, 4.024649278
4.034503842, 4.034627597
4.044503835, 4.044621390
4.054503837, 4.054647665
4.064503851, 4.064633269
4.074503837, 4.074661936
4.084503854, 4.084643165
4.094503846, 4.094630061
4.104503832, 4.104644352
4.114503844, 4.114666135
4.124503842, 4.124662877
4.134503837, 4.134685133
4.144503839, 4.144658944
4.154503849, 4.154713835
4.164503838, 4.164673800
4.174503848, 4.174665876
4.184503842, 4.184673604
4.194503832, 4.194691540
4.204503834, 4.204648913
4.214503838, 4.214693649
4.224503844, 4.224681130
4.234503835, 4.234686610
4.244503842, 4.244713759
4.254503851, 4.254662014
4.264503842, 4.264651077
4.274503845, 4.274700764
4.284503846, 4.284664457
4.294503853, 4.294684766
4.304503842, 4.304693519
4.314503834, 4.314661214
4.324503851, 4.324662984
4.334503855, 4.334644214
4.344503840, 4.344746602
4.354503855, 4.354716277
4.364503836, 4.364696078
4.374503833, 4.374711899
4.384503833, 4.384659733
4.394503832, 4.394647276
4.404503841, 4.404679557
4.414503840, 4.414691005
4.424503848, 4.424669975
4.434503842, 4.434654636
4.444503863, 4.444675537
4.454503836, 4.454737111
4.464503839, 4.464645351
4.474503837, 4.474663495
4.484503852, 4.484668030
4.494503838, 4.494677697
4.504503836, 4.504635781
4.514503841, 4.514633100
4.524503836, 4.524707198
4.534503842, 4.534710575
4.544503843, 4.544653636
4.554503853, 4.554689279
4.564503857, 4.564682104
4.574503841, 4.574654232
4.584503834, 4.584654660
4.594503837, 4.594611599
4.604503857, 4.604652605
4.614503842, 4.614649815
4.624503854, 4.624643209
4.634503842, 4.634602087
4.644503832, 4.644603714
4.654503839, 4.654600583
4.664503838, 4.664638398
4.674503845, 4.674606427
4.684503846, 4.684638799
4.694503845, 4.694637352
4.704503855, 4.704635035
4.714503839, 4.714627655
4.724503841, 4.724622500
4.734503845, 4.734610136
4.744503852, 4.744623232
4.754503850, 4.754615978
4.764503846, 4.764629035
4.774503839, 4.774635008
4.784503836, 4.784635257
4.794503839, 4.794656047
4.804503860, 4.804640588
4.814503839, 4.814678920
4.824503832, 4.824694953
4.834503831, 4.834617524
4.844503838, 4.844614858
4.854503844, 4.854664490
4.864503835, 4.864682569
4.874503839, 4.874636221
4.884503832, 4.884714493
4.894503837, 4.894643871
4.904503844, 4.904703614
4.914503857, 4.914675641
4.924503848, 4.924645663
4.934503848, 4.934650828
4.944503859, 4.944634581
4.954503845, 4.954669296
4.964503844, 4.964699283
4.974503845, 4.974692057
4.984503841, 4.984676479
4.994503840, 4.994690937
5.004503848, 5.004653102
5.014503844, 5.014638173
5.024503833, 5.024658680
5.034503837, 5.034662202
5.044503842, 5.044696710
5.054503839, 5.054707025
5.064503829, 5.064684944
5.074503847, 5.074660988
5.084503840, 5.084665684
5.094503845, 5.094684881
5.104503841, 5.104691921
5.114503842, 5.114657154
5.124503828, 5.124723017
5.134503837, 5.134706497
5.144503835, 5.144738724
5.154503859, 5.154705701
5.164503855, 5.164749988
5.174503858, 5.174679760
5.184503841, 5.184709307
5.194503845, 5.194675531
5.204503843, 5.204666835
5.214503837, 5.214687887
5.224503860, 5.224718416
5.234503856, 5.234707623
5.244503833, 5.244755370
5.254503840, 5.254685162
5.264503849, 5.264717635
5.274503850, 5.274654731
5.284503848, 5.284734906
5.294503859, 5.294685593
5.304503852, 5.304734811
5.314503854, 5.314669206
5.324503841, 5.324721030
5.334503844, 5.334705670
5.344503859, 5.344756488
5.354503858, 5.354707597
5.364503855, 5.364667738
5.374503834, 5.374693967
5.384503854, 5.384694035
5.394503844, 5.394674032
5.404503841, 5.404670462
5.414503842, 5.414689317
5.424503835, 5.424683579
5.434503839, 5.434686356
5.444503852, 5.444625302
5.454503834, 5.454714437
5.464503859, 5.464728709
5.474503845, 5.474690747
5.484503841, 5.484725092
5.494503837, 5.494623851
5.504503838, 5.504661252
5.514503849, 5.514614757
5.524503851, 5.524604284
5.534503840, 5.534653428
5.544503860, 5.544649223
5.554503839, 5.554679651
5.564503836, 5.564646465
5.574503842, 5.574580545
5.584503842, 5.584593580
5.594503832, 5.594630423
5.604503839, 5.604631188
5.614503833, 5.614643105
5.624503836, 5.624636324
5.634503837, 5.634672803
5.644503833, 5.644635235
5.654503878, 5.654668739
5.664503852, 5.664638641
5.674503840, 5.674659334
5.684503848, 5.684656108
5.694503839, 5.694657576
5.704503844, 5.704679870
5.714503859, 5.714654727
5.724503848, 5.724670330
5.734503833, 5.734622730
5.744503849, 5.744652868
5.754503834, 5.754628561
5.764503847, 5.764719391
5.774503839, 5.774646697
5.784503836, 5.784574417
5.794503844, 5.794611328
5.804503849, 5.804600624
5.814503837, 5.814647755
5.824503840, 5.824650397
5.834503844, 5.834644154
5.844503857, 5.844629602
5.854503840, 5.854646719
5.864503844, 5.864593742
5.874503851, 5.874658512
5.884503839, 5.884633978
5.894503849, 5.894669289
5.904503839, 5.904673980
5.914503837, 5.914612218
5.924503846, 5.924689417
5.934503842, 5.934662557
5.944503855, 5.944638503
5.954503859, 5.954608799
5.964503852, 5.964647309
5.974503829, 5.974607035
5.984503836, 5.984679419
5.994503839, 5.994614558
6.004503835, 6.004645513
6.014503846, 6.014614532
6.024503849, 6.024645980
6.034503836, 6.034644421
6.044503831, 6.044598650
6.054503843, 6.054657435
6.064503850, 6.064660959
6.074503848, 6.074628377
6.084503838, 6.084614679
6.094503833, 6.094615637
6.104503833, 6.104643420
6.114503840, 6.114670880
6.124503852, 6.124668814
6.134503851, 6.134651810
6.144503835, 6.144671165
6.154503837, 6.154689800
6.164503846, 6.164655273
6.174503843, 6.174641952
6.184503850, 6.184645725
6.194503851, 6.194687168
6.204503852, 6.204689884
6.214503838, 6.214665398
6.224503841, 6.224712578
6.234503834, 6.234650756
6.244503833, 6.244676280
6.254503840, 6.254654686
6.264503850, 6.264658979
6.274503829, 6.274650478
6.284503851, 6.284666067
6.294503848, 6.294641376
6.304503842, 6.304661014
6.314503840, 6.314675365
6.324503851, 6.324668000
6.334503836, 6.334685635
6.344503841, 6.344671695
6.354503847, 6.354662433
6.364503833, 6.364690330
6.374503847, 6.374753016
6.384503857, 6.384662780
6.394503857, 6.394651121
6.404503838, 6.404674526
6.414503837, 6.414662210
6.424503833, 6.424697703
6.434503850, 6.434670498
6.444503840, 6.444701978
6.454503839, 6.454685605
6.464503851, 6.464635196
6.474503839, 6.474693970
6.484503852, 6.484705182
6.494503862, 6.494724014
6.504503857, 6.504720199
6.514503844, 6.514756083
6.524503857, 6.524751229
6.534503846, 6.534791196
6.544503846, 6.544731631
6.554503859, 6.554692358
6.564503852, 6.564743435
6.574503843, 6.574721690
6.584503854, 6.584674716
6.594503836, 6.594687611
6.604503844, 6.604690931
6.614503842, 6.614758872
6.624503842, 6.624665806
6.634503831, 6.634714012
6.644503852, 6.644716585
6.654503834, 6.654666124
6.664503850, 6.664660459
6.674503846, 6.674658092
6.684503841, 6.684660687
6.694503834, 6.694670020
6.704503838, 6.704666443
6.714503850, 6.714650041
6.724503842, 6.724640236
6.734503843, 6.734649087
6.744503837, 6.744641100
6.754503833, 6.754605293
6.764503851, 6.764622933
6.774503840, 6.774640033
6.784503856, 6.784622252
6.794503832, 6.794627556
6.804503840, 6.804695305
6.814503829, 6.814732513
6.824503854, 6.824650345
6.834503855, 6.834594972
6.844503855, 6.844618221
6.854503859, 6.854645502
6.864503846, 6.864716869
6.874503844, 6.874687034
6.884503848, 6.884725456
6.894503843, 6.894677857
6.904503842, 6.904624293
6.914503853, 6.914644482
6.924503828, 6.924653918
6.934503835, 6.934622069
6.944503834, 6.944624704
6.954503839, 6.954662597
6.964503852, 6.964688605
6.974503851, 6.974688928
6.984503841, 6.984707885
6.994503855, 6.994698509
7.004503846, 7.004676389
7.014503837, 7.014599363
7.024503855, 7.024671590
7.034503838, 7.034643387
7.044503846, 7.044598602
7.054503837, 7.054592130
7.064503839, 7.064634101
7.074503842, 7.074621403
7.084503846, 7.084656358
7.094503850, 7.094732112
7.104503832, 7.104666237
7.114503845, 7.114680206
7.124503838, 7.124651746
7.134503831, 7.134635642
7.144503835, 7.144661238
7.154503839, 7.154612563
7.164503862, 7.164614101
7.174503839, 7.174644430
7.184503833, 7.184595737
7.194503840, 7.194626891
7.204503833, 7.204677528
7.214503855, 7.214683263
7.224503848, 7.224619643
7.234503845, 7.234654292
7.244503843, 7.244594182
7.254503842, 7.254597929
7.264503838, 7.264592192
7.274503840, 7.274625521
7.284503840, 7.284600022
7.294503845, 7.294590049
7.304503854, 7.304590187
7.314503836, 7.314618998
7.324503833, 7.324683095
7.334503845, 7.334664330
7.344503846, 7.344680332
7.354503837, 7.354655991
7.364503842, 7.364662317
7.374503844, 7.374649901
7.384503843, 7.384655957
7.394503850, 7.394715606
7.404503852, 7.404668286
7.414503845, 7.414621782
7.424503841, 7.424598332
7.434503843, 7.434701010
7.444503863, 7.444673845
7.454503856, 7.454619485
7.464503848, 7.464633951
7.474503839, 7.474630299
7.484503841, 7.484633291
7.494503845, 7.494675182
7.504503851, 7.504614119
7.514503855, 7.514589094
7.524503846, 7.524615885
7.534503848, 7.534609582
7.544503848, 7.544654387
7.554503844, 7.554581079
7.564503844, 7.564684825
7.574503840, 7.574683884
7.584503841, 7.584588512
7.594503842, 7.594662274
7.604503836, 7.604610236
7.614503834, 7.614582629
7.624503844, 7.624590890
7.634503839, 7.634621433
7.644503835, 7.644633620
7.654503842, 7.654599156
7.664503835, 7.664603437
7.674503834, 7.674610865
7.684503843, 7.684636414
7.694503848, 7.694598815
7.704503833, 7.704687137
7.714503840, 7.714642622
7.724503836, 7.724590583
7.734503850, 7.734636085
7.744503843, 7.744601287
7.754503851, 7.754630210
7.764503840, 7.764612735
7.774503829, 7.774603467
7.784503838, 7.784587391
7.794503839, 7.794637148
7.804503841, 7.804622989
7.814503847, 7.814600808
7.824503844, 7.824592423
7.834503831, 7.834607141
7.844503841, 7.844595352
7.854503833, 7.854599890
7.864503851, 7.864619028
7.874503840, 7.874602658
7.884503854, 7.884595630
7.894503837, 7.894595634
7.904503838, 7.904589939
7.914503836, 7.914597099
7.924503854, 7.924610212
7.934503850, 7.934631022
7.944503830, 7.944594329
7.954503836, 7.954601408
7.964503854, 7.964596189
7.974503837, 7.974595308
7.984503852, 7.984592170
7.994503858, 7.994599407
8.004503836, 8.004598205
8.014503829, 8.014589738
8.024503852, 8.024619907
8.034503836, 8.034592927
8.044503849, 8.044597586
8.054503842, 8.054598608
8.064503835, 8.064593200
8.074503888, 8.074594230
8.084503840, 8.084628815
8.094503839, 8.094595872
8.104503835, 8.104618066
8.114503850, 8.114617399
8.124503843, 8.124598210
8.134503834, 8.134598013
8.144503848, 8.144598982
8.154503844, 8.154718553
8.164503835, 8.164687592
8.174503850, 8.174683276
8.184503840, 8.184657837
8.194503833, 8.194649186
8.204503841, 8.204655702
8.214503845, 8.214686805
8.224503836, 8.224694183
8.234503857, 8.234659533
8.244503842, 8.244664954
8.254503834, 8.254682417
8.264503846, 8.264712904
8.274503842, 8.274661382
8.284503837, 8.284650284
8.294503840, 8.294693816
8.304503841, 8.304744631
8.314503840, 8.314719417
8.324503843, 8.324623062
8.334503847, 8.334583285
8.344503852, 8.344618410
8.354503850, 8.354643744
8.364503835, 8.364636111
8.374503831, 8.374695113
8.384503838, 8.384609917
8.394503840, 8.394610664
8.404503844, 8.404612885
8.414503843, 8.414600580
8.424503896, 8.424614744
8.434503842, 8.434580776
8.444503846, 8.444588594
8.454503834, 8.454602273
8.464503853, 8.464581034
8.474503837, 8.474614291
8.484503830, 8.484603402
8.494503840, 8.494577675
8.504503846, 8.504575151
8.514503851, 8.514683136
8.524503860, 8.524670340
8.534503840, 8.534594678
8.544503831, 8.544585815
8.554503849, 8.554586551
8.564503849, 8.564659679
8.574503834, 8.574585534
8.584503846, 8.584604552
8.594503840, 8.594583607
8.604503839, 8.604629312
8.614503829, 8.614598175
8.624503836, 8.624661962
8.634503840, 8.634608591
8.644503834, 8.644631374
8.654503840, 8.654663053
8.664503831, 8.664590956
8.674503848, 8.674587622
8.684503841, 8.684605521
8.694503840, 8.694578330
8.704503833, 8.704585968
8.714503842, 8.714610189
8.724503831, 8.724596397
8.734503838, 8.734595639
8.744503850, 8.744630229
8.754503838, 8.754664507
8.764503831, 8.764682215
8.774503837, 8.774673584
8.784503834, 8.784671785
8.794503832, 8.794670502
8.804503842, 8.804665242
8.814503837, 8.814657092
8.824503846, 8.824663687
8.834503853, 8.834725864
8.844503849, 8.844655325
8.854503826, 8.854685325
8.864503836, 8.864659154
8.874503851, 8.874693346
8.884503838, 8.884694542
8.894503848, 8.894672200
8.904503844, 8.904700343
8.914503843, 8.914647906
8.924503860, 8.924675045
8.934503835, 8.934689213
8.944503829, 8.944671133
8.954503834, 8.954688658
8.964503854, 8.964666027
8.974503834, 8.974653912
8.984503838, 8.984681704
8.994503838, 8.994680547
9.004503836, 9.004649831
9.014503840, 9.014665065
9.024503837, 9.024641676
9.034503841, 9.034790519
9.044503844, 9.044667710
9.054503861, 9.054653063
9.064503849, 9.064637306
9.074503843, 9.074677969
9.084503860, 9.084619889
9.094503843, 9.094666312
9.104503853, 9.104703090
9.114503835, 9.114660172
9.124503851, 9.124662286
9.134503846, 9.134589775
9.144503848, 9.144687325
9.154503834, 9.154703472
9.164503836, 9.164680270
9.174503837, 9.174683186
9.184503846, 9.184729270
9.194503851, 9.194677142
9.204503841, 9.204677608
9.214503844, 9.214644431
9.224503862, 9.224655582
9.234503845, 9.234660633
9.244503846, 9.244721703
9.254503838, 9.254667917
9.264503846, 9.264734545
9.274503831, 9.274709640
9.284503840, 9.284766734
9.294503839, 9.294665170
9.304503855, 9.304656786
9.314503845, 9.314677448
9.324503859, 9.324711975
9.334503837, 9.334675864
9.344503841, 9.344705722
9.354503839, 9.354682315
9.364503841, 9.364658998
9.374503844, 9.374677543
9.384503857, 9.384672906
9.394503829, 9.394653581
9.404503835, 9.404672388
9.414503847, 9.414712037
9.424503838, 9.424719376
9.434503835, 9.434697036
9.444503846, 9.444732638
9.454503834, 9.454661564
9.464503865, 9.464689191
9.474503836, 9.474667352
9.484503841, 9.484604015
9.494503832, 9.494580206
9.504503844, 9.504589898
9.514503846, 9.514637725
9.524503853, 9.524582935
9.534503843, 9.534601031
9.544503841, 9.544605240
9.554503840, 9.554625364
9.564503841, 9.564611475
9.574503843, 9.574623641
9.584503834, 9.584635680
9.594503835, 9.594633936
9.604503850, 9.604605303
9.614503854, 9.614586136
9.624503852, 9.624590566
9.634503843, 9.634594496
9.644503844, 9.644575648
9.654503845, 9.654587486
9.664503860, 9.664696808
9.674503839, 9.674632276
9.684503840, 9.684608039
9.694503839, 9.694582439
9.704503845, 9.704591574
9.714503846, 9.714599048
9.724503835, 9.724636156
9.734503847, 9.734610837
9.744503828, 9.744603628
9.754503835, 9.754590593
9.764503833, 9.764579917
9.774503853, 9.774572245
9.784503838, 9.784578361
9.794503838, 9.794626539
9.804503838, 9.804604466
9.814503838, 9.814631192
9.824503849, 9.824611200
9.834503846, 9.834625844
9.844503839, 9.844624743
9.854503842, 9.854594143
9.864503852, 9.864600563
9.874503834, 9.874641167
9.884503833, 9.884650869
9.894503835, 9.894625048
9.904503853, 9.904618315
9.914503846, 9.914579037
9.924503853, 9.924577298
9.934503859, 9.934604870
9.944503842, 9.944597769
9.954503834, 9.954601881
9.964503841, 9.964617147
9.974503835, 9.974580787
9.984503847, 9.984625169
9.994503835, 9.994732536
10.004503850, 10.004636240
10.014503845, 10.014603465
10.024503846, 10.024647558
10.034503838, 10.034609496
10.044503847, 10.044611068
10.054503853, 10.054572963
10.064503833, 10.064599092
10.074503834, 10.074648757
10.084503834, 10.084633831
10.094503837, 10.094582419
10.104503841, 10.104574758
10.114503846, 10.114639972
10.124503833, 10.124654118
10.134503846, 10.134652676
10.144503842, 10.144655277
10.154503840, 10.154655427
10.164503849, 10.164658111
10.174503840, 10.174658885
10.184503841, 10.184650628
10.194503839, 10.194651074
10.204503863, 10.204653132
10.214503834, 10.214662074
10.224503848, 10.224667539
10.234503829, 10.234664429
10.244503835, 10.244670849
10.254503836, 10.254666276
10.264503833, 10.264661044
10.274503845, 10.274660856
10.284503851, 10.284664603
10.294503837, 10.294648696
10.304503833, 10.304648749
10.314503831, 10.314661638
10.324503848, 10.324645513
10.334503839, 10.334645512
10.344503848, 10.344665557
10.354503837, 10.354650494
10.364503839, 10.364659765
10.374503839, 10.374663907
10.384503838, 10.384663539
10.394503837, 10.394649032
10.404503838, 10.404662257
10.414503836, 10.414662789
10.424503855, 10.424662116
10.434503847, 10.434658101
10.444503849, 10.444667431
10.454503836, 10.454657111
10.464503838, 10.464667121
10.474503836, 10.474652238
10.484503847, 10.484674433
10.494503836, 10.494665190
10.504503840, 10.504664550
10.514503836, 10.514659415
10.524503848, 10.524663000
10.534503831, 10.534656782
10.544503835, 10.544656505
10.554503837, 10.554662682
10.564503855, 10.564664017
10.574503833, 10.574653037
10.584503833, 10.584659322
10.594503848, 10.594665466
10.604503835, 10.604661199
10.614503836, 10.614665239
10.624503849, 10.624663186
10.634503834, 10.634644791
10.644503851, 10.644667751
10.654503834, 10.654661063
10.664503840, 10.664658043
10.674503831, 10.674662338
10.684503852, 10.684666648
10.694503840, 10.694662798
10.704503851, 10.704661958
10.714503844, 10.714658447
10.724503848, 10.724666202
10.734503840, 10.734663950
10.744503863, 10.744662140
10.754503847, 10.754655200
10.764503849, 10.764661654
10.774503833, 10.774658089
10.784503854, 10.784660106
10.794503840, 10.794682379
10.804503848, 10.804646233
10.814503838, 10.814679065
10.824503849, 10.824677712
10.834503833, 10.834679951
10.844503849, 10.844640221
10.854503834, 10.854677634
10.864503836, 10.864684617
10.874503855, 10.874678860
10.884503852, 10.884687150
10.894503833, 10.894681220
10.904503852, 10.904665210
10.914503834, 10.914678999
10.924503840, 10.924677277
10.934503847, 10.934676082
10.944503852, 10.944677389
10.954503834, 10.954679422
10.964503855, 10.964678235
10.974503839, 10.974681492
10.984503846, 10.984677027
10.994503833, 10.994677099
11.004503849, 11.004677270
11.014503829, 11.014678354
11.024503854, 11.024677632
11.034503834, 11.034680281
11.044503836, 11.044681775
11.054503845, 11.054678321
11.064503852, 11.064652185
11.074503840, 11.074678346
11.084503841, 11.084675382
11.094503845, 11.094680900
11.104503848, 11.104676164
11.114503850, 11.114677355
11.124503849, 11.124686539
11.134503834, 11.134678089
11.144503849, 11.144676999
11.154503834, 11.154677971
11.164503849, 11.164677810
11.174503848, 11.174678786
11.184503851, 11.184676735
11.194503836, 11.194676073
11.204503849, 11.204680483
11.214503833, 11.214679689
11.224503838, 11.224678567
11.234503834, 11.234676599
11.244503846, 11.244678414
11.254503831, 11.254677396
11.264503832, 11.264674823
11.274503836, 11.274678860
11.284503848, 11.284682660
11.294503833, 11.294679175
11.304503846, 11.304678466
11.314503833, 11.314675778
11.324503841, 11.324631995
11.334503837, 11.334680644
11.344503854, 11.344677791
11.354503850, 11.354674748
11.364503855, 11.364678669
11.374503836, 11.374675714
11.384503848, 11.384675741
11.394503836, 11.394673993
11.404503851, 11.404675390
11.414503847, 11.414676360
11.424503833, 11.424679113
11.434503833, 11.434676709
11.444503835, 11.444680483
11.454503834, 11.454679439
11.464503852, 11.464675720
11.474503850, 11.474680900
11.484503851, 11.484679274
11.494503834, 11.494682094
11.504503840, 11.504676217
11.514503839, 11.514679826
11.524503835, 11.524680818
11.534503831, 11.534674775
11.544503848, 11.544678621
11.554503826, 11.554674718
11.564503852, 11.564674689
11.574503839, 11.574678361
11.584503835, 11.584678137
11.594503850, 11.594676720
11.604503851, 11.604682321
11.614503834, 11.614676092
11.624503849, 11.624658783
11.634503837, 11.634677900
11.644503848, 11.644675870
11.654503855, 11.654675035
11.664503852, 11.664675906
11.674503834, 11.674678915
11.684503841, 11.684682653
11.694503833, 11.694679425
11.704503836, 11.704679009
11.714503844, 11.714677784
11.724503852, 11.724679476
11.734503833, 11.734675451
11.744503836, 11.744675219
11.754503839, 11.754683146
11.764503852, 11.764684271
11.774503833, 11.774676872
11.784503846, 11.784679158
11.794503833, 11.794683948
11.804503851, 11.804680183
11.814503836, 11.814684020
11.824503855, 11.824654128
11.834503837, 11.834681540
11.844503836, 11.844687127
11.854503840, 11.854682810
11.864503836, 11.864680879
11.874503836, 11.874682372
11.884503844, 11.884676910
11.894503831, 11.894676704
11.904503848, 11.904650715
11.914503848, 11.914637284
11.924503838, 11.924655954
11.934503844, 11.934677697
11.944503841, 11.944684208
11.954503848, 11.954683426
11.964503840, 11.964687081
11.974503844, 11.974684888
11.984503862, 11.984682928
11.994503834, 11.994684362
12.004503848, 12.004689007
12.014503833, 12.014683135
12.024503848, 12.024683864
12.034503836, 12.034684152
12.044503846, 12.044638087
------------------------------
