------------------------------
test was performed using the following parameters: --mps=100 --burst=1 --reply-every=1 --msg-size=12 --time=10
------------------------------
sockperf: [Total Run] RunTime=10.100 sec; SentMessages=1011; ReceivedMessages=1010
sockperf: ========= Printing statistics for Server No: 0
sockperf: [Valid Duration] RunTime=9.980 sec; SentMessages=999; ReceivedMessages=999
sockperf: [2;35m====> avg-lat= 84.854 (std-dev=17.657)[0m
sockperf: # dropped messages = 0; # duplicated messages = 0; # out-of-order messages = 0
sockperf: [2;35mTotal 999 observations[0m; each percentile contains 9.99 observations
sockperf: ---> <MAX> observation =  163.784
sockperf: ---> percentile  99.99 =  163.784
sockperf: ---> percentile  99.90 =  149.768
sockperf: ---> percentile  99.50 =  145.265
sockperf: ---> percentile  99.00 =  141.414
sockperf: ---> percentile  95.00 =  115.846
sockperf: ---> percentile  90.00 =  106.397
sockperf: ---> percentile  75.00 =   93.500
sockperf: ---> percentile  50.00 =   82.742
sockperf: ---> percentile  25.00 =   75.145
sockperf: ---> <MIN> observation =   34.798
------------------------------
txTime, rxTime
2.064755505, 2.064961621
2.074755521, 2.074939112
2.084755518, 2.084967733
2.094755524, 2.095013819
2.104755518, 2.104978735
2.114755507, 2.114932951
2.124755524, 2.124965582
2.134755526, 2.134962907
2.144755509, 2.145046039
2.154755509, 2.155009670
2.164755526, 2.164960869
2.174755519, 2.174942214
2.184755532, 2.184978818
2.194755526, 2.195004738
2.204755508, 2.205041987
2.214755528, 2.214890267
2.224755521, 2.225017338
2.234755520, 2.234973874
2.244755510, 2.244982653
2.254755525, 2.254888444
2.264755513, 2.264961966
2.274755512, 2.275048398
2.284755525, 2.284956363
2.294755527, 2.295016829
2.304755505, 2.304955465
2.314755525, 2.315033433
2.324755505, 2.324896619
2.334755523, 2.334947200
2.344755524, 2.344969754
2.354755522, 2.354913276
2.364755523, 2.364957483
2.374755524, 2.374949478
2.384755505, 2.384922777
2.394755509, 2.394952828
2.404755528, 2.404948045
2.414755530, 2.414960740
2.424755505, 2.424912430
2.434755520, 2.434959844
2.444755500, 2.444887062
2.454755499, 2.454900296
2.464755530, 2.464897644
2.474755500, 2.474953828
2.484755512, 2.484892431
2.494755522, 2.494968317
2.504755507, 2.504898266
2.514755516, 2.514988726
2.524755520, 2.524885080
2.534755522, 2.534940065
2.544755524, 2.544954670
2.554755518, 2.554930127
2.564755506, 2.564919229
2.574755522, 2.574896855
2.584755516, 2.584880809
2.594755520, 2.594913733
2.604755500, 2.604883732
2.614755519, 2.614966777
2.624755529, 2.625004863
2.634755528, 2.635042074
2.644755523, 2.644950436
2.654755528, 2.654930623
2.664755502, 2.664873058
2.674755521, 2.674905822
2.684755510, 2.684825108
2.694755523, 2.694874332
2.704755521, 2.704900284
2.714755519, 2.714889794
2.724755502, 2.724844575
2.734755527, 2.734855411
2.744755521, 2.744863959
2.754755520, 2.754849560
2.764755525, 2.764863381
2.774755503, 2.774890365
2.784755516, 2.784849749
2.794755519, 2.794847293
2.804755507, 2.804845415
2.814755506, 2.814850074
2.824755519, 2.824854489
2.834755500, 2.834842901
2.844755505, 2.844859237
2.854755508, 2.854893915
2.864755510, 2.864908473
2.874755506, 2.874847938
2.884755529, 2.884877704
2.894755508, 2.894889665
2.904755507, 2.904850400
2.914755503, 2.914899943
2.924755513, 2.924843339
2.934755517, 2.934942665
2.944755523, 2.944908361
2.954755514, 2.954861169
2.964755504, 2.964880254
2.974755514, 2.974900086
2.984755507, 2.984898825
2.994755516, 2.994909979
3.004755515, 3.004910896
3.014755574, 3.014868652
3.024755523, 3.024961730
3.034755532, 3.034925105
3.044755512, 3.044898998
3.054755504, 3.054937517
3.064755505, 3.064864719
3.074755502, 3.074939656
3.084755513, 3.084916209
3.094755517, 3.094936400
3.104755512, 3.104904477
3.114755517, 3.114943691
3.124755530, 3.124963518
3.134755520, 3.134941657
3.144755526, 3.144939221
3.154755522, 3.154953501
3.164755528, 3.164923116
3.174755517, 3.174978127
3.184755510, 3.184941174
3.194755512, 3.194931891
3.204755504, 3.204934152
3.214755519, 3.214948861
3.224755514, 3.224974503
3.234755505, 3.234981745
3.244755524, 3.244941385
3.254755498, 3.254965365
3.264755500, 3.264940552
3.274755508, 3.274975384
3.284755510, 3.284939036
3.294755506, 3.294953789
3.304755513, 3.304964614
3.314755508, 3.314977021
3.324755510, 3.324943282
3.334755511, 3.334972241
3.344755506, 3.344975075
3.354755515, 3.354936725
3.364755527, 3.364924775
3.374755534, 3.374892709
3.384755510, 3.384968167
3.394755509, 3.394951289
3.404755513, 3.404954382
3.414755506, 3.414894548
3.424755521, 3.424926062
3.434755501, 3.434898194
3.444755510, 3.444928189
3.454755515, 3.454891585
3.464755513, 3.464897977
3.474755511, 3.474852600
3.484755521, 3.484902423
3.494755500, 3.494913751
3.504755512, 3.504877707
3.514755506, 3.514893128
3.524755509, 3.524915985
3.534755516, 3.534894918
3.544755521, 3.544903165
3.554755522, 3.554921539
3.564755504, 3.564853920
3.574755522, 3.574875162
3.584755512, 3.584888352
3.594755522, 3.594932312
3.604755505, 3.604897093
3.614755512, 3.614885779
3.624755506, 3.624903960
3.634755525, 3.634955904
3.644755521, 3.644934935
3.654755509, 3.654918981
3.664755523, 3.665008758
3.674755500, 3.674986583
3.684755515, 3.684991556
3.694755522, 3.694932892
3.704755532, 3.704926662
3.714755506, 3.714954851
3.724755504, 3.724932061
3.734755503, 3.734974672
3.744755530, 3.744964999
3.754755499, 3.754974976
3.764755510, 3.764914906
3.774755520, 3.774983343
3.784755524, 3.784916618
3.794755505, 3.794947933
3.804755511, 3.804915994
3.814755523, 3.814948606
3.824755512, 3.824936228
3.834755515, 3.834973522
3.844755527, 3.844923812
3.854755504, 3.854969472
3.864755515, 3.864920899
3.874755520, 3.874941369
3.884755507, 3.884942768
3.894755522, 3.894985988
3.904755504, 3.904928762
3.914755506, 3.914943451
3.924755502, 3.924924331
3.934755509, 3.934958106
3.944755502, 3.944905576
3.954755526, 3.954904730
3.964755519, 3.964998683
3.974755516, 3.974932310
3.984755506, 3.984939825
3.994755523, 3.994940281
4.004755512, 4.004968445
4.014755518, 4.014972080
4.024755515, 4.024921318
4.034755495, 4.034923229
4.044755525, 4.044918209
4.054755517, 4.054990648
4.064755514, 4.064919361
4.074755507, 4.074915626
4.084755527, 4.084933280
4.094755508, 4.094961905
4.104755517, 4.104928579
4.114755512, 4.114989909
4.124755512, 4.124980052
4.134755545, 4.134910218
4.144755528, 4.144926165
4.154755520, 4.154970331
4.164755507, 4.164929847
4.174755525, 4.174945627
4.184755513, 4.184930390
4.194755527, 4.194986246
4.204755529, 4.204942506
4.214755520, 4.214936084
4.224755524, 4.224925658
4.234755510, 4.234929033
4.244755519, 4.244907027
4.254755523, 4.254913287
4.264755505, 4.264947154
4.274755503, 4.274949659
4.284755518, 4.284964909
4.294755506, 4.294939951
4.304755515, 4.304927669
4.314755508, 4.314948328
4.324755499, 4.324948451
4.334755520, 4.334938091
4.344755521, 4.344920250
4.354755515, 4.354918192
4.364755512, 4.364927065
4.374755503, 4.374921462
4.384755533, 4.384958125
4.394755514, 4.394963572
4.404755512, 4.404947018
4.414755513, 4.414918022
4.424755504, 4.424918620
4.434755516, 4.434898035
4.444755525, 4.444909286
4.454755503, 4.454958996
4.464755504, 4.464950635
4.474755515, 4.474922669
4.484755504, 4.484912707
4.494755509, 4.494931340
4.504755512, 4.504938985
4.514755508, 4.514951985
4.524755518, 4.524927663
4.534755522, 4.534921105
4.544755524, 4.544945924
4.554755511, 4.554980300
4.564755524, 4.564899469
4.574755522, 4.574933711
4.584755502, 4.584966523
4.594755523, 4.594878546
4.604755506, 4.604850161
4.614755513, 4.614883895
4.624755524, 4.624854669
4.634755537, 4.634895907
4.644755504, 4.644851293
4.654755505, 4.654857448
4.664755512, 4.664870900
4.674755510, 4.674858127
4.684755528, 4.684877711
4.694755507, 4.694899832
4.704755522, 4.704917998
4.714755521, 4.714924131
4.724755511, 4.724889602
4.734755506, 4.734876122
4.744755521, 4.744905812
4.754755509, 4.754896083
4.764755505, 4.764920151
4.774755514, 4.774924806
4.784755510, 4.784887752
4.794755531, 4.794890550
4.804755524, 4.804904510
4.814755514, 4.814880063
4.824755508, 4.824887738
4.834755500, 4.834900341
4.844755515, 4.844892730
4.854755512, 4.854861818
4.864755516, 4.864864253
4.874755508, 4.874929238
4.884755519, 4.884879122
4.894755515, 4.894883678
4.904755575, 4.904903407
4.914755506, 4.914887030
4.924755523, 4.924910243
4.934755506, 4.934904432
4.944755507, 4.944928479
4.954755503, 4.954940799
4.964755509, 4.964924632
4.974755519, 4.974889625
4.984755521, 4.984917568
4.994755511, 4.994892944
5.004755510, 5.004867111
5.014755521, 5.014954907
5.024755506, 5.024902380
5.034755518, 5.034992657
5.044755532, 5.044853780
5.054755504, 5.054900839
5.064755505, 5.064878729
5.074755520, 5.074918159
5.084755512, 5.084984560
5.094755514, 5.094896241
5.104755507, 5.104896990
5.114755522, 5.114883013
5.124755508, 5.124955812
5.134755520, 5.135002104
5.144755527, 5.144927426
5.154755517, 5.154955148
5.164755507, 5.164912179
5.174755517, 5.174932448
5.184755507, 5.184960492
5.194755502, 5.194921863
5.204755514, 5.204893208
5.214755525, 5.214890704
5.224755523, 5.224874759
5.234755519, 5.234894555
5.244755508, 5.244912801
5.254755517, 5.254899669
5.264755526, 5.264883871
5.274755519, 5.274889058
5.284755527, 5.284870619
5.294755519, 5.294920600
5.304755500, 5.304923913
5.314755520, 5.314930283
5.324755515, 5.324943321
5.334755506, 5.334931026
5.344755508, 5.344903259
5.354755523, 5.354954888
5.364755502, 5.364875736
5.374755514, 5.374910934
5.384755510, 5.384896049
5.394755517, 5.394911863
5.404755507, 5.404906153
5.414755506, 5.414891022
5.424755510, 5.424913600
5.434755504, 5.434897265
5.444755513, 5.444920953
5.454755512, 5.455055050
5.464755511, 5.464947555
5.474755508, 5.474931244
5.484755509, 5.484964007
5.494755527, 5.494942074
5.504755515, 5.504927685
5.514755504, 5.514978935
5.524755508, 5.524958370
5.534755523, 5.534976245
5.544755502, 5.544989223
5.554755520, 5.554962517
5.564755515, 5.564943383
5.574755502, 5.574929469
5.584755514, 5.584933922
5.594755523, 5.594920023
5.604755500, 5.604920350
5.614755528, 5.614933026
5.624755510, 5.624942170
5.634755520, 5.634997432
5.644755510, 5.644941001
5.654755519, 5.654919855
5.664755510, 5.664966618
5.674755505, 5.674947402
5.684755504, 5.684917377
5.694755507, 5.694931877
5.704755515, 5.704909423
5.714755497, 5.714927564
5.724755507, 5.724907640
5.734755517, 5.734943635
5.744755510, 5.744932735
5.754755522, 5.754907336
5.764755513, 5.764926773
5.774755517, 5.774933753
5.784755514, 5.784965271
5.794755517, 5.794952308
5.804755529, 5.804953527
5.814755511, 5.814953367
5.824755693, 5.824932673
5.834755508, 5.834915993
5.844755510, 5.844955525
5.854755513, 5.854907806
5.864755507, 5.864919559
5.874755503, 5.874925351
5.884755525, 5.884938272
5.894755522, 5.894926993
5.904755504, 5.904945721
5.914755505, 5.914935289
5.924755521, 5.924974186
5.934755514, 5.934926733
5.944755515, 5.944920486
5.954755522, 5.954921717
5.964755504, 5.964930291
5.974755517, 5.974941280
5.984755504, 5.984921214
5.994755512, 5.994923004
6.004755529, 6.004953278
6.014755514, 6.014926437
6.024755507, 6.024931680
6.034755561, 6.034915173
6.044755508, 6.044966307
6.054755585, 6.054929535
6.064755513, 6.064919232
6.074755504, 6.074940769
6.084755507, 6.084955810
6.094755522, 6.094954131
6.104755508, 6.104935093
6.114755509, 6.114932373
6.124755529, 6.124927281
6.134755520, 6.134929673
6.144755517, 6.144904061
6.154755525, 6.154946087
6.164755526, 6.164944163
6.174755514, 6.174997845
6.184755512, 6.185021496
6.194755500, 6.194954748
6.204755509, 6.204905570
6.214755517, 6.214898201
6.224755506, 6.224961669
6.234755519, 6.234937769
6.244755575, 6.244936936
6.254755517, 6.254956255
6.264755521, 6.264941047
6.274755508, 6.274934102
6.284755512, 6.284945978
6.294755500, 6.294925523
6.304755520, 6.304916880
6.314755522, 6.314945473
6.324755504, 6.324936579
6.334755523, 6.334967228
6.344755507, 6.344985994
6.354755520, 6.354927662
6.364755526, 6.364921788
6.374755504, 6.374896822
6.384755519, 6.384938457
6.394755511, 6.394921472
6.404755515, 6.404945920
6.414755506, 6.414930823
6.424755516, 6.424946722
6.434755512, 6.434926273
6.444755513, 6.444970431
6.454755523, 6.454929302
6.464755508, 6.464928413
6.474755513, 6.474924110
6.484755505, 6.484941720
6.494755517, 6.494962327
6.504755527, 6.504895883
6.514755506, 6.515035709
6.524755508, 6.524903675
6.534755520, 6.534930364
6.544755518, 6.544933222
6.554755503, 6.554982938
6.564755504, 6.564964893
6.574755517, 6.574953259
6.584755526, 6.584908546
6.594755520, 6.594968822
6.604755534, 6.604928268
6.614755511, 6.614917599
6.624755521, 6.624975598
6.634755504, 6.634930380
6.644755513, 6.644958451
6.654755518, 6.654965968
6.664755526, 6.664915952
6.674755511, 6.674956390
6.684755527, 6.684927640
6.694755517, 6.695052549
6.704755513, 6.704956272
6.714755509, 6.714968653
6.724755530, 6.724929277
6.734755512, 6.735020864
6.744755581, 6.744944512
6.754755515, 6.754944341
6.764755507, 6.764949810
6.774755508, 6.774909759
6.784755515, 6.784917615
6.794755512, 6.794912171
6.804755504, 6.804909402
6.814755517, 6.814912019
6.824755502, 6.824895350
6.834755511, 6.834926603
6.844755513, 6.844899129
6.854755506, 6.854961843
6.864755504, 6.864918744
6.874755517, 6.874901030
6.884755513, 6.884930262
6.894755513, 6.894930335
6.904755527, 6.904961049
6.914755498, 6.914946492
6.924755510, 6.924940539
6.934755519, 6.934909969
6.944755510, 6.944894607
6.954755514, 6.954928514
6.964755523, 6.964987623
6.974755519, 6.974957161
6.984755510, 6.984955342
6.994755507, 6.994933400
7.004755504, 7.004917942
7.014755521, 7.014929886
7.024755526, 7.024903704
7.034755516, 7.034933404
7.044755504, 7.044923351
7.054755523, 7.054998119
7.064755513, 7.064952313
7.074755521, 7.074921104
7.084755532, 7.084919095
7.094755519, 7.094904499
7.104755510, 7.104899596
7.114755513, 7.114934424
7.124755512, 7.124999718
7.134755503, 7.134926950
7.144755512, 7.144939306
7.154755502, 7.154905115
7.164755505, 7.164900138
7.174755510, 7.174933405
7.184755512, 7.184900523
7.194755502, 7.194920988
7.204755506, 7.204883846
7.214755507, 7.215017439
7.224755528, 7.224866368
7.234755505, 7.234927107
7.244755522, 7.244890516
7.254755501, 7.254952523
7.264755527, 7.264911744
7.274755500, 7.274974487
7.284755510, 7.284931024
7.294755506, 7.294947909
7.304755525, 7.304913806
7.314755514, 7.314929517
7.324755528, 7.324923842
7.334755520, 7.334895395
7.344755504, 7.344911213
7.354755507, 7.354942712
7.364755506, 7.364920032
7.374755526, 7.374951932
7.384755509, 7.384903710
7.394755516, 7.394930817
7.404755505, 7.404950309
7.414755520, 7.414928054
7.424755504, 7.424908416
7.434755511, 7.434907198
7.444755513, 7.444939468
7.454755517, 7.454954854
7.464755502, 7.464942337
7.474755507, 7.474953509
7.484755499, 7.484933626
7.494755521, 7.494917957
7.504755506, 7.504930867
7.514755530, 7.514924184
7.524755515, 7.524886566
7.534755520, 7.534958121
7.544755504, 7.544919385
7.554755504, 7.554931493
7.564755521, 7.564925999
7.574755519, 7.574944969
7.584755502, 7.584942504
7.594755519, 7.594940957
7.604755510, 7.604963156
7.614755499, 7.614916711
7.624755500, 7.624925697
7.634755513, 7.634911734
7.644755522, 7.644915800
7.654755524, 7.654934569
7.664755527, 7.664942798
7.674755523, 7.674935301
7.684755530, 7.684929815
7.694755515, 7.695083085
7.704755506, 7.704936291
7.714755500, 7.714928986
7.724755513, 7.724928661
7.734755514, 7.735000883
7.744755515, 7.745035577
7.754755535, 7.755018872
7.764755510, 7.764958069
7.774755520, 7.775040718
7.784755508, 7.784932753
7.794755508, 7.794971451
7.804755523, 7.804952538
7.814755501, 7.814944078
7.824755513, 7.824964856
7.834755501, 7.834985414
7.844755512, 7.844986626
7.854755516, 7.854965301
7.864755504, 7.864913058
7.874755519, 7.874944391
7.884755510, 7.884880330
7.894755501, 7.894912795
7.904755507, 7.904877851
7.914755504, 7.914912275
7.924755528, 7.924897155
7.934755508, 7.934943455
7.944755505, 7.944864163
7.954755498, 7.954912524
7.964755506, 7.964862253
7.974755502, 7.974890530
7.984755527, 7.984915244
7.994755517, 7.994901143
8.004755529, 8.004893355
8.014755515, 8.014864658
8.024755518, 8.024876794
8.034755549, 8.034847838
8.044755505, 8.044849244
8.054755528, 8.054896149
8.064755512, 8.064850021
8.074755525, 8.074893099
8.084755521, 8.084867727
8.094755531, 8.094906330
8.104755510, 8.104895117
8.114755522, 8.114937398
8.124755507, 8.124852991
8.134755528, 8.134861787
8.144755512, 8.144920830
8.154755509, 8.154867897
8.164755513, 8.164853610
8.174755506, 8.174872115
8.184755504, 8.184892961
8.194755514, 8.194874766
8.204755510, 8.204858135
8.214755515, 8.214863649
8.224755510, 8.224889842
8.234755512, 8.234862430
8.244755515, 8.244913688
8.254755500, 8.254901312
8.264755507, 8.264900238
8.274755508, 8.274871946
8.284755500, 8.284942442
8.294755523, 8.294907967
8.304755504, 8.304879212
8.314755512, 8.314866145
8.324755523, 8.324885524
8.334755504, 8.334871523
8.344755507, 8.344921944
8.354755515, 8.354883176
8.364755499, 8.364865211
8.374755527, 8.374888610
8.384755545, 8.384886482
8.394755511, 8.394867488
8.404755513, 8.404890037
8.414755523, 8.414913688
8.424755504, 8.424879267
8.434755514, 8.434947301
8.444755512, 8.444924346
8.454755500, 8.454888181
8.464755506, 8.464940042
8.474755523, 8.474937551
8.484755495, 8.484904713
8.494755505, 8.494924513
8.504755515, 8.504920443
8.514755520, 8.514943910
8.524755527, 8.524944928
8.534755511, 8.534976667
8.544755509, 8.544919800
8.554755507, 8.555004386
8.564755510, 8.564944834
8.574755514, 8.574951535
8.584755519, 8.584950031
8.594755523, 8.595002398
8.604755527, 8.604997932
8.614755522, 8.615005814
8.624755513, 8.625004892
8.634755531, 8.634985913
8.644755513, 8.644943476
8.654755533, 8.655017809
8.664755513, 8.665007719
8.674755521, 8.674968880
8.684755513, 8.685049649
8.694755525, 8.694969659
8.704755532, 8.704989131
8.714755527, 8.714935637
8.724755509, 8.724932404
8.734755515, 8.734961310
8.744755512, 8.745038643
8.754755523, 8.754928114
8.764755513, 8.764926963
8.774755517, 8.774957946
8.784755506, 8.784974149
8.794755527, 8.794995216
8.804755529, 8.804940847
8.814755514, 8.814901222
8.824755507, 8.824969353
8.834755521, 8.834922256
8.844755510, 8.844940817
8.854755515, 8.854903739
8.864755507, 8.864917444
8.874755498, 8.874929340
8.884755517, 8.884887571
8.894755505, 8.894900558
8.904755512, 8.904898853
8.914755513, 8.914880204
8.924755506, 8.924945331
8.934755514, 8.934925238
8.944755512, 8.944902237
8.954755505, 8.954923597
8.964755502, 8.964954168
8.974755527, 8.974949039
8.984755507, 8.984896357
8.994755516, 8.994919716
9.004755519, 9.004986173
9.014755506, 9.014943526
9.024755508, 9.024928857
9.034755523, 9.034961073
9.044755515, 9.044962847
9.054755517, 9.054979161
9.064755515, 9.065038344
9.074755517, 9.074934671
9.084755508, 9.084920971
9.094755520, 9.094987213
9.104755515, 9.104943754
9.114755519, 9.114922870
9.124755515, 9.124941090
9.134755503, 9.134947536
9.144755526, 9.144879351
9.154755514, 9.154948918
9.164755524, 9.164951116
9.174755517, 9.174983884
9.184755512, 9.184944291
9.194755506, 9.194913715
9.204755525, 9.204925817
9.214755523, 9.214889047
9.224755508, 9.224905063
9.234755519, 9.234945858
9.244755529, 9.244907316
9.254755520, 9.254881293
9.264755516, 9.264932477
9.274755517, 9.274907036
9.284755513, 9.284900126
9.294755501, 9.294887885
9.304755513, 9.304860974
9.314755515, 9.314877152
9.324755508, 9.324922699
9.334755515, 9.334880769
9.344755515, 9.344884967
9.354755498, 9.354905473
9.364755525, 9.364901263
9.374755521, 9.374924052
9.384755519, 9.384893607
9.394755497, 9.394910430
9.404755503, 9.404911967
9.414755504, 9.414936865
9.424755519, 9.424903782
9.434755514, 9.434938252
9.444755505, 9.444881089
9.454755517, 9.454952080
9.464755511, 9.464893122
9.474755522, 9.474925746
9.484755515, 9.484877617
9.494755500, 9.494868131
9.504755513, 9.504872759
9.514755512, 9.514882402
9.524755510, 9.524923190
9.534755515, 9.534863361
9.544755530, 9.545016029
9.554755530, 9.554913421
9.564755518, 9.564847245
9.574755528, 9.574907018
9.584755513, 9.584879047
9.594755523, 9.594905774
9.604755508, 9.604913373
9.614755508, 9.614931153
9.624755514, 9.624885294
9.634755523, 9.634937902
9.644755512, 9.644865606
9.654755511, 9.654881767
9.664755519, 9.664933720
9.674755506, 9.674899381
9.684755518, 9.684886284
9.694755506, 9.694876955
9.704755513, 9.704924576
9.714755504, 9.714897071
9.724755521, 9.724933695
9.734755514, 9.734850268
9.744755526, 9.744949454
9.754755508, 9.754929388
9.764755519, 9.764967107
9.774755520, 9.774896787
9.784755508, 9.784920457
9.794755509, 9.794880747
9.804755516, 9.804860885
9.814755517, 9.814892259
9.824755515, 9.824886269
9.834755519, 9.834872905
9.844755526, 9.844917598
9.854755514, 9.854856503
9.864755508, 9.864897066
9.874755512, 9.874954041
9.884755515, 9.884871390
9.894755520, 9.894907639
9.904755515, 9.904902785
9.914755509, 9.914887298
9.924755504, 9.924852956
9.934755512, 9.934933162
9.944755508, 9.944869621
9.954755504, 9.954941598
9.964755519, 9.964901782
9.974755515, 9.974898735
9.984755505, 9.984956983
9.994755511, 9.994896994
10.004755513, 10.004874148
10.014755523, 10.014897237
10.024755534, 10.024925426
10.034755519, 10.034889744
10.044755508, 10.044886561
10.054755522, 10.054909275
10.064755513, 10.064933401
10.074755520, 10.074894529
10.084755516, 10.084971441
10.094755503, 10.094884412
10.104755502, 10.104891931
10.114755506, 10.114923677
10.124755508, 10.124930647
10.134755834, 10.134929003
10.144755512, 10.144897854
10.154755512, 10.154989190
10.164755523, 10.164930764
10.174755504, 10.174921683
10.184755515, 10.184925322
10.194755538, 10.194925918
10.204755513, 10.204922887
10.214755503, 10.214921568
10.224755507, 10.224917877
10.234755514, 10.234923609
10.244755508, 10.244918645
10.254755517, 10.254917979
10.264755524, 10.264924396
10.274755501, 10.274917204
10.284755508, 10.284918649
10.294755512, 10.294918570
10.304755518, 10.304925312
10.314755508, 10.314922870
10.324755516, 10.324921734
10.334755512, 10.334918497
10.344755502, 10.344917985
10.354755514, 10.354919815
10.364755508, 10.364920119
10.374755501, 10.374919127
10.384755512, 10.384918487
10.394755519, 10.394924554
10.404755504, 10.404919295
10.414755514, 10.414919498
10.424755512, 10.424917825
10.434755519, 10.434916898
10.444755516, 10.444917814
10.454755522, 10.454920141
10.464755502, 10.464920931
10.474755514, 10.474922173
10.484755515, 10.484920767
10.494755519, 10.494918746
10.504755518, 10.504919822
10.514755519, 10.514920515
10.524755510, 10.524920405
10.534755511, 10.534919722
10.544755508, 10.544917820
10.554755519, 10.554923635
10.564755512, 10.564923321
10.574755517, 10.574919650
10.584755508, 10.584917966
10.594755512, 10.594921350
10.604755507, 10.604917056
10.614755517, 10.614918363
10.624755518, 10.624920857
10.634755512, 10.634924265
10.644755507, 10.644917805
10.654755512, 10.654919888
10.664755502, 10.664920512
10.674755509, 10.674917990
10.684755512, 10.684918758
10.694755504, 10.694893170
10.704755500, 10.704917996
10.714755517, 10.714921307
10.724755513, 10.724920497
10.734755520, 10.734919133
10.744755516, 10.744918013
10.754755514, 10.754920529
10.764755507, 10.764917778
10.774755514, 10.774919520
10.784755513, 10.784917691
10.794755519, 10.794922694
10.804755512, 10.804916996
10.814755512, 10.814915788
10.824755507, 10.824918506
10.834755514, 10.834920148
10.844755507, 10.844920721
10.854755517, 10.854919080
10.864755516, 10.864919407
10.874755498, 10.874921940
10.884755510, 10.884918728
10.894755512, 10.894918195
10.904755515, 10.904916450
10.914755530, 10.914919094
10.924755510, 10.924917907
10.934755520, 10.934919512
10.944755502, 10.944919715
10.954755514, 10.954925463
10.964755505, 10.964916668
10.974755512, 10.974917861
10.984755507, 10.984919783
10.994755517, 10.994918180
11.004755505, 11.004920247
11.014755501, 11.014917469
11.024755515, 11.024919900
11.034755509, 11.034923649
11.044755516, 11.044919925
11.054755517, 11.054919100
11.064755507, 11.064916271
11.074755515, 11.074916067
11.084755519, 11.084917168
11.094755517, 11.094919116
11.104755518, 11.104917227
11.114755517, 11.114924563
11.124755504, 11.124918498
11.134755514, 11.134919394
11.144755508, 11.144920066
11.154755519, 11.154921075
11.164755516, 11.164917713
11.174755519, 11.174917976
11.184755508, 11.184921234
11.194755515, 11.194924059
11.204755510, 11.204921933
11.214755520, 11.214918996
11.224755521, 11.224919635
11.234755520, 11.234918195
11.244755510, 11.244920072
11.254755515, 11.254917257
11.264755527, 11.264918236
11.274755512, 11.274922940
11.284755507, 11.284918296
11.294755512, 11.294920250
11.304755504, 11.304921450
11.314755514, 11.314918028
11.324755507, 11.324917776
11.334755520, 11.334918075
11.344755513, 11.344917835
11.354755519, 11.354924711
11.364755502, 11.364919336
11.374755517, 11.374917557
11.384755508, 11.384920211
11.394755519, 11.394918096
11.404755513, 11.404919917
11.414755519, 11.414918391
11.424755502, 11.424917781
11.434755514, 11.434920922
11.444755507, 11.444918436
11.454755515, 11.454921050
11.464755516, 11.464918161
11.474755514, 11.474918824
11.484755502, 11.484918804
11.494755517, 11.494921828
11.504755505, 11.504920321
11.514755511, 11.514923260
11.524755508, 11.524918065
11.534755519, 11.534917831
11.544755507, 11.544917871
11.554755515, 11.554917570
11.564755512, 11.564921220
11.574755512, 11.574916569
11.584755523, 11.584919676
11.594755512, 11.594923797
11.604755505, 11.604916995
11.614755517, 11.614920082
11.624755507, 11.624917906
11.634755517, 11.634918184
11.644755519, 11.644918244
11.654755512, 11.654920376
11.664755519, 11.664920737
11.674755517, 11.674922103
11.684755505, 11.684919167
11.694755514, 11.694918333
11.704755516, 11.704917999
11.714755519, 11.714920704
11.724755504, 11.724924452
11.734755517, 11.734918219
11.744755504, 11.744920765
11.754755512, 11.754923309
11.764755507, 11.764920566
11.774755517, 11.774921110
11.784755502, 11.784918649
11.794755514, 11.794920139
11.804755510, 11.804917535
11.814755511, 11.814917013
11.824755516, 11.824919546
11.834755514, 11.834924107
11.844755510, 11.844918735
11.854755517, 11.854919362
11.864755508, 11.864917498
11.874755515, 11.874916755
11.884755513, 11.884917549
11.894755512, 11.894918374
11.904755510, 11.904918572
11.914755506, 11.914923625
11.924755505, 11.924919565
11.934755514, 11.934900905
11.944755512, 11.944922789
11.954755520, 11.954916493
11.964755510, 11.964917926
11.974755519, 11.974918009
11.984755507, 11.984920378
11.994755515, 11.994927582
12.004755505, 12.004918859
12.014755508, 12.014921437
12.024755508, 12.024917871
12.034755509, 12.034919874
12.044755507, 12.044917674
------------------------------
