------------------------------
test was performed using the following parameters: --mps=100 --burst=1 --reply-every=1 --msg-size=12 --time=10
------------------------------
sockperf: [Total Run] RunTime=10.100 sec; SentMessages=1011; ReceivedMessages=1010
sockperf: ========= Printing statistics for Server No: 0
sockperf: [Valid Duration] RunTime=9.990 sec; SentMessages=1000; ReceivedMessages=1000
sockperf: [2;35m====> avg-lat= 77.674 (std-dev=16.262)[0m
sockperf: # dropped messages = 0; # duplicated messages = 0; # out-of-order messages = 0
sockperf: [2;35mTotal 1000 observations[0m; each percentile contains 10.00 observations
sockperf: ---> <MAX> observation =  131.637
sockperf: ---> percentile  99.99 =  131.637
sockperf: ---> percentile  99.90 =  129.274
sockperf: ---> percentile  99.50 =  121.206
sockperf: ---> percentile  99.00 =  117.387
sockperf: ---> percentile  95.00 =  103.573
sockperf: ---> percentile  90.00 =   97.316
sockperf: ---> percentile  75.00 =   88.019
sockperf: ---> percentile  50.00 =   78.994
sockperf: ---> percentile  25.00 =   65.679
sockperf: ---> <MIN> observation =   33.513
------------------------------
txTime, rxTime
2.063040701, 2.063169215
2.073040699, 2.073147716
2.083040681, 2.083196611
2.093041343, 2.093152490
2.103040766, 2.103215979
2.113040699, 2.113171527
2.123040684, 2.123186303
2.133040707, 2.133183724
2.143040682, 2.143191004
2.153040705, 2.153141196
2.163040685, 2.163156600
2.173040700, 2.173139933
2.183040692, 2.183158398
2.193040685, 2.193151538
2.203040685, 2.203185321
2.213040694, 2.213178898
2.223040729, 2.223239629
2.233040682, 2.233151988
2.243040680, 2.243227515
2.253040708, 2.253161492
2.263040690, 2.263187724
2.273040685, 2.273148601
2.283040693, 2.283147286
2.293040685, 2.293173645
2.303040690, 2.303191812
2.313040691, 2.313161989
2.323040679, 2.323135162
2.333040678, 2.333166493
2.343040689, 2.343170932
2.353040693, 2.353131838
2.363040749, 2.363165040
2.373040689, 2.373155676
2.383040693, 2.383150650
2.393040689, 2.393138227
2.403040683, 2.403152294
2.413040693, 2.413184137
2.423040683, 2.423148177
2.433040694, 2.433153092
2.443040699, 2.443168599
2.453040684, 2.453162317
2.463040698, 2.463146059
2.473040695, 2.473159649
2.483040685, 2.483158889
2.493040681, 2.493176114
2.503040690, 2.503162162
2.513040698, 2.513154462
2.523040695, 2.523174067
2.533040695, 2.533128493
2.543040789, 2.543161336
2.553040697, 2.553152588
2.563040690, 2.563181683
2.573040708, 2.573140491
2.583040687, 2.583151830
2.593040687, 2.593173237
2.603040693, 2.603158205
2.613040694, 2.613158361
2.623040685, 2.623157964
2.633040691, 2.633136141
2.643040691, 2.643154357
2.653040680, 2.653140191
2.663040690, 2.663174540
2.673040678, 2.673164540
2.683040701, 2.683180074
2.693040686, 2.693153324
2.703040693, 2.703144632
2.713040680, 2.713181542
2.723040683, 2.723190951
2.733040698, 2.733175610
2.743040690, 2.743150436
2.753040725, 2.753176900
2.763040691, 2.763133098
2.773040686, 2.773138339
2.783040693, 2.783157128
2.793040681, 2.793207789
2.803040693, 2.803193667
2.813040687, 2.813155945
2.823040687, 2.823178244
2.833040681, 2.833134652
2.843040677, 2.843179146
2.853040981, 2.853191861
2.863040682, 2.863138048
2.873040689, 2.873143161
2.883040698, 2.883119597
2.893040686, 2.893114779
2.903040704, 2.903160131
2.913040691, 2.913140231
2.923040688, 2.923173689
2.933040684, 2.933132500
2.943040693, 2.943173223
2.953040684, 2.953186436
2.963040687, 2.963178553
2.973040678, 2.973194097
2.983040690, 2.983141129
2.993040686, 2.993163066
3.003040682, 3.003177894
3.013040694, 3.013153394
3.023040685, 3.023195419
3.033040673, 3.033177563
3.043040682, 3.043154932
3.053040706, 3.053179371
3.063040687, 3.063144117
3.073040689, 3.073173742
3.083040688, 3.083181097
3.093040683, 3.093205064
3.103040685, 3.103163483
3.113040692, 3.113179300
3.123040679, 3.123184503
3.133040687, 3.133149322
3.143040691, 3.143171728
3.153040687, 3.153180304
3.163040682, 3.163137907
3.173040694, 3.173163552
3.183040683, 3.183163311
3.193040681, 3.193123324
3.203040688, 3.203137064
3.213040695, 3.213160865
3.223040707, 3.223170972
3.233040686, 3.233183751
3.243040688, 3.243155591
3.253040689, 3.253178706
3.263040682, 3.263123345
3.273040680, 3.273167438
3.283040688, 3.283153017
3.293040684, 3.293132043
3.303040693, 3.303177213
3.313040686, 3.313169498
3.323040691, 3.323155294
3.333040684, 3.333147856
3.343040690, 3.343180744
3.353040680, 3.353165635
3.363040688, 3.363143839
3.373040798, 3.373143038
3.383040685, 3.383151313
3.393040697, 3.393139140
3.403040701, 3.403182765
3.413040684, 3.413138702
3.423040691, 3.423179106
3.433040765, 3.433133489
3.443040701, 3.443143552
3.453040689, 3.453131313
3.463040696, 3.463147140
3.473040736, 3.473154988
3.483040691, 3.483127327
3.493040700, 3.493161177
3.503040691, 3.503136253
3.513040684, 3.513134957
3.523040682, 3.523159858
3.533040700, 3.533107728
3.543040688, 3.543158103
3.553040702, 3.553120700
3.563040683, 3.563117835
3.573040689, 3.573118137
3.583040695, 3.583176856
3.593040692, 3.593161277
3.603040690, 3.603135678
3.613040692, 3.613144790
3.623040685, 3.623115167
3.633040692, 3.633232482
3.643040695, 3.643228634
3.653040684, 3.653248408
3.663040720, 3.663221523
3.673040684, 3.673255506
3.683040682, 3.683240788
3.693040686, 3.693230242
3.703040690, 3.703233541
3.713040700, 3.713239117
3.723040683, 3.723220514
3.733040691, 3.733262429
3.743040687, 3.743216672
3.753040692, 3.753228853
3.763040687, 3.763211718
3.773040684, 3.773225259
3.783040803, 3.783245387
3.793040687, 3.793247137
3.803042919, 3.803274158
3.813040691, 3.813229486
3.823040688, 3.823202358
3.833040691, 3.833243037
3.843040683, 3.843205922
3.853040698, 3.853242816
3.863040688, 3.863237954
3.873040689, 3.873220305
3.883040683, 3.883267312
3.893040725, 3.893232666
3.903040693, 3.903236362
3.913040684, 3.913237416
3.923040691, 3.923266716
3.933040686, 3.933218050
3.943040677, 3.943218534
3.953040694, 3.953242976
3.963040682, 3.963253111
3.973040687, 3.973247959
3.983040685, 3.983244756
3.993040689, 3.993235676
4.003040695, 4.003217852
4.013040684, 4.013241659
4.023040682, 4.023219675
4.033040695, 4.033266477
4.043040695, 4.043272078
4.053040695, 4.053195657
4.063040688, 4.063299236
4.073040686, 4.073246834
4.083040685, 4.083228396
4.093040680, 4.093259768
4.103040683, 4.103235246
4.113040683, 4.113213653
4.123040688, 4.123238859
4.133042648, 4.133232296
4.143040693, 4.143218556
4.153040692, 4.153223417
4.163040683, 4.163250056
4.173040689, 4.173243252
4.183040685, 4.183214432
4.193040691, 4.193253732
4.203040685, 4.203269337
4.213040689, 4.213274384
4.223040691, 4.223193998
4.233040694, 4.233235695
4.243040695, 4.243200145
4.253040697, 4.253266755
4.263040688, 4.263239132
4.273040687, 4.273226219
4.283040687, 4.283186334
4.293040692, 4.293246108
4.303040688, 4.303247835
4.313040722, 4.313254678
4.323040685, 4.323196755
4.333040697, 4.333201159
4.343040690, 4.343214585
4.353040695, 4.353208048
4.363040696, 4.363202032
4.373040708, 4.373230847
4.383040687, 4.383278569
4.393040687, 4.393200889
4.403040687, 4.403221021
4.413040684, 4.413168273
4.423040691, 4.423130873
4.433040694, 4.433213582
4.443040693, 4.443247838
4.453040686, 4.453230716
4.463040683, 4.463225381
4.473040680, 4.473256803
4.483040687, 4.483208352
4.493040684, 4.493215795
4.503040687, 4.503220566
4.513040689, 4.513219480
4.523040687, 4.523230876
4.533040687, 4.533203603
4.543040707, 4.543210695
4.553040686, 4.553222491
4.563040693, 4.563196665
4.573040702, 4.573194438
4.583040690, 4.583207452
4.593040689, 4.593226124
4.603040693, 4.603197925
4.613040695, 4.613185342
4.623040693, 4.623211821
4.633040686, 4.633232132
4.643040685, 4.643224883
4.653040698, 4.653188531
4.663040707, 4.663221902
4.673040691, 4.673225456
4.683040691, 4.683220923
4.693040683, 4.693218794
4.703040696, 4.703219972
4.713040684, 4.713237551
4.723040693, 4.723231580
4.733040689, 4.733208187
4.743040696, 4.743216189
4.753040686, 4.753220867
4.763040687, 4.763209901
4.773040695, 4.773206223
4.783040699, 4.783265292
4.793040689, 4.793202110
4.803040691, 4.803230653
4.813040686, 4.813263821
4.823040695, 4.823202114
4.833040700, 4.833220721
4.843040707, 4.843218940
4.853040708, 4.853183443
4.863040691, 4.863211378
4.873040692, 4.873208101
4.883040688, 4.883212277
4.893040681, 4.893223180
4.903040693, 4.903219770
4.913040710, 4.913275485
4.923040690, 4.923233685
4.933040689, 4.933222010
4.943040680, 4.943197475
4.953040689, 4.953235572
4.963040695, 4.963235347
4.973040700, 4.973279975
4.983040687, 4.983176583
4.993040692, 4.993167858
5.003040691, 5.003160949
5.013040687, 5.013167896
5.023040691, 5.023129680
5.033040698, 5.033173529
5.043040693, 5.043158985
5.053040695, 5.053155383
5.063040685, 5.063148017
5.073040703, 5.073237337
5.083040699, 5.083183352
5.093040697, 5.093230051
5.103040693, 5.103174812
5.113040697, 5.113178592
5.123040693, 5.123181219
5.133040686, 5.133174824
5.143040695, 5.143162337
5.153040703, 5.153192183
5.163040691, 5.163252320
5.173040691, 5.173139402
5.183040683, 5.183148849
5.193040684, 5.193169395
5.203040701, 5.203200952
5.213040689, 5.213199176
5.223040688, 5.223136870
5.233040697, 5.233161727
5.243040682, 5.243171032
5.253040695, 5.253150869
5.263040704, 5.263158284
5.273040683, 5.273163694
5.283040690, 5.283136279
5.293040694, 5.293134706
5.303040690, 5.303229283
5.313040691, 5.313203089
5.323040685, 5.323154155
5.333040684, 5.333176630
5.343040691, 5.343146199
5.353040684, 5.353161536
5.363040699, 5.363168916
5.373040698, 5.373182167
5.383040702, 5.383184489
5.393040708, 5.393250169
5.403040688, 5.403178860
5.413040695, 5.413147959
5.423040687, 5.423169115
5.433040676, 5.433148906
5.443040706, 5.443165007
5.453040691, 5.453175839
5.463040696, 5.463174603
5.473040703, 5.473178401
5.483040685, 5.483156928
5.493040695, 5.493147367
5.503040687, 5.503205619
5.513040684, 5.513196775
5.523040695, 5.523206808
5.533040687, 5.533159831
5.543040770, 5.543200931
5.553040684, 5.553260264
5.563040682, 5.563228951
5.573040757, 5.573271875
5.583040725, 5.583242550
5.593040691, 5.593234129
5.603040687, 5.603237027
5.613040683, 5.613251317
5.623040679, 5.623230677
5.633040765, 5.633225554
5.643040691, 5.643210109
5.653040692, 5.653207920
5.663040696, 5.663226570
5.673040684, 5.673214289
5.683040695, 5.683195814
5.693040717, 5.693209600
5.703040690, 5.703229054
5.713040684, 5.713213386
5.723040701, 5.723218011
5.733040703, 5.733227866
5.743040690, 5.743204174
5.753040694, 5.753214074
5.763040769, 5.763233598
5.773040694, 5.773171060
5.783040690, 5.783150322
5.793040686, 5.793229604
5.803040693, 5.803175735
5.813040700, 5.813188503
5.823040688, 5.823178063
5.833040702, 5.833185716
5.843040685, 5.843168667
5.853040697, 5.853154036
5.863040691, 5.863171488
5.873040755, 5.873198744
5.883040683, 5.883163715
5.893040694, 5.893164667
5.903040691, 5.903170661
5.913040689, 5.913166299
5.923040693, 5.923192620
5.933040697, 5.933177699
5.943040695, 5.943149622
5.953040692, 5.953203174
5.963040690, 5.963165171
5.973040681, 5.973181267
5.983040680, 5.983169875
5.993040687, 5.993187813
6.003040693, 6.003210128
6.013040683, 6.013154063
6.023040736, 6.023190594
6.033040683, 6.033178444
6.043040698, 6.043176792
6.053040686, 6.053231372
6.063040691, 6.063222431
6.073040686, 6.073217461
6.083040687, 6.083240935
6.093040698, 6.093281797
6.103040685, 6.103226529
6.113040691, 6.113205086
6.123040695, 6.123229698
6.133041840, 6.133265400
6.143040698, 6.143204659
6.153040683, 6.153210001
6.163041073, 6.163169510
6.173040683, 6.173235863
6.183040687, 6.183219080
6.193040692, 6.193205569
6.203040685, 6.203186806
6.213040692, 6.213195726
6.223040690, 6.223179512
6.233040692, 6.233201451
6.243040687, 6.243259408
6.253040686, 6.253234559
6.263040688, 6.263209454
6.273040676, 6.273247229
6.283040691, 6.283225102
6.293040689, 6.293221733
6.303041451, 6.303225473
6.313040691, 6.313303966
6.323040688, 6.323214689
6.333040689, 6.333256317
6.343040690, 6.343251532
6.353040687, 6.353295276
6.363040687, 6.363248981
6.373040689, 6.373230326
6.383040690, 6.383223304
6.393040684, 6.393222142
6.403040690, 6.403226412
6.413040727, 6.413277651
6.423040685, 6.423221595
6.433040703, 6.433229677
6.443040690, 6.443238145
6.453040687, 6.453295421
6.463040677, 6.463160749
6.473040687, 6.473181835
6.483040685, 6.483166188
6.493040692, 6.493246945
6.503040687, 6.503254073
6.513040686, 6.513247070
6.523040690, 6.523240217
6.533040751, 6.533214174
6.543040687, 6.543240878
6.553040692, 6.553225940
6.563040702, 6.563241137
6.573040689, 6.573235321
6.583040688, 6.583246598
6.593041761, 6.593180506
6.603040701, 6.603191384
6.613040697, 6.613184226
6.623040685, 6.623134888
6.633040687, 6.633134766
6.643040693, 6.643164776
6.653040689, 6.653136203
6.663040696, 6.663184629
6.673040680, 6.673169580
6.683040725, 6.683157229
6.693040689, 6.693170976
6.703040761, 6.703183668
6.713040711, 6.713154322
6.723040695, 6.723184699
6.733040687, 6.733200207
6.743040685, 6.743172123
6.753040680, 6.753183649
6.763040701, 6.763157690
6.773040683, 6.773176671
6.783040687, 6.783145462
6.793040689, 6.793189119
6.803040682, 6.803201763
6.813040744, 6.813139198
6.823040685, 6.823195899
6.833040695, 6.833180255
6.843040679, 6.843196392
6.853040692, 6.853184000
6.863040687, 6.863167611
6.873040698, 6.873164829
6.883040685, 6.883213470
6.893040691, 6.893194766
6.903040679, 6.903193468
6.913040687, 6.913175258
6.923040696, 6.923181535
6.933040694, 6.933237573
6.943040683, 6.943195042
6.953040703, 6.953181226
6.963040680, 6.963199857
6.973040702, 6.973195169
6.983040704, 6.983182956
6.993040678, 6.993239002
7.003041053, 7.003230805
7.013040687, 7.013243111
7.023041408, 7.023217056
7.033040680, 7.033197240
7.043040696, 7.043253354
7.053040689, 7.053189182
7.063040701, 7.063186721
7.073040763, 7.073205048
7.083040693, 7.083196152
7.093040721, 7.093176245
7.103040690, 7.103186011
7.113040694, 7.113187166
7.123040687, 7.123268551
7.133040683, 7.133149532
7.143040685, 7.143183781
7.153040694, 7.153190338
7.163040682, 7.163200622
7.173040687, 7.173200059
7.183040753, 7.183201174
7.193040724, 7.193214228
7.203040685, 7.203177387
7.213040686, 7.213172809
7.223040682, 7.223180944
7.233040694, 7.233191916
7.243040687, 7.243185818
7.253040689, 7.253230580
7.263040753, 7.263171474
7.273040695, 7.273150207
7.283040687, 7.283169469
7.293040689, 7.293189877
7.303040753, 7.303160518
7.313040687, 7.313184423
7.323040691, 7.323153116
7.333040766, 7.333174598
7.343040676, 7.343212596
7.353040692, 7.353174435
7.363040693, 7.363172687
7.373040681, 7.373188956
7.383041588, 7.383203421
7.393040692, 7.393164728
7.403040756, 7.403161990
7.413040675, 7.413189517
7.423040683, 7.423190978
7.433040692, 7.433153127
7.443040753, 7.443189260
7.453040687, 7.453163039
7.463040687, 7.463251074
7.473040691, 7.473156063
7.483040693, 7.483187425
7.493040806, 7.493188438
7.503040691, 7.503174115
7.513040689, 7.513183035
7.523040691, 7.523176427
7.533040686, 7.533207543
7.543040679, 7.543165387
7.553040706, 7.553143286
7.563040682, 7.563226697
7.573040684, 7.573246992
7.583040690, 7.583204649
7.593040694, 7.593200116
7.603040693, 7.603154402
7.613040687, 7.613170417
7.623040683, 7.623200912
7.633040689, 7.633190481
7.643040680, 7.643173902
7.653040684, 7.653191017
7.663040688, 7.663192718
7.673040686, 7.673191885
7.683040691, 7.683182152
7.693040719, 7.693196599
7.703040690, 7.703193041
7.713040687, 7.713176372
7.723040701, 7.723183799
7.733040686, 7.733195069
7.743040740, 7.743182995
7.753040689, 7.753181921
7.763040685, 7.763197154
7.773040691, 7.773204775
7.783040690, 7.783291525
7.793040686, 7.793204792
7.803040679, 7.803194751
7.813040694, 7.813220241
7.823040691, 7.823168304
7.833040683, 7.833165305
7.843040687, 7.843173874
7.853040687, 7.853183964
7.863040704, 7.863208308
7.873040694, 7.873150428
7.883040687, 7.883186829
7.893040708, 7.893191910
7.903040682, 7.903243935
7.913040692, 7.913203944
7.923040699, 7.923186271
7.933040687, 7.933179210
7.943040685, 7.943171927
7.953040697, 7.953164596
7.963040699, 7.963194437
7.973040722, 7.973207820
7.983040685, 7.983166845
7.993040711, 7.993168917
8.003040690, 8.003186426
8.013040691, 8.013201145
8.023040696, 8.023181948
8.033040692, 8.033169394
8.043040688, 8.043202016
8.053040692, 8.053283104
8.063040688, 8.063175446
8.073040676, 8.073181079
8.083040683, 8.083235954
8.093040695, 8.093201099
8.103040685, 8.103208096
8.113040812, 8.113213525
8.123040680, 8.123220722
8.133040689, 8.133198816
8.143040683, 8.143227777
8.153040687, 8.153197417
8.163040693, 8.163171015
8.173040686, 8.173193977
8.183040676, 8.183225650
8.193040695, 8.193180586
8.203042532, 8.203217792
8.213040684, 8.213173289
8.223040680, 8.223165146
8.233040692, 8.233201732
8.243040683, 8.243192452
8.253041418, 8.253188473
8.263040679, 8.263212945
8.273040681, 8.273204688
8.283040687, 8.283200273
8.293040700, 8.293199419
8.303040696, 8.303171667
8.313040858, 8.313265236
8.323041699, 8.323178753
8.333040689, 8.333165170
8.343040693, 8.343181353
8.353040706, 8.353206565
8.363040690, 8.363181363
8.373040687, 8.373183380
8.383040695, 8.383188693
8.393040695, 8.393224121
8.403040690, 8.403220662
8.413040691, 8.413162452
8.423040690, 8.423178565
8.433040687, 8.433204641
8.443040709, 8.443196258
8.453040689, 8.453205934
8.463040688, 8.463195504
8.473040686, 8.473187167
8.483041681, 8.483173347
8.493040686, 8.493210216
8.503040701, 8.503167060
8.513040680, 8.513176720
8.523040683, 8.523182550
8.533040687, 8.533186447
8.543040698, 8.543258817
8.553040686, 8.553174617
8.563040688, 8.563169819
8.573040695, 8.573201821
8.583040687, 8.583135267
8.593040686, 8.593138434
8.603040685, 8.603187452
8.613040694, 8.613169580
8.623040690, 8.623162986
8.633040691, 8.633147443
8.643040696, 8.643169870
8.653040687, 8.653133271
8.663040699, 8.663153997
8.673040689, 8.673139441
8.683040702, 8.683160430
8.693040683, 8.693164190
8.703040687, 8.703154841
8.713040691, 8.713139027
8.723040690, 8.723172998
8.733040692, 8.733136342
8.743040685, 8.743137961
8.753040692, 8.753208431
8.763040682, 8.763198852
8.773040727, 8.773178333
8.783040693, 8.783226095
8.793040691, 8.793190334
8.803040691, 8.803199011
8.813042071, 8.813166956
8.823040688, 8.823232605
8.833040686, 8.833193257
8.843040685, 8.843199696
8.853040683, 8.853175394
8.863040687, 8.863198864
8.873040691, 8.873173823
8.883040687, 8.883168253
8.893040695, 8.893183035
8.903040696, 8.903203394
8.913040680, 8.913174917
8.923040693, 8.923194816
8.933040702, 8.933208000
8.943040690, 8.943194072
8.953040686, 8.953154218
8.963040683, 8.963180696
8.973040689, 8.973165587
8.983040685, 8.983223667
8.993040702, 8.993201743
9.003040683, 9.003202996
9.013040689, 9.013177768
9.023040688, 9.023236399
9.033040684, 9.033150762
9.043040680, 9.043216953
9.053040686, 9.053191035
9.063040679, 9.063220970
9.073040695, 9.073244627
9.083040683, 9.083221638
9.093040689, 9.093177331
9.103040695, 9.103176454
9.113040698, 9.113247739
9.123040699, 9.123195809
9.133040687, 9.133174727
9.143040687, 9.143178371
9.153040689, 9.153178752
9.163040690, 9.163196548
9.173040694, 9.173169710
9.183040683, 9.183211315
9.193040691, 9.193230752
9.203040683, 9.203202292
9.213040692, 9.213201698
9.223040706, 9.223192096
9.233040692, 9.233202528
9.243040688, 9.243155930
9.253040692, 9.253185999
9.263040688, 9.263210897
9.273040684, 9.273226375
9.283040691, 9.283182825
9.293040687, 9.293193276
9.303040695, 9.303184929
9.313040683, 9.313231524
9.323040690, 9.323184754
9.333040687, 9.333164255
9.343040690, 9.343246500
9.353040689, 9.353217098
9.363040680, 9.363146097
9.373040687, 9.373183237
9.383041841, 9.383177895
9.393040691, 9.393180470
9.403040683, 9.403183276
9.413040686, 9.413178386
9.423040679, 9.423193078
9.433040686, 9.433164013
9.443040701, 9.443159632
9.453040686, 9.453191013
9.463040695, 9.463192511
9.473040687, 9.473175739
9.483040691, 9.483185540
9.493041643, 9.493203649
9.503040682, 9.503155447
9.513040692, 9.513188250
9.523040690, 9.523192085
9.533040724, 9.533171933
9.543040693, 9.543197620
9.553040692, 9.553236426
9.563040688, 9.563217018
9.573040686, 9.573145370
9.583040688, 9.583178884
9.593040735, 9.593259822
9.603040683, 9.603197464
9.613040713, 9.613178389
9.623040690, 9.623174316
9.633040705, 9.633202759
9.643040683, 9.643191306
9.653040694, 9.653175357
9.663040691, 9.663161194
9.673040689, 9.673188798
9.683040690, 9.683171712
9.693040684, 9.693193295
9.703040688, 9.703166368
9.713040766, 9.713167536
9.723040683, 9.723198697
9.733040691, 9.733236463
9.743040690, 9.743215474
9.753040678, 9.753184512
9.763040685, 9.763177510
9.773040691, 9.773166470
9.783040683, 9.783172042
9.793040714, 9.793175866
9.803040683, 9.803252110
9.813040722, 9.813182170
9.823040695, 9.823167039
9.833040686, 9.833167806
9.843040698, 9.843173741
9.853040697, 9.853194367
9.863040687, 9.863209556
9.873040692, 9.873181398
9.883040693, 9.883204802
9.893040695, 9.893188415
9.903040753, 9.903203276
9.913040713, 9.913176196
9.923040683, 9.923176073
9.933040687, 9.933214891
9.943040696, 9.943182013
9.953040694, 9.953203286
9.963040687, 9.963185654
9.973042982, 9.973214569
9.983040685, 9.983161183
9.993040686, 9.993199279
10.003040690, 10.003204747
10.013040686, 10.013203190
10.023040677, 10.023171438
10.033040710, 10.033164880
10.043040683, 10.043168904
10.053040683, 10.053195098
10.063040693, 10.063207930
10.073040678, 10.073178540
10.083040680, 10.083199068
10.093040681, 10.093166858
10.103040676, 10.103163081
10.113040673, 10.113161087
10.123040685, 10.123160679
10.133040680, 10.133162669
10.143040685, 10.143163985
10.153040683, 10.153196939
10.163040682, 10.163157070
10.173040678, 10.173165446
10.183040679, 10.183168656
10.193040675, 10.193165305
10.203040676, 10.203163831
10.213040678, 10.213216145
10.223040682, 10.223211128
10.233040672, 10.233209370
10.243040678, 10.243217737
10.253040685, 10.253218745
10.263040684, 10.263206085
10.273040675, 10.273215110
10.283040679, 10.283208267
10.293040677, 10.293216999
10.303040678, 10.303216717
10.313040680, 10.313215281
10.323040687, 10.323212383
10.333040689, 10.333223387
10.343040685, 10.343218362
10.353040688, 10.353217051
10.363040681, 10.363215132
10.373040678, 10.373207717
10.383040678, 10.383216101
10.393040685, 10.393211856
10.403040685, 10.403212231
10.413040688, 10.413218873
10.423040681, 10.423216550
10.433040678, 10.433216048
10.443040676, 10.443216799
10.453040683, 10.453191841
10.463040673, 10.463207997
10.473040675, 10.473206832
10.483040685, 10.483216654
10.493040680, 10.493218633
10.503040689, 10.503214686
10.513040677, 10.513219667
10.523040684, 10.523206980
10.533040674, 10.533217493
10.543040681, 10.543213625
10.553040688, 10.553219088
10.563040693, 10.563219202
10.573040683, 10.573215447
10.583040685, 10.583208951
10.593040681, 10.593215020
10.603040700, 10.603219436
10.613040691, 10.613216793
10.623040678, 10.623214977
10.633040675, 10.633219913
10.643040681, 10.643224387
10.653040686, 10.653214732
10.663040681, 10.663214464
10.673040678, 10.673194697
10.683040678, 10.683205104
10.693040685, 10.693216991
10.703040678, 10.703219005
10.713040674, 10.713215280
10.723040693, 10.723218105
10.733040691, 10.733221502
10.743040678, 10.743214961
10.753040686, 10.753218747
10.763040682, 10.763214971
10.773040683, 10.773216937
10.783040679, 10.783215448
10.793040677, 10.793218420
10.803040679, 10.803220770
10.813040683, 10.813212515
10.823040679, 10.823215416
10.833040674, 10.833214802
10.843040678, 10.843214154
10.853040683, 10.853216569
10.863040692, 10.863213202
10.873040685, 10.873214989
10.883040678, 10.883220063
10.893040685, 10.893214831
10.903040682, 10.903217391
10.913040681, 10.913215763
10.923040684, 10.923213989
10.933040677, 10.933215414
10.943040685, 10.943215705
10.953040675, 10.953269639
10.963040678, 10.963220024
10.973040677, 10.973210458
10.983040678, 10.983214921
10.993040678, 10.993211550
11.003040685, 11.003214613
11.013040686, 11.013211256
11.023040682, 11.023210815
11.033040681, 11.033216047
11.043040679, 11.043221124
11.053040683, 11.053210224
11.063040684, 11.063216074
11.073040678, 11.073214043
11.083040685, 11.083215779
11.093040685, 11.093214635
11.103040676, 11.103214484
11.113040681, 11.113215901
11.123040678, 11.123220004
11.133040672, 11.133216116
11.143040684, 11.143209473
11.153040683, 11.153216926
11.163040681, 11.163214659
11.173040680, 11.173213078
11.183040676, 11.183211720
11.193040675, 11.193215308
11.203040679, 11.203223427
11.213040683, 11.213216895
11.223040692, 11.223214439
11.233040675, 11.233209785
11.243040682, 11.243215885
11.253040672, 11.253214314
11.263040679, 11.263215230
11.273040685, 11.273208298
11.283040678, 11.283220993
11.293040685, 11.293215802
11.303040679, 11.303216573
11.313040677, 11.313217014
11.323040678, 11.323218252
11.333040678, 11.333216424
11.343040684, 11.343214681
11.353040683, 11.353216691
11.363040684, 11.363218928
11.373040688, 11.373214263
11.383040681, 11.383215285
11.393040691, 11.393219089
11.403040685, 11.403211147
11.413040683, 11.413215676
11.423040682, 11.423216717
11.433040674, 11.433214741
11.443040682, 11.443221523
11.453040678, 11.453211544
11.463040681, 11.463207131
11.473040685, 11.473208059
11.483040685, 11.483216428
11.493040674, 11.493215020
11.503040681, 11.503209391
11.513040681, 11.513217261
11.523040684, 11.523222471
11.533040678, 11.533217071
11.543040684, 11.543213046
11.553040680, 11.553212970
11.563040682, 11.563212773
11.573040680, 11.573207181
11.583040693, 11.583213160
11.593040683, 11.593214108
11.603040682, 11.603221674
11.613040688, 11.613216057
11.623040687, 11.623214188
11.633040681, 11.633208473
11.643040690, 11.643215594
11.653040680, 11.653212400
11.663040679, 11.663215548
11.673040675, 11.673204718
11.683040685, 11.683218580
11.693040678, 11.693215224
11.703040685, 11.703214684
11.713040680, 11.713210080
11.723040681, 11.723212533
11.733040675, 11.733214586
11.743040682, 11.743215143
11.753040678, 11.753215194
11.763040689, 11.763221187
11.773040693, 11.773210289
11.783040681, 11.783207752
11.793040674, 11.793215755
11.803040678, 11.803214634
11.813040681, 11.813215752
11.823040682, 11.823209527
11.833040678, 11.833216106
11.843040676, 11.843221388
11.853040688, 11.853216503
11.863040681, 11.863208510
11.873040689, 11.873214184
11.883040679, 11.883213219
11.893040677, 11.893216964
11.903040682, 11.903216729
11.913040683, 11.913215142
11.923040685, 11.923220251
11.933040707, 11.933216353
11.943040685, 11.943215215
11.953040680, 11.953217080
11.963040678, 11.963217325
11.973040677, 11.973208422
11.983040684, 11.983214728
11.993040683, 11.993214462
12.003040679, 12.003224116
12.013040681, 12.013218229
12.023040678, 12.023209239
12.033040680, 12.033211359
12.043040679, 12.043215230
12.053040681, 12.053216584
------------------------------
