------------------------------
test was performed using the following parameters: --mps=100 --burst=1 --reply-every=1 --msg-size=12 --time=10
------------------------------
sockperf: [Total Run] RunTime=10.100 sec; SentMessages=1011; ReceivedMessages=1010
sockperf: ========= Printing statistics for Server No: 0
sockperf: [Valid Duration] RunTime=9.980 sec; SentMessages=999; ReceivedMessages=999
sockperf: [2;35m====> avg-lat= 81.666 (std-dev=31.188)[0m
sockperf: # dropped messages = 0; # duplicated messages = 0; # out-of-order messages = 0
sockperf: [2;35mTotal 999 observations[0m; each percentile contains 9.99 observations
sockperf: ---> <MAX> observation =  187.391
sockperf: ---> percentile  99.99 =  187.391
sockperf: ---> percentile  99.90 =  177.305
sockperf: ---> percentile  99.50 =  171.573
sockperf: ---> percentile  99.00 =  162.274
sockperf: ---> percentile  95.00 =  149.646
sockperf: ---> percentile  90.00 =  139.834
sockperf: ---> percentile  75.00 =   89.944
sockperf: ---> percentile  50.00 =   75.596
sockperf: ---> percentile  25.00 =   59.893
sockperf: ---> <MIN> observation =   32.161
------------------------------
txTime, rxTime
2.063391446, 2.063469686
2.073391479, 2.073458311
2.083391477, 2.083465636
2.093391448, 2.093484161
2.103391447, 2.103525623
2.113391448, 2.113491101
2.123391453, 2.123486059
2.133391462, 2.133488411
2.143391444, 2.143486527
2.153391454, 2.153528649
2.163391436, 2.163480712
2.173391478, 2.173480480
2.183391468, 2.183480862
2.193391448, 2.193478833
2.203391450, 2.203511568
2.213391457, 2.213482684
2.223391458, 2.223484558
2.233391449, 2.233487917
2.243391482, 2.243515613
2.253391492, 2.253487440
2.263391460, 2.263489838
2.273391446, 2.273496804
2.283391444, 2.283484573
2.293391462, 2.293484341
2.303391464, 2.303522898
2.313392120, 2.313493713
2.323391444, 2.323492127
2.333391449, 2.333495789
2.343391480, 2.343491139
2.353391443, 2.353488686
2.363391449, 2.363484539
2.373391432, 2.373484372
2.383391476, 2.383485543
2.393391459, 2.393488035
2.403391450, 2.403484665
2.413391446, 2.413495221
2.423391447, 2.423489874
2.433391448, 2.433515120
2.443391442, 2.443486877
2.453391448, 2.453494948
2.463393015, 2.463500102
2.473391448, 2.473485067
2.483391457, 2.483491476
2.493391457, 2.493487857
2.503391468, 2.503493207
2.513391435, 2.513490855
2.523391438, 2.523487393
2.533391500, 2.533503368
2.543391446, 2.543484864
2.553391454, 2.553485416
2.563391460, 2.563491255
2.573391451, 2.573491701
2.583391455, 2.583493234
2.593391446, 2.593505905
2.603391498, 2.603509315
2.613391457, 2.613528409
2.623391442, 2.623475417
2.633391462, 2.633484732
2.643391450, 2.643501188
2.653391479, 2.653485013
2.663391457, 2.663534760
2.673391440, 2.673484317
2.683391438, 2.683493764
2.693391453, 2.693490050
2.703391447, 2.703487722
2.713391449, 2.713485692
2.723391452, 2.723523763
2.733391448, 2.733486396
2.743391441, 2.743482499
2.753391454, 2.753522299
2.763391447, 2.763493066
2.773391451, 2.773488057
2.783391453, 2.783506795
2.793391446, 2.793538325
2.803391450, 2.803485361
2.813391462, 2.813482552
2.823391469, 2.823482057
2.833391454, 2.833481104
2.843391461, 2.843517462
2.853391476, 2.853479988
2.863392443, 2.863486863
2.873391435, 2.873482380
2.883391447, 2.883480137
2.893391454, 2.893485329
2.903391482, 2.903510523
2.913391483, 2.913488738
2.923391449, 2.923489997
2.933391544, 2.933489894
2.943391464, 2.943534800
2.953391478, 2.953495890
2.963391461, 2.963496016
2.973391464, 2.973496302
2.983391457, 2.983507736
2.993391440, 2.993483745
3.003391464, 3.003481122
3.013391451, 3.013532958
3.023391450, 3.023465968
3.033391497, 3.033480624
3.043391487, 3.043483334
3.053391449, 3.053482323
3.063391450, 3.063459616
3.073391445, 3.073470134
3.083391485, 3.083496930
3.093391479, 3.093474381
3.103391474, 3.103468679
3.113391492, 3.113492426
3.123391452, 3.123482944
3.133391451, 3.133479536
3.143391438, 3.143468050
3.153391467, 3.153464027
3.163391441, 3.163511838
3.173391495, 3.173467581
3.183391458, 3.183468810
3.193391464, 3.193481096
3.203391488, 3.203513398
3.213391468, 3.213508663
3.223391493, 3.223466989
3.233391449, 3.233470663
3.243391450, 3.243477041
3.253391505, 3.253524595
3.263391496, 3.263480525
3.273391476, 3.273473707
3.283393086, 3.283532007
3.293391453, 3.293489595
3.303391450, 3.303490198
3.313391525, 3.313491384
3.323391444, 3.323488769
3.333391451, 3.333491412
3.343391441, 3.343490376
3.353391454, 3.353492595
3.363391449, 3.363512907
3.373391461, 3.373524064
3.383391436, 3.383488636
3.393391451, 3.393518334
3.403391450, 3.403493714
3.413391448, 3.413495210
3.423391442, 3.423492124
3.433391449, 3.433507130
3.443391444, 3.443485944
3.453391495, 3.453483437
3.463391444, 3.463517072
3.473391448, 3.473482193
3.483391452, 3.483488161
3.493391491, 3.493491741
3.503391485, 3.503491187
3.513391449, 3.513503758
3.523391439, 3.523481536
3.533391456, 3.533476639
3.543391449, 3.543521750
3.553391503, 3.553486649
3.563391457, 3.563486004
3.573391451, 3.573511823
3.583391485, 3.583516387
3.593391454, 3.593502934
3.603391441, 3.603511391
3.613391437, 3.613517071
3.623392867, 3.623516582
3.633391462, 3.633517092
3.643391457, 3.643535532
3.653391442, 3.653544991
3.663391436, 3.663494077
3.673391533, 3.673533897
3.683391466, 3.683545503
3.693391453, 3.693541271
3.703391449, 3.703550784
3.713391442, 3.713484199
3.723391442, 3.723462156
3.733391451, 3.733511269
3.743391455, 3.743486970
3.753391464, 3.753483272
3.763391447, 3.763485650
3.773391454, 3.773480655
3.783391490, 3.783516882
3.793391459, 3.793482089
3.803391461, 3.803486740
3.813391494, 3.813486957
3.823391452, 3.823488767
3.833391448, 3.833516643
3.843392960, 3.843488156
3.853391475, 3.853500823
3.863391457, 3.863486779
3.873391487, 3.873487664
3.883391480, 3.883482199
3.893391495, 3.893486622
3.903391528, 3.903492938
3.913391448, 3.913493501
3.923391490, 3.923484818
3.933391470, 3.933482714
3.943391439, 3.943495972
3.953391454, 3.953489303
3.963391461, 3.963483340
3.973391457, 3.973486343
3.983391464, 3.983486102
3.993391449, 3.993485485
4.003391466, 4.003478004
4.013391454, 4.013482268
4.023391463, 4.023472394
4.033391479, 4.033484893
4.043391450, 4.043471890
4.053391465, 4.053468744
4.063391460, 4.063508390
4.073391448, 4.073462345
4.083391551, 4.083539476
4.093391451, 4.093472268
4.103391447, 4.103463132
4.113391487, 4.113486930
4.123391458, 4.123490305
4.133391443, 4.133483049
4.143391450, 4.143486773
4.153391442, 4.153487080
4.163391449, 4.163455771
4.173391448, 4.173498315
4.183391444, 4.183523132
4.193391448, 4.193498805
4.203391482, 4.203511732
4.213391444, 4.213543717
4.223391452, 4.223572403
4.233391461, 4.233497357
4.243391439, 4.243508712
4.253391456, 4.253498002
4.263391444, 4.263534151
4.273391464, 4.273518323
4.283391444, 4.283484007
4.293391442, 4.293505847
4.303391444, 4.303489868
4.313391459, 4.313480314
4.323391441, 4.323530099
4.333391443, 4.333493149
4.343391463, 4.343527614
4.353391435, 4.353480513
4.363391436, 4.363482764
4.373391443, 4.373488839
4.383391436, 4.383483854
4.393391438, 4.393489249
4.403391436, 4.403492624
4.413391449, 4.413540219
4.423391431, 4.423490516
4.433391435, 4.433502785
4.443391438, 4.443529553
4.453391457, 4.453515227
4.463391442, 4.463490774
4.473391437, 4.473487382
4.483391446, 4.483540465
4.493391435, 4.493485605
4.503391442, 4.503543498
4.513391445, 4.513559637
4.523391453, 4.523547751
4.533391456, 4.533544752
4.543391436, 4.543618815
4.553391458, 4.553559987
4.563391440, 4.563578939
4.573391459, 4.573546720
4.583391444, 4.583591770
4.593391431, 4.593551486
4.603391460, 4.603538023
4.613391466, 4.613551223
4.623391464, 4.623575345
4.633391459, 4.633556300
4.643391436, 4.643602191
4.653391438, 4.653586076
4.663391439, 4.663594598
4.673391438, 4.673590941
4.683391439, 4.683557075
4.693391438, 4.693575025
4.703391865, 4.703571411
4.713391451, 4.713563773
4.723391439, 4.723554840
4.733391462, 4.733533057
4.743391444, 4.743565334
4.753391434, 4.753553250
4.763391442, 4.763561799
4.773391462, 4.773561343
4.783391446, 4.783572872
4.793391550, 4.793502258
4.803391442, 4.803487063
4.813391462, 4.813550511
4.823391450, 4.823538254
4.833391444, 4.833505469
4.843391447, 4.843544458
4.853391445, 4.853552755
4.863391449, 4.863505707
4.873391457, 4.873519181
4.883391434, 4.883567382
4.893391435, 4.893522301
4.903391455, 4.903524325
4.913391446, 4.913529436
4.923391441, 4.923513867
4.933391448, 4.933514071
4.943391441, 4.943508690
4.953391449, 4.953512696
4.963391439, 4.963484982
4.973391465, 4.973504145
4.983391442, 4.983533489
4.993391440, 4.993530315
5.003391439, 5.003519153
5.013391440, 5.013644120
5.023391434, 5.023582239
5.033391448, 5.033610031
5.043391450, 5.043635599
5.053391438, 5.053676318
5.063391442, 5.063654090
5.073391451, 5.073650665
5.083391455, 5.083603284
5.093391457, 5.093679702
5.103391460, 5.103702028
5.113391456, 5.113662796
5.123391442, 5.123674238
5.133391459, 5.133690265
5.143391449, 5.143664063
5.153391462, 5.153673894
5.163391446, 5.163694704
5.173391461, 5.173696551
5.183391460, 5.183719773
5.193391461, 5.193659429
5.203391444, 5.203727065
5.213391462, 5.213737466
5.223391446, 5.223679129
5.233391461, 5.233668399
5.243391449, 5.243648191
5.253391443, 5.253692212
5.263391449, 5.263681826
5.273391462, 5.273692364
5.283391460, 5.283734607
5.293391461, 5.293653591
5.303391466, 5.303674757
5.313391442, 5.313704179
5.323391463, 5.323649392
5.333391461, 5.333664854
5.343391449, 5.343657833
5.353391462, 5.353687150
5.363391471, 5.363670447
5.373391462, 5.373640694
5.383391457, 5.383665962
5.393391465, 5.393675526
5.403391446, 5.403658156
5.413391465, 5.413657531
5.423391466, 5.423648695
5.433391461, 5.433740363
5.443391442, 5.443671112
5.453391457, 5.453710326
5.463391463, 5.463700847
5.473391449, 5.473744417
5.483391458, 5.483766241
5.493391456, 5.493746066
5.503391464, 5.503711949
5.513391456, 5.513731246
5.523391447, 5.523697817
5.533391445, 5.533644111
5.543391450, 5.543732498
5.553391459, 5.553674929
5.563391464, 5.563689551
5.573391462, 5.573671579
5.583391516, 5.583709800
5.593391461, 5.593652662
5.603391447, 5.603670481
5.613391464, 5.613654564
5.623391468, 5.623645156
5.633391474, 5.633669485
5.643391452, 5.643713181
5.653391446, 5.653680462
5.663391457, 5.663695763
5.673391462, 5.673710812
5.683391441, 5.683621018
5.693391467, 5.693613056
5.703391460, 5.703619286
5.713391447, 5.713579284
5.723391455, 5.723654832
5.733391459, 5.733589113
5.743391446, 5.743613159
5.753391449, 5.753534273
5.763391444, 5.763569717
5.773391454, 5.773554568
5.783391452, 5.783528303
5.793391448, 5.793523887
5.803391447, 5.803583919
5.813391442, 5.813563926
5.823391446, 5.823515833
5.833391448, 5.833486257
5.843391449, 5.843523599
5.853391437, 5.853512262
5.863391452, 5.863512776
5.873391442, 5.873490072
5.883391469, 5.883528875
5.893391453, 5.893511502
5.903391464, 5.903530185
5.913391464, 5.913527445
5.923391449, 5.923556092
5.933391444, 5.933552229
5.943391442, 5.943551306
5.953391445, 5.953525566
5.963391457, 5.963510482
5.973391442, 5.973504412
5.983391450, 5.983525772
5.993391456, 5.993547424
6.003391447, 6.003525442
6.013391453, 6.013501423
6.023391439, 6.023527478
6.033391448, 6.033517074
6.043391447, 6.043526639
6.053391461, 6.053538951
6.063391441, 6.063523113
6.073391457, 6.073657491
6.083391440, 6.083538950
6.093391443, 6.093563094
6.103391442, 6.103546207
6.113391442, 6.113521393
6.123391442, 6.123518046
6.133391443, 6.133576595
6.143391452, 6.143547658
6.153391443, 6.153508946
6.163391449, 6.163604787
6.173391442, 6.173583331
6.183391444, 6.183575003
6.193391442, 6.193565126
6.203391464, 6.203542058
6.213391461, 6.213520705
6.223391449, 6.223528154
6.233391438, 6.233526267
6.243391449, 6.243566008
6.253391454, 6.253605775
6.263391458, 6.263549461
6.273391451, 6.273528175
6.283391433, 6.283531085
6.293391457, 6.293551374
6.303391442, 6.303525203
6.313391449, 6.313523864
6.323391444, 6.323521598
6.333391441, 6.333531377
6.343391457, 6.343527224
6.353391432, 6.353490361
6.363391450, 6.363529466
6.373391442, 6.373504908
6.383391446, 6.383528083
6.393391443, 6.393545374
6.403391458, 6.403566832
6.413391459, 6.413519553
6.423391449, 6.423560122
6.433391434, 6.433577729
6.443391457, 6.443541041
6.453391459, 6.453564488
6.463391439, 6.463563237
6.473391443, 6.473578323
6.483391442, 6.483558386
6.493391436, 6.493563756
6.503391455, 6.503575383
6.513391449, 6.513546451
6.523391442, 6.523533789
6.533391445, 6.533533903
6.543391464, 6.543624361
6.553391456, 6.553586741
6.563391437, 6.563561972
6.573391451, 6.573574022
6.583391464, 6.583565266
6.593391442, 6.593549843
6.603391443, 6.603535817
6.613391448, 6.613554161
6.623391438, 6.623581702
6.633391457, 6.633545593
6.643391457, 6.643556663
6.653391446, 6.653583203
6.663391436, 6.663646093
6.673391437, 6.673569829
6.683391456, 6.683625493
6.693391444, 6.693609043
6.703391436, 6.703606881
6.713391468, 6.713537727
6.723391444, 6.723557660
6.733391459, 6.733587293
6.743391457, 6.743549559
6.753391434, 6.753563039
6.763391441, 6.763507973
6.773391457, 6.773575138
6.783391439, 6.783529465
6.793391451, 6.793506666
6.803391439, 6.803533477
6.813391456, 6.813581034
6.823391433, 6.823538033
6.833391434, 6.833500202
6.843391449, 6.843549096
6.853391468, 6.853608021
6.863391448, 6.863577431
6.873391460, 6.873497500
6.883391448, 6.883537506
6.893391449, 6.893531671
6.903391439, 6.903585980
6.913391437, 6.913583007
6.923391442, 6.923519413
6.933391434, 6.933580290
6.943391446, 6.943510463
6.953391448, 6.953555739
6.963391449, 6.963526665
6.973391449, 6.973513976
6.983391442, 6.983552458
6.993391434, 6.993556528
7.003391436, 7.003534405
7.013391449, 7.013558763
7.023391453, 7.023516807
7.033391464, 7.033547490
7.043391442, 7.043530451
7.053391457, 7.053536224
7.063391440, 7.063524638
7.073391446, 7.073546909
7.083391441, 7.083553962
7.093391440, 7.093537421
7.103391439, 7.103525950
7.113391449, 7.113558887
7.123391442, 7.123519756
7.133391450, 7.133500736
7.143391438, 7.143575763
7.153391438, 7.153521348
7.163391444, 7.163539827
7.173391457, 7.173538012
7.183391444, 7.183535960
7.193391451, 7.193558649
7.203391450, 7.203560131
7.213391452, 7.213507904
7.223391463, 7.223536025
7.233391432, 7.233518355
7.243391434, 7.243518862
7.253391459, 7.253558200
7.263391464, 7.263540531
7.273391453, 7.273548796
7.283391441, 7.283532146
7.293391432, 7.293584105
7.303391441, 7.303559833
7.313391446, 7.313516215
7.323391444, 7.323529475
7.333391465, 7.333558804
7.343391436, 7.343530448
7.353391467, 7.353536912
7.363391433, 7.363525931
7.373391440, 7.373528853
7.383391438, 7.383532113
7.393391439, 7.393516727
7.403391450, 7.403581304
7.413391449, 7.413523317
7.423391441, 7.423568196
7.433391439, 7.433586545
7.443391449, 7.443540134
7.453391463, 7.453619999
7.463391536, 7.463567145
7.473391443, 7.473529979
7.483391430, 7.483589014
7.493391440, 7.493575327
7.503391450, 7.503518820
7.513391438, 7.513603158
7.523391457, 7.523580741
7.533391432, 7.533588463
7.543391441, 7.543588477
7.553391449, 7.553557322
7.563391450, 7.563550834
7.573391436, 7.573551148
7.583391461, 7.583569261
7.593391440, 7.593587487
7.603391436, 7.603583607
7.613391445, 7.613525949
7.623391442, 7.623583510
7.633391617, 7.633600637
7.643391440, 7.643526083
7.653391442, 7.653576545
7.663391431, 7.663567025
7.673391457, 7.673532401
7.683391536, 7.683573412
7.693391440, 7.693561279
7.703391457, 7.703622921
7.713391449, 7.713500891
7.723391444, 7.723497689
7.733391437, 7.733511775
7.743391441, 7.743518956
7.753391442, 7.753574555
7.763391442, 7.763524034
7.773391442, 7.773501702
7.783391441, 7.783525565
7.793391449, 7.793529972
7.803391441, 7.803550267
7.813391440, 7.813539440
7.823391440, 7.823517036
7.833391442, 7.833533030
7.843391446, 7.843509072
7.853391451, 7.853527261
7.863391534, 7.863557187
7.873391448, 7.873530863
7.883391464, 7.883521845
7.893391442, 7.893522580
7.903391453, 7.903527304
7.913391455, 7.913531433
7.923391443, 7.923554381
7.933391448, 7.933543011
7.943391440, 7.943507212
7.953391432, 7.953513386
7.963391529, 7.963494078
7.973391434, 7.973537946
7.983391441, 7.983548420
7.993391437, 7.993510901
8.003391444, 8.003550180
8.013391434, 8.013527886
8.023391458, 8.023560693
8.033391458, 8.033524242
8.043391442, 8.043525787
8.053391439, 8.053529563
8.063391438, 8.063532803
8.073391459, 8.073521996
8.083391439, 8.083526151
8.093391438, 8.093501669
8.103391434, 8.103530882
8.113391438, 8.113527994
8.123391458, 8.123508290
8.133391454, 8.133534388
8.143391434, 8.143516107
8.153391451, 8.153513541
8.163391466, 8.163527098
8.173391442, 8.173530029
8.183391433, 8.183534619
8.193391444, 8.193597733
8.203391442, 8.203539448
8.213391442, 8.213554736
8.223391434, 8.223529359
8.233391446, 8.233522739
8.243391438, 8.243524196
8.253391443, 8.253540025
8.263391447, 8.263511234
8.273391441, 8.273536818
8.283391450, 8.283515907
8.293391459, 8.293536585
8.303391452, 8.303532927
8.313391456, 8.313540431
8.323391438, 8.323521747
8.333391462, 8.333548362
8.343391447, 8.343544021
8.353391438, 8.353551405
8.363391447, 8.363514898
8.373391459, 8.373543352
8.383391446, 8.383533466
8.393391444, 8.393556386
8.403391446, 8.403516811
8.413391461, 8.413529309
8.423391436, 8.423502063
8.433391443, 8.433581187
8.443391461, 8.443560959
8.453391438, 8.453498590
8.463391436, 8.463529127
8.473391436, 8.473518202
8.483391452, 8.483519499
8.493391453, 8.493517147
8.503391439, 8.503534772
8.513391434, 8.513557023
8.523391449, 8.523508814
8.533391440, 8.533530566
8.543391438, 8.543526904
8.553391450, 8.553503201
8.563391438, 8.563646391
8.573391449, 8.573559837
8.583391436, 8.583522244
8.593391440, 8.593496703
8.603391456, 8.603497680
8.613391479, 8.613552962
8.623391447, 8.623495562
8.633391451, 8.633518775
8.643391441, 8.643509433
8.653391462, 8.653563593
8.663391444, 8.663566566
8.673391431, 8.673578166
8.683391444, 8.683561657
8.693391449, 8.693715998
8.703391436, 8.703529870
8.713391456, 8.713516039
8.723391700, 8.723507834
8.733391438, 8.733570828
8.743391442, 8.743516169
8.753391438, 8.753542632
8.763391436, 8.763508399
8.773391435, 8.773530520
8.783391458, 8.783515883
8.793391435, 8.793517185
8.803391433, 8.803519322
8.813391438, 8.813529463
8.823391462, 8.823521978
8.833391439, 8.833530533
8.843391444, 8.843535599
8.853391450, 8.853540249
8.863391434, 8.863559955
8.873391439, 8.873539663
8.883391442, 8.883524241
8.893391436, 8.893532759
8.903391440, 8.903500012
8.913391449, 8.913565885
8.923391441, 8.923576078
8.933391449, 8.933574576
8.943391436, 8.943527446
8.953391458, 8.953520660
8.963391452, 8.963528839
8.973391449, 8.973517035
8.983391436, 8.983539590
8.993391452, 8.993564360
9.003391441, 9.003518449
9.013391443, 9.013517238
9.023391434, 9.023532475
9.033391440, 9.033524664
9.043391434, 9.043529790
9.053391457, 9.053528260
9.063391442, 9.063495308
9.073391436, 9.073544312
9.083391436, 9.083530357
9.093391451, 9.093503024
9.103391433, 9.103520684
9.113391432, 9.113522172
9.123391526, 9.123524732
9.133391437, 9.133535273
9.143391434, 9.143535039
9.153391446, 9.153600382
9.163391449, 9.163566084
9.173391449, 9.173531095
9.183391441, 9.183539686
9.193391437, 9.193577126
9.203391446, 9.203589510
9.213391440, 9.213519338
9.223391447, 9.223561782
9.233391435, 9.233503186
9.243391468, 9.243524406
9.253391461, 9.253549325
9.263391439, 9.263504590
9.273391435, 9.273570220
9.283391466, 9.283589124
9.293391462, 9.293527542
9.303391450, 9.303532327
9.313391440, 9.313538661
9.323391458, 9.323525544
9.333391443, 9.333506521
9.343391442, 9.343575091
9.353391445, 9.353492639
9.363391446, 9.363540428
9.373391437, 9.373502780
9.383391487, 9.383570334
9.393391434, 9.393553952
9.403391453, 9.403529835
9.413391444, 9.413518959
9.423391457, 9.423613969
9.433391454, 9.433547129
9.443391444, 9.443556084
9.453391437, 9.453499920
9.463391446, 9.463551454
9.473391442, 9.473563664
9.483391447, 9.483547005
9.493391438, 9.493501342
9.503391444, 9.503521881
9.513391449, 9.513556549
9.523391431, 9.523551262
9.533391451, 9.533578271
9.543391534, 9.543505827
9.553391443, 9.553563484
9.563391458, 9.563503178
9.573391451, 9.573494402
9.583391438, 9.583519939
9.593391443, 9.593540165
9.603391439, 9.603510455
9.613391453, 9.613565716
9.623391442, 9.623521765
9.633391442, 9.633489946
9.643391441, 9.643584402
9.653391435, 9.653584313
9.663391434, 9.663581100
9.673391462, 9.673605272
9.683391457, 9.683659194
9.693391453, 9.693611388
9.703391441, 9.703593023
9.713391435, 9.713569252
9.723391436, 9.723576426
9.733391435, 9.733526908
9.743391452, 9.743533298
9.753391454, 9.753578599
9.763391449, 9.763625958
9.773391449, 9.773584410
9.783391443, 9.783595126
9.793391440, 9.793562747
9.803391434, 9.803538745
9.813391433, 9.813567190
9.823391449, 9.823562363
9.833391442, 9.833573918
9.843391444, 9.843622434
9.853391453, 9.853562463
9.863391455, 9.863557374
9.873391461, 9.873550235
9.883391457, 9.883540188
9.893391445, 9.893573246
9.903391442, 9.903577516
9.913391448, 9.913592510
9.923391438, 9.923549638
9.933391432, 9.933551471
9.943391433, 9.943548690
9.953391444, 9.953566025
9.963391449, 9.963573871
9.973391446, 9.973566936
9.983391451, 9.983548953
9.993391532, 9.993558684
10.003391453, 10.003519436
10.013391459, 10.013586895
10.023391434, 10.023580689
10.033391440, 10.033542819
10.043391453, 10.043568309
10.053391437, 10.053572270
10.063391430, 10.063570277
10.073391454, 10.073567532
10.083391436, 10.083570306
10.093391449, 10.093570601
10.103391450, 10.103572766
10.113391437, 10.113567850
10.123391450, 10.123568419
10.133391443, 10.133565210
10.143391442, 10.143563787
10.153391442, 10.153564501
10.163391439, 10.163568272
10.173391459, 10.173567383
10.183391434, 10.183569330
10.193391454, 10.193563742
10.203391444, 10.203561009
10.213391438, 10.213560791
10.223391436, 10.223566752
10.233391453, 10.233541686
10.243391438, 10.243564988
10.253391456, 10.253560122
10.263391446, 10.263564739
10.273391438, 10.273561159
10.283391457, 10.283565152
10.293391449, 10.293563075
10.303391433, 10.303561463
10.313391453, 10.313566227
10.323391438, 10.323565487
10.333391453, 10.333563513
10.343391449, 10.343562850
10.353391438, 10.353567439
10.363391436, 10.363567544
10.373391434, 10.373567141
10.383391450, 10.383567022
10.393391462, 10.393566007
10.403391453, 10.403566650
10.413391448, 10.413563590
10.423391430, 10.423568542
10.433391453, 10.433569687
10.443391444, 10.443564557
10.453391454, 10.453565427
10.463391444, 10.463566944
10.473391456, 10.473532698
10.483391440, 10.483564256
10.493391451, 10.493563197
10.503391436, 10.503565287
10.513391435, 10.513561165
10.523391447, 10.523564879
10.533391437, 10.533561847
10.543391433, 10.543560904
10.553391432, 10.553564975
10.563391434, 10.563562259
10.573391437, 10.573563544
10.583391436, 10.583564398
10.593391432, 10.593562761
10.603391430, 10.603563466
10.613391438, 10.613559692
10.623391439, 10.623562568
10.633391442, 10.633563020
10.643391442, 10.643562844
10.653391445, 10.653563202
10.663391442, 10.663564933
10.673391448, 10.673561509
10.683391446, 10.683561984
10.693391448, 10.693564149
10.703391444, 10.703564462
10.713391449, 10.713562078
10.723391439, 10.723563231
10.733391445, 10.733564207
10.743391452, 10.743564107
10.753391445, 10.753556859
10.763391446, 10.763561835
10.773391440, 10.773563093
10.783391447, 10.783565047
10.793391445, 10.793560167
10.803391447, 10.803563585
10.813391443, 10.813559256
10.823391446, 10.823566202
10.833391442, 10.833562834
10.843391446, 10.843561205
10.853391449, 10.853562054
10.863391444, 10.863562077
10.873391445, 10.873562084
10.883391446, 10.883563542
10.893391443, 10.893562652
10.903391441, 10.903564672
10.913391445, 10.913562597
10.923391441, 10.923568934
10.933391434, 10.933565352
10.943391436, 10.943562801
10.953391434, 10.953564733
10.963391438, 10.963570863
10.973391434, 10.973554273
10.983391453, 10.983565010
10.993391442, 10.993562693
11.003391453, 11.003561998
11.013391449, 11.013570762
11.023391433, 11.023568522
11.033391451, 11.033568931
11.043391439, 11.043570241
11.053391456, 11.053569525
11.063391441, 11.063572548
11.073391435, 11.073657667
11.083391453, 11.083629261
11.093391438, 11.093564198
11.103391446, 11.103624158
11.113391453, 11.113627532
11.123391450, 11.123633237
11.133391453, 11.133624557
11.143391436, 11.143689352
11.153391465, 11.153684260
11.163391442, 11.163688264
11.173391461, 11.173690496
11.183391441, 11.183695238
11.193391456, 11.193691151
11.203391439, 11.203695038
11.213391461, 11.213689525
11.223391446, 11.223692662
11.233391457, 11.233690082
11.243391446, 11.243688432
11.253391456, 11.253687937
11.263391441, 11.263688032
11.273391459, 11.273695439
11.283391447, 11.283694668
11.293391465, 11.293688008
11.303391466, 11.303697895
11.313391437, 11.313687512
11.323391446, 11.323689582
11.333391464, 11.333689997
11.343391449, 11.343689544
11.353391461, 11.353688444
11.363391461, 11.363694756
11.373391459, 11.373687716
11.383391442, 11.383687501
11.393391459, 11.393689248
11.403391446, 11.403688553
11.413391456, 11.413691467
11.423391460, 11.423691362
11.433391438, 11.433693542
11.443391444, 11.443695134
11.453391465, 11.453695116
11.463391442, 11.463691386
11.473391459, 11.473708773
11.483391460, 11.483696275
11.493391459, 11.493688400
11.503391446, 11.503690040
11.513391459, 11.513690905
11.523391447, 11.523694872
11.533391465, 11.533688522
11.543391466, 11.543696069
11.553391442, 11.553688954
11.563391441, 11.563688046
11.573391465, 11.573689078
11.583391442, 11.583687953
11.593391457, 11.593690750
11.603391446, 11.603695250
11.613391442, 11.613688195
11.623391446, 11.623692049
11.633391465, 11.633685817
11.643391442, 11.643690304
11.653391464, 11.653688243
11.663391461, 11.663690478
11.673391459, 11.673691018
11.683391441, 11.683696530
11.693391464, 11.693695932
11.703391444, 11.703698462
11.713391462, 11.713677690
11.723391460, 11.723685347
11.733391457, 11.733688179
11.743391441, 11.743688364
11.753391457, 11.753633223
11.763391450, 11.763635980
11.773391464, 11.773632422
11.783391464, 11.783639962
11.793391446, 11.793633744
11.803391441, 11.803633337
11.813391465, 11.813631776
11.823391447, 11.823630591
11.833391464, 11.833575331
11.843391453, 11.843572650
11.853391464, 11.853579873
11.863391434, 11.863570759
11.873391438, 11.873569149
11.883391438, 11.883569544
11.893391449, 11.893568576
11.903391453, 11.903570866
11.913391454, 11.913571706
11.923391446, 11.923569987
11.933391451, 11.933571437
11.943391446, 11.943571335
11.953391448, 11.953569917
11.963391444, 11.963573419
11.973391437, 11.973546395
11.983391438, 11.983568714
11.993391462, 11.993545834
12.003391442, 12.003571756
12.013391448, 12.013571138
12.023391441, 12.023570096
12.033391438, 12.033570375
12.043391438, 12.043563537
------------------------------
