------------------------------
test was performed using the following parameters: --mps=100 --burst=1 --reply-every=1 --msg-size=12 --time=10
------------------------------
sockperf: [Total Run] RunTime=10.100 sec; SentMessages=1011; ReceivedMessages=1010
sockperf: ========= Printing statistics for Server No: 0
sockperf: [Valid Duration] RunTime=9.990 sec; SentMessages=1000; ReceivedMessages=1000
sockperf: [2;35m====> avg-lat= 70.354 (std-dev=19.289)[0m
sockperf: # dropped messages = 0; # duplicated messages = 0; # out-of-order messages = 0
sockperf: [2;35mTotal 1000 observations[0m; each percentile contains 10.00 observations
sockperf: ---> <MAX> observation =  149.746
sockperf: ---> percentile  99.99 =  149.746
sockperf: ---> percentile  99.90 =  140.621
sockperf: ---> percentile  99.50 =  131.963
sockperf: ---> percentile  99.00 =  130.827
sockperf: ---> percentile  95.00 =  101.356
sockperf: ---> percentile  90.00 =   89.799
sockperf: ---> percentile  75.00 =   81.581
sockperf: ---> percentile  50.00 =   70.849
sockperf: ---> percentile  25.00 =   56.203
sockperf: ---> <MIN> observation =   25.454
------------------------------
txTime, rxTime
2.062829594, 2.062945701
2.072829567, 2.072970371
2.082829692, 2.082952311
2.092829505, 2.092932170
2.102829518, 2.102946266
2.112829554, 2.112944635
2.122829518, 2.122935711
2.132829510, 2.132933881
2.142829489, 2.142942696
2.152829633, 2.152949405
2.162829488, 2.162930693
2.172829568, 2.172942064
2.182829796, 2.182980839
2.192829553, 2.192974905
2.202829494, 2.202963133
2.212829532, 2.212945928
2.222829499, 2.222973311
2.232829505, 2.232961916
2.242829736, 2.242989123
2.252829510, 2.252959415
2.262829505, 2.262981031
2.272829493, 2.272965700
2.282829509, 2.282989351
2.292829507, 2.292967186
2.302829497, 2.302969637
2.312829494, 2.312949599
2.322829493, 2.322943556
2.332829504, 2.332948227
2.342829532, 2.342951312
2.352829505, 2.352966210
2.362829582, 2.362945758
2.372829577, 2.372974474
2.382829566, 2.382982359
2.392829589, 2.392941475
2.402829504, 2.402975779
2.412829662, 2.412941700
2.422829535, 2.422958475
2.432829493, 2.432957301
2.442829493, 2.442966258
2.452829530, 2.452957520
2.462829497, 2.462981142
2.472829505, 2.472949888
2.482829530, 2.482992693
2.492829526, 2.492990718
2.502829483, 2.502966636
2.512829507, 2.512987253
2.522829500, 2.522966426
2.532829510, 2.532956304
2.542829497, 2.542942718
2.552829546, 2.552950028
2.562829518, 2.562950357
2.572829510, 2.572948838
2.582829505, 2.582946318
2.592829529, 2.592970537
2.602829485, 2.602982538
2.612829557, 2.612982358
2.622829491, 2.622960501
2.632829504, 2.632961550
2.642829506, 2.642937450
2.652829506, 2.652945258
2.662829538, 2.662967286
2.672829485, 2.672979107
2.682829502, 2.682972299
2.692829580, 2.692943458
2.702829484, 2.702979395
2.712829522, 2.712954988
2.722829485, 2.722936113
2.732829531, 2.732964463
2.742829500, 2.742953474
2.752829572, 2.752956763
2.762829498, 2.762943385
2.772829547, 2.772966339
2.782829490, 2.782934141
2.792829509, 2.792957701
2.802829500, 2.802950626
2.812829509, 2.812962744
2.822829490, 2.822959359
2.832829493, 2.832920417
2.842829527, 2.842974699
2.852829495, 2.852977412
2.862829501, 2.862966765
2.872829538, 2.872965363
2.882829485, 2.882977275
2.892829495, 2.892960704
2.902829533, 2.902954430
2.912829528, 2.912946546
2.922829506, 2.922935576
2.932829500, 2.932926262
2.942829503, 2.942932805
2.952829485, 2.952988661
2.962829716, 2.963008099
2.972829503, 2.973001525
2.982829707, 2.982992355
2.992829763, 2.993008140
3.002829490, 3.002984646
3.012829504, 3.012999079
3.022829571, 3.022980786
3.032829531, 3.033000904
3.042829487, 3.042979709
3.052829643, 3.052997251
3.062829485, 3.063034243
3.072829492, 3.073013897
3.082829604, 3.082993297
3.092829588, 3.092987381
3.102829497, 3.102995591
3.112829508, 3.112968974
3.122829506, 3.122933198
3.132829501, 3.132996052
3.142829489, 3.142951393
3.152829514, 3.152956548
3.162829534, 3.162939241
3.172829528, 3.172933891
3.182829588, 3.182921383
3.192829492, 3.192953602
3.202829492, 3.202960789
3.212829487, 3.212939848
3.222829492, 3.222952487
3.232829572, 3.232954502
3.242829714, 3.242949159
3.252829536, 3.252990665
3.262829481, 3.262924838
3.272829564, 3.272940077
3.282829525, 3.282973924
3.292829523, 3.292981721
3.302829495, 3.302970160
3.312829492, 3.312974693
3.322829504, 3.322947487
3.332829492, 3.332950381
3.342829493, 3.343010359
3.352829602, 3.352995430
3.362829501, 3.362964260
3.372829492, 3.372937594
3.382829498, 3.382937163
3.392829508, 3.392953850
3.402829547, 3.402958944
3.412829509, 3.412956195
3.422829485, 3.422963124
3.432829533, 3.432953376
3.442829590, 3.442937594
3.452829493, 3.452998848
3.462829506, 3.462969436
3.472829617, 3.472943166
3.482829588, 3.482956490
3.492829495, 3.492941838
3.502829582, 3.502939285
3.512829511, 3.512986258
3.522829588, 3.522955481
3.532829508, 3.532951360
3.542829598, 3.542947149
3.552829490, 3.552975574
3.562829514, 3.562959384
3.572829492, 3.572941050
3.582829541, 3.582948101
3.592829522, 3.592953488
3.602829545, 3.602944194
3.612829523, 3.612945716
3.622829534, 3.622974333
3.632829503, 3.632941418
3.642829520, 3.642985796
3.652829635, 3.652974344
3.662829506, 3.662955893
3.672829515, 3.672952754
3.682829553, 3.682981092
3.692829670, 3.692936940
3.702829492, 3.702974155
3.712829512, 3.712969601
3.722829508, 3.723004094
3.732829588, 3.732965809
3.742829536, 3.742953853
3.752829504, 3.752955541
3.762829523, 3.762961452
3.772829602, 3.772953612
3.782829506, 3.782958483
3.792829509, 3.792945703
3.802829602, 3.802969791
3.812829536, 3.812956116
3.822829545, 3.822986371
3.832829583, 3.832959125
3.842829550, 3.843007032
3.852829492, 3.852984430
3.862829500, 3.862953962
3.872829530, 3.872940317
3.882829492, 3.882972202
3.892829511, 3.892982785
3.902829489, 3.902953195
3.912829566, 3.912991211
3.922829492, 3.922979010
3.932829617, 3.932941288
3.942829503, 3.942940564
3.952829533, 3.952941612
3.962829487, 3.962983349
3.972829563, 3.972977521
3.982829521, 3.982946408
3.992829506, 3.992969320
4.002829506, 4.002946516
4.012829550, 4.012949871
4.022829542, 4.022959663
4.032829553, 4.032930016
4.042829567, 4.042977295
4.052829585, 4.052970119
4.062829550, 4.062978259
4.072829501, 4.072912810
4.082829502, 4.082992575
4.092829580, 4.092965131
4.102829491, 4.102928706
4.112838013, 4.112996766
4.122829507, 4.122993043
4.132833732, 4.132974064
4.142829545, 4.142973985
4.152834383, 4.152993309
4.162829551, 4.162975493
4.172834594, 4.173005282
4.182829799, 4.182967202
4.192835513, 4.192997817
4.202829556, 4.202975976
4.212829502, 4.213026052
4.222829487, 4.222913888
4.232832487, 4.232983684
4.242829506, 4.242972741
4.252829562, 4.252962058
4.262829562, 4.262921340
4.272829589, 4.272909938
4.282829506, 4.282937750
4.292829507, 4.292940158
4.302829550, 4.302898615
4.312832997, 4.312936030
4.322829491, 4.322949061
4.332829621, 4.332990974
4.342829490, 4.342919294
4.352829506, 4.353046384
4.362829588, 4.362949208
4.372837256, 4.373014669
4.382829532, 4.382961523
4.392850356, 4.393003402
4.402829495, 4.402968229
4.412829510, 4.412938081
4.422840193, 4.423025205
4.432829510, 4.432922968
4.442829480, 4.442950299
4.452829507, 4.452977729
4.462829559, 4.462964995
4.472829509, 4.472977137
4.482829585, 4.482912135
4.492829504, 4.492959633
4.502841090, 4.502997474
4.512829509, 4.512965365
4.522829483, 4.522902447
4.532829504, 4.533028129
4.542837117, 4.543005661
4.552829510, 4.552947065
4.562829638, 4.562974558
4.572829569, 4.572986073
4.582829570, 4.582996988
4.592834301, 4.592983568
4.602829551, 4.602981160
4.612839091, 4.612990602
4.622829654, 4.622995496
4.632829575, 4.632937022
4.642829548, 4.642975989
4.652829578, 4.652977034
4.662829564, 4.662999495
4.672829509, 4.672969520
4.682829551, 4.682999841
4.692829488, 4.693007805
4.702829507, 4.702969970
4.712829488, 4.712976275
4.722835703, 4.722958736
4.732829588, 4.732946933
4.742829588, 4.742965691
4.752830968, 4.752967757
4.762837335, 4.763049439
4.772829559, 4.773060966
4.782829583, 4.783023656
4.792829488, 4.793009918
4.802834138, 4.802996325
4.812835373, 4.812998665
4.822829504, 4.822992220
4.832829583, 4.832999025
4.842829585, 4.842916517
4.852829485, 4.852913725
4.862829490, 4.862922728
4.872829490, 4.872953703
4.882831763, 4.883001715
4.892831628, 4.892990373
4.902829989, 4.902994028
4.912829483, 4.913018054
4.922829588, 4.922980402
4.932830511, 4.932964757
4.942835054, 4.942939248
4.952838782, 4.952959423
4.962829498, 4.962955893
4.972829498, 4.972928164
4.982829558, 4.982971660
4.992829547, 4.992890530
5.002837297, 5.002932876
5.012829485, 5.012949468
5.022829498, 5.022909044
5.032829559, 5.032932879
5.042829556, 5.042914699
5.052829490, 5.052911562
5.062829550, 5.062937030
5.072835062, 5.072999908
5.082829499, 5.082957009
5.092829504, 5.092965132
5.102829580, 5.103017561
5.112836366, 5.112990139
5.122833693, 5.122999126
5.132830139, 5.132984673
5.142829507, 5.143000408
5.152829588, 5.152939234
5.162829556, 5.162944319
5.172832562, 5.172985997
5.182831868, 5.182939542
5.192829553, 5.192897131
5.202836399, 5.202932498
5.212829553, 5.212914895
5.222829553, 5.222895705
5.232829490, 5.232899266
5.242829539, 5.242936176
5.252829550, 5.252933591
5.262829553, 5.262955800
5.272829486, 5.272978189
5.282829485, 5.282973461
5.292829504, 5.292924374
5.302829552, 5.302949979
5.312831611, 5.312938360
5.322829563, 5.322977698
5.332829569, 5.332926657
5.342829506, 5.342913441
5.352829501, 5.352917123
5.362829508, 5.362936961
5.372829500, 5.372921898
5.382829495, 5.382921132
5.392829492, 5.392918939
5.402834854, 5.402950976
5.412829571, 5.412928490
5.422829489, 5.422920700
5.432850535, 5.432979914
5.442829572, 5.442930631
5.452829497, 5.452942270
5.462829569, 5.462919585
5.472829504, 5.472945643
5.482837539, 5.482952358
5.492829497, 5.493018018
5.502845533, 5.502955562
5.512829492, 5.512936864
5.522829501, 5.522931112
5.532829504, 5.532892602
5.542829509, 5.542952658
5.552829506, 5.552916452
5.562829503, 5.562914834
5.572829500, 5.572897330
5.582837241, 5.582936643
5.592830046, 5.592957090
5.602829493, 5.602917103
5.612829501, 5.612900368
5.622829498, 5.622896745
5.632836410, 5.632928131
5.642829489, 5.642934989
5.652829512, 5.652931663
5.662829591, 5.662892512
5.672835698, 5.672931776
5.682829509, 5.682913685
5.692830396, 5.692957625
5.702837236, 5.703009050
5.712836133, 5.712929723
5.722829553, 5.722969887
5.732829503, 5.732944629
5.742829569, 5.742942409
5.752829585, 5.752921181
5.762832160, 5.762935101
5.772832110, 5.772934753
5.782829493, 5.782927348
5.792836559, 5.792954845
5.802829495, 5.802951198
5.812835079, 5.812917373
5.822837465, 5.823015214
5.832829512, 5.832990291
5.842831495, 5.842931155
5.852829509, 5.852937017
5.862829492, 5.862979591
5.872831426, 5.872931826
5.882829511, 5.882997023
5.892829489, 5.892904229
5.902829566, 5.903015863
5.912838362, 5.912994099
5.922829568, 5.923043722
5.932829574, 5.932974003
5.942829553, 5.943028849
5.952829506, 5.952994649
5.962829511, 5.963052926
5.972829591, 5.972889052
5.982829478, 5.982979417
5.992829473, 5.992940717
6.002829479, 6.002941442
6.012829470, 6.012937491
6.022829478, 6.022915273
6.032829490, 6.032998255
6.042829563, 6.043024690
6.052829564, 6.052979390
6.062829564, 6.062979303
6.072829587, 6.073034239
6.082829484, 6.083021307
6.092829547, 6.093022240
6.102829572, 6.102974433
6.112829508, 6.112975838
6.122829583, 6.123012084
6.132829569, 6.132999897
6.142829569, 6.142997704
6.152829547, 6.153000805
6.162829495, 6.162989915
6.172829506, 6.172992457
6.182830595, 6.182987192
6.192829489, 6.192963554
6.202829493, 6.202990057
6.212832989, 6.212987970
6.222829493, 6.222967665
6.232829503, 6.232942645
6.242829566, 6.242917472
6.252829503, 6.253000084
6.262829480, 6.262965297
6.272829504, 6.272969607
6.282829502, 6.282960061
6.292829495, 6.292952621
6.302829487, 6.302960372
6.312829483, 6.313041983
6.322829499, 6.322996385
6.332829479, 6.333020715
6.342829471, 6.342979146
6.352829499, 6.352975216
6.362829498, 6.362914307
6.372829501, 6.372982210
6.382829583, 6.382999302
6.392829508, 6.392977407
6.402829509, 6.402947364
6.412833398, 6.412975674
6.422829481, 6.423004296
6.432829500, 6.432941719
6.442829495, 6.442956580
6.452829490, 6.452909981
6.462829615, 6.462949243
6.472829492, 6.472951611
6.482829511, 6.482990316
6.492829489, 6.492943516
6.502829485, 6.502927961
6.512829509, 6.513004013
6.522838000, 6.523011548
6.532829489, 6.532975096
6.542832637, 6.542992028
6.552829495, 6.552957791
6.562833234, 6.562931610
6.572829497, 6.572913359
6.582829504, 6.582926946
6.592829497, 6.592954478
6.602829512, 6.602955637
6.612829587, 6.612909903
6.622829506, 6.622910761
6.632829561, 6.632908705
6.642831405, 6.642922045
6.652829511, 6.652918282
6.662829582, 6.662938001
6.672829571, 6.672949874
6.682829512, 6.682946974
6.692829498, 6.692993910
6.702829587, 6.702998290
6.712829508, 6.712989132
6.722831429, 6.722987858
6.732829588, 6.732965850
6.742829553, 6.742924192
6.752829571, 6.752949491
6.762829552, 6.762955928
6.772829485, 6.772936822
6.782837923, 6.782982677
6.792829553, 6.792996651
6.802829485, 6.802955304
6.812829564, 6.812936741
6.822831720, 6.822955988
6.832829489, 6.832973416
6.842829569, 6.842971478
6.852829579, 6.852985115
6.862829509, 6.862970965
6.872829506, 6.872960005
6.882837274, 6.882992223
6.892836205, 6.892955802
6.902829587, 6.902936800
6.912833799, 6.912965978
6.922829545, 6.922937720
6.932831232, 6.932922326
6.942829484, 6.942919165
6.952829508, 6.952924082
6.962829564, 6.962941472
6.972829571, 6.972974000
6.982829613, 6.982992951
6.992829585, 6.992973283
7.002829550, 7.003008208
7.012829571, 7.012988878
7.022829553, 7.023006718
7.032829575, 7.032993344
7.042834694, 7.042997863
7.052829577, 7.053002622
7.062842309, 7.063006231
7.072829508, 7.072992692
7.082829536, 7.082990348
7.092829503, 7.093003285
7.102840004, 7.103015379
7.112829564, 7.113019308
7.122829547, 7.122997031
7.132829568, 7.133019151
7.142829563, 7.143026244
7.152829590, 7.152968317
7.162829493, 7.162997461
7.172831859, 7.172994225
7.182833494, 7.182966732
7.192829498, 7.193012522
7.202829508, 7.203045423
7.212829566, 7.213015428
7.222829504, 7.222911547
7.232829504, 7.232969672
7.242832828, 7.242971658
7.252829500, 7.252911512
7.262830428, 7.262969762
7.272829499, 7.273003228
7.282829480, 7.282984891
7.292829496, 7.292957642
7.302829479, 7.302965183
7.312829487, 7.312931828
7.322829545, 7.322911826
7.332829476, 7.332918531
7.342829471, 7.342912467
7.352829489, 7.352938773
7.362829509, 7.362948338
7.372829492, 7.372912000
7.382829588, 7.382917002
7.392829504, 7.392888604
7.402829568, 7.402954894
7.412832741, 7.413002076
7.422832801, 7.423010374
7.432834851, 7.432963608
7.442829572, 7.442962029
7.452831296, 7.452963175
7.462829533, 7.462971232
7.472829487, 7.472938173
7.482829539, 7.482953864
7.492829503, 7.492982930
7.502829582, 7.502972472
7.512829493, 7.512975148
7.522829555, 7.523000214
7.532830790, 7.532990326
7.542843369, 7.542990196
7.552829508, 7.552969240
7.562829568, 7.562983315
7.572829501, 7.572967984
7.582829514, 7.582970346
7.592829509, 7.592952019
7.602829498, 7.603013392
7.612830073, 7.612947525
7.622829509, 7.623007678
7.632830270, 7.632985231
7.642829553, 7.642970283
7.652829489, 7.652944321
7.662838488, 7.663024057
7.672829482, 7.672942327
7.682829506, 7.682956814
7.692829504, 7.692955138
7.702835239, 7.702958680
7.712829500, 7.712964670
7.722829572, 7.722966266
7.732829558, 7.732940111
7.742829503, 7.742963982
7.752829528, 7.752975700
7.762829506, 7.762947868
7.772829768, 7.772901835
7.782833984, 7.782921953
7.792830166, 7.792956067
7.802829566, 7.802915819
7.812829583, 7.812948158
7.822829555, 7.822991341
7.832829508, 7.832965084
7.842829549, 7.842913566
7.852829512, 7.852933050
7.862831060, 7.862944069
7.872840156, 7.872938390
7.882836068, 7.882967272
7.892829511, 7.892895497
7.902833649, 7.902939424
7.912829514, 7.912899332
7.922829571, 7.922920275
7.932829539, 7.932898079
7.942833188, 7.942953698
7.952829555, 7.952926032
7.962829489, 7.962909733
7.972834203, 7.972933522
7.982829484, 7.982993550
7.992829588, 7.992969322
8.002834407, 8.003086933
8.012829585, 8.013034195
8.022829504, 8.023055572
8.032829509, 8.033086832
8.042829495, 8.043036311
8.052829569, 8.053041996
8.062829561, 8.063052891
8.072834170, 8.073051078
8.082829569, 8.083062786
8.092829503, 8.093070799
8.102834587, 8.103051814
8.112829511, 8.113093438
8.122829504, 8.123051606
8.132836276, 8.133094239
8.142829580, 8.143052005
8.152838168, 8.153070751
8.162832489, 8.163081927
8.172829531, 8.173024461
8.182829489, 8.183051309
8.192829484, 8.193031228
8.202829497, 8.203036330
8.212829572, 8.212905766
8.222829500, 8.223092147
8.232829503, 8.232976531
8.242832324, 8.243035038
8.252829487, 8.252939668
8.262829492, 8.263128984
8.272829549, 8.272911439
8.282829492, 8.282941898
8.292829490, 8.292949537
8.302829558, 8.302955704
8.312829490, 8.312929924
8.322829493, 8.322947876
8.332829945, 8.332928507
8.342829504, 8.342956567
8.352829501, 8.352945845
8.362829547, 8.362897847
8.372829503, 8.372913085
8.382829504, 8.382949145
8.392829501, 8.392960132
8.402829480, 8.402947421
8.412829500, 8.412966567
8.422829567, 8.422939035
8.432836202, 8.432973526
8.442829570, 8.442900306
8.452836197, 8.452943761
8.462829509, 8.462942210
8.472829491, 8.472943612
8.482829502, 8.482910915
8.492836536, 8.492933526
8.502829504, 8.502919373
8.512833118, 8.512933084
8.522833789, 8.522934822
8.532830459, 8.532949882
8.542829645, 8.542984297
8.552829493, 8.552951679
8.562829507, 8.562901790
8.572832273, 8.572950395
8.582829502, 8.582937996
8.592829495, 8.592948717
8.602829575, 8.602907831
8.612829488, 8.612927624
8.622833327, 8.622948704
8.632829585, 8.632907743
8.642829566, 8.642999794
8.652829509, 8.652908010
8.662839197, 8.662971612
8.672829583, 8.672956169
8.682830955, 8.683017897
8.692829509, 8.693008238
8.702829504, 8.702985705
8.712829483, 8.713071011
8.722829485, 8.722972550
8.732829562, 8.732981065
8.742829483, 8.742940574
8.752829504, 8.752995365
8.762829537, 8.763003956
8.772829509, 8.772949716
8.782829496, 8.782927083
8.792830164, 8.792959188
8.802829512, 8.802892833
8.812829504, 8.812914963
8.822829495, 8.822904992
8.832829570, 8.832926230
8.842829504, 8.842928298
8.852836821, 8.852938425
8.862829501, 8.862924448
8.872829499, 8.872954243
8.882829504, 8.882925138
8.892829506, 8.892907381
8.902829504, 8.902936447
8.912829507, 8.912927659
8.922829498, 8.922935762
8.932840231, 8.933008727
8.942834757, 8.943028860
8.952829490, 8.952979966
8.962829499, 8.962975954
8.972831909, 8.972984008
8.982829498, 8.982988737
8.992829567, 8.992990887
9.002829487, 9.003013909
9.012829509, 9.012966263
9.022829502, 9.022986354
9.032829496, 9.032946123
9.042829479, 9.042963596
9.052829531, 9.052985980
9.062829498, 9.062965608
9.072829504, 9.072925300
9.082829570, 9.082941695
9.092829504, 9.092907077
9.102829513, 9.102952907
9.112829509, 9.112912484
9.122829976, 9.122963929
9.132836199, 9.132933212
9.142829555, 9.142901424
9.152829487, 9.152958308
9.162829499, 9.162918989
9.172829512, 9.172927902
9.182829566, 9.182914782
9.192829507, 9.192930987
9.202829490, 9.202968045
9.212837465, 9.212989811
9.222829502, 9.222980449
9.232829490, 9.232947474
9.242829490, 9.242984389
9.252832026, 9.252922622
9.262829534, 9.262905804
9.272829499, 9.272906691
9.282829482, 9.282966561
9.292829502, 9.292917264
9.302829483, 9.302895030
9.312829488, 9.313009236
9.322829555, 9.322919207
9.332835409, 9.332973246
9.342837016, 9.342930998
9.352834792, 9.352954543
9.362829483, 9.362940374
9.372829495, 9.372965687
9.382829491, 9.382937936
9.392829491, 9.392927484
9.402829520, 9.402924192
9.412829493, 9.412928750
9.422829472, 9.422913956
9.432829477, 9.432906424
9.442829483, 9.442906387
9.452829476, 9.452923711
9.462829481, 9.462975110
9.472829515, 9.472938332
9.482829501, 9.482930598
9.492829502, 9.492882440
9.502829575, 9.503081554
9.512829483, 9.513020435
9.522829479, 9.523032383
9.532829573, 9.533012714
9.542829472, 9.543014481
9.552829489, 9.553014506
9.562829485, 9.563009015
9.572829511, 9.572998170
9.582841285, 9.583015285
9.592829503, 9.593051697
9.602829497, 9.603017340
9.612829503, 9.612986273
9.622838855, 9.623038335
9.632834876, 9.633019254
9.642830984, 9.642964547
9.652839969, 9.652934220
9.662829503, 9.662901339
9.672834258, 9.672933842
9.682831161, 9.682932878
9.692833070, 9.692921655
9.702830709, 9.702932180
9.712834895, 9.712941145
9.722829497, 9.722880406
9.732829639, 9.732926688
9.742835826, 9.742958243
9.752829487, 9.752925902
9.762832957, 9.762931427
9.772829493, 9.772906251
9.782829490, 9.782925713
9.792836082, 9.792966562
9.802829497, 9.802931245
9.812831794, 9.812951376
9.822829583, 9.822955004
9.832835485, 9.832943523
9.842829509, 9.842923756
9.852829501, 9.852920575
9.862830610, 9.862928389
9.872829564, 9.872923829
9.882829585, 9.882907303
9.892829585, 9.892907999
9.902833831, 9.903115074
9.912829508, 9.912944950
9.922829500, 9.922908522
9.932829482, 9.932980369
9.942829471, 9.942983134
9.952829478, 9.952983685
9.962829478, 9.962982996
9.972829478, 9.972987447
9.982829467, 9.982984771
9.992829481, 9.992980098
10.002829478, 10.002979580
10.012829478, 10.012991676
10.022829474, 10.022994319
10.032829478, 10.032985661
10.042829474, 10.042992666
10.052829478, 10.052995337
10.062829482, 10.062993138
10.072829479, 10.072994278
10.082829479, 10.082990770
10.092829473, 10.092993828
10.102829468, 10.102988753
10.112829476, 10.112990373
10.122829476, 10.122991681
10.132829479, 10.133000284
10.142829476, 10.142990488
10.152829473, 10.152992021
10.162829471, 10.162987546
10.172829471, 10.172990560
10.182829478, 10.182987861
10.192829479, 10.192984568
10.202829473, 10.202989133
10.212829476, 10.212991835
10.222829465, 10.222993553
10.232829478, 10.232989446
10.242829473, 10.242989811
10.252829471, 10.252987728
10.262829471, 10.262999336
10.272829478, 10.272987301
10.282829465, 10.282991366
10.292829478, 10.292985918
10.302829470, 10.302991069
10.312829481, 10.312988871
10.322829476, 10.322990091
10.332829473, 10.332995571
10.342829474, 10.342989221
10.352829470, 10.352990796
10.362829476, 10.362992171
10.372829479, 10.372996678
10.382829478, 10.382989351
10.392829471, 10.392991543
10.402829504, 10.402986931
10.412829471, 10.412985093
10.422829474, 10.422993088
10.432829471, 10.432988203
10.442829476, 10.442983743
10.452829473, 10.453015767
10.462829474, 10.462992208
10.472829476, 10.472989521
10.482829474, 10.482990011
10.492829471, 10.492987513
10.502829471, 10.502992045
10.512829471, 10.512987928
10.522829474, 10.522986096
10.532829471, 10.532990860
10.542829470, 10.542990643
10.552829478, 10.552988953
10.562829473, 10.562991822
10.572829476, 10.572987938
10.582829470, 10.582994023
10.592829476, 10.592990776
10.602829471, 10.602997303
10.612829476, 10.612991106
10.622829473, 10.622990596
10.632829468, 10.632991458
10.642829501, 10.642988968
10.652829471, 10.652989803
10.662829478, 10.662991668
10.672829474, 10.672987391
10.682829474, 10.682988553
10.692829471, 10.692992926
10.702829476, 10.702989248
10.712829473, 10.712992103
10.722829476, 10.722991513
10.732829476, 10.732990290
10.742829479, 10.742987828
10.752829478, 10.752991301
10.762829470, 10.762975297
10.772829470, 10.772991526
10.782829471, 10.782991831
10.792829479, 10.792989421
10.802829479, 10.803024782
10.812829479, 10.812981376
10.822829474, 10.822989923
10.832829474, 10.832986433
10.842829476, 10.842984393
10.852829473, 10.852995105
10.862829484, 10.862986016
10.872829471, 10.872989431
10.882829467, 10.882988271
10.892829470, 10.892991008
10.902829476, 10.902990203
10.912829470, 10.912988296
10.922829473, 10.922990800
10.932829473, 10.932989066
10.942829468, 10.942988736
10.952829484, 10.952987296
10.962829471, 10.962991638
10.972829478, 10.972985451
10.982829478, 10.982994437
10.992829470, 10.992990121
11.002829470, 11.002985661
11.012829470, 11.012991175
11.022829479, 11.022988726
11.032829478, 11.032991466
11.042829473, 11.042986731
11.052829473, 11.052993106
11.062829470, 11.062992396
11.072829474, 11.072991126
11.082829478, 11.082981644
11.092829475, 11.092993734
11.102829473, 11.102988736
11.112829470, 11.112981336
11.122829474, 11.122986713
11.132829474, 11.132987973
11.142829478, 11.142996433
11.152829473, 11.152988446
11.162829473, 11.162989216
11.172829478, 11.172975133
11.182829467, 11.182980991
11.192829471, 11.192987791
11.202829474, 11.202986368
11.212829473, 11.212980238
11.222829474, 11.223065784
11.232829485, 11.233081150
11.242829479, 11.243091135
11.252829500, 11.253095444
11.262829485, 11.263093452
11.272829478, 11.273104526
11.282829481, 11.283087660
11.292829478, 11.293091227
11.302829479, 11.303091847
11.312829498, 11.313085512
11.322829479, 11.323054319
11.332829501, 11.333091737
11.342829478, 11.343051071
11.352829493, 11.353088955
11.362829479, 11.363049376
11.372829497, 11.373011806
11.382829473, 11.383006326
11.392829474, 11.393003438
11.402829479, 11.403003231
11.412829478, 11.413005115
11.422829473, 11.423002745
11.432829473, 11.433000775
11.442829470, 11.443001490
11.452829517, 11.453003156
11.462829476, 11.463001934
11.472829471, 11.473003730
11.482829476, 11.483000408
11.492829478, 11.493005282
11.502829478, 11.503006685
11.512829471, 11.513000703
11.522829476, 11.523001457
11.532829471, 11.533003375
11.542829467, 11.542999914
11.552829473, 11.553005901
11.562829476, 11.563003441
11.572829471, 11.573005292
11.582829476, 11.583001808
11.592829471, 11.593004550
11.602829511, 11.603002647
11.612829471, 11.613008406
11.622829473, 11.623001814
11.632829473, 11.633000132
11.642829471, 11.643003399
11.652829470, 11.653008087
11.662829479, 11.663008379
11.672829471, 11.673008290
11.682829474, 11.683006242
11.692829471, 11.693010217
11.702829481, 11.703008432
11.712829476, 11.713010505
11.722829470, 11.723007975
11.732829478, 11.733003396
11.742829471, 11.743010262
11.752829473, 11.752988111
11.762829506, 11.763008317
11.772829479, 11.773011440
11.782829471, 11.783002530
11.792829476, 11.793008222
11.802829476, 11.803007209
11.812829476, 11.813010333
11.822829474, 11.823001965
11.832829473, 11.833008140
11.842829470, 11.843006038
11.852829470, 11.853004665
11.862829474, 11.863008860
11.872829471, 11.873007695
11.882829471, 11.883006893
11.892829474, 11.893004675
11.902829470, 11.903004750
11.912829485, 11.913007703
11.922829473, 11.923000901
11.932829479, 11.933009628
11.942829478, 11.943002745
11.952829476, 11.953008417
11.962829470, 11.963002310
11.972829474, 11.973010355
11.982829479, 11.983009077
11.992829479, 11.993008515
12.002829476, 12.003005558
12.012829476, 12.013006308
12.022829468, 12.023008707
12.032829471, 12.033009532
12.042829473, 12.043003514
12.052829470, 12.053012195
------------------------------
