------------------------------
test was performed using the following parameters: --mps=100 --burst=1 --reply-every=1 --msg-size=12 --time=10
------------------------------
sockperf: [Total Run] RunTime=10.100 sec; SentMessages=1011; ReceivedMessages=1010
sockperf: ========= Printing statistics for Server No: 0
sockperf: [Valid Duration] RunTime=9.980 sec; SentMessages=999; ReceivedMessages=999
sockperf: [2;35m====> avg-lat= 73.614 (std-dev=10.204)[0m
sockperf: # dropped messages = 0; # duplicated messages = 0; # out-of-order messages = 0
sockperf: [2;35mTotal 999 observations[0m; each percentile contains 9.99 observations
sockperf: ---> <MAX> observation =  103.625
sockperf: ---> percentile  99.99 =  103.625
sockperf: ---> percentile  99.90 =  100.631
sockperf: ---> percentile  99.50 =   90.625
sockperf: ---> percentile  99.00 =   88.219
sockperf: ---> percentile  95.00 =   83.483
sockperf: ---> percentile  90.00 =   82.187
sockperf: ---> percentile  75.00 =   80.359
sockperf: ---> percentile  50.00 =   76.994
sockperf: ---> percentile  25.00 =   67.793
sockperf: ---> <MIN> observation =   28.004
------------------------------
txTime, rxTime
2.063874171, 2.063999820
2.073874156, 2.074005264
2.083874171, 2.083996809
2.093874172, 2.094009035
2.103874152, 2.103989222
2.113874157, 2.114021902
2.123874165, 2.124027796
2.133874157, 2.134023039
2.143874160, 2.144031398
2.153874164, 2.154031563
2.163874165, 2.164035074
2.173874165, 2.174041133
2.183874171, 2.184034653
2.193874164, 2.194038116
2.203874165, 2.204035145
2.213874175, 2.214038647
2.223874165, 2.224026691
2.233874157, 2.234027858
2.243874187, 2.244037824
2.253874173, 2.254035235
2.263874165, 2.264025571
2.273874161, 2.274019731
2.283874161, 2.284041151
2.293874171, 2.294022527
2.303874167, 2.304038137
2.313874161, 2.314038834
2.323874165, 2.324031188
2.333874161, 2.334027430
2.343874168, 2.344028165
2.353874185, 2.354030859
2.363874156, 2.364036555
2.373874163, 2.374033313
2.383874165, 2.384035663
2.393874160, 2.394031639
2.403874167, 2.404024069
2.413874158, 2.414030715
2.423874157, 2.424026843
2.433874217, 2.434032987
2.443874219, 2.444018996
2.453874150, 2.454035334
2.463874165, 2.464022312
2.473874161, 2.474032441
2.483874157, 2.484019427
2.493874166, 2.494035205
2.503874156, 2.504048324
2.513874168, 2.514022897
2.523874160, 2.523957413
2.533874165, 2.534016147
2.543874155, 2.543961283
2.553874167, 2.553955109
2.563874165, 2.563959018
2.573874153, 2.573945377
2.583874169, 2.584015770
2.593874165, 2.594012966
2.603874187, 2.604027755
2.613874157, 2.614008134
2.623874165, 2.624027299
2.633874164, 2.634006875
2.643874163, 2.644034216
2.653874159, 2.654010757
2.663874163, 2.664030560
2.673874156, 2.674001480
2.683874152, 2.683968232
2.693874151, 2.694026395
2.703874157, 2.704027400
2.713874172, 2.714023412
2.723874160, 2.723999545
2.733874165, 2.734026412
2.743874171, 2.744014394
2.753874176, 2.754005511
2.763874161, 2.764006650
2.773874157, 2.773994008
2.783874157, 2.783996955
2.793874180, 2.794004461
2.803874166, 2.804019800
2.813874165, 2.814012818
2.823874169, 2.824038109
2.833874162, 2.833999293
2.843874171, 2.844002399
2.853874165, 2.853969104
2.863874172, 2.864035900
2.873874170, 2.874030888
2.883874171, 2.884019960
2.893874157, 2.894034078
2.903874174, 2.904021499
2.913874178, 2.914026349
2.923874185, 2.924027247
2.933874162, 2.934026510
2.943874160, 2.944029015
2.953874165, 2.954026963
2.963874160, 2.964009670
2.973874165, 2.974028427
2.983874163, 2.984021113
2.993874175, 2.994023614
3.003874160, 3.004004340
3.013874189, 3.013989349
3.023874188, 3.023980860
3.033874408, 3.034000968
3.043874262, 3.044004169
3.053874203, 3.053997528
3.063874180, 3.063991240
3.073874184, 3.073997319
3.083874183, 3.084005169
3.093874181, 3.094001677
3.103874190, 3.103997050
3.113874184, 3.113999596
3.123874259, 3.124001346
3.133874358, 3.133996754
3.143874201, 3.143997536
3.153874168, 3.154001614
3.163874297, 3.163991881
3.173874263, 3.174005116
3.183874182, 3.183996008
3.193874244, 3.193998396
3.203874185, 3.203983129
3.213874198, 3.214000496
3.223874168, 3.224007403
3.233874183, 3.233999913
3.243874182, 3.243991595
3.253874243, 3.253994815
3.263874300, 3.263993963
3.273874165, 3.273988184
3.283874168, 3.284008008
3.293874186, 3.294021098
3.303874180, 3.303995787
3.313874167, 3.313996569
3.323874245, 3.324022562
3.333874181, 3.334011476
3.343874262, 3.344021231
3.353874187, 3.354019367
3.363874182, 3.364026593
3.373874168, 3.374045135
3.383874190, 3.384042666
3.393874189, 3.394023205
3.403874169, 3.404024071
3.413874187, 3.414030519
3.423874166, 3.424031281
3.433874266, 3.434041944
3.443874182, 3.444023975
3.453874184, 3.454036176
3.463874188, 3.464041616
3.473874187, 3.474027892
3.483874264, 3.484032013
3.493874164, 3.494041492
3.503874157, 3.504027389
3.513874157, 3.514033861
3.523874169, 3.524026921
3.533874161, 3.534023310
3.543874161, 3.544024398
3.553874157, 3.554026725
3.563874160, 3.564036830
3.573874157, 3.574038808
3.583874163, 3.584038010
3.593874164, 3.594031446
3.603874160, 3.604038406
3.613874157, 3.614032653
3.623874174, 3.624017941
3.633874165, 3.634035366
3.643874163, 3.644012023
3.653874159, 3.653945978
3.663874168, 3.663943197
3.673874167, 3.673966794
3.683874160, 3.683930168
3.693874184, 3.694031850
3.703874152, 3.704035591
3.713874165, 3.714005514
3.723874161, 3.724035676
3.733874173, 3.733970164
3.743874165, 3.744037176
3.753874154, 3.754022237
3.763874182, 3.764032602
3.773874157, 3.774038483
3.783874166, 3.784034675
3.793874165, 3.794001822
3.803874166, 3.803953555
3.813874162, 3.813999279
3.823874176, 3.824043110
3.833874167, 3.834025275
3.843874153, 3.844001367
3.853874168, 3.853990071
3.863874171, 3.864011053
3.873874164, 3.874009750
3.883874161, 3.884021747
3.893874173, 3.894030165
3.903874166, 3.904028147
3.913874162, 3.914044412
3.923874177, 3.924031296
3.933874162, 3.934020734
3.943874161, 3.944028327
3.953874170, 3.954032068
3.963874163, 3.964034925
3.973874162, 3.974019838
3.983874174, 3.984037928
3.993874162, 3.994010490
4.003874158, 4.004041567
4.013874189, 4.014024194
4.023874183, 4.024030373
4.033874236, 4.034025730
4.043874183, 4.044036068
4.053874181, 4.054034095
4.063874166, 4.064027193
4.073874162, 4.074017709
4.083874187, 4.083997593
4.093874186, 4.094005727
4.103874187, 4.104029536
4.113874249, 4.114037168
4.123874172, 4.124031097
4.133874184, 4.133964144
4.143874199, 4.143949780
4.153874189, 4.153944477
4.163874182, 4.163938743
4.173874181, 4.173951244
4.183874188, 4.183986929
4.193874183, 4.194015731
4.203874187, 4.204031519
4.213874187, 4.214031851
4.223874188, 4.223966211
4.233874184, 4.234021044
4.243874185, 4.244034674
4.253874290, 4.254025766
4.263874245, 4.264032740
4.273874162, 4.274001979
4.283874177, 4.284045905
4.293874164, 4.294033977
4.303874161, 4.304028333
4.313874157, 4.313996050
4.323874153, 4.324034150
4.333874158, 4.334043550
4.343874161, 4.344037970
4.353874175, 4.354031269
4.363874177, 4.364000112
4.373874161, 4.374008912
4.383874161, 4.384003943
4.393874162, 4.394010041
4.403874166, 4.404022903
4.413874165, 4.414032192
4.423874158, 4.424021277
4.433874168, 4.434014490
4.443874160, 4.444008412
4.453874154, 4.454036746
4.463874166, 4.464043657
4.473874167, 4.474022266
4.483874163, 4.484033543
4.493874167, 4.494029218
4.503874161, 4.504012466
4.513874159, 4.514025608
4.523874259, 4.524000757
4.533874164, 4.534000234
4.543874157, 4.544046129
4.553874162, 4.554029611
4.563874163, 4.564026127
4.573874161, 4.574034155
4.583874176, 4.584032362
4.593874161, 4.594003198
4.603874161, 4.604008470
4.613874162, 4.613997856
4.623874176, 4.623990199
4.633874161, 4.634025020
4.643874165, 4.644021864
4.653874172, 4.654007783
4.663874155, 4.664000925
4.673874157, 4.674002392
4.683874161, 4.684006271
4.693874164, 4.693996167
4.703874160, 4.704009994
4.713874176, 4.714029941
4.723874160, 4.724031767
4.733874176, 4.734034207
4.743874171, 4.744028020
4.753874159, 4.754030194
4.763874165, 4.764010234
4.773874162, 4.774021306
4.783874168, 4.784026152
4.793874183, 4.794005905
4.803874165, 4.803978901
4.813874157, 4.813988043
4.823874171, 4.824012288
4.833874161, 4.834033190
4.843874160, 4.844015796
4.853874165, 4.854036103
4.863874153, 4.864031459
4.873874162, 4.874001897
4.883874168, 4.883994704
4.893874173, 4.894002227
4.903874171, 4.904004146
4.913874157, 4.913985931
4.923874198, 4.923981646
4.933874161, 4.934000719
4.943874165, 4.943990771
4.953874164, 4.954000564
4.963874163, 4.964002755
4.973874168, 4.973990394
4.983874163, 4.984006179
4.993874161, 4.994001723
5.003874157, 5.004007160
5.013874178, 5.014030088
5.023874262, 5.024026391
5.033874184, 5.034029055
5.043874262, 5.044036210
5.053874186, 5.054006223
5.063874187, 5.064028551
5.073874183, 5.074038731
5.083874330, 5.084031345
5.093874175, 5.094044830
5.103874300, 5.104033939
5.113874181, 5.114023508
5.123874417, 5.124040628
5.133874325, 5.133951119
5.143874187, 5.143998615
5.153874184, 5.154011023
5.163874187, 5.164004630
5.173874260, 5.174009939
5.183874183, 5.184005841
5.193874183, 5.194004068
5.203874259, 5.204013079
5.213874181, 5.214055653
5.223874185, 5.224032038
5.233874187, 5.234016255
5.243874232, 5.244034505
5.253874186, 5.254015164
5.263874190, 5.264004949
5.273874187, 5.274019116
5.283874185, 5.284031729
5.293874217, 5.294016288
5.303874286, 5.304004515
5.313874383, 5.314003859
5.323874169, 5.324037377
5.333874187, 5.334033424
5.343874261, 5.344012555
5.353874189, 5.354006474
5.363874188, 5.364012296
5.373874173, 5.373965047
5.383874180, 5.384027971
5.393874183, 5.394031403
5.403874185, 5.404034050
5.413874191, 5.414000883
5.423874183, 5.424026070
5.433874183, 5.434034234
5.443874183, 5.444026778
5.453874213, 5.454017371
5.463874387, 5.464018348
5.473874265, 5.474013375
5.483874234, 5.484008535
5.493874186, 5.494040700
5.503874190, 5.504026759
5.513874181, 5.514002508
5.523874182, 5.524035984
5.533874244, 5.534011143
5.543874188, 5.544032635
5.553874184, 5.554021199
5.563874180, 5.563995951
5.573874271, 5.574032360
5.583874182, 5.584027515
5.593874184, 5.594021511
5.603874255, 5.604003563
5.613874164, 5.614034157
5.623874183, 5.624028713
5.633874189, 5.634042550
5.643874182, 5.644023411
5.653874186, 5.654037968
5.663874266, 5.664043017
5.673874263, 5.674006854
5.683874183, 5.684030006
5.693874307, 5.694011926
5.703874188, 5.704006991
5.713874358, 5.714030683
5.723874182, 5.723994769
5.733874255, 5.734003447
5.743874188, 5.744004779
5.753874178, 5.754001818
5.763874185, 5.764009403
5.773874240, 5.773990652
5.783874188, 5.784018899
5.793874186, 5.793992849
5.803874185, 5.804000836
5.813874186, 5.813987625
5.823874187, 5.824005628
5.833874183, 5.834050234
5.843874185, 5.844035946
5.853874247, 5.854021412
5.863874174, 5.864032806
5.873874186, 5.874000324
5.883874261, 5.884025184
5.893874266, 5.894037396
5.903874185, 5.904029678
5.913874181, 5.914050670
5.923874187, 5.924042248
5.933874181, 5.934027009
5.943874179, 5.944045950
5.953874168, 5.954025174
5.963874183, 5.964038772
5.973874257, 5.974043837
5.983874259, 5.984039046
5.993874187, 5.994039790
6.003874185, 6.004016943
6.013874161, 6.014034215
6.023874316, 6.024035776
6.033874184, 6.034019774
6.043874182, 6.044032190
6.053874181, 6.054022200
6.063874250, 6.064032992
6.073874191, 6.074017436
6.083874199, 6.084031835
6.093874187, 6.094015278
6.103874198, 6.104046923
6.113874187, 6.114012712
6.123874266, 6.123975847
6.133874184, 6.133979925
6.143874187, 6.144000222
6.153874186, 6.153982893
6.163874168, 6.164015828
6.173874178, 6.173942521
6.183874255, 6.183941429
6.193874173, 6.193950701
6.203874161, 6.203946584
6.213874162, 6.213947112
6.223874169, 6.224017380
6.233874161, 6.234034971
6.243874165, 6.244033332
6.253874165, 6.254026748
6.263874172, 6.264003698
6.273874197, 6.274011424
6.283874177, 6.284034047
6.293874162, 6.294007838
6.303874157, 6.304002297
6.313874172, 6.314009036
6.323874163, 6.324052063
6.333874170, 6.334029260
6.343874155, 6.344005716
6.353874156, 6.354031671
6.363874166, 6.364027325
6.373874170, 6.374026497
6.383874166, 6.383995226
6.393874153, 6.393986450
6.403874149, 6.403997115
6.413874156, 6.413988560
6.423874168, 6.424000581
6.433874165, 6.434000826
6.443874157, 6.444005156
6.453874172, 6.454004737
6.463874176, 6.464000814
6.473874165, 6.474003025
6.483874152, 6.483996231
6.493874164, 6.493986218
6.503874152, 6.503994507
6.513874170, 6.513996595
6.523874157, 6.523997873
6.533874173, 6.533992242
6.543874172, 6.543991106
6.553874162, 6.553996129
6.563874171, 6.563996343
6.573874162, 6.573995704
6.583874169, 6.584002881
6.593874159, 6.593998785
6.603874176, 6.603996085
6.613874165, 6.613998660
6.623874169, 6.624005415
6.633874165, 6.633988583
6.643874160, 6.643998700
6.653874170, 6.654029467
6.663874172, 6.664016947
6.673874164, 6.674027682
6.683874149, 6.684012912
6.693874180, 6.694013418
6.703874161, 6.704040249
6.713874164, 6.714023859
6.723874166, 6.724030302
6.733874162, 6.734035638
6.743874165, 6.744028164
6.753874154, 6.754026324
6.763874163, 6.764037953
6.773874173, 6.774030506
6.783874157, 6.784022500
6.793874165, 6.794010871
6.803874163, 6.804034879
6.813874165, 6.814036504
6.823874255, 6.824035544
6.833874175, 6.834021129
6.843874172, 6.844030797
6.853874206, 6.854024584
6.863874168, 6.864045622
6.873874159, 6.874022492
6.883874165, 6.884036210
6.893874165, 6.894050604
6.903874171, 6.904029274
6.913874172, 6.914016402
6.923874169, 6.924021264
6.933874173, 6.934026103
6.943874158, 6.944033396
6.953874165, 6.954043021
6.963874172, 6.964036303
6.973874167, 6.974034116
6.983874176, 6.984027843
6.993874161, 6.994031067
7.003874168, 7.004042862
7.013874426, 7.014023201
7.023874183, 7.024044921
7.033874183, 7.034024761
7.043874182, 7.044037051
7.053874320, 7.054028427
7.063874187, 7.064026222
7.073874478, 7.074027056
7.083874187, 7.084033464
7.093874184, 7.094025278
7.103874179, 7.104028233
7.113874187, 7.114075449
7.123874188, 7.124040667
7.133874176, 7.134016157
7.143874187, 7.144024730
7.153874187, 7.154023801
7.163874165, 7.164025268
7.173874165, 7.174081416
7.183874258, 7.184022237
7.193874189, 7.194040946
7.203874187, 7.204026822
7.213874164, 7.214020456
7.223874187, 7.224022324
7.233874189, 7.234031610
7.243874392, 7.244035619
7.253874279, 7.254019185
7.263874180, 7.264048506
7.273874352, 7.274071949
7.283874183, 7.284021886
7.293874184, 7.294018930
7.303874183, 7.304073546
7.313874186, 7.314028012
7.323874183, 7.324039617
7.333874186, 7.334023715
7.343874256, 7.344040801
7.353874311, 7.354026873
7.363874183, 7.364027103
7.373874176, 7.374036220
7.383874259, 7.384021959
7.393874186, 7.394054376
7.403874180, 7.404023105
7.413874184, 7.414031322
7.423874188, 7.424026383
7.433874279, 7.434038825
7.443874190, 7.444029623
7.453874244, 7.454026491
7.463874168, 7.464039680
7.473874257, 7.474031722
7.483874165, 7.484029766
7.493874162, 7.494038631
7.503874185, 7.504033690
7.513874355, 7.514026886
7.523874187, 7.524040800
7.533874176, 7.534027329
7.543874185, 7.544025429
7.553874191, 7.554023624
7.563874187, 7.564032777
7.573874168, 7.574018786
7.583874188, 7.584042319
7.593874175, 7.594037150
7.603874264, 7.604019625
7.613874247, 7.614027153
7.623874172, 7.624023931
7.633874168, 7.634043523
7.643874158, 7.644034877
7.653874157, 7.654033448
7.663874165, 7.664026871
7.673874170, 7.674037472
7.683874182, 7.684039616
7.693874164, 7.694024554
7.703874169, 7.704034484
7.713874150, 7.714025463
7.723874158, 7.724031675
7.733874173, 7.734030091
7.743874157, 7.744029348
7.753874157, 7.754028581
7.763874172, 7.764026276
7.773874162, 7.774034649
7.783874163, 7.784032831
7.793874170, 7.794041560
7.803874176, 7.804028996
7.813874161, 7.814023403
7.823874169, 7.824040479
7.833874164, 7.834017510
7.843874153, 7.844037186
7.853874211, 7.854022294
7.863874172, 7.863965924
7.873874164, 7.873938595
7.883874160, 7.884015471
7.893874157, 7.893984876
7.903874160, 7.903996856
7.913874157, 7.914010519
7.923874157, 7.923995176
7.933874167, 7.934010555
7.943874161, 7.943980292
7.953874168, 7.954038072
7.963874161, 7.964033581
7.973874156, 7.974031048
7.983874158, 7.984032661
7.993874173, 7.994027811
8.003874161, 8.004004596
8.013874257, 8.014001443
8.023874172, 8.023997840
8.033874186, 8.034055437
8.043874185, 8.044038589
8.053874227, 8.054029864
8.063874169, 8.064037003
8.073874181, 8.074039910
8.083874180, 8.084020574
8.093874181, 8.094031862
8.103874182, 8.104030044
8.113874268, 8.114037774
8.123874185, 8.124038097
8.133874175, 8.134039244
8.143874180, 8.144006015
8.153874274, 8.153975662
8.163874182, 8.163990566
8.173874161, 8.174001827
8.183874160, 8.183998678
8.193874178, 8.193994256
8.203874161, 8.204002384
8.213874161, 8.213998829
8.223874158, 8.223996758
8.233874162, 8.234005863
8.243874158, 8.243995571
8.253874162, 8.253996637
8.263874171, 8.263993341
8.273874161, 8.273979280
8.283874166, 8.284008374
8.293874157, 8.293992935
8.303874171, 8.303994262
8.313874162, 8.313998829
8.323874160, 8.323963235
8.333874168, 8.334016702
8.343874177, 8.344022920
8.353874154, 8.354024642
8.363874155, 8.364032241
8.373874157, 8.374026695
8.383874160, 8.384040978
8.393874167, 8.394004345
8.403874176, 8.404002654
8.413874157, 8.414005943
8.423874169, 8.423998327
8.433874167, 8.433996440
8.443874166, 8.444029113
8.453874165, 8.454035797
8.463874185, 8.464030990
8.473874164, 8.474043464
8.483874168, 8.484023625
8.493874162, 8.494028318
8.503874161, 8.504021761
8.513874165, 8.514032966
8.523874161, 8.524026069
8.533874164, 8.534028154
8.543874172, 8.544031723
8.553874157, 8.554030029
8.563874171, 8.564030089
8.573874159, 8.574025431
8.583874175, 8.584029767
8.593874153, 8.594027735
8.603874157, 8.604015935
8.613874162, 8.614028992
8.623874185, 8.624027755
8.633874202, 8.633996828
8.643874166, 8.644041654
8.653874159, 8.654033478
8.663874188, 8.664021100
8.673874172, 8.674017417
8.683874157, 8.684024979
8.693874161, 8.694027800
8.703874161, 8.704026926
8.713874162, 8.714028877
8.723874168, 8.724029640
8.733874172, 8.734035551
8.743874169, 8.744019969
8.753874170, 8.754025689
8.763874166, 8.764032008
8.773874157, 8.774026478
8.783874180, 8.784024589
8.793874161, 8.794030642
8.803874160, 8.804033297
8.813874175, 8.814031379
8.823874161, 8.824028004
8.833874175, 8.834029170
8.843874177, 8.844032959
8.853874173, 8.854032104
8.863874160, 8.864029725
8.873874159, 8.874023701
8.883874160, 8.884010878
8.893874154, 8.894026818
8.903874165, 8.904033549
8.913874165, 8.914031995
8.923874155, 8.924034650
8.933874168, 8.934037182
8.943874169, 8.944024026
8.953874173, 8.954027964
8.963874160, 8.964038656
8.973874175, 8.974032845
8.983874226, 8.984033284
8.993874164, 8.994037253
9.003874155, 9.004028510
9.013874165, 9.013967292
9.023874166, 9.024007349
9.033874157, 9.034011294
9.043874165, 9.043993176
9.053874161, 9.053998863
9.063874157, 9.064007030
9.073874154, 9.074004776
9.083874150, 9.083999947
9.093874167, 9.094000854
9.103874161, 9.104000029
9.113874168, 9.113962105
9.123874168, 9.123994748
9.133874157, 9.134004458
9.143874160, 9.144003563
9.153874165, 9.153993716
9.163874166, 9.163995425
9.173874205, 9.173997812
9.183874155, 9.183996895
9.193874161, 9.194007817
9.203874166, 9.204002835
9.213874162, 9.213998437
9.223874177, 9.223963071
9.233874159, 9.234006908
9.243874157, 9.244002371
9.253874176, 9.253992987
9.263874177, 9.264001207
9.273874161, 9.274038113
9.283874161, 9.283995926
9.293874162, 9.293988228
9.303874165, 9.303997257
9.313874170, 9.313990855
9.323874183, 9.324035443
9.333874178, 9.334026308
9.343874160, 9.344004683
9.353874164, 9.354021985
9.363874158, 9.364031246
9.373874172, 9.374016891
9.383874163, 9.384002281
9.393874159, 9.394025441
9.403874180, 9.404009850
9.413874246, 9.414025285
9.423874161, 9.424011601
9.433874173, 9.434027336
9.443874157, 9.444020860
9.453874157, 9.454037816
9.463874163, 9.464021128
9.473874164, 9.474020341
9.483874165, 9.484028737
9.493874176, 9.494026704
9.503874158, 9.504026323
9.513874157, 9.514052140
9.523874160, 9.524031270
9.533874156, 9.534041342
9.543874153, 9.544030554
9.553874168, 9.553951782
9.563874163, 9.564040086
9.573874161, 9.574036759
9.583874157, 9.584024297
9.593874159, 9.594024290
9.603874160, 9.604021049
9.613874172, 9.614032464
9.623874171, 9.624030003
9.633874161, 9.634032117
9.643874165, 9.644028584
9.653874213, 9.654038061
9.663874161, 9.664031656
9.673874164, 9.674015511
9.683874166, 9.684038468
9.693874173, 9.694024846
9.703874165, 9.704038791
9.713874162, 9.714022305
9.723874204, 9.724043497
9.733874159, 9.734039825
9.743874165, 9.744025361
9.753874159, 9.754025225
9.763874163, 9.764029531
9.773874164, 9.773960293
9.783874163, 9.783948970
9.793874164, 9.793957544
9.803874174, 9.803955842
9.813874164, 9.814030797
9.823874169, 9.824035864
9.833874168, 9.834022924
9.843874247, 9.844022584
9.853874175, 9.854018080
9.863874171, 9.864038417
9.873874164, 9.874028512
9.883874174, 9.884031285
9.893874175, 9.894028038
9.903874165, 9.904035768
9.913874167, 9.914028422
9.923874157, 9.924023481
9.933874157, 9.934031435
9.943874165, 9.944034885
9.953874200, 9.954023016
9.963874171, 9.964022096
9.973874165, 9.974027783
9.983874168, 9.984033625
9.993874164, 9.994021786
10.003874179, 10.004015479
10.013874263, 10.014021728
10.023874155, 10.024011941
10.033874148, 10.034019282
10.043874168, 10.044033660
10.053874159, 10.054038669
10.063874152, 10.064043779
10.073874161, 10.074038748
10.083874153, 10.084042519
10.093874151, 10.094040213
10.103874160, 10.104040113
10.113874157, 10.114044839
10.123874150, 10.124040872
10.133874151, 10.134020269
10.143874150, 10.144034598
10.153874153, 10.154034393
10.163874147, 10.164034222
10.173874151, 10.174038494
10.183874158, 10.184038534
10.193874157, 10.194034810
10.203874152, 10.204034519
10.213874151, 10.214034982
10.223874157, 10.224037197
10.233874156, 10.234034801
10.243874153, 10.244034277
10.253874153, 10.254035366
10.263874152, 10.264034055
10.273874146, 10.274034809
10.283874158, 10.284036110
10.293874159, 10.294034948
10.303874155, 10.304033962
10.313874150, 10.314033863
10.323874149, 10.324033433
10.333874154, 10.334035557
10.343874152, 10.344036444
10.353874156, 10.354034856
10.363874149, 10.364037339
10.373874150, 10.374035243
10.383874152, 10.384036496
10.393874151, 10.394037858
10.403874158, 10.404039440
10.413874150, 10.414035072
10.423874155, 10.424039215
10.433874156, 10.434037363
10.443874150, 10.444035518
10.453874151, 10.454037177
10.463874155, 10.464033856
10.473874150, 10.474034941
10.483874150, 10.484039025
10.493874154, 10.494035390
10.503874163, 10.504034022
10.513874151, 10.514034592
10.523874165, 10.524033996
10.533874154, 10.534034125
10.543874165, 10.544034416
10.553874153, 10.554034717
10.563874150, 10.564036216
10.573874153, 10.574034963
10.583874157, 10.584033791
10.593874153, 10.594042313
10.603874152, 10.604035056
10.613874153, 10.614034618
10.623874150, 10.624035956
10.633874153, 10.634034656
10.643874157, 10.644035774
10.653874156, 10.654035972
10.663874152, 10.664034821
10.673874151, 10.674034280
10.683874152, 10.684036393
10.693874154, 10.694034981
10.703874155, 10.704034056
10.713874150, 10.714038667
10.723874157, 10.724034765
10.733874151, 10.734035579
10.743874153, 10.744034967
10.753874153, 10.754036219
10.763874157, 10.764033041
10.773874154, 10.774034810
10.783874157, 10.784037017
10.793874153, 10.794035634
10.803874149, 10.804038878
10.813874148, 10.814038448
10.823874147, 10.824033204
10.833874153, 10.834035571
10.843874152, 10.844033736
10.853874151, 10.854038557
10.863874157, 10.864037375
10.873874153, 10.874035612
10.883874147, 10.884034077
10.893874153, 10.894034787
10.903874153, 10.904034454
10.913874153, 10.914035011
10.923874153, 10.924036290
10.933874150, 10.934034670
10.943874152, 10.944035542
10.953874162, 10.954034561
10.963874150, 10.964035997
10.973874159, 10.974039716
10.983874155, 10.984034462
10.993874157, 10.994035293
11.003874157, 11.004034581
11.013874153, 11.014037160
11.023874158, 11.024035152
11.033874151, 11.034035699
11.043874161, 11.044034971
11.053874151, 11.054034594
11.063874163, 11.064039423
11.073874156, 11.074035246
11.083874158, 11.084034382
11.093874153, 11.094034659
11.103874161, 11.104034069
11.113874156, 11.114034513
11.123874161, 11.124034153
11.133874156, 11.134034431
11.143874161, 11.144033251
11.153874150, 11.154034693
11.163874161, 11.164034396
11.173874153, 11.174036738
11.183874155, 11.184034209
11.193874157, 11.194035131
11.203874161, 11.204034494
11.213874151, 11.214034787
11.223874161, 11.224035989
11.233874154, 11.234035184
11.243874153, 11.244035916
11.253874153, 11.254034270
11.263874153, 11.264034366
11.273874151, 11.274037515
11.283874152, 11.284034639
11.293874159, 11.294034524
11.303874147, 11.304036066
11.313874156, 11.314036113
11.323874149, 11.324013567
11.333874154, 11.334034423
11.343874153, 11.344034969
11.353874150, 11.354038614
11.363874172, 11.364037476
11.373874151, 11.374036997
11.383874149, 11.384036590
11.393874156, 11.394039092
11.403874152, 11.404036489
11.413874154, 11.414034559
11.423874150, 11.424039191
11.433874157, 11.434037430
11.443874155, 11.444034907
11.453874159, 11.454035707
11.463874153, 11.464034274
11.473874150, 11.474035060
11.483874155, 11.484037803
11.493874151, 11.494034378
11.503874155, 11.504034296
11.513874150, 11.514034294
11.523874149, 11.524033981
11.533874145, 11.534035197
11.543874149, 11.544034089
11.553874153, 11.554036940
11.563874147, 11.564033780
11.573874156, 11.574034746
11.583874158, 11.584038981
11.593874146, 11.594034684
11.603874169, 11.604033474
11.613874154, 11.614035919
11.623874150, 11.624034761
11.633874151, 11.634034659
11.643874155, 11.644036469
11.653874154, 11.654035233
11.663874160, 11.664036813
11.673874157, 11.674034392
11.683874155, 11.684035356
11.693874159, 11.694040411
11.703874163, 11.704034742
11.713874159, 11.714035136
11.723874161, 11.724037077
11.733874154, 11.734039223
11.743874149, 11.744034282
11.753874150, 11.754033871
11.763874150, 11.764035877
11.773874153, 11.774037033
11.783874171, 11.784033848
11.793874156, 11.794034534
11.803874158, 11.804034004
11.813874153, 11.814033688
11.823874157, 11.824050570
11.833874148, 11.834034916
11.843874158, 11.844032417
11.853874150, 11.854014600
11.863874157, 11.864038286
11.873874157, 11.874035777
11.883874158, 11.884039459
11.893874153, 11.894035615
11.903874153, 11.904037407
11.913874153, 11.914034262
11.923874152, 11.924033791
11.933874156, 11.934038930
11.943874153, 11.944033763
11.953874153, 11.954037057
11.963874157, 11.964033430
11.973874157, 11.974035148
11.983874157, 11.984034618
11.993874150, 11.994035726
12.003874155, 12.004034029
12.013874153, 12.014032950
12.023874169, 12.024034074
12.033874151, 12.034034215
12.043874152, 12.044034890
------------------------------
