------------------------------
test was performed using the following parameters: --mps=100 --burst=1 --reply-every=1 --msg-size=12 --time=10
------------------------------
sockperf: [Total Run] RunTime=10.100 sec; SentMessages=1011; ReceivedMessages=1010
sockperf: ========= Printing statistics for Server No: 0
sockperf: [Valid Duration] RunTime=9.980 sec; SentMessages=999; ReceivedMessages=999
sockperf: [2;35m====> avg-lat= 65.866 (std-dev=35.682)[0m
sockperf: # dropped messages = 0; # duplicated messages = 0; # out-of-order messages = 0
sockperf: [2;35mTotal 999 observations[0m; each percentile contains 9.99 observations
sockperf: ---> <MAX> observation =  354.282
sockperf: ---> percentile  99.99 =  354.282
sockperf: ---> percentile  99.90 =  342.645
sockperf: ---> percentile  99.50 =  268.489
sockperf: ---> percentile  99.00 =  187.594
sockperf: ---> percentile  95.00 =  142.044
sockperf: ---> percentile  90.00 =  114.274
sockperf: ---> percentile  75.00 =   68.445
sockperf: ---> percentile  50.00 =   51.440
sockperf: ---> percentile  25.00 =   46.857
sockperf: ---> <MIN> observation =   26.861
------------------------------
txTime, rxTime
2.063053471, 2.063242366
2.073053469, 2.073242680
2.083053474, 2.083242672
2.093053461, 2.093231468
2.103053462, 2.103239466
2.113053472, 2.113150614
2.123053446, 2.123213241
2.133053476, 2.133224065
2.143053461, 2.143193126
2.153053468, 2.153223022
2.163053461, 2.163204994
2.173053453, 2.173186471
2.183053477, 2.183243963
2.193053466, 2.193162108
2.203053459, 2.203216678
2.213053455, 2.213208777
2.223053455, 2.223153377
2.233053452, 2.233160442
2.243053456, 2.243141770
2.253053455, 2.253214169
2.263053445, 2.263219602
2.273053473, 2.273206967
2.283053468, 2.283184965
2.293053468, 2.293189582
2.303053445, 2.303166140
2.313053465, 2.313207062
2.323053459, 2.323158939
2.333053464, 2.333194153
2.343053473, 2.343174054
2.353053457, 2.353151291
2.363053451, 2.363157935
2.373053470, 2.373166668
2.383053461, 2.383151005
2.393053495, 2.393145105
2.403053467, 2.403146901
2.413053453, 2.413201894
2.423053464, 2.423146360
2.433053450, 2.433193525
2.443053468, 2.443196594
2.453053467, 2.453161093
2.463053466, 2.463154422
2.473053465, 2.473167756
2.483053453, 2.483169815
2.493053476, 2.493168262
2.503053458, 2.503216983
2.513053449, 2.513193726
2.523053463, 2.523204033
2.533053469, 2.533214296
2.543053446, 2.543138114
2.553053468, 2.553305455
2.563053457, 2.563198366
2.573053461, 2.573305082
2.583053471, 2.583182238
2.593053481, 2.593211415
2.603053474, 2.603176753
2.613053453, 2.613243277
2.623053459, 2.623182945
2.633053466, 2.633192275
2.643053463, 2.643200676
2.653053467, 2.653185421
2.663053448, 2.663146411
2.673053442, 2.673132712
2.683053458, 2.683166380
2.693053465, 2.693236296
2.703053468, 2.703161745
2.713053469, 2.713180785
2.723053449, 2.723219514
2.733053455, 2.733195441
2.743053465, 2.743169869
2.753053452, 2.753194803
2.763053455, 2.763238601
2.773053452, 2.773200580
2.783053446, 2.783164597
2.793053468, 2.793226201
2.803053460, 2.803209310
2.813053466, 2.813199513
2.823053471, 2.823174751
2.833053449, 2.833167343
2.843053461, 2.843151506
2.853053463, 2.853217141
2.863053463, 2.863162683
2.873053468, 2.873172360
2.883053469, 2.883147234
2.893053466, 2.893189392
2.903053452, 2.903154369
2.913053458, 2.913162879
2.923053461, 2.923177508
2.933053465, 2.933177337
2.943053469, 2.943161794
2.953053452, 2.953155509
2.963053453, 2.963196997
2.973053469, 2.973143048
2.983053463, 2.983186962
2.993053457, 2.993209873
3.003053471, 3.003155919
3.013053465, 3.013145577
3.023053447, 3.023154272
3.033053466, 3.033171842
3.043053457, 3.043193712
3.053053469, 3.053144812
3.063053469, 3.063144821
3.073053453, 3.073164973
3.083053471, 3.083170982
3.093053463, 3.093197695
3.103053449, 3.103176475
3.113053472, 3.113154342
3.123053466, 3.123182146
3.133053457, 3.133145871
3.143053461, 3.143164921
3.153053469, 3.153142347
3.163053449, 3.163150403
3.173053449, 3.173197553
3.183053458, 3.183219677
3.193053461, 3.193143020
3.203053457, 3.203205475
3.213053471, 3.213150286
3.223053463, 3.223145126
3.233053457, 3.233181816
3.243053471, 3.243171284
3.253053469, 3.253143954
3.263053458, 3.263153153
3.273053460, 3.273144976
3.283053463, 3.283168206
3.293053469, 3.293156598
3.303053463, 3.303158542
3.313053461, 3.313175888
3.323053465, 3.323157182
3.333053463, 3.333173265
3.343053455, 3.343180318
3.353053452, 3.353156023
3.363053466, 3.363157329
3.373053463, 3.373142439
3.383053452, 3.383146593
3.393053465, 3.393143018
3.403053455, 3.403146070
3.413053457, 3.413148041
3.423053463, 3.423145161
3.433053471, 3.433174943
3.443053457, 3.443152392
3.453053465, 3.453141515
3.463053458, 3.463147801
3.473053463, 3.473142483
3.483053461, 3.483155138
3.493053458, 3.493136762
3.503053458, 3.503146294
3.513053457, 3.513143399
3.523053455, 3.523212578
3.533053468, 3.533240621
3.543053466, 3.543193559
3.553053458, 3.553149512
3.563053461, 3.563147771
3.573053455, 3.573143646
3.583053457, 3.583144534
3.593053449, 3.593155040
3.603053466, 3.603153014
3.613053460, 3.613149752
3.623053458, 3.623138313
3.633053463, 3.633131592
3.643053458, 3.643138935
3.653053471, 3.653127344
3.663053466, 3.663199440
3.673053458, 3.673150647
3.683053458, 3.683132649
3.693053466, 3.693152136
3.703053458, 3.703195355
3.713053455, 3.713203679
3.723053461, 3.723191563
3.733053461, 3.733159229
3.743053450, 3.743147291
3.753053460, 3.753197501
3.763053460, 3.763152923
3.773053463, 3.773198352
3.783053468, 3.783193797
3.793053452, 3.793155608
3.803053455, 3.803205184
3.813053455, 3.813144507
3.823053450, 3.823185293
3.833053463, 3.833171992
3.843053465, 3.843108724
3.853053452, 3.853165705
3.863053471, 3.863139789
3.873053461, 3.873149409
3.883053461, 3.883123403
3.893053472, 3.893141374
3.903053466, 3.903143010
3.913053463, 3.913129099
3.923053446, 3.923131333
3.933053465, 3.933158498
3.943053461, 3.943219413
3.953053450, 3.953126910
3.963053453, 3.963145974
3.973053461, 3.973162511
3.983053452, 3.983138812
3.993053471, 3.993153489
4.003053453, 4.003131873
4.013053471, 4.013107193
4.023053465, 4.023133979
4.033053458, 4.033126662
4.043053453, 4.043160879
4.053053458, 4.053153529
4.063053457, 4.063126490
4.073053465, 4.073131001
4.083053465, 4.083131389
4.093053465, 4.093159404
4.103053463, 4.103127592
4.113053496, 4.113159330
4.123053461, 4.123135447
4.133053463, 4.133130431
4.143053460, 4.143135514
4.153053469, 4.153162772
4.163053453, 4.163152725
4.173053463, 4.173165277
4.183053453, 4.183146711
4.193053450, 4.193153807
4.203053471, 4.203148137
4.213053446, 4.213143296
4.223053468, 4.223162710
4.233053455, 4.233151571
4.243053457, 4.243145993
4.253053471, 4.253173440
4.263053468, 4.263178894
4.273053449, 4.273163792
4.283053466, 4.283162808
4.293053450, 4.293146286
4.303053457, 4.303150609
4.313053465, 4.313146234
4.323053465, 4.323144573
4.333053465, 4.333159102
4.343053444, 4.343147406
4.353053469, 4.353146795
4.363053461, 4.363152209
4.373053466, 4.373144957
4.383053469, 4.383147658
4.393053458, 4.393147093
4.403053463, 4.403153001
4.413053469, 4.413147155
4.423053458, 4.423147663
4.433053463, 4.433145469
4.443053463, 4.443148457
4.453053458, 4.453154070
4.463053471, 4.463148045
4.473053461, 4.473150979
4.483053458, 4.483147250
4.493053468, 4.493171530
4.503053466, 4.503154839
4.513053460, 4.513146375
4.523053458, 4.523150022
4.533053461, 4.533143328
4.543053461, 4.543164131
4.553053468, 4.553149709
4.563053476, 4.563158922
4.573053450, 4.573173106
4.583053465, 4.583148300
4.593053461, 4.593158370
4.603053453, 4.603150235
4.613053458, 4.613147684
4.623053472, 4.623144477
4.633053471, 4.633153273
4.643053453, 4.643145811
4.653053463, 4.653147191
4.663053457, 4.663147508
4.673053453, 4.673148410
4.683053461, 4.683185765
4.693053466, 4.693147286
4.703053450, 4.703163798
4.713053493, 4.713145530
4.723053458, 4.723149769
4.733053463, 4.733143217
4.743053463, 4.743220076
4.753053476, 4.753187838
4.763053461, 4.763204788
4.773053452, 4.773188500
4.783053458, 4.783159980
4.793053466, 4.793167139
4.803053469, 4.803165634
4.813053463, 4.813160274
4.823053453, 4.823162658
4.833053463, 4.833143787
4.843053461, 4.843152026
4.853053468, 4.853163256
4.863053466, 4.863154501
4.873053455, 4.873161254
4.883053463, 4.883147554
4.893053452, 4.893153170
4.903053457, 4.903148393
4.913053453, 4.913156022
4.923053491, 4.923167185
4.933053458, 4.933152084
4.943053461, 4.943143675
4.953053461, 4.953141313
4.963053455, 4.963162949
4.973053469, 4.973169394
4.983053468, 4.983152842
4.993053453, 4.993146138
5.003053468, 5.003148213
5.013053463, 5.013187226
5.023053455, 5.023169949
5.033053471, 5.033146752
5.043053471, 5.043146277
5.053053461, 5.053150595
5.063053450, 5.063147602
5.073053466, 5.073145896
5.083053461, 5.083184529
5.093053495, 5.093148083
5.103053471, 5.103143148
5.113053457, 5.113142019
5.123053471, 5.123179718
5.133053450, 5.133199554
5.143053463, 5.143224276
5.153053455, 5.153194978
5.163053466, 5.163143905
5.173053465, 5.173150450
5.183053452, 5.183148974
5.193053468, 5.193158446
5.203053463, 5.203142123
5.213053468, 5.213180547
5.223053468, 5.223188306
5.233053453, 5.233157288
5.243053469, 5.243145919
5.253053453, 5.253146015
5.263053460, 5.263148007
5.273053469, 5.273153804
5.283053471, 5.283165416
5.293053458, 5.293151123
5.303053465, 5.303161352
5.313053466, 5.313143653
5.323053449, 5.323146968
5.333053449, 5.333148233
5.343053450, 5.343144090
5.353053453, 5.353151216
5.363053466, 5.363144082
5.373053474, 5.373147010
5.383053457, 5.383150943
5.393053453, 5.393145906
5.403053465, 5.403145661
5.413053466, 5.413147104
5.423053453, 5.423147426
5.433053465, 5.433158397
5.443053457, 5.443156156
5.453053465, 5.453148396
5.463053466, 5.463152574
5.473053449, 5.473144275
5.483053452, 5.483160738
5.493053463, 5.493151243
5.503053476, 5.503146998
5.513053466, 5.513148675
5.523053461, 5.523157962
5.533053455, 5.533147456
5.543053450, 5.543154852
5.553053468, 5.553156349
5.563053465, 5.563148756
5.573053458, 5.573150128
5.583053463, 5.583148251
5.593053469, 5.593145345
5.603053469, 5.603149035
5.613053452, 5.613147595
5.623053458, 5.623147066
5.633053455, 5.633154096
5.643053469, 5.643149807
5.653053447, 5.653166059
5.663053466, 5.663166177
5.673053510, 5.673148532
5.683053463, 5.683163675
5.693053466, 5.693153431
5.703053472, 5.703147696
5.713053450, 5.713162227
5.723053468, 5.723158940
5.733053453, 5.733147370
5.743053453, 5.743148115
5.753053458, 5.753148210
5.763053466, 5.763170594
5.773053463, 5.773177004
5.783053466, 5.783205380
5.793053457, 5.793189460
5.803053471, 5.803170898
5.813053468, 5.813155771
5.823053471, 5.823148410
5.833053460, 5.833181281
5.843053453, 5.843163547
5.853053461, 5.853169791
5.863053465, 5.863153093
5.873053461, 5.873158793
5.883053461, 5.883148907
5.893053468, 5.893192089
5.903053471, 5.903154392
5.913053450, 5.913147395
5.923053453, 5.923187060
5.933053465, 5.933162535
5.943053465, 5.943154206
5.953053460, 5.953150230
5.963053453, 5.963154162
5.973053453, 5.973192262
5.983053458, 5.983148468
5.993053468, 5.993145667
6.003053466, 6.003152724
6.013053449, 6.013143781
6.023053465, 6.023147425
6.033053463, 6.033154713
6.043053455, 6.043144523
6.053053469, 6.053160891
6.063053465, 6.063143539
6.073053469, 6.073151639
6.083053446, 6.083166482
6.093053466, 6.093145570
6.103053463, 6.103166976
6.113053449, 6.113169706
6.123053463, 6.123148143
6.133053455, 6.133194455
6.143053461, 6.143144218
6.153053469, 6.153167289
6.163053458, 6.163146940
6.173053468, 6.173146073
6.183053455, 6.183150764
6.193053449, 6.193143021
6.203053450, 6.203210232
6.213053455, 6.213145061
6.223053463, 6.223146604
6.233053471, 6.233154361
6.243053468, 6.243143703
6.253053461, 6.253148311
6.263053457, 6.263154895
6.273053468, 6.273147227
6.283053450, 6.283145372
6.293053457, 6.293151767
6.303053471, 6.303146771
6.313053461, 6.313154205
6.323053453, 6.323168456
6.333053469, 6.333150009
6.343053461, 6.343151592
6.353053463, 6.353150688
6.363053463, 6.363160594
6.373053452, 6.373143324
6.383053466, 6.383144063
6.393053455, 6.393145901
6.403053455, 6.403147250
6.413053480, 6.413147780
6.423053457, 6.423149297
6.433053455, 6.433166874
6.443053446, 6.443146339
6.453053468, 6.453148494
6.463053460, 6.463152244
6.473053471, 6.473143520
6.483053457, 6.483143926
6.493053474, 6.493146621
6.503053452, 6.503145566
6.513053461, 6.513145963
6.523053455, 6.523153969
6.533053457, 6.533149880
6.543053463, 6.543149166
6.553053460, 6.553149553
6.563053449, 6.563147107
6.573053461, 6.573148865
6.583053455, 6.583145541
6.593053449, 6.593144385
6.603053468, 6.603182966
6.613053463, 6.613144128
6.623053455, 6.623147892
6.633053455, 6.633159426
6.643053461, 6.643145112
6.653053466, 6.653142775
6.663053471, 6.663143455
6.673053455, 6.673151667
6.683053457, 6.683147390
6.693053453, 6.693141062
6.703053463, 6.703144714
6.713053465, 6.713146850
6.723053469, 6.723190215
6.733053458, 6.733145083
6.743053461, 6.743153117
6.753053495, 6.753152161
6.763053460, 6.763151400
6.773053461, 6.773146348
6.783053460, 6.783146001
6.793053458, 6.793160088
6.803053457, 6.803143376
6.813053450, 6.813183716
6.823053461, 6.823145473
6.833053457, 6.833144930
6.843053465, 6.843190418
6.853053469, 6.853194269
6.863053453, 6.863143116
6.873053493, 6.873151819
6.883053477, 6.883159623
6.893053458, 6.893147775
6.903053453, 6.903231023
6.913053455, 6.913146015
6.923053446, 6.923143651
6.933053469, 6.933145655
6.943053453, 6.943149056
6.953053496, 6.953154418
6.963053461, 6.963158384
6.973053452, 6.973148948
6.983053453, 6.983150720
6.993053465, 6.993148270
7.003053455, 7.003159511
7.013053468, 7.013147745
7.023053463, 7.023146768
7.033053469, 7.033148222
7.043053446, 7.043144769
7.053053463, 7.053156298
7.063053465, 7.063157571
7.073053453, 7.073161756
7.083053466, 7.083148011
7.093053458, 7.093165899
7.103053466, 7.103143920
7.113053457, 7.113148374
7.123053463, 7.123155648
7.133053468, 7.133154634
7.143053461, 7.143148296
7.153053450, 7.153146934
7.163053453, 7.163147723
7.173053469, 7.173151822
7.183053457, 7.183148217
7.193053469, 7.193195981
7.203053465, 7.203146405
7.213053463, 7.213150984
7.223053446, 7.223154034
7.233053453, 7.233144906
7.243053453, 7.243142567
7.253053466, 7.253138864
7.263053460, 7.263147987
7.273053458, 7.273190076
7.283053457, 7.283143954
7.293053463, 7.293141613
7.303053457, 7.303171184
7.313053461, 7.313145388
7.323053457, 7.323142889
7.333053469, 7.333146231
7.343053450, 7.343142756
7.353053463, 7.353141954
7.363053463, 7.363144913
7.373053469, 7.373161881
7.383053463, 7.383147894
7.393053458, 7.393204235
7.403053455, 7.403145863
7.413053463, 7.413153060
7.423053453, 7.423146908
7.433053468, 7.433193928
7.443053471, 7.443144125
7.453053461, 7.453141479
7.463053455, 7.463145241
7.473053469, 7.473148148
7.483053458, 7.483190167
7.493053465, 7.493148939
7.503053472, 7.503157898
7.513053469, 7.513162958
7.523053446, 7.523145494
7.533053471, 7.533190470
7.543053455, 7.543169829
7.553053453, 7.553148595
7.563053472, 7.563147621
7.573053457, 7.573145500
7.583053455, 7.583148942
7.593053466, 7.593148794
7.603053449, 7.603144730
7.613053465, 7.613147823
7.623053468, 7.623146286
7.633053457, 7.633148246
7.643053455, 7.643148028
7.653053466, 7.653167131
7.663053461, 7.663146749
7.673053461, 7.673167264
7.683053471, 7.683148353
7.693053472, 7.693146650
7.703053455, 7.703178022
7.713053469, 7.713184845
7.723053453, 7.723142660
7.733053466, 7.733164444
7.743053465, 7.743149517
7.753053471, 7.753147930
7.763053444, 7.763165969
7.773053466, 7.773143498
7.783053465, 7.783188287
7.793053453, 7.793142851
7.803053460, 7.803142300
7.813053460, 7.813145116
7.823053469, 7.823194579
7.833053457, 7.833164928
7.843053461, 7.843171394
7.853053463, 7.853178052
7.863053469, 7.863158228
7.873053449, 7.873162274
7.883053452, 7.883152791
7.893053468, 7.893157866
7.903053457, 7.903141643
7.913053450, 7.913160826
7.923053449, 7.923147141
7.933053452, 7.933144878
7.943053468, 7.943146332
7.953053468, 7.953162947
7.963053453, 7.963143604
7.973053468, 7.973190661
7.983053468, 7.983150376
7.993053453, 7.993131928
8.003053465, 8.003146552
8.013053469, 8.013149275
8.023053457, 8.023141348
8.033053450, 8.033143195
8.043053463, 8.043150415
8.053053463, 8.053143991
8.063053446, 8.063148080
8.073053468, 8.073148737
8.083053461, 8.083152468
8.093053461, 8.093141820
8.103053465, 8.103145350
8.113053455, 8.113169990
8.123053465, 8.123147820
8.133053450, 8.133147933
8.143053458, 8.143152583
8.153053468, 8.153146247
8.163053472, 8.163187541
8.173053458, 8.173161846
8.183053469, 8.183184750
8.193053466, 8.193143203
8.203053460, 8.203216303
8.213053465, 8.213156874
8.223053471, 8.223171614
8.233053453, 8.233229952
8.243053460, 8.243145407
8.253053468, 8.253161201
8.263053455, 8.263190346
8.273053449, 8.273185830
8.283053468, 8.283168874
8.293053472, 8.293161976
8.303053449, 8.303142634
8.313053474, 8.313148892
8.323053463, 8.323166681
8.333053477, 8.333154820
8.343053463, 8.343191276
8.353053453, 8.353144349
8.363053465, 8.363145298
8.373053469, 8.373194291
8.383053457, 8.383144965
8.393053469, 8.393147750
8.403053466, 8.403152517
8.413053479, 8.413147333
8.423053452, 8.423145974
8.433053469, 8.433161930
8.443053453, 8.443146438
8.453053465, 8.453204294
8.463053465, 8.463144144
8.473053471, 8.473150169
8.483053447, 8.483145347
8.493053471, 8.493141993
8.503053455, 8.503148069
8.513053465, 8.513153554
8.523053460, 8.523156270
8.533053472, 8.533146757
8.543053449, 8.543148906
8.553053471, 8.553144962
8.563053460, 8.563149488
8.573053465, 8.573150118
8.583053466, 8.583146354
8.593053453, 8.593150513
8.603053465, 8.603147460
8.613053471, 8.613156314
8.623053461, 8.623151252
8.633053466, 8.633147597
8.643053472, 8.643148765
8.653053457, 8.653175603
8.663053465, 8.663148456
8.673053457, 8.673167343
8.683053455, 8.683162598
8.693053463, 8.693158431
8.703053453, 8.703143853
8.713053453, 8.713146061
8.723053457, 8.723162217
8.733053457, 8.733148781
8.743053460, 8.743144715
8.753053447, 8.753145336
8.763053460, 8.763146239
8.773053455, 8.773151238
8.783053455, 8.783143394
8.793053461, 8.793168298
8.803053453, 8.803157072
8.813053469, 8.813167919
8.823053469, 8.823155315
8.833053452, 8.833178204
8.843053461, 8.843186834
8.853053463, 8.853146440
8.863053452, 8.863145720
8.873053463, 8.873153785
8.883053463, 8.883220823
8.893053458, 8.893171494
8.903053450, 8.903145855
8.913053463, 8.913142319
8.923053457, 8.923156125
8.933053468, 8.933216884
8.943053461, 8.943144106
8.953053468, 8.953169332
8.963053450, 8.963160675
8.973053465, 8.973154746
8.983053458, 8.983167404
8.993053457, 8.993145887
9.003053466, 9.003153606
9.013053469, 9.013143770
9.023053452, 9.023154130
9.033053466, 9.033168044
9.043053471, 9.043192752
9.053053495, 9.053182822
9.063053465, 9.063161652
9.073053452, 9.073145511
9.083053465, 9.083190341
9.093053450, 9.093164730
9.103053457, 9.103149760
9.113053477, 9.113142451
9.123053469, 9.123157887
9.133053469, 9.133152990
9.143053450, 9.143174217
9.153053499, 9.153144243
9.163053457, 9.163145808
9.173053465, 9.173142944
9.183053463, 9.183154912
9.193053469, 9.193147775
9.203053457, 9.203149946
9.213053463, 9.213171697
9.223053461, 9.223149447
9.233053498, 9.233144755
9.243053465, 9.243148751
9.253053458, 9.253141703
9.263053457, 9.263158529
9.273053465, 9.273153134
9.283053457, 9.283146143
9.293053465, 9.293145893
9.303053471, 9.303147456
9.313053455, 9.313146127
9.323053466, 9.323146294
9.333053452, 9.333150314
9.343053455, 9.343142050
9.353053468, 9.353144862
9.363053469, 9.363141526
9.373053472, 9.373142110
9.383053457, 9.383147878
9.393053471, 9.393146433
9.403053460, 9.403143514
9.413053461, 9.413161584
9.423053469, 9.423147458
9.433053453, 9.433147171
9.443053452, 9.443147952
9.453053471, 9.453151974
9.463053463, 9.463148012
9.473053450, 9.473157239
9.483053469, 9.483142505
9.493053460, 9.493158602
9.503053450, 9.503155667
9.513053471, 9.513145923
9.523053455, 9.523142435
9.533053469, 9.533161168
9.543053471, 9.543148710
9.553053455, 9.553143197
9.563053465, 9.563142440
9.573053452, 9.573143962
9.583053457, 9.583164223
9.593053468, 9.593149657
9.603053466, 9.603143918
9.613053458, 9.613149078
9.623053463, 9.623148067
9.633053458, 9.633144305
9.643053455, 9.643180536
9.653053450, 9.653183395
9.663053465, 9.663147240
9.673053463, 9.673147178
9.683053460, 9.683147734
9.693053466, 9.693164456
9.703053460, 9.703157528
9.713053455, 9.713180012
9.723053463, 9.723142604
9.733053463, 9.733184878
9.743053450, 9.743154645
9.753053461, 9.753152943
9.763053468, 9.763177659
9.773053469, 9.773172810
9.783053466, 9.783150038
9.793053453, 9.793163839
9.803053466, 9.803160481
9.813053457, 9.813154584
9.823053460, 9.823197476
9.833053469, 9.833166485
9.843053461, 9.843144256
9.853053468, 9.853158332
9.863053457, 9.863151915
9.873053490, 9.873145399
9.883053463, 9.883151385
9.893053466, 9.893147761
9.903053471, 9.903148503
9.913053458, 9.913144499
9.923053455, 9.923143991
9.933053461, 9.933143364
9.943053457, 9.943143391
9.953053463, 9.953146542
9.963053474, 9.963145350
9.973053461, 9.973148536
9.983053457, 9.983144652
9.993053463, 9.993145720
10.003053460, 10.003147295
10.013053466, 10.013151096
10.023053469, 10.023216830
10.033053461, 10.033216868
10.043053472, 10.043253806
10.053053460, 10.053214383
10.063053455, 10.063194252
10.073053463, 10.073223180
10.083053453, 10.083227693
10.093053518, 10.093220983
10.103053452, 10.103278214
10.113053504, 10.113227963
10.123053543, 10.123257594
10.133053468, 10.133193933
10.143053466, 10.143211013
10.153053450, 10.153205770
10.163053573, 10.163183302
10.173053465, 10.173157880
10.183053510, 10.183182472
10.193053450, 10.193324789
10.203053460, 10.203187608
10.213053468, 10.213354579
10.223053447, 10.223375077
10.233053507, 10.233630510
10.243053508, 10.243301862
10.253053528, 10.253590507
10.263053512, 10.263410183
10.273053453, 10.273402424
10.283053451, 10.283392181
10.293053474, 10.293428664
10.303053471, 10.303355391
10.313053459, 10.313590493
10.323053487, 10.323400877
10.333053471, 10.333384258
10.343053507, 10.343548482
10.353053542, 10.353762108
10.363053488, 10.363191569
10.373053510, 10.373641024
10.383053525, 10.383527726
10.393053506, 10.393738798
10.403053468, 10.403420015
10.413053506, 10.413566445
10.423053518, 10.423487940
10.433053525, 10.433377814
10.443053465, 10.443255065
10.453053485, 10.453277923
10.463053462, 10.463276011
10.473053568, 10.473302094
10.483053729, 10.483235817
10.493053527, 10.493283161
10.503053451, 10.503229762
10.513053457, 10.513231970
10.523053449, 10.523191157
10.533053471, 10.533283014
10.543053474, 10.543287128
10.553053465, 10.553274757
10.563053469, 10.563207456
10.573053519, 10.573230542
10.583053455, 10.583236773
10.593053513, 10.593213993
10.603053517, 10.603233530
10.613053455, 10.613200222
10.623053468, 10.623206730
10.633053468, 10.633202312
10.643053447, 10.643221557
10.653053545, 10.653151580
10.663053461, 10.663274163
10.673053459, 10.673331709
10.683053459, 10.683274713
10.693053543, 10.693253386
10.703053452, 10.703233738
10.713053513, 10.713253057
10.723053454, 10.723264236
10.733053515, 10.733255892
10.743053526, 10.743193887
10.753053461, 10.753211536
10.763053453, 10.763242039
10.773053449, 10.773271331
10.783053476, 10.783228278
10.793053528, 10.793266979
10.803053475, 10.803286123
10.813053469, 10.813266684
10.823053455, 10.823297473
10.833053534, 10.833260606
10.843053455, 10.843289997
10.853053479, 10.853228818
10.863053471, 10.863254237
10.873053455, 10.873277167
10.883053455, 10.883240022
10.893053508, 10.893275350
10.903053509, 10.903289701
10.913053467, 10.913235409
10.923053507, 10.923258747
10.933053518, 10.933260480
10.943053516, 10.943289742
10.953053471, 10.953226646
10.963053460, 10.963254707
10.973053510, 10.973235559
10.983053460, 10.983280349
10.993053457, 10.993193948
11.003053472, 11.003161096
11.013053463, 11.013170537
11.023053463, 11.023167619
11.033053463, 11.033167025
11.043053485, 11.043184448
11.053053442, 11.053170251
11.063053469, 11.063169441
11.073053468, 11.073170347
11.083053447, 11.083168681
11.093053450, 11.093169234
11.103053483, 11.103179720
11.113053465, 11.113171932
11.123053449, 11.123174910
11.133053460, 11.133169209
11.143053460, 11.143172915
11.153053455, 11.153170575
11.163053469, 11.163168830
11.173053452, 11.173168573
11.183053455, 11.183164363
11.193053479, 11.193162181
11.203053460, 11.203168175
11.213053468, 11.213165277
11.223053477, 11.223172627
11.233053457, 11.233166994
11.243053450, 11.243169269
11.253053461, 11.253165167
11.263053458, 11.263165882
11.273053471, 11.273166272
11.283053469, 11.283167142
11.293053469, 11.293167281
11.303053453, 11.303172258
11.313053476, 11.313167736
11.323053453, 11.323171816
11.333053477, 11.333169499
11.343053472, 11.343168110
11.353053466, 11.353167452
11.363053450, 11.363165344
11.373053476, 11.373289349
11.383053449, 11.383284719
11.393053461, 11.393288201
11.403053477, 11.403282026
11.413053458, 11.413287686
11.423053453, 11.423280210
11.433053461, 11.433289235
11.443053457, 11.443280903
11.453053465, 11.453347890
11.463053472, 11.463338618
11.473053449, 11.473345355
11.483053453, 11.483337542
11.493053471, 11.493327089
11.503053455, 11.503331146
11.513053479, 11.513334648
11.523053476, 11.523330652
11.533053474, 11.533345511
11.543053450, 11.543333101
11.553053479, 11.553337935
11.563053461, 11.563335393
11.573053477, 11.573339525
11.583053471, 11.583333902
11.593053457, 11.593336576
11.603053455, 11.603337105
11.613053474, 11.613339105
11.623053455, 11.623333972
11.633053476, 11.633339504
11.643053479, 11.643337878
11.653053477, 11.653338533
11.663053450, 11.663334527
11.673053453, 11.673342249
11.683053455, 11.683330694
11.693053479, 11.693341761
11.703053479, 11.703335563
11.713053455, 11.713337412
11.723053455, 11.723343464
11.733053476, 11.733341329
11.743053458, 11.743328986
11.753053476, 11.753343318
11.763053476, 11.763339180
11.773053450, 11.773340404
11.783053455, 11.783339901
11.793053477, 11.793344028
11.803053455, 11.803335045
11.813053471, 11.813342407
11.823053474, 11.823335279
11.833053472, 11.833339191
11.843053453, 11.843320094
11.853053472, 11.853345800
11.863053458, 11.863336069
11.873053477, 11.873323352
11.883053469, 11.883331374
11.893053474, 11.893339478
11.903053455, 11.903338882
11.913053474, 11.913338499
11.923053457, 11.923332089
11.933053472, 11.933343343
11.943053474, 11.943338790
11.953053453, 11.953340727
11.963053455, 11.963333749
11.973053476, 11.973325599
11.983053458, 11.983335451
11.993053479, 11.993330360
12.003053479, 12.003333404
12.013053455, 12.013336914
12.023053449, 12.023336946
12.033053474, 12.033340655
12.043053463, 12.043331627
------------------------------
