------------------------------
test was performed using the following parameters: --mps=100 --burst=1 --reply-every=1 --msg-size=12 --time=10
------------------------------
sockperf: [Total Run] RunTime=10.100 sec; SentMessages=1011; ReceivedMessages=1010
sockperf: ========= Printing statistics for Server No: 0
sockperf: [Valid Duration] RunTime=9.980 sec; SentMessages=999; ReceivedMessages=999
sockperf: [2;35m====> avg-lat= 53.700 (std-dev=18.955)[0m
sockperf: # dropped messages = 0; # duplicated messages = 0; # out-of-order messages = 0
sockperf: [2;35mTotal 999 observations[0m; each percentile contains 9.99 observations
sockperf: ---> <MAX> observation =  101.427
sockperf: ---> percentile  99.99 =  101.427
sockperf: ---> percentile  99.90 =  100.165
sockperf: ---> percentile  99.50 =   94.699
sockperf: ---> percentile  99.00 =   85.750
sockperf: ---> percentile  95.00 =   83.368
sockperf: ---> percentile  90.00 =   82.655
sockperf: ---> percentile  75.00 =   72.899
sockperf: ---> percentile  50.00 =   45.292
sockperf: ---> percentile  25.00 =   38.044
sockperf: ---> <MIN> observation =   25.001
------------------------------
txTime, rxTime
2.063375604, 2.063459665
2.073375603, 2.073443509
2.083375614, 2.083439461
2.093375617, 2.093454829
2.103375622, 2.103447521
2.113375612, 2.113451773
2.123375598, 2.123468710
2.133375612, 2.133465732
2.143375623, 2.143463835
2.153375612, 2.153458147
2.163375614, 2.163505082
2.173375589, 2.173466465
2.183375607, 2.183505862
2.193375603, 2.193505819
2.203376135, 2.203450019
2.213375620, 2.213452192
2.223375645, 2.223467818
2.233375615, 2.233447373
2.243375593, 2.243456054
2.253375615, 2.253449831
2.263375615, 2.263467221
2.273375679, 2.273455515
2.283375609, 2.283453289
2.293375615, 2.293469814
2.303375614, 2.303445502
2.313375620, 2.313442890
2.323375615, 2.323450488
2.333375606, 2.333498160
2.343375622, 2.343483877
2.353375601, 2.353455059
2.363375612, 2.363461937
2.373375598, 2.373488175
2.383375592, 2.383454091
2.393375603, 2.393454161
2.403375614, 2.403452732
2.413375620, 2.413449419
2.423375614, 2.423453188
2.433375617, 2.433446277
2.443375615, 2.443473109
2.453375587, 2.453455972
2.463375645, 2.463460910
2.473375611, 2.473459046
2.483375653, 2.483460017
2.493375604, 2.493459731
2.503375615, 2.503455239
2.513375595, 2.513446494
2.523375615, 2.523454729
2.533375614, 2.533460089
2.543375614, 2.543455492
2.553375619, 2.553467625
2.563375604, 2.563451597
2.573375609, 2.573446323
2.583375607, 2.583460541
2.593375601, 2.593463403
2.603375603, 2.603461460
2.613375619, 2.613460767
2.623375611, 2.623456196
2.633375604, 2.633457017
2.643375628, 2.643462990
2.653375609, 2.653453654
2.663375622, 2.663436488
2.673375596, 2.673458566
2.683375587, 2.683467651
2.693375598, 2.693442843
2.703375604, 2.703441185
2.713375696, 2.713457448
2.723375617, 2.723497695
2.733375603, 2.733463223
2.743375619, 2.743503171
2.753375607, 2.753471120
2.763375604, 2.763456118
2.773375620, 2.773496816
2.783375617, 2.783456922
2.793375615, 2.793458730
2.803375619, 2.803444450
2.813375592, 2.813450453
2.823375614, 2.823445834
2.833375611, 2.833456456
2.843375609, 2.843451243
2.853375617, 2.853453641
2.863375609, 2.863442630
2.873375619, 2.873450646
2.883375604, 2.883451777
2.893375619, 2.893456971
2.903375620, 2.903497779
2.913375615, 2.913447240
2.923375603, 2.923442704
2.933375593, 2.933445792
2.943375620, 2.943449855
2.953375611, 2.953437072
2.963375620, 2.963459436
2.973375592, 2.973443468
2.983375617, 2.983453892
2.993375614, 2.993454113
3.003375604, 3.003454819
3.013375607, 3.013453431
3.023375620, 3.023454265
3.033375604, 3.033466249
3.043375609, 3.043487767
3.053375619, 3.053448979
3.063375604, 3.063457082
3.073375612, 3.073461379
3.083375598, 3.083472991
3.093375615, 3.093449192
3.103375620, 3.103451952
3.113375615, 3.113456698
3.123375601, 3.123454532
3.133375623, 3.133449407
3.143375603, 3.143439733
3.153375606, 3.153481698
3.163375592, 3.163447267
3.173375604, 3.173439065
3.183375604, 3.183457503
3.193375607, 3.193449119
3.203375607, 3.203441968
3.213375603, 3.213449372
3.223375601, 3.223456752
3.233375620, 3.233453736
3.243375620, 3.243443236
3.253375603, 3.253518336
3.263375604, 3.263454655
3.273375609, 3.273468121
3.283375619, 3.283507794
3.293375609, 3.293454467
3.303375619, 3.303476461
3.313375601, 3.313459870
3.323375603, 3.323473549
3.333375603, 3.333438124
3.343375603, 3.343467782
3.353375604, 3.353453385
3.363375603, 3.363451691
3.373375593, 3.373452866
3.383375590, 3.383445019
3.393375604, 3.393456464
3.403375671, 3.403445166
3.413375607, 3.413471364
3.423375609, 3.423445292
3.433375614, 3.433445087
3.443375626, 3.443455891
3.453375604, 3.453522544
3.463375630, 3.463447663
3.473375617, 3.473449484
3.483375601, 3.483447365
3.493375679, 3.493454502
3.503375606, 3.503473172
3.513375607, 3.513450261
3.523375601, 3.523480582
3.533375625, 3.533448983
3.543375683, 3.543448039
3.553375604, 3.553453769
3.563375623, 3.563443618
3.573375592, 3.573453160
3.583375604, 3.583486228
3.593375609, 3.593457424
3.603375609, 3.603458956
3.613375589, 3.613471636
3.623375607, 3.623458689
3.633375620, 3.633473951
3.643375677, 3.643460547
3.653375606, 3.653505274
3.663375609, 3.663488075
3.673375619, 3.673452436
3.683375617, 3.683443301
3.693375607, 3.693483493
3.703375606, 3.703460550
3.713375612, 3.713464578
3.723375614, 3.723462188
3.733375606, 3.733458929
3.743375607, 3.743508817
3.753375675, 3.753454612
3.763375606, 3.763477394
3.773375606, 3.773448496
3.783375611, 3.783462575
3.793375601, 3.793449257
3.803375593, 3.803458672
3.813375590, 3.813453168
3.823375607, 3.823448047
3.833375587, 3.833454094
3.843375603, 3.843458117
3.853375604, 3.853472334
3.863375604, 3.863465096
3.873375595, 3.873449648
3.883375590, 3.883459101
3.893375611, 3.893459115
3.903375593, 3.903467989
3.913375603, 3.913454112
3.923375603, 3.923481651
3.933375604, 3.933453005
3.943375607, 3.943453737
3.953375592, 3.953456332
3.963375601, 3.963448042
3.973375604, 3.973463235
3.983375606, 3.983462739
3.993375606, 3.993456974
4.003375607, 4.003448203
4.013375619, 4.013512644
4.023375636, 4.023500793
4.033375600, 4.033489942
4.043375589, 4.043453747
4.053375601, 4.053446557
4.063375611, 4.063454641
4.073375614, 4.073459054
4.083375607, 4.083443667
4.093375600, 4.093455629
4.103375604, 4.103435023
4.113375603, 4.113447354
4.123375615, 4.123445399
4.133375606, 4.133459715
4.143375650, 4.143453438
4.153375609, 4.153459726
4.163375603, 4.163462003
4.173375607, 4.173467556
4.183375612, 4.183492332
4.193375612, 4.193456085
4.203375600, 4.203459278
4.213375609, 4.213450111
4.223375642, 4.223483732
4.233375601, 4.233461709
4.243375609, 4.243457549
4.253375620, 4.253450168
4.263375603, 4.263478496
4.273375604, 4.273448466
4.283375607, 4.283471105
4.293375604, 4.293452201
4.303375639, 4.303448003
4.313375603, 4.313447283
4.323375600, 4.323457227
4.333375609, 4.333446456
4.343375671, 4.343488659
4.353375619, 4.353458373
4.363375590, 4.363499617
4.373375628, 4.373455233
4.383375609, 4.383453703
4.393375593, 4.393464286
4.403375612, 4.403459786
4.413375611, 4.413458589
4.423375617, 4.423458589
4.433375601, 4.433518482
4.443375603, 4.443441662
4.453375609, 4.453451368
4.463375619, 4.463454075
4.473375611, 4.473443170
4.483375606, 4.483454803
4.493375589, 4.493459339
4.503375611, 4.503452823
4.513375622, 4.513463219
4.523375604, 4.523458593
4.533375590, 4.533457301
4.543375603, 4.543474634
4.553375593, 4.553463847
4.563375590, 4.563459445
4.573375603, 4.573463484
4.583375604, 4.583451098
4.593375606, 4.593463615
4.603375592, 4.603490505
4.613375604, 4.613442649
4.623375604, 4.623494672
4.633375601, 4.633459650
4.643375603, 4.643452002
4.653375609, 4.653458390
4.663375603, 4.663456704
4.673375761, 4.673464191
4.683375601, 4.683445538
4.693375614, 4.693479423
4.703375612, 4.703460734
4.713375607, 4.713461007
4.723375612, 4.723467870
4.733375614, 4.733440337
4.743375702, 4.743455596
4.753375615, 4.753438591
4.763375603, 4.763445554
4.773375600, 4.773458386
4.783375620, 4.783447712
4.793375600, 4.793448057
4.803375612, 4.803470990
4.813375614, 4.813453403
4.823375615, 4.823483471
4.833375607, 4.833447840
4.843375617, 4.843499170
4.853375601, 4.853469853
4.863375611, 4.863446361
4.873375634, 4.873442538
4.883375617, 4.883460291
4.893375604, 4.893452939
4.903375679, 4.903447744
4.913375596, 4.913463533
4.923375606, 4.923455487
4.933375620, 4.933456161
4.943375598, 4.943455839
4.953375620, 4.953476300
4.963375612, 4.963445284
4.973375783, 4.973444473
4.983375614, 4.983469269
4.993375611, 4.993438080
5.003375611, 5.003446958
5.013375612, 5.013471893
5.023375691, 5.023446265
5.033375663, 5.033463793
5.043375677, 5.043447283
5.053375623, 5.053445235
5.063375619, 5.063459456
5.073375625, 5.073438034
5.083375619, 5.083451604
5.093375614, 5.093453772
5.103375614, 5.103449280
5.113375612, 5.113454178
5.123375600, 5.123456872
5.133375614, 5.133447746
5.143375603, 5.143452931
5.153375617, 5.153452675
5.163375611, 5.163457341
5.173375603, 5.173450881
5.183375622, 5.183457311
5.193375607, 5.193450019
5.203375704, 5.203453248
5.213375617, 5.213461108
5.223375620, 5.223451900
5.233375604, 5.233446838
5.243375596, 5.243484114
5.253375611, 5.253450535
5.263375615, 5.263436798
5.273375617, 5.273451077
5.283375617, 5.283461891
5.293375623, 5.293433812
5.303375617, 5.303448777
5.313375617, 5.313456218
5.323375694, 5.323463812
5.333375622, 5.333468363
5.343375612, 5.343461098
5.353375617, 5.353459763
5.363375603, 5.363502732
5.373375617, 5.373482900
5.383375619, 5.383444484
5.393375620, 5.393482598
5.403375612, 5.403457036
5.413375600, 5.413444002
5.423375619, 5.423458667
5.433375601, 5.433459448
5.443375619, 5.443456177
5.453375615, 5.453479770
5.463375615, 5.463453531
5.473375614, 5.473453458
5.483375600, 5.483456568
5.493375603, 5.493452939
5.503375614, 5.503443618
5.513375600, 5.513453220
5.523375617, 5.523463981
5.533375603, 5.533444345
5.543375604, 5.543452525
5.553375607, 5.553450434
5.563375607, 5.563460250
5.573375623, 5.573454006
5.583375655, 5.583462063
5.593375620, 5.593456243
5.603375615, 5.603451652
5.613375619, 5.613493354
5.623375641, 5.623445515
5.633375630, 5.633445938
5.643375603, 5.643462965
5.653375615, 5.653460887
5.663375601, 5.663451207
5.673375620, 5.673448164
5.683375622, 5.683457547
5.693375619, 5.693453894
5.703375603, 5.703465208
5.713375619, 5.713485033
5.723375598, 5.723446751
5.733375617, 5.733443663
5.743375614, 5.743441912
5.753375620, 5.753451135
5.763375598, 5.763474516
5.773375612, 5.773521583
5.783375603, 5.783461892
5.793375615, 5.793474718
5.803375607, 5.803451480
5.813375606, 5.813438640
5.823375609, 5.823524060
5.833375620, 5.833451033
5.843375620, 5.843459136
5.853375607, 5.853453646
5.863375607, 5.863460356
5.873375612, 5.873445859
5.883375609, 5.883454446
5.893375601, 5.893457898
5.903375587, 5.903473868
5.913375590, 5.913439824
5.923375595, 5.923476565
5.933375592, 5.933442456
5.943375600, 5.943452170
5.953375595, 5.953446377
5.963375590, 5.963442343
5.973375595, 5.973456824
5.983375595, 5.983433283
5.993375589, 5.993455015
6.003375590, 6.003441319
6.013375592, 6.013438830
6.023375587, 6.023451225
6.033375589, 6.033446812
6.043375590, 6.043435887
6.053375589, 6.053453782
6.063375595, 6.063452160
6.073375592, 6.073455307
6.083375593, 6.083446792
6.093375589, 6.093472872
6.103375598, 6.103451963
6.113375592, 6.113485285
6.123375596, 6.123473153
6.133375589, 6.133494530
6.143375592, 6.143465011
6.153375590, 6.153443978
6.163375595, 6.163453036
6.173375589, 6.173459385
6.183375592, 6.183439409
6.193375595, 6.193438056
6.203375596, 6.203455501
6.213376523, 6.213462331
6.223375603, 6.223444501
6.233375590, 6.233448126
6.243375593, 6.243509946
6.253375601, 6.253447262
6.263375593, 6.263449309
6.273375595, 6.273466797
6.283375596, 6.283496309
6.293375596, 6.293450378
6.303375622, 6.303453940
6.313375589, 6.313449257
6.323375581, 6.323447185
6.333375592, 6.333465690
6.343375595, 6.343493965
6.353375596, 6.353434496
6.363375592, 6.363446743
6.373375589, 6.373506724
6.383375592, 6.383446828
6.393375600, 6.393443590
6.403375589, 6.403442526
6.413375596, 6.413430217
6.423375592, 6.423452588
6.433375593, 6.433444724
6.443375593, 6.443446631
6.453375592, 6.453446926
6.463375592, 6.463446609
6.473375590, 6.473440418
6.483375596, 6.483453951
6.493375593, 6.493458675
6.503375592, 6.503458454
6.513375593, 6.513448260
6.523375598, 6.523467996
6.533375595, 6.533455182
6.543375595, 6.543437840
6.553375593, 6.553442365
6.563375587, 6.563441594
6.573375587, 6.573457197
6.583375590, 6.583456141
6.593375590, 6.593450719
6.603375601, 6.603498711
6.613375592, 6.613500842
6.623375592, 6.623474577
6.633375601, 6.633481858
6.643375585, 6.643477070
6.653375590, 6.653458362
6.663375592, 6.663449896
6.673375593, 6.673445799
6.683375592, 6.683449707
6.693375593, 6.693441754
6.703375592, 6.703444994
6.713375596, 6.713432432
6.723375595, 6.723459834
6.733375592, 6.733447283
6.743375589, 6.743505138
6.753375592, 6.753445519
6.763375593, 6.763445695
6.773375600, 6.773435446
6.783375600, 6.783495255
6.793375606, 6.793434292
6.803375590, 6.803434791
6.813375595, 6.813450040
6.823375600, 6.823476350
6.833375595, 6.833463568
6.843375593, 6.843448311
6.853375595, 6.853445126
6.863375590, 6.863441466
6.873375593, 6.873471061
6.883375592, 6.883448802
6.893375604, 6.893466141
6.903375585, 6.903466710
6.913375590, 6.913457108
6.923375595, 6.923433779
6.933375596, 6.933444676
6.943375589, 6.943435294
6.953375593, 6.953447171
6.963375612, 6.963487393
6.973375585, 6.973472962
6.983375589, 6.983447927
6.993375589, 6.993459161
7.003375593, 7.003468969
7.013375614, 7.013488224
7.023375596, 7.023474650
7.033375593, 7.033441042
7.043375590, 7.043443443
7.053375615, 7.053436168
7.063375606, 7.063484300
7.073375587, 7.073450648
7.083375600, 7.083460009
7.093375593, 7.093453881
7.103375593, 7.103440025
7.113375596, 7.113439194
7.123375593, 7.123446926
7.133375598, 7.133441951
7.143375590, 7.143454432
7.153375590, 7.153437229
7.163375581, 7.163454399
7.173375589, 7.173440794
7.183375595, 7.183449121
7.193375590, 7.193443107
7.203375601, 7.203452119
7.213375590, 7.213444340
7.223375587, 7.223452942
7.233375600, 7.233438171
7.243375595, 7.243452648
7.253375589, 7.253444790
7.263375589, 7.263434904
7.273375593, 7.273443754
7.283375585, 7.283449047
7.293375595, 7.293448709
7.303375596, 7.303499443
7.313375589, 7.313443880
7.323375590, 7.323452143
7.333375607, 7.333462496
7.343375595, 7.343448412
7.353375593, 7.353454723
7.363375592, 7.363455976
7.373375593, 7.373506264
7.383375595, 7.383507191
7.393375592, 7.393458648
7.403375585, 7.403454928
7.413375590, 7.413458239
7.423375604, 7.423450349
7.433375595, 7.433455127
7.443375593, 7.443462273
7.453375595, 7.453447714
7.463375585, 7.463456976
7.473375595, 7.473450520
7.483375596, 7.483448797
7.493375589, 7.493492795
7.503375593, 7.503485461
7.513375593, 7.513453259
7.523375589, 7.523448764
7.533375592, 7.533497105
7.543375595, 7.543480730
7.553375595, 7.553433289
7.563375590, 7.563452864
7.573375596, 7.573436062
7.583375587, 7.583480880
7.593375593, 7.593487253
7.603375595, 7.603433272
7.613375590, 7.613440492
7.623375589, 7.623452676
7.633375596, 7.633445822
7.643375595, 7.643442654
7.653375593, 7.653442017
7.663375595, 7.663452478
7.673375590, 7.673453799
7.683375595, 7.683447526
7.693375595, 7.693448590
7.703375587, 7.703493006
7.713375589, 7.713452179
7.723375590, 7.723455356
7.733375593, 7.733453330
7.743375604, 7.743468415
7.753375596, 7.753434919
7.763375589, 7.763449414
7.773375595, 7.773437000
7.783375592, 7.783447684
7.793375593, 7.793451644
7.803375606, 7.803496745
7.813375593, 7.813434742
7.823375592, 7.823470629
7.833375593, 7.833438001
7.843375590, 7.843444713
7.853375595, 7.853486201
7.863375590, 7.863457442
7.873375589, 7.873436455
7.883375592, 7.883503583
7.893375596, 7.893447070
7.903375593, 7.903441261
7.913375589, 7.913438351
7.923375592, 7.923439880
7.933375596, 7.933435411
7.943375584, 7.943448361
7.953375595, 7.953444408
7.963375589, 7.963441593
7.973375592, 7.973440819
7.983375593, 7.983458013
7.993375589, 7.993430370
8.003375589, 8.003509356
8.013375584, 8.013523381
8.023375595, 8.023531487
8.033375592, 8.033528367
8.043375620, 8.043522040
8.053375590, 8.053542355
8.063375589, 8.063532889
8.073375596, 8.073535499
8.083375606, 8.083558254
8.093375585, 8.093535581
8.103375596, 8.103531449
8.113375596, 8.113523910
8.123375590, 8.123537627
8.133375589, 8.133512736
8.143375604, 8.143533197
8.153375595, 8.153528898
8.163375592, 8.163533336
8.173375587, 8.173522329
8.183375590, 8.183523321
8.193375592, 8.193575922
8.203375590, 8.203526002
8.213375592, 8.213513923
8.223375590, 8.223520618
8.233375585, 8.233543147
8.243375593, 8.243525329
8.253375593, 8.253519784
8.263375592, 8.263521390
8.273375589, 8.273521624
8.283375606, 8.283521385
8.293375595, 8.293513606
8.303375601, 8.303511790
8.313375584, 8.313515319
8.323375590, 8.323564990
8.333375590, 8.333512804
8.343375582, 8.343507698
8.353375592, 8.353541006
8.363375595, 8.363541824
8.373375596, 8.373524516
8.383375600, 8.383538401
8.393375592, 8.393509307
8.403375596, 8.403522863
8.413375595, 8.413520447
8.423375592, 8.423509826
8.433375589, 8.433578443
8.443375595, 8.443529798
8.453375598, 8.453513991
8.463375587, 8.463527248
8.473375581, 8.473503897
8.483375642, 8.483503114
8.493375593, 8.493515625
8.503375596, 8.503524458
8.513375595, 8.513497639
8.523375585, 8.523545195
8.533375589, 8.533536571
8.543375604, 8.543509428
8.553375603, 8.553514558
8.563375595, 8.563534457
8.573375596, 8.573515126
8.583375596, 8.583530614
8.593375663, 8.593514866
8.603375592, 8.603520193
8.613375596, 8.613518876
8.623375590, 8.623525385
8.633375593, 8.633514206
8.643375595, 8.643503425
8.653375587, 8.653526248
8.663375589, 8.663523588
8.673375593, 8.673503305
8.683375596, 8.683502522
8.693375592, 8.693513878
8.703375600, 8.703536729
8.713375589, 8.713520402
8.723375595, 8.723507826
8.733375589, 8.733531334
8.743375592, 8.743550870
8.753375595, 8.753543343
8.763375615, 8.763519726
8.773375595, 8.773516859
8.783375589, 8.783520894
8.793375592, 8.793504894
8.803375593, 8.803519761
8.813375589, 8.813574954
8.823375596, 8.823510251
8.833375590, 8.833515824
8.843375593, 8.843509733
8.853375593, 8.853507191
8.863375592, 8.863531662
8.873375590, 8.873531796
8.883375595, 8.883523698
8.893375596, 8.893508749
8.903375589, 8.903534705
8.913375595, 8.913512812
8.923375593, 8.923526502
8.933375596, 8.933518963
8.943375595, 8.943565732
8.953375593, 8.953537337
8.963375587, 8.963540048
8.973375595, 8.973514928
8.983375596, 8.983511606
8.993375587, 8.993524944
9.003375592, 9.003524608
9.013375593, 9.013521597
9.023375595, 9.023523360
9.033375589, 9.033515273
9.043375595, 9.043511948
9.053375592, 9.053505320
9.063375592, 9.063519012
9.073375596, 9.073502607
9.083375587, 9.083573092
9.093375592, 9.093529987
9.103375593, 9.103531268
9.113375596, 9.113518548
9.123375598, 9.123529468
9.133375589, 9.133463647
9.143375592, 9.143499870
9.153375596, 9.153505533
9.163375595, 9.163477410
9.173375589, 9.173465532
9.183375592, 9.183482309
9.193375596, 9.193481406
9.203375592, 9.203480947
9.213375590, 9.213492381
9.223375590, 9.223487941
9.233375595, 9.233490033
9.243375584, 9.243491096
9.253375590, 9.253493120
9.263375581, 9.263479102
9.273375593, 9.273486792
9.283375590, 9.283490842
9.293375592, 9.293483838
9.303375590, 9.303492690
9.313375585, 9.313483964
9.323375595, 9.323491486
9.333375593, 9.333452752
9.343375595, 9.343493110
9.353375585, 9.353449980
9.363375596, 9.363472578
9.373375589, 9.373470226
9.383375589, 9.383488631
9.393375593, 9.393483389
9.403375598, 9.403485211
9.413375596, 9.413489619
9.423375587, 9.423457562
9.433375592, 9.433481134
9.443375590, 9.443479666
9.453375590, 9.453487545
9.463375590, 9.463479252
9.473375595, 9.473481453
9.483375593, 9.483453231
9.493375590, 9.493482675
9.503375589, 9.503485137
9.513375596, 9.513486601
9.523375590, 9.523483564
9.533375589, 9.533494585
9.543375589, 9.543483757
9.553375596, 9.553492403
9.563375584, 9.563492926
9.573375595, 9.573474209
9.583375593, 9.583480268
9.593375595, 9.593436136
9.603375598, 9.603488058
9.613375589, 9.613489332
9.623375590, 9.623459523
9.633375592, 9.633484894
9.643375595, 9.643477907
9.653375584, 9.653443142
9.663375592, 9.663470726
9.673375585, 9.673471705
9.683375593, 9.683459780
9.693375595, 9.693456123
9.703375592, 9.703483089
9.713375593, 9.713435683
9.723375623, 9.723490774
9.733375592, 9.733495032
9.743375593, 9.743482941
9.753375590, 9.753444788
9.763375590, 9.763463312
9.773375593, 9.773492357
9.783375600, 9.783483945
9.793375585, 9.793441187
9.803375592, 9.803456981
9.813375596, 9.813486691
9.823375589, 9.823484550
9.833375585, 9.833485898
9.843375596, 9.843483503
9.853375592, 9.853458162
9.863375593, 9.863462815
9.873375593, 9.873447867
9.883375589, 9.883449923
9.893375598, 9.893478086
9.903375598, 9.903478441
9.913375592, 9.913466178
9.923375593, 9.923440293
9.933375589, 9.933488928
9.943375595, 9.943480527
9.953375589, 9.953470100
9.963375619, 9.963468090
9.973375590, 9.973485164
9.983375595, 9.983475878
9.993375592, 9.993475452
10.003375592, 10.003494055
10.013375596, 10.013478049
10.023375595, 10.023500514
10.033375596, 10.033495409
10.043375584, 10.043473082
10.053375593, 10.053533363
10.063375589, 10.063542358
10.073375587, 10.073541178
10.083375592, 10.083542718
10.093375598, 10.093546237
10.103375584, 10.103541404
10.113375592, 10.113541586
10.123375589, 10.123543395
10.133375595, 10.133544276
10.143375595, 10.143542936
10.153375595, 10.153541115
10.163375584, 10.163541917
10.173375589, 10.173434473
10.183375590, 10.183540724
10.193375592, 10.193540177
10.203375590, 10.203532622
10.213375593, 10.213539429
10.223375587, 10.223539408
10.233375592, 10.233539956
10.243375596, 10.243540550
10.253375587, 10.253543226
10.263375590, 10.263543559
10.273375592, 10.273541540
10.283375589, 10.283543300
10.293375596, 10.293532480
10.303375590, 10.303540836
10.313375593, 10.313534068
10.323375596, 10.323541431
10.333375595, 10.333543578
10.343375589, 10.343539250
10.353375590, 10.353539844
10.363375596, 10.363539489
10.373375592, 10.373542351
10.383375592, 10.383540654
10.393375592, 10.393540583
10.403375585, 10.403540450
10.413375592, 10.413540111
10.423375589, 10.423434058
10.433375595, 10.433544311
10.443375590, 10.443540814
10.453375590, 10.453540771
10.463375587, 10.463540581
10.473375592, 10.473538505
10.483375589, 10.483534239
10.493375592, 10.493543057
10.503375614, 10.503541289
10.513375592, 10.513540345
10.523375585, 10.523540258
10.533375596, 10.533540850
10.543375589, 10.543540935
10.553375592, 10.553542691
10.563375592, 10.563539811
10.573375596, 10.573540605
10.583375587, 10.583541930
10.593375590, 10.593540136
10.603375596, 10.603514656
10.613375587, 10.613540375
10.623375595, 10.623540992
10.633375593, 10.633517730
10.643375592, 10.643542283
10.653375592, 10.653540512
10.663375592, 10.663540487
10.673375595, 10.673543452
10.683375593, 10.683544385
10.693375589, 10.693541256
10.703375587, 10.703540409
10.713375595, 10.713539958
10.723375585, 10.723538802
10.733375590, 10.733532839
10.743375590, 10.743537496
10.753375596, 10.753533382
10.763375585, 10.763531264
10.773375595, 10.773532205
10.783375584, 10.783532908
10.793375593, 10.793534417
10.803375590, 10.803432943
10.813375590, 10.813425594
10.823375589, 10.823540384
10.833375595, 10.833539904
10.843375596, 10.843541676
10.853375592, 10.853540357
10.863375589, 10.863533773
10.873375589, 10.873540425
10.883375587, 10.883533353
10.893375590, 10.893542380
10.903375592, 10.903541995
10.913375596, 10.913540499
10.923375593, 10.923540520
10.933375598, 10.933543436
10.943375592, 10.943541046
10.953375589, 10.953541695
10.963375593, 10.963542083
10.973375589, 10.973534321
10.983375592, 10.983540447
10.993375596, 10.993541387
11.003375587, 11.003542378
11.013375595, 11.013534095
11.023375595, 11.023541181
11.033375592, 11.033540375
11.043375593, 11.043540278
11.053375592, 11.053540908
11.063375590, 11.063543438
11.073375590, 11.073539285
11.083375595, 11.083541014
11.093375596, 11.093547239
11.103375592, 11.103541275
11.113375592, 11.113546608
11.123375587, 11.123534116
11.133375590, 11.133546307
11.143375596, 11.143543354
11.153375589, 11.153547089
11.163375593, 11.163544642
11.173375590, 11.173541342
11.183375590, 11.183534584
11.193375598, 11.193538835
11.203375596, 11.203544555
11.213375591, 11.213541435
11.223375591, 11.223531395
11.233375594, 11.233540906
11.243375590, 11.243540411
11.253375594, 11.253543068
11.263375590, 11.263540876
11.273375596, 11.273543335
11.283375590, 11.283541982
11.293375591, 11.293532391
11.303375591, 11.303533443
11.313375591, 11.313538748
11.323375593, 11.323541637
11.333375590, 11.333540639
11.343375590, 11.343540962
11.353375593, 11.353543728
11.363375585, 11.363539192
11.373375594, 11.373541599
11.383375588, 11.383541067
11.393375591, 11.393541066
11.403375594, 11.403540660
11.413375588, 11.413543088
11.423375587, 11.423542480
11.433375598, 11.433540227
11.443375596, 11.443542231
11.453375590, 11.453540742
11.463375590, 11.463533907
11.473375591, 11.473540483
11.483375588, 11.483539826
11.493375588, 11.493542951
11.503375593, 11.503541168
11.513375590, 11.513541809
11.523375596, 11.523541513
11.533375594, 11.533543099
11.543375583, 11.543540453
11.553375588, 11.553539730
11.563375590, 11.563539528
11.573375593, 11.573541759
11.583375587, 11.583541656
11.593375583, 11.593540813
11.603375585, 11.603542135
11.613375593, 11.613539981
11.623375594, 11.623431893
11.633375591, 11.633535543
11.643375590, 11.643542678
11.653375593, 11.653560346
11.663375590, 11.663540837
11.673375602, 11.673540998
11.683375594, 11.683541980
11.693375593, 11.693533733
11.703375587, 11.703540758
11.713375593, 11.713539103
11.723375585, 11.723538866
11.733375587, 11.733513246
11.743375591, 11.743544018
11.753375587, 11.753540859
11.763375587, 11.763539135
11.773375590, 11.773540497
11.783375583, 11.783542910
11.793375593, 11.793540445
11.803375588, 11.803541304
11.813375596, 11.813540321
11.823375593, 11.823541118
11.833375588, 11.833534592
11.843375590, 11.843535459
11.853375588, 11.853540947
11.863375596, 11.863541587
11.873375593, 11.873517220
11.883375615, 11.883540486
11.893375593, 11.893540109
11.903375591, 11.903541249
11.913375588, 11.913542324
11.923375596, 11.923540925
11.933375590, 11.933534344
11.943375590, 11.943540538
11.953375594, 11.953540698
11.963375588, 11.963539122
11.973375590, 11.973540578
11.983375591, 11.983540548
11.993375596, 11.993433740
12.003375590, 12.003534539
12.013375596, 12.013540974
12.023375585, 12.023512811
12.033375596, 12.033518492
12.043375591, 12.043514815
------------------------------
