------------------------------
test was performed using the following parameters: --mps=100 --burst=1 --reply-every=1 --msg-size=12 --time=10
------------------------------
sockperf: [Total Run] RunTime=10.100 sec; SentMessages=1011; ReceivedMessages=1010
sockperf: ========= Printing statistics for Server No: 0
sockperf: [Valid Duration] RunTime=9.990 sec; SentMessages=1000; ReceivedMessages=1000
sockperf: [2;35m====> avg-lat= 72.075 (std-dev=17.044)[0m
sockperf: # dropped messages = 0; # duplicated messages = 0; # out-of-order messages = 0
sockperf: [2;35mTotal 1000 observations[0m; each percentile contains 10.00 observations
sockperf: ---> <MAX> observation =  137.610
sockperf: ---> percentile  99.99 =  137.610
sockperf: ---> percentile  99.90 =  118.156
sockperf: ---> percentile  99.50 =  110.852
sockperf: ---> percentile  99.00 =  106.326
sockperf: ---> percentile  95.00 =   96.484
sockperf: ---> percentile  90.00 =   93.141
sockperf: ---> percentile  75.00 =   82.656
sockperf: ---> percentile  50.00 =   73.666
sockperf: ---> percentile  25.00 =   63.356
sockperf: ---> <MIN> observation =   21.498
------------------------------
txTime, rxTime
2.063785558, 2.063942116
2.073785554, 2.073918125
2.083785540, 2.083938396
2.093785542, 2.093894610
2.103785528, 2.103910153
2.113785554, 2.113926989
2.123785538, 2.123923562
2.133785557, 2.133950402
2.143785536, 2.143950593
2.153785536, 2.153859506
2.163785538, 2.163917789
2.173785562, 2.173908756
2.183785545, 2.183873606
2.193785540, 2.193918542
2.203785538, 2.203897954
2.213785537, 2.213910940
2.223785540, 2.223906650
2.233785535, 2.233901839
2.243785540, 2.243863582
2.253785530, 2.253914740
2.263785544, 2.263916314
2.273785541, 2.273893161
2.283785536, 2.283859510
2.293785541, 2.293907202
2.303785538, 2.303943709
2.313785539, 2.313897594
2.323785541, 2.323928672
2.333785617, 2.333923201
2.343785530, 2.343903294
2.353785535, 2.353937929
2.363785538, 2.363913961
2.373785544, 2.373894318
2.383785533, 2.383898818
2.393785531, 2.393912245
2.403785538, 2.403914039
2.413785542, 2.413873292
2.423785539, 2.423880691
2.433785539, 2.433917492
2.443785538, 2.443852260
2.453785541, 2.453862472
2.463785536, 2.463891642
2.473785541, 2.473865859
2.483785544, 2.483869146
2.493785541, 2.493889604
2.503785625, 2.503905173
2.513785535, 2.513895084
2.523785541, 2.523856774
2.533785531, 2.533963917
2.543785527, 2.543948528
2.553785535, 2.553948803
2.563785609, 2.563922464
2.573785535, 2.573981201
2.583785531, 2.583942530
2.593785542, 2.593964547
2.603785539, 2.603965422
2.613785531, 2.613966188
2.623785542, 2.623938363
2.633785542, 2.633944653
2.643785536, 2.643971281
2.653785542, 2.653926567
2.663785544, 2.663930686
2.673785537, 2.673935410
2.683785536, 2.683984226
2.693785558, 2.693968319
2.703785534, 2.703939660
2.713785533, 2.714003209
2.723785540, 2.723937824
2.733785539, 2.733939400
2.743785608, 2.743929214
2.753785544, 2.753936435
2.763785539, 2.763935745
2.773785537, 2.773925810
2.783785533, 2.783927566
2.793785526, 2.793931123
2.803785537, 2.803923864
2.813785591, 2.813908143
2.823785531, 2.823948734
2.833785544, 2.833902103
2.843785539, 2.843870200
2.853785529, 2.853891989
2.863785537, 2.863924224
2.873785540, 2.873882385
2.883785537, 2.883907372
2.893785537, 2.893918167
2.903785536, 2.903906324
2.913785529, 2.913895881
2.923785537, 2.923907061
2.933785542, 2.933913124
2.943785600, 2.943856415
2.953785537, 2.953894416
2.963785545, 2.963970654
2.973785540, 2.973914067
2.983785542, 2.983905196
2.993785539, 2.993915036
3.003785542, 3.003869383
3.013785544, 3.013915780
3.023785534, 3.023892201
3.033785542, 3.033881992
3.043785540, 3.043850922
3.053785537, 3.053894983
3.063785536, 3.063863136
3.073785544, 3.073901895
3.083785544, 3.083844968
3.093785545, 3.093851483
3.103785539, 3.103851672
3.113785540, 3.113840988
3.123785544, 3.123901838
3.133785544, 3.133921143
3.143785542, 3.143896273
3.153785536, 3.153916459
3.163785539, 3.163929058
3.173785542, 3.173927342
3.183785540, 3.183885936
3.193785545, 3.193891722
3.203785539, 3.203906684
3.213785542, 3.213914517
3.223785536, 3.223952201
3.233785537, 3.233894386
3.243785544, 3.243898990
3.253785537, 3.253932199
3.263785539, 3.263913981
3.273785534, 3.273943435
3.283785540, 3.283921841
3.293785531, 3.293882416
3.303785545, 3.303943961
3.313785545, 3.313977211
3.323785545, 3.323929464
3.333785537, 3.333922912
3.343785542, 3.343946349
3.353785537, 3.353935026
3.363785544, 3.363932912
3.373785540, 3.373924287
3.383785542, 3.383939236
3.393785539, 3.393928875
3.403785537, 3.403930137
3.413785539, 3.413942267
3.423785542, 3.423927058
3.433785534, 3.433935039
3.443785537, 3.443942673
3.453785544, 3.453940061
3.463785539, 3.463880439
3.473785528, 3.473942127
3.483785607, 3.483917670
3.493785540, 3.493921887
3.503785540, 3.503892090
3.513785542, 3.513862192
3.523785545, 3.523938454
3.533785542, 3.533896415
3.543785540, 3.543939727
3.553785540, 3.554013983
3.563785534, 3.563933525
3.573785536, 3.573948857
3.583785537, 3.583953294
3.593785544, 3.593985327
3.603785544, 3.603936346
3.613785540, 3.613941184
3.623785539, 3.623959502
3.633785540, 3.633949012
3.643785539, 3.643995957
3.653785540, 3.653932620
3.663785545, 3.663974064
3.673785539, 3.673931142
3.683785531, 3.683926998
3.693785540, 3.693946734
3.703785534, 3.703941692
3.713785544, 3.714003384
3.723785547, 3.723929631
3.733785544, 3.733925632
3.743785540, 3.743968597
3.753785544, 3.753977549
3.763785547, 3.763923417
3.773785540, 3.773936171
3.783785544, 3.783933501
3.793785539, 3.793912695
3.803785542, 3.803930626
3.813785536, 3.813924550
3.823785533, 3.823940281
3.833785536, 3.833952276
3.843785542, 3.843940023
3.853785539, 3.853944059
3.863785529, 3.863941195
3.873785542, 3.873971825
3.883785536, 3.883963123
3.893785544, 3.893936141
3.903785534, 3.903978503
3.913785540, 3.913927111
3.923785545, 3.923870977
3.933785540, 3.933909753
3.943785545, 3.943903908
3.953785539, 3.953974846
3.963785558, 3.963906220
3.973785547, 3.973872806
3.983785544, 3.983891659
3.993785533, 3.993857934
4.003785537, 4.003899827
4.013785533, 4.013899332
4.023785539, 4.023891973
4.033785531, 4.033898245
4.043785536, 4.043897311
4.053785539, 4.053887720
4.063785537, 4.063845445
4.073785536, 4.073884102
4.083785539, 4.083897256
4.093785602, 4.093894575
4.103785542, 4.103868874
4.113785537, 4.113969276
4.123785533, 4.123911202
4.133785537, 4.133886038
4.143785698, 4.143922867
4.153785539, 4.153889242
4.163785544, 4.163884074
4.173785539, 4.173897435
4.183785539, 4.183956613
4.193785539, 4.193910378
4.203785537, 4.203915151
4.213785540, 4.213852414
4.223785542, 4.223865928
4.233785540, 4.233899863
4.243785537, 4.243879135
4.253785536, 4.253907606
4.263785545, 4.263848055
4.273785544, 4.273899917
4.283785545, 4.283897327
4.293785537, 4.293900379
4.303785544, 4.303890232
4.313785540, 4.313896784
4.323785544, 4.323907890
4.333785536, 4.333854568
4.343785540, 4.343919337
4.353785536, 4.353905740
4.363785542, 4.363895737
4.373785529, 4.373863097
4.383785540, 4.383869992
4.393785537, 4.393895167
4.403785544, 4.403906242
4.413785542, 4.413884109
4.423785544, 4.423859064
4.433785534, 4.433846264
4.443785539, 4.443991492
4.453785540, 4.453854719
4.463785545, 4.463941771
4.473785540, 4.473861187
4.483785542, 4.483851323
4.493785537, 4.493859262
4.503785542, 4.503842807
4.513785545, 4.513861897
4.523785545, 4.523920256
4.533785544, 4.533912456
4.543785542, 4.543931883
4.553785537, 4.553955448
4.563785545, 4.563929229
4.573785539, 4.573945276
4.583785548, 4.583937150
4.593785529, 4.593946887
4.603785540, 4.603931030
4.613785542, 4.613929655
4.623785534, 4.623927407
4.633785537, 4.633943663
4.643785534, 4.643941751
4.653785540, 4.653982420
4.663785536, 4.663928081
4.673785531, 4.673971936
4.683785542, 4.683997086
4.693785536, 4.693944948
4.703785537, 4.703929608
4.713785542, 4.713960642
4.723785544, 4.724003406
4.733785539, 4.733916842
4.743785537, 4.743912748
4.753785544, 4.753898859
4.763785536, 4.763881445
4.773785540, 4.773906556
4.783785534, 4.783901267
4.793785529, 4.793872057
4.803785542, 4.803857347
4.813785539, 4.813876293
4.823785529, 4.823933531
4.833785536, 4.833904399
4.843785537, 4.843855043
4.853785540, 4.853911640
4.863785545, 4.863842502
4.873785540, 4.873833824
4.883785537, 4.883854863
4.893785536, 4.893828532
4.903785536, 4.903921862
4.913785539, 4.913923215
4.923785544, 4.923929699
4.933785540, 4.933919877
4.943785542, 4.943928218
4.953785545, 4.953932443
4.963785544, 4.963938241
4.973785536, 4.973936002
4.983785542, 4.983928376
4.993785608, 4.993933931
5.003785537, 5.003934712
5.013785542, 5.013932015
5.023785537, 5.023907535
5.033785600, 5.033934019
5.043785539, 5.043935356
5.053785539, 5.053937159
5.063785604, 5.063939229
5.073785542, 5.073941186
5.083785542, 5.083928941
5.093785544, 5.093925228
5.103785749, 5.103928766
5.113785537, 5.113941883
5.123785542, 5.123933556
5.133785537, 5.133932967
5.143785600, 5.143923339
5.153785539, 5.153945921
5.163785537, 5.163927970
5.173785544, 5.173977689
5.183785540, 5.183962681
5.193785536, 5.193994533
5.203785537, 5.203932971
5.213785544, 5.213947597
5.223785544, 5.223901715
5.233785537, 5.233916809
5.243785539, 5.243916215
5.253785540, 5.253849477
5.263785542, 5.263863782
5.273785540, 5.273915121
5.283785536, 5.283869670
5.293785537, 5.293892553
5.303785536, 5.303876462
5.313785539, 5.313920442
5.323785545, 5.323902264
5.333785556, 5.333909170
5.343785540, 5.343864867
5.353785534, 5.353884521
5.363785539, 5.363898751
5.373785540, 5.373966301
5.383785545, 5.383898781
5.393785545, 5.393907888
5.403785537, 5.403929762
5.413785540, 5.413915691
5.423785544, 5.423910250
5.433785537, 5.433886179
5.443785534, 5.443875676
5.453785545, 5.453902538
5.463785539, 5.463892341
5.473785542, 5.473936163
5.483785536, 5.483875199
5.493785536, 5.493866769
5.503785542, 5.503890375
5.513785542, 5.513867440
5.523785536, 5.523900973
5.533785529, 5.533836387
5.543785539, 5.543885336
5.553785539, 5.553906870
5.563785542, 5.563896501
5.573785545, 5.573866354
5.583785540, 5.583907712
5.593785545, 5.593926545
5.603785537, 5.603911313
5.613785539, 5.613859267
5.623785540, 5.623882107
5.633785531, 5.633900318
5.643785545, 5.643912870
5.653785542, 5.653908662
5.663785534, 5.663904240
5.673785534, 5.673859454
5.683785600, 5.683890589
5.693785537, 5.693887688
5.703785539, 5.703909450
5.713785539, 5.713877686
5.723785545, 5.723859944
5.733785531, 5.733878755
5.743785540, 5.743888370
5.753785528, 5.753895332
5.763785533, 5.763923545
5.773785533, 5.773896975
5.783785536, 5.783895829
5.793785537, 5.793901055
5.803785542, 5.803888002
5.813785539, 5.813892944
5.823785539, 5.823879300
5.833785545, 5.833905061
5.843785537, 5.843903188
5.853785540, 5.853895382
5.863785534, 5.863955009
5.873785545, 5.873932105
5.883785539, 5.883932178
5.893785539, 5.893932637
5.903785602, 5.903911534
5.913785534, 5.913970848
5.923785539, 5.923931698
5.933785537, 5.933917711
5.943785545, 5.943934450
5.953785544, 5.953942442
5.963785539, 5.963923344
5.973785547, 5.973943598
5.983785545, 5.983925555
5.993785545, 5.993941197
6.003785611, 6.003939929
6.013785544, 6.013927137
6.023785539, 6.023947291
6.033785536, 6.033942240
6.043785540, 6.043921179
6.053785536, 6.053980119
6.063785540, 6.063915224
6.073785626, 6.073926072
6.083785537, 6.083953946
6.093785698, 6.093920753
6.103785529, 6.103929657
6.113785536, 6.113929473
6.123785539, 6.123931529
6.133785540, 6.133963337
6.143785600, 6.143875438
6.153785537, 6.153855105
6.163785542, 6.163842294
6.173785539, 6.173951456
6.183785536, 6.183934592
6.193785544, 6.193960748
6.203785537, 6.203935691
6.213785534, 6.214060755
6.223785544, 6.223905203
6.233785536, 6.233927520
6.243785542, 6.243977918
6.253785537, 6.253988511
6.263785542, 6.263956605
6.273785539, 6.273942621
6.283785542, 6.283928993
6.293785544, 6.293946570
6.303785544, 6.303924505
6.313785630, 6.313936796
6.323785542, 6.323930795
6.333785539, 6.333974958
6.343785537, 6.343935781
6.353785545, 6.353933950
6.363785536, 6.363940379
6.373785539, 6.374010197
6.383785533, 6.383939957
6.393785533, 6.393940401
6.403785539, 6.403949255
6.413785536, 6.413938206
6.423785545, 6.423917428
6.433785610, 6.433933095
6.443785537, 6.443924550
6.453785539, 6.453918993
6.463785537, 6.463926055
6.473785537, 6.473917199
6.483785539, 6.483944328
6.493785539, 6.493930026
6.503785540, 6.503939913
6.513785542, 6.513930122
6.523785533, 6.523932898
6.533785561, 6.533936889
6.543785545, 6.543891073
6.553785542, 6.553849714
6.563785539, 6.563905784
6.573785536, 6.573868994
6.583785533, 6.583936807
6.593785536, 6.593993156
6.603785537, 6.603955067
6.613785599, 6.613933359
6.623785547, 6.623945098
6.633785529, 6.634003403
6.643785542, 6.643936261
6.653785539, 6.653942067
6.663785545, 6.663916912
6.673785613, 6.673933978
6.683785545, 6.683993175
6.693785540, 6.693961362
6.703785540, 6.703947132
6.713785539, 6.713976823
6.723785537, 6.723921920
6.733785542, 6.733979985
6.743785537, 6.743951589
6.753785537, 6.753952585
6.763785539, 6.763924498
6.773785537, 6.773950703
6.783785542, 6.783961419
6.793785687, 6.793957087
6.803785540, 6.803970553
6.813785542, 6.813951391
6.823785540, 6.823971385
6.833785537, 6.833925981
6.843785529, 6.843923881
6.853785531, 6.853933345
6.863785624, 6.863920704
6.873785533, 6.873933627
6.883785534, 6.883929402
6.893785540, 6.893984493
6.903785537, 6.903940320
6.913785542, 6.913956343
6.923785544, 6.923955100
6.933785536, 6.933986815
6.943785544, 6.943966662
6.953785542, 6.953932847
6.963785544, 6.963951729
6.973785539, 6.973945848
6.983785536, 6.983980452
6.993785534, 6.993927482
7.003785542, 7.003948613
7.013785547, 7.013922852
7.023785540, 7.023952779
7.033785531, 7.034012087
7.043785542, 7.043951661
7.053785537, 7.053924175
7.063785544, 7.063969896
7.073785531, 7.073902569
7.083785545, 7.083943309
7.093785545, 7.093921737
7.103785540, 7.103951624
7.113785533, 7.113983426
7.123785534, 7.123918723
7.133785536, 7.133974909
7.143785542, 7.143927964
7.153785545, 7.153971200
7.163785528, 7.163927776
7.173785537, 7.173942578
7.183785539, 7.183991759
7.193785539, 7.193933691
7.203785542, 7.203934527
7.213785540, 7.213944367
7.223785540, 7.223923178
7.233785533, 7.233927334
7.243785536, 7.243939862
7.253785537, 7.253943453
7.263785537, 7.263930673
7.273785540, 7.273933015
7.283785531, 7.283942098
7.293785537, 7.293917254
7.303785531, 7.303938299
7.313785534, 7.313939821
7.323785616, 7.323925875
7.333785537, 7.333932975
7.343785539, 7.343919804
7.353785537, 7.353931267
7.363785540, 7.363918036
7.373785537, 7.373925179
7.383785539, 7.383945038
7.393785531, 7.393932622
7.403785539, 7.403916808
7.413785537, 7.413938754
7.423785542, 7.423940734
7.433785537, 7.433995716
7.443785540, 7.443928010
7.453785547, 7.453951917
7.463785544, 7.463984599
7.473785534, 7.473934065
7.483785542, 7.483969906
7.493785626, 7.493940447
7.503785600, 7.503934816
7.513785536, 7.513954233
7.523785533, 7.523887859
7.533785542, 7.533911274
7.543785539, 7.543893083
7.553785540, 7.553923057
7.563785544, 7.563878974
7.573785534, 7.573929047
7.583785837, 7.583868689
7.593785539, 7.593913697
7.603785545, 7.603895518
7.613785531, 7.613898001
7.623785528, 7.623883323
7.633785539, 7.633865607
7.643785604, 7.643842616
7.653785536, 7.653887677
7.663785533, 7.663894019
7.673785604, 7.673923571
7.683785536, 7.683846538
7.693785545, 7.693886663
7.703785540, 7.703885497
7.713785533, 7.713902220
7.723785539, 7.723994722
7.733785537, 7.733863937
7.743785537, 7.743880930
7.753785539, 7.753847294
7.763785542, 7.763942828
7.773785596, 7.773925645
7.783785531, 7.783930601
7.793785540, 7.793925408
7.803785537, 7.803949675
7.813785531, 7.813895982
7.823785539, 7.823924053
7.833785537, 7.833936945
7.843785539, 7.843928007
7.853785536, 7.853926464
7.863785540, 7.863925548
7.873785547, 7.873923952
7.883785536, 7.883942180
7.893785528, 7.893930132
7.903785540, 7.903937840
7.913785537, 7.913966509
7.923785537, 7.923946012
7.933785542, 7.933942117
7.943785545, 7.943929113
7.953785534, 7.953934639
7.963785533, 7.963952708
7.973785533, 7.973964994
7.983785537, 7.983943701
7.993785547, 7.993957917
8.003785539, 8.003942537
8.013785536, 8.013934579
8.023785604, 8.023934960
8.033785529, 8.033939714
8.043785531, 8.043965207
8.053785611, 8.053945453
8.063785610, 8.063949067
8.073785534, 8.073937666
8.083785537, 8.083937006
8.093785542, 8.093944264
8.103785531, 8.103935172
8.113785547, 8.113932055
8.123785544, 8.123943873
8.133785540, 8.133937361
8.143785545, 8.143957260
8.153785533, 8.153950796
8.163785542, 8.163946044
8.173785544, 8.173932349
8.183785539, 8.183940423
8.193785544, 8.193945807
8.203785536, 8.203935994
8.213785537, 8.213929990
8.223785544, 8.223934278
8.233785619, 8.233946745
8.243785545, 8.243949303
8.253785544, 8.253941160
8.263785537, 8.263935659
8.273785544, 8.273928624
8.283785597, 8.283932421
8.293785544, 8.293942823
8.303785539, 8.303922619
8.313785540, 8.313930370
8.323785605, 8.323938778
8.333785539, 8.333926665
8.343785539, 8.343927045
8.353785542, 8.353942948
8.363785544, 8.363936209
8.373785536, 8.373931499
8.383785540, 8.383940338
8.393785536, 8.393986695
8.403785539, 8.403939496
8.413785539, 8.413868975
8.423785539, 8.423850084
8.433785534, 8.433848854
8.443785537, 8.443903687
8.453785537, 8.453994014
8.463785539, 8.463925490
8.473785536, 8.473979849
8.483785540, 8.483922510
8.493785542, 8.493962150
8.503785537, 8.503928109
8.513785536, 8.513952369
8.523785624, 8.523939150
8.533785537, 8.533948180
8.543785607, 8.543939755
8.553785539, 8.553933904
8.563785537, 8.563970884
8.573785545, 8.573927192
8.583785544, 8.583939717
8.593785544, 8.593976347
8.603785542, 8.603963677
8.613785536, 8.613927547
8.623785539, 8.623955647
8.633785539, 8.633966699
8.643785545, 8.643990049
8.653785544, 8.653939662
8.663785537, 8.663944157
8.673785544, 8.673957748
8.683785534, 8.683945122
8.693785533, 8.693939370
8.703785608, 8.703962785
8.713785544, 8.713952549
8.723785544, 8.723953469
8.733785534, 8.733998188
8.743785540, 8.743947845
8.753785604, 8.753936454
8.763785536, 8.763941241
8.773785544, 8.773930676
8.783785539, 8.783951500
8.793785536, 8.793942839
8.803785537, 8.803934488
8.813785534, 8.813941841
8.823785536, 8.823949691
8.833785539, 8.833935658
8.843785604, 8.843931374
8.853785526, 8.853944001
8.863785536, 8.863944380
8.873785529, 8.873946019
8.883785545, 8.883939724
8.893785539, 8.893943008
8.903785537, 8.903932050
8.913785529, 8.913927591
8.923785705, 8.923940320
8.933785542, 8.933938151
8.943785537, 8.943937963
8.953785536, 8.953939452
8.963785540, 8.963934662
8.973785539, 8.973983909
8.983785531, 8.983931821
8.993785545, 8.993943863
9.003785537, 9.003949629
9.013785540, 9.013946476
9.023785537, 9.023934881
9.033785531, 9.033938247
9.043785547, 9.043862693
9.053785531, 9.053882699
9.063785547, 9.063917016
9.073785534, 9.073858558
9.083785531, 9.083864245
9.093785537, 9.093942280
9.103785536, 9.103853553
9.113785537, 9.113937710
9.123785545, 9.123927388
9.133785542, 9.133930534
9.143785540, 9.143927361
9.153785537, 9.153982775
9.163785540, 9.163952595
9.173785539, 9.173945134
9.183785537, 9.183922059
9.193785533, 9.193940530
9.203785536, 9.203972809
9.213785539, 9.213918702
9.223785537, 9.223940500
9.233785537, 9.233929443
9.243785544, 9.243928082
9.253785539, 9.253942220
9.263785537, 9.263941861
9.273785544, 9.273947272
9.283785537, 9.283949481
9.293785542, 9.293941806
9.303785540, 9.303937764
9.313785545, 9.313941149
9.323785539, 9.323942566
9.333785531, 9.333929968
9.343785539, 9.343949287
9.353785545, 9.353967082
9.363785537, 9.363985595
9.373785540, 9.373942063
9.383785540, 9.383913656
9.393785536, 9.393930688
9.403785545, 9.403945698
9.413785533, 9.413938729
9.423785537, 9.423934714
9.433785539, 9.433928957
9.443785550, 9.443944064
9.453785540, 9.453946303
9.463785539, 9.463943431
9.473785536, 9.473941055
9.483785540, 9.483944310
9.493785540, 9.493946246
9.503785542, 9.503940587
9.513785533, 9.513951979
9.523785533, 9.523935284
9.533785534, 9.533944204
9.543785539, 9.543931291
9.553785540, 9.553932890
9.563785545, 9.563930716
9.573785604, 9.573962531
9.583785540, 9.583928284
9.593785544, 9.593926439
9.603785599, 9.603923718
9.613785542, 9.613932876
9.623785536, 9.623931169
9.633785534, 9.633939496
9.643785533, 9.643930305
9.653785539, 9.653986637
9.663785528, 9.663955263
9.673785539, 9.673919547
9.683785544, 9.683916811
9.693785537, 9.693914194
9.703785542, 9.703899403
9.713785537, 9.713904511
9.723785544, 9.723870672
9.733785540, 9.733859063
9.743785545, 9.743877400
9.753785536, 9.753864671
9.763785540, 9.763858122
9.773785531, 9.773917865
9.783785545, 9.783862050
9.793785544, 9.793858616
9.803785539, 9.803858065
9.813785533, 9.813880116
9.823785544, 9.823856598
9.833785545, 9.833860538
9.843785536, 9.843983587
9.853785607, 9.853947777
9.863785544, 9.863993297
9.873785526, 9.874021838
9.883785537, 9.883985154
9.893785559, 9.893985358
9.903785539, 9.903978927
9.913785536, 9.913961744
9.923785599, 9.923962010
9.933785539, 9.933992387
9.943785539, 9.943983503
9.953785539, 9.953994909
9.963785539, 9.964007243
9.973785540, 9.973989867
9.983785531, 9.983993718
9.993785531, 9.993974026
10.003785539, 10.003954761
10.013785563, 10.013941291
10.023785542, 10.023959008
10.033785540, 10.033905746
10.043785544, 10.043895562
10.053785553, 10.053946928
10.063785537, 10.063953346
10.073785540, 10.073937120
10.083785542, 10.083940875
10.093785544, 10.093970796
10.103785537, 10.103971105
10.113785540, 10.113974187
10.123785537, 10.123967064
10.133785539, 10.133973719
10.143785544, 10.143974863
10.153785544, 10.153969888
10.163785542, 10.163974538
10.173785540, 10.173967581
10.183785537, 10.183966272
10.193785537, 10.193972520
10.203785536, 10.203971642
10.213785544, 10.213973074
10.223785537, 10.223973835
10.233785540, 10.233969001
10.243785537, 10.243964384
10.253785534, 10.253976684
10.263785536, 10.263973273
10.273785529, 10.273973177
10.283785540, 10.283977287
10.293785539, 10.293974986
10.303785539, 10.303972170
10.313785540, 10.313977652
10.323785534, 10.323970354
10.333785545, 10.333967116
10.343785540, 10.343969465
10.353785534, 10.353968762
10.363785540, 10.363969972
10.373785536, 10.373972043
10.383785544, 10.383970071
10.393785544, 10.393973591
10.403785544, 10.403969486
10.413785537, 10.413966464
10.423785537, 10.423966385
10.433785540, 10.433971582
10.443785529, 10.443965388
10.453785540, 10.453967335
10.463785539, 10.463972138
10.473785540, 10.473970316
10.483785540, 10.483976343
10.493785531, 10.493971442
10.503785545, 10.503971012
10.513785542, 10.513973441
10.523785539, 10.523971860
10.533785539, 10.533972070
10.543785545, 10.543971865
10.553785537, 10.553969504
10.563785545, 10.563973011
10.573785536, 10.573970000
10.583785545, 10.583972964
10.593785533, 10.593968500
10.603785539, 10.603973194
10.613785536, 10.613969113
10.623785540, 10.623973416
10.633785543, 10.633968146
10.643785537, 10.643972968
10.653785532, 10.653968623
10.663785538, 10.663967213
10.673785542, 10.673969056
10.683785535, 10.683972910
10.693785543, 10.693973458
10.703785543, 10.703969286
10.713785545, 10.713975756
10.723785538, 10.723971280
10.733785542, 10.733970417
10.743785540, 10.743972449
10.753785537, 10.753970180
10.763785542, 10.763968195
10.773785538, 10.773970440
10.783785538, 10.783966220
10.793785535, 10.793971025
10.803785538, 10.803973614
10.813785545, 10.813972755
10.823785543, 10.823967696
10.833785537, 10.833971222
10.843785542, 10.843969616
10.853785542, 10.853970442
10.863785534, 10.863972081
10.873785545, 10.873967932
10.883785529, 10.883969779
10.893785537, 10.893969905
10.903785529, 10.903970287
10.913785538, 10.913972673
10.923785540, 10.923970455
10.933785540, 10.933977105
10.943785540, 10.943913433
10.953785532, 10.953912045
10.963785538, 10.963913798
10.973785531, 10.973896482
10.983785534, 10.983914336
10.993785543, 10.993912680
11.003785537, 11.003922250
11.013785534, 11.013913845
11.023785535, 11.023915389
11.033785543, 11.033915358
11.043785543, 11.043910435
11.053785545, 11.053918081
11.063785543, 11.063917338
11.073785534, 11.073916259
11.083785535, 11.083915674
11.093785535, 11.093914014
11.103785538, 11.103916436
11.113785538, 11.113918083
11.123785540, 11.123907779
11.133785535, 11.133914202
11.143785545, 11.143915332
11.153785543, 11.153915097
11.163785535, 11.163915031
11.173785538, 11.173912056
11.183785540, 11.183918634
11.193785542, 11.193916886
11.203785542, 11.203916166
11.213785545, 11.213917061
11.223785545, 11.223909781
11.233785537, 11.233912126
11.243785540, 11.243911445
11.253785534, 11.253913837
11.263785543, 11.263915045
11.273785538, 11.273912778
11.283785535, 11.283915871
11.293785532, 11.293913596
11.303785537, 11.303913929
11.313785540, 11.313912696
11.323785538, 11.323912036
11.333785545, 11.333914338
11.343785542, 11.343910672
11.353785540, 11.353916191
11.363785543, 11.363915727
11.373785540, 11.373915036
11.383785542, 11.383917158
11.393785540, 11.393912085
11.403785538, 11.403914316
11.413785538, 11.413915915
11.423785543, 11.423913079
11.433785534, 11.433912809
11.443785538, 11.443914011
11.453785540, 11.453917355
11.463785537, 11.463916477
11.473785538, 11.473915307
11.483785545, 11.483915457
11.493785537, 11.493914358
11.503785535, 11.503918899
11.513785545, 11.513915386
11.523785537, 11.523911717
11.533785532, 11.533914925
11.543785542, 11.543916401
11.553785535, 11.553919521
11.563785542, 11.563916278
11.573785538, 11.573951806
11.583785542, 11.583952653
11.593785535, 11.593945071
11.603785543, 11.603952222
11.613785538, 11.613951734
11.623785537, 11.623944098
11.633785545, 11.633952627
11.643785538, 11.643948582
11.653785531, 11.653953835
11.663785542, 11.663944886
11.673785540, 11.673945131
11.683785545, 11.683944993
11.693785538, 11.693946827
11.703785542, 11.703953199
11.713785543, 11.713952021
11.723785543, 11.723950856
11.733785535, 11.733951427
11.743785537, 11.743948292
11.753785537, 11.753951585
11.763785537, 11.763951988
11.773785537, 11.773945391
11.783785535, 11.783951184
11.793785540, 11.793954460
11.803785540, 11.803944559
11.813785537, 11.813953444
11.823785535, 11.823944007
11.833785545, 11.833950778
11.843785543, 11.843952749
11.853785538, 11.853952634
11.863785543, 11.863951413
11.873785529, 11.873951664
11.883785540, 11.883945309
11.893785540, 11.893947038
11.903785540, 11.903951609
11.913785540, 11.913951959
11.923785538, 11.923944637
11.933785532, 11.933947973
11.943785535, 11.943953758
11.953785535, 11.953951871
11.963785537, 11.963951146
11.973785538, 11.973944796
11.983785545, 11.983945701
11.993785532, 11.993946797
12.003785538, 12.003946132
12.013785537, 12.013952029
12.023785538, 12.023944229
12.033785540, 12.033948205
12.043785537, 12.043951413
12.053785542, 12.053954868
------------------------------
