------------------------------
test was performed using the following parameters: --mps=100 --burst=1 --reply-every=1 --msg-size=12 --time=10
------------------------------
sockperf: [Total Run] RunTime=10.100 sec; SentMessages=1011; ReceivedMessages=1010
sockperf: ========= Printing statistics for Server No: 0
sockperf: [Valid Duration] RunTime=9.980 sec; SentMessages=999; ReceivedMessages=999
sockperf: [2;35m====> avg-lat= 69.544 (std-dev=18.682)[0m
sockperf: # dropped messages = 0; # duplicated messages = 0; # out-of-order messages = 0
sockperf: [2;35mTotal 999 observations[0m; each percentile contains 9.99 observations
sockperf: ---> <MAX> observation =  134.139
sockperf: ---> percentile  99.99 =  134.139
sockperf: ---> percentile  99.90 =  133.173
sockperf: ---> percentile  99.50 =  111.216
sockperf: ---> percentile  99.00 =  107.464
sockperf: ---> percentile  95.00 =   92.086
sockperf: ---> percentile  90.00 =   90.364
sockperf: ---> percentile  75.00 =   86.123
sockperf: ---> percentile  50.00 =   70.214
sockperf: ---> percentile  25.00 =   55.136
sockperf: ---> <MIN> observation =   26.707
------------------------------
txTime, rxTime
2.063505479, 2.063727913
2.073505503, 2.073720432
2.083505485, 2.083639800
2.093505503, 2.093668177
2.103505495, 2.103662739
2.113505486, 2.113702455
2.123505480, 2.123718893
2.133505500, 2.133714868
2.143505486, 2.143687658
2.153505480, 2.153677394
2.163505497, 2.163721694
2.173505552, 2.173681096
2.183505477, 2.183611103
2.193505478, 2.193735368
2.203505487, 2.203671467
2.213505486, 2.213699298
2.223505493, 2.223672100
2.233505495, 2.233712697
2.243505478, 2.243596517
2.253505488, 2.253665164
2.263505484, 2.263692137
2.273505497, 2.273673989
2.283505488, 2.283659359
2.293505501, 2.293610944
2.303505477, 2.303698430
2.313505501, 2.313647301
2.323505491, 2.323671551
2.333505502, 2.333676435
2.343505492, 2.343679352
2.353505495, 2.353695450
2.363505480, 2.363697087
2.373505502, 2.373643756
2.383505476, 2.383630366
2.393505480, 2.393609704
2.403505477, 2.403639362
2.413505481, 2.413620643
2.423505471, 2.423623857
2.433505494, 2.433646532
2.443505471, 2.443616005
2.453505476, 2.453638723
2.463505477, 2.463679375
2.473505479, 2.473614492
2.483505471, 2.483618959
2.493505478, 2.493639112
2.503505477, 2.503583675
2.513505478, 2.513638156
2.523505479, 2.523659894
2.533505482, 2.533680515
2.543505469, 2.543686905
2.553505478, 2.553639814
2.563505474, 2.563624770
2.573505476, 2.573651135
2.583505490, 2.583627310
2.593505476, 2.593659216
2.603505490, 2.603684132
2.613505478, 2.613665274
2.623505479, 2.623656019
2.633505481, 2.633593664
2.643505546, 2.643578735
2.653505481, 2.653590106
2.663505467, 2.663650942
2.673505481, 2.673667845
2.683505477, 2.683653662
2.693505476, 2.693667690
2.703505480, 2.703632798
2.713505476, 2.713651662
2.723505473, 2.723587460
2.733505475, 2.733645251
2.743505474, 2.743654784
2.753505480, 2.753647896
2.763505475, 2.763639399
2.773505570, 2.773667754
2.783505469, 2.783607941
2.793505473, 2.793643268
2.803505475, 2.803638707
2.813505473, 2.813645495
2.823505472, 2.823648197
2.833505473, 2.833649066
2.843505477, 2.843582824
2.853505479, 2.853636236
2.863505475, 2.863665010
2.873505475, 2.873623335
2.883505479, 2.883608933
2.893505479, 2.893586721
2.903505471, 2.903601679
2.913505480, 2.913590567
2.923505473, 2.923595224
2.933505475, 2.933581637
2.943505473, 2.943567489
2.953505549, 2.953593325
2.963505468, 2.963611365
2.973505477, 2.973567930
2.983505471, 2.983584811
2.993505552, 2.993559431
3.003505476, 3.003564898
3.013505480, 3.013647152
3.023505469, 3.023649133
3.033505543, 3.033616467
3.043505476, 3.043621904
3.053505546, 3.053623992
3.063505477, 3.063598928
3.073505472, 3.073575762
3.083505469, 3.083579493
3.093505481, 3.093580604
3.103505476, 3.103576119
3.113505486, 3.113597361
3.123505469, 3.123572440
3.133505549, 3.133581321
3.143505469, 3.143569832
3.153505470, 3.153599046
3.163505471, 3.163590512
3.173505478, 3.173574325
3.183505488, 3.183583245
3.193505467, 3.193577457
3.203505474, 3.203575862
3.213505470, 3.213568390
3.223505479, 3.223598416
3.233505478, 3.233559238
3.243505473, 3.243573478
3.253505477, 3.253601922
3.263505476, 3.263599351
3.273505477, 3.273585568
3.283505482, 3.283596670
3.293505546, 3.293586549
3.303505610, 3.303586896
3.313505476, 3.313570115
3.323505472, 3.323597216
3.333505475, 3.333569674
3.343505474, 3.343577529
3.353505479, 3.353589461
3.363505477, 3.363587283
3.373505473, 3.373580785
3.383505472, 3.383587365
3.393505473, 3.393580705
3.403505474, 3.403568562
3.413505481, 3.413607071
3.423505479, 3.423595808
3.433505468, 3.433571149
3.443505475, 3.443613970
3.453505473, 3.453609117
3.463505477, 3.463599416
3.473505475, 3.473649316
3.483505474, 3.483614750
3.493505473, 3.493610241
3.503505469, 3.503602881
3.513505531, 3.513628400
3.523505479, 3.523638748
3.533505481, 3.533598917
3.543505537, 3.543616656
3.553505476, 3.553617320
3.563505475, 3.563621765
3.573505533, 3.573653808
3.583505542, 3.583660189
3.593505471, 3.593668160
3.603505477, 3.603609129
3.613505468, 3.613642328
3.623505477, 3.623640856
3.633505480, 3.633632582
3.643505472, 3.643581664
3.653505474, 3.653654697
3.663505489, 3.663644869
3.673505476, 3.673584596
3.683505469, 3.683616917
3.693505473, 3.693626621
3.703505475, 3.703643857
3.713505471, 3.713655875
3.723505479, 3.723641331
3.733505478, 3.733636679
3.743505479, 3.743693013
3.753505481, 3.753655812
3.763505479, 3.763688430
3.773505522, 3.773648900
3.783505483, 3.783672477
3.793505479, 3.793689652
3.803505479, 3.803672237
3.813505495, 3.813630218
3.823505576, 3.823657487
3.833505586, 3.833631616
3.843505480, 3.843626077
3.853505473, 3.853625256
3.863505477, 3.863627831
3.873505471, 3.873619601
3.883505472, 3.883654107
3.893505476, 3.893617859
3.903505480, 3.903635753
3.913505577, 3.913615557
3.923505477, 3.923649299
3.933505473, 3.933680827
3.943505486, 3.943661613
3.953505472, 3.953665171
3.963505475, 3.963658593
3.973505474, 3.973670160
3.983505475, 3.983615469
3.993505471, 3.993654931
4.003505477, 4.003675396
4.013505478, 4.013661880
4.023505476, 4.023659868
4.033505480, 4.033609004
4.043505469, 4.043636279
4.053505473, 4.053675296
4.063505479, 4.063619910
4.073505473, 4.073629980
4.083505480, 4.083637378
4.093505473, 4.093607084
4.103505477, 4.103592968
4.113505475, 4.113625113
4.123505476, 4.123646025
4.133505475, 4.133630213
4.143505477, 4.143666996
4.153505477, 4.153583564
4.163505571, 4.163635307
4.173505477, 4.173614208
4.183505474, 4.183655331
4.193505474, 4.193615466
4.203505477, 4.203660993
4.213505473, 4.213613220
4.223505469, 4.223623775
4.233505473, 4.233655889
4.243505471, 4.243649767
4.253505482, 4.253618403
4.263505471, 4.263647711
4.273505471, 4.273624753
4.283505477, 4.283691334
4.293505477, 4.293631163
4.303505475, 4.303656944
4.313505478, 4.313644079
4.323505472, 4.323650106
4.333505475, 4.333622937
4.343505475, 4.343700836
4.353505476, 4.353706804
4.363505484, 4.363645914
4.373505480, 4.373644769
4.383505474, 4.383643591
4.393505473, 4.393723148
4.403505469, 4.403672264
4.413505480, 4.413584435
4.423505478, 4.423585502
4.433505473, 4.433599239
4.443505481, 4.443598529
4.453505469, 4.453601146
4.463505480, 4.463592591
4.473505476, 4.473604389
4.483505475, 4.483602357
4.493505476, 4.493563523
4.503505475, 4.503607524
4.513505466, 4.513613915
4.523505478, 4.523632324
4.533505476, 4.533689938
4.543505480, 4.543657034
4.553505480, 4.553616073
4.563505475, 4.563650586
4.573505468, 4.573628192
4.583505475, 4.583635937
4.593505477, 4.593615393
4.603505480, 4.603714116
4.613505482, 4.613636871
4.623505473, 4.623637892
4.633505468, 4.633638121
4.643505476, 4.643602357
4.653505480, 4.653650996
4.663505474, 4.663697768
4.673505478, 4.673659031
4.683505478, 4.683634887
4.693505471, 4.693645122
4.703505470, 4.703645069
4.713505477, 4.713636492
4.723505472, 4.723731939
4.733505480, 4.733609396
4.743505475, 4.743688098
4.753505468, 4.753632102
4.763505477, 4.763628066
4.773505474, 4.773676001
4.783505475, 4.783666632
4.793505473, 4.793680687
4.803505484, 4.803706572
4.813505471, 4.813581765
4.823505475, 4.823773755
4.833505482, 4.833721915
4.843505477, 4.843650018
4.853505474, 4.853628056
4.863505483, 4.863607859
4.873505480, 4.873605498
4.883505475, 4.883673766
4.893505480, 4.893624307
4.903505479, 4.903679976
4.913505480, 4.913697845
4.923505480, 4.923624916
4.933505473, 4.933647182
4.943505475, 4.943666564
4.953505482, 4.953681009
4.963505478, 4.963694952
4.973505476, 4.973650818
4.983505475, 4.983657249
4.993505473, 4.993661251
5.003505477, 5.003613438
5.013505483, 5.013585241
5.023505479, 5.023574283
5.033505469, 5.033604291
5.043505482, 5.043604086
5.053505478, 5.053601165
5.063505471, 5.063583831
5.073505472, 5.073577784
5.083505476, 5.083668861
5.093505481, 5.093629266
5.103505477, 5.103645215
5.113505470, 5.113665870
5.123505476, 5.123665311
5.133505476, 5.133652925
5.143505472, 5.143665117
5.153505478, 5.153642652
5.163505476, 5.163633860
5.173505473, 5.173578815
5.183505474, 5.183644773
5.193505480, 5.193671649
5.203505474, 5.203632485
5.213505480, 5.213633917
5.223505473, 5.223699445
5.233505473, 5.233649551
5.243505472, 5.243677719
5.253505473, 5.253665318
5.263505473, 5.263669703
5.273505471, 5.273625886
5.283505473, 5.283622817
5.293505567, 5.293700501
5.303505473, 5.303621569
5.313505476, 5.313660701
5.323505475, 5.323632678
5.333505474, 5.333657856
5.343505481, 5.343694181
5.353505474, 5.353621210
5.363505477, 5.363650019
5.373505477, 5.373594447
5.383505477, 5.383616398
5.393505473, 5.393669291
5.403505480, 5.403694935
5.413505470, 5.413675930
5.423505565, 5.423683660
5.433505473, 5.433656309
5.443505471, 5.443630836
5.453505473, 5.453637804
5.463505479, 5.463589089
5.473505473, 5.473654863
5.483505475, 5.483722637
5.493505477, 5.493633646
5.503505480, 5.503612006
5.513505477, 5.513645276
5.523505476, 5.523654897
5.533505477, 5.533601900
5.543505473, 5.543600029
5.553505473, 5.553615995
5.563505474, 5.563634475
5.573505470, 5.573607238
5.583505477, 5.583581500
5.593505468, 5.593588863
5.603505475, 5.603624572
5.613505481, 5.613634176
5.623505474, 5.623607749
5.633505473, 5.633580323
5.643505474, 5.643586124
5.653505481, 5.653659093
5.663505471, 5.663633717
5.673505482, 5.673640368
5.683505474, 5.683621119
5.693505473, 5.693634593
5.703505477, 5.703621138
5.713505478, 5.713645263
5.723505466, 5.723631662
5.733505476, 5.733709813
5.743505472, 5.743645041
5.753505476, 5.753704003
5.763505477, 5.763598969
5.773505473, 5.773630832
5.783505471, 5.783659493
5.793505482, 5.793672622
5.803505476, 5.803630898
5.813505481, 5.813644555
5.823505479, 5.823651793
5.833505470, 5.833640539
5.843505469, 5.843606399
5.853505484, 5.853631337
5.863505471, 5.863614967
5.873505483, 5.873655563
5.883505479, 5.883571842
5.893505481, 5.893632027
5.903505472, 5.903572203
5.913505476, 5.913663930
5.923505471, 5.923712704
5.933505478, 5.933646801
5.943505480, 5.943753687
5.953505471, 5.953647718
5.963505472, 5.963665793
5.973505479, 5.973693923
5.983505471, 5.983654567
5.993505473, 5.993636165
6.003505477, 6.003640731
6.013505481, 6.013641076
6.023505474, 6.023714868
6.033505478, 6.033663430
6.043505475, 6.043620243
6.053505473, 6.053644873
6.063505477, 6.063674624
6.073505476, 6.073669079
6.083505467, 6.083687177
6.093505482, 6.093685436
6.103505478, 6.103771825
6.113505479, 6.113683314
6.123505476, 6.123656221
6.133505474, 6.133684208
6.143505471, 6.143661483
6.153505471, 6.153640988
6.163505471, 6.163574653
6.173505475, 6.173595449
6.183505478, 6.183576041
6.193505479, 6.193595165
6.203505476, 6.203630456
6.213505472, 6.213640570
6.223505569, 6.223577678
6.233505474, 6.233593997
6.243505475, 6.243580048
6.253505474, 6.253600953
6.263505470, 6.263599209
6.273505472, 6.273597338
6.283505479, 6.283588478
6.293505479, 6.293576858
6.303505475, 6.303633638
6.313505471, 6.313612516
6.323505476, 6.323661815
6.333505472, 6.333613934
6.343505479, 6.343599967
6.353505475, 6.353636981
6.363505471, 6.363587099
6.373505476, 6.373590590
6.383505477, 6.383605902
6.393505478, 6.393644511
6.403505479, 6.403600031
6.413505475, 6.413625206
6.423505479, 6.423577770
6.433505576, 6.433591220
6.443505472, 6.443602670
6.453505481, 6.453593407
6.463505477, 6.463582880
6.473505479, 6.473590885
6.483505477, 6.483577134
6.493505479, 6.493612228
6.503505475, 6.503578377
6.513505473, 6.513606176
6.523505475, 6.523574933
6.533505482, 6.533577200
6.543505480, 6.543633135
6.553505468, 6.553598674
6.563505475, 6.563615748
6.573505471, 6.573578406
6.583505477, 6.583610888
6.593505571, 6.593605631
6.603505480, 6.603676727
6.613505478, 6.613606640
6.623505469, 6.623625564
6.633505479, 6.633587336
6.643505474, 6.643642251
6.653505479, 6.653626155
6.663505479, 6.663657290
6.673505475, 6.673637733
6.683505466, 6.683660003
6.693505482, 6.693592259
6.703505477, 6.703675255
6.713505478, 6.713596847
6.723505479, 6.723614804
6.733505476, 6.733629056
6.743505485, 6.743658595
6.753505482, 6.753603722
6.763505474, 6.763654232
6.773505574, 6.773638234
6.783505480, 6.783680624
6.793505474, 6.793636735
6.803505478, 6.803645124
6.813505474, 6.813624473
6.823505478, 6.823641859
6.833505475, 6.833670884
6.843505480, 6.843711913
6.853505492, 6.853632704
6.863505472, 6.863635039
6.873505479, 6.873639538
6.883505472, 6.883642703
6.893505476, 6.893641857
6.903505475, 6.903619532
6.913505470, 6.913647819
6.923505469, 6.923582834
6.933505471, 6.933619574
6.943505477, 6.943636655
6.953505474, 6.953580957
6.963505477, 6.963591420
6.973505476, 6.973573823
6.983505478, 6.983582671
6.993505477, 6.993589093
7.003505478, 7.003576270
7.013505474, 7.013581382
7.023505473, 7.023580337
7.033505480, 7.033621756
7.043505478, 7.043577127
7.053505480, 7.053580235
7.063505475, 7.063651743
7.073505482, 7.073635279
7.083505473, 7.083612613
7.093505476, 7.093638121
7.103505469, 7.103645709
7.113505480, 7.113600892
7.123505475, 7.123653971
7.133505479, 7.133631154
7.143505481, 7.143590033
7.153505476, 7.153658567
7.163505473, 7.163587103
7.173505480, 7.173619397
7.183505480, 7.183617162
7.193505574, 7.193591177
7.203505483, 7.203627177
7.213505476, 7.213609202
7.223505475, 7.223623133
7.233505480, 7.233620360
7.243505481, 7.243673688
7.253505474, 7.253634692
7.263505477, 7.263650141
7.273505469, 7.273617401
7.283505470, 7.283642657
7.293505476, 7.293645616
7.303505488, 7.303631456
7.313505473, 7.313679018
7.323505472, 7.323653427
7.333505473, 7.333647971
7.343505469, 7.343629511
7.353505471, 7.353673034
7.363505562, 7.363633289
7.373505478, 7.373632397
7.383505471, 7.383613102
7.393505484, 7.393628552
7.403505469, 7.403658609
7.413505479, 7.413644742
7.423505472, 7.423647073
7.433505479, 7.433688426
7.443505473, 7.443637204
7.453505469, 7.453678286
7.463505471, 7.463664991
7.473505477, 7.473621643
7.483505477, 7.483631831
7.493505473, 7.493651356
7.503505472, 7.503596477
7.513505479, 7.513672309
7.523505477, 7.523669223
7.533505481, 7.533636785
7.543505479, 7.543710286
7.553505473, 7.553669225
7.563505479, 7.563661884
7.573505478, 7.573679071
7.583505491, 7.583674380
7.593505479, 7.593657084
7.603505475, 7.603648262
7.613505470, 7.613662922
7.623505472, 7.623633713
7.633505471, 7.633661766
7.643505474, 7.643640229
7.653505473, 7.653659873
7.663505474, 7.663651954
7.673505473, 7.673658706
7.683505485, 7.683672295
7.693505481, 7.693658570
7.703505471, 7.703644648
7.713505471, 7.713651760
7.723505480, 7.723695482
7.733505479, 7.733667835
7.743505480, 7.743664031
7.753505481, 7.753665465
7.763505472, 7.763648982
7.773505481, 7.773641155
7.783505475, 7.783670411
7.793505487, 7.793653934
7.803505477, 7.803649170
7.813505477, 7.813663409
7.823505472, 7.823674144
7.833505476, 7.833654839
7.843505479, 7.843647891
7.853505479, 7.853649556
7.863505480, 7.863566787
7.873505475, 7.873637575
7.883505471, 7.883647323
7.893505476, 7.893626420
7.903505483, 7.903624256
7.913505471, 7.913663278
7.923505480, 7.923628221
7.933505476, 7.933640763
7.943505475, 7.943661800
7.953505481, 7.953677664
7.963505477, 7.963625490
7.973505476, 7.973602926
7.983505475, 7.983606748
7.993505479, 7.993610499
8.003505474, 8.003629724
8.013505476, 8.013638505
8.023505483, 8.023651962
8.033505495, 8.033602956
8.043505490, 8.043623304
8.053505479, 8.053626861
8.063505475, 8.063709358
8.073505498, 8.073615340
8.083505475, 8.083639390
8.093505475, 8.093674814
8.103505474, 8.103640022
8.113505583, 8.113642994
8.123505482, 8.123664590
8.133505473, 8.133621482
8.143505482, 8.143701388
8.153505479, 8.153670259
8.163505477, 8.163684533
8.173505479, 8.173645540
8.183505471, 8.183689450
8.193505480, 8.193665850
8.203505472, 8.203666645
8.213505478, 8.213607595
8.223505474, 8.223652682
8.233505473, 8.233685809
8.243505467, 8.243615979
8.253505477, 8.253704898
8.263505473, 8.263653349
8.273505471, 8.273607524
8.283505475, 8.283615092
8.293505477, 8.293608779
8.303505484, 8.303596827
8.313505477, 8.313607787
8.323505475, 8.323604262
8.333505479, 8.333600663
8.343505477, 8.343598383
8.353505474, 8.353644456
8.363505481, 8.363629370
8.373505480, 8.373658563
8.383505483, 8.383626795
8.393505474, 8.393597829
8.403505481, 8.403606407
8.413505471, 8.413644210
8.423505473, 8.423612855
8.433505474, 8.433596275
8.443505480, 8.443598371
8.453505482, 8.453595620
8.463505478, 8.463611776
8.473505471, 8.473600153
8.483505480, 8.483596422
8.493505473, 8.493602422
8.503505475, 8.503664022
8.513505474, 8.513600889
8.523505481, 8.523603212
8.533505473, 8.533600951
8.543505473, 8.543602830
8.553505480, 8.553607879
8.563505478, 8.563624188
8.573505482, 8.573609074
8.583505483, 8.583684068
8.593505474, 8.593623109
8.603505475, 8.603638757
8.613505480, 8.613601868
8.623505477, 8.623598293
8.633505476, 8.633663570
8.643505481, 8.643632668
8.653505476, 8.653667854
8.663505481, 8.663620325
8.673505473, 8.673610205
8.683505479, 8.683668777
8.693505487, 8.693632995
8.703505480, 8.703627735
8.713505475, 8.713629831
8.723505477, 8.723628818
8.733505481, 8.733632264
8.743505479, 8.743637077
8.753505475, 8.753664655
8.763505545, 8.763688299
8.773505478, 8.773623215
8.783505474, 8.783634060
8.793505489, 8.793633112
8.803505472, 8.803702160
8.813505476, 8.813665378
8.823505477, 8.823705528
8.833505473, 8.833615330
8.843505474, 8.843644208
8.853505470, 8.853633911
8.863505479, 8.863644473
8.873505478, 8.873643676
8.883505479, 8.883646061
8.893505479, 8.893663747
8.903505469, 8.903683445
8.913505473, 8.913627692
8.923505479, 8.923673381
8.933505478, 8.933624581
8.943505482, 8.943713059
8.953505481, 8.953623517
8.963505567, 8.963651981
8.973505469, 8.973598438
8.983505479, 8.983601743
8.993505473, 8.993625309
9.003505479, 9.003624102
9.013505480, 9.013648030
9.023505476, 9.023667050
9.033505473, 9.033609909
9.043505477, 9.043631275
9.053505481, 9.053613033
9.063505479, 9.063665835
9.073505477, 9.073600606
9.083505478, 9.083616790
9.093505477, 9.093683288
9.103505480, 9.103640006
9.113505477, 9.113644782
9.123505474, 9.123629927
9.133505578, 9.133622237
9.143505474, 9.143592159
9.153505481, 9.153656665
9.163505479, 9.163618396
9.173505475, 9.173633756
9.183505473, 9.183652246
9.193505475, 9.193628181
9.203505473, 9.203635005
9.213505480, 9.213628359
9.223505480, 9.223646842
9.233505477, 9.233644773
9.243505477, 9.243647884
9.253505469, 9.253670149
9.263505475, 9.263649848
9.273505471, 9.273666115
9.283505478, 9.283645666
9.293505475, 9.293649172
9.303505484, 9.303671680
9.313505477, 9.313674047
9.323505471, 9.323665828
9.333505479, 9.333658229
9.343505475, 9.343655434
9.353505479, 9.353629779
9.363505475, 9.363676393
9.373505476, 9.373656662
9.383505476, 9.383639046
9.393505473, 9.393688171
9.403505478, 9.403636669
9.413505480, 9.413631915
9.423505479, 9.423639231
9.433505475, 9.433676226
9.443505474, 9.443574237
9.453505476, 9.453634332
9.463505474, 9.463644378
9.473505475, 9.473614971
9.483505471, 9.483652483
9.493505476, 9.493587176
9.503505477, 9.503587564
9.513505480, 9.513591979
9.523505481, 9.523567477
9.533505471, 9.533588239
9.543505472, 9.543595717
9.553505479, 9.553620475
9.563505483, 9.563594407
9.573505570, 9.573592060
9.583505472, 9.583567141
9.593505480, 9.593589660
9.603505475, 9.603558891
9.613505476, 9.613577752
9.623505475, 9.623646951
9.633505477, 9.633589658
9.643505473, 9.643620080
9.653505474, 9.653617014
9.663505478, 9.663620470
9.673505476, 9.673615491
9.683505477, 9.683575151
9.693505474, 9.693647898
9.703505480, 9.703636404
9.713505476, 9.713652295
9.723505478, 9.723654732
9.733505474, 9.733602237
9.743505467, 9.743600552
9.753505480, 9.753609849
9.763505480, 9.763585529
9.773505477, 9.773613181
9.783505473, 9.783621070
9.793505473, 9.793643940
9.803505480, 9.803637130
9.813505477, 9.813602885
9.823505488, 9.823650569
9.833505476, 9.833644929
9.843505478, 9.843602833
9.853505474, 9.853627184
9.863505470, 9.863662275
9.873505471, 9.873649273
9.883505479, 9.883628434
9.893505475, 9.893638470
9.903505473, 9.903644329
9.913505474, 9.913670494
9.923505469, 9.923657683
9.933505533, 9.933678050
9.943505477, 9.943705169
9.953505474, 9.953673797
9.963505548, 9.963689454
9.973505473, 9.973669849
9.983505475, 9.983689536
9.993505476, 9.993669894
10.003505554, 10.003718553
10.013505479, 10.013681772
10.023505497, 10.023644491
10.033505486, 10.033676514
10.043505472, 10.043676142
10.053505478, 10.053680243
10.063505482, 10.063682371
10.073505473, 10.073679354
10.083505479, 10.083677190
10.093505479, 10.093678253
10.103505466, 10.103676124
10.113505473, 10.113658333
10.123505472, 10.123677086
10.133505487, 10.133678159
10.143505475, 10.143682730
10.153505470, 10.153675593
10.163505471, 10.163679551
10.173505475, 10.173675765
10.183505475, 10.183680548
10.193505479, 10.193678799
10.203505479, 10.203682697
10.213505476, 10.213680425
10.223505469, 10.223679104
10.233505470, 10.233677242
10.243505474, 10.243678045
10.253505475, 10.253679073
10.263505469, 10.263673782
10.273505468, 10.273673373
10.283505475, 10.283676076
10.293505478, 10.293678227
10.303505475, 10.303680725
10.313505475, 10.313676323
10.323505471, 10.323677429
10.333505481, 10.333676317
10.343505474, 10.343677336
10.353505471, 10.353674984
10.363505467, 10.363676077
10.373505482, 10.373689338
10.383505475, 10.383684963
10.393505478, 10.393675810
10.403505474, 10.403677888
10.413505475, 10.413684954
10.423505472, 10.423655885
10.433505475, 10.433684505
10.443505472, 10.443682741
10.453505475, 10.453688649
10.463505466, 10.463687862
10.473505475, 10.473674831
10.483505469, 10.483682226
10.493505476, 10.493685220
10.503505469, 10.503683930
10.513505471, 10.513682714
10.523505474, 10.523683627
10.533505476, 10.533686218
10.543505479, 10.543687719
10.553505471, 10.553682082
10.563505477, 10.563682533
10.573505476, 10.573683606
10.583505474, 10.583676624
10.593505473, 10.593678018
10.603505472, 10.603685251
10.613505473, 10.613686662
10.623505471, 10.623685130
10.633505471, 10.633686201
10.643505472, 10.643682664
10.653505479, 10.653679948
10.663505479, 10.663685841
10.673505470, 10.673681319
10.683505477, 10.683685195
10.693505479, 10.693686503
10.703505471, 10.703687831
10.713505471, 10.713681727
10.723505479, 10.723685573
10.733505471, 10.733681246
10.743505471, 10.743683632
10.753505471, 10.753689130
10.763505467, 10.763687059
10.773505473, 10.773684472
10.783505477, 10.783686395
10.793505475, 10.793687628
10.803505479, 10.803685754
10.813505475, 10.813683870
10.823505469, 10.823677096
10.833505478, 10.833684884
10.843505472, 10.843683542
10.853505475, 10.853684391
10.863505475, 10.863684791
10.873505475, 10.873685780
10.883505467, 10.883681431
10.893505475, 10.893680436
10.903505472, 10.903686519
10.913505478, 10.913683603
10.923505474, 10.923683076
10.933505473, 10.933684279
10.943505474, 10.943677721
10.953505479, 10.953684901
10.963505472, 10.963681467
10.973505479, 10.973683763
10.983505475, 10.983684756
10.993505476, 10.993684559
11.003505466, 11.003682657
11.013505478, 11.013684788
11.023505472, 11.023687391
11.033505475, 11.033684280
11.043505475, 11.043686123
11.053505468, 11.053681506
11.063505472, 11.063681110
11.073505479, 11.073680626
11.083505474, 11.083684251
11.093505479, 11.093688292
11.103505469, 11.103686250
11.113505478, 11.113678261
11.123505467, 11.123684084
11.133505471, 11.133677890
11.143505474, 11.143674904
11.153505478, 11.153684855
11.163505471, 11.163684050
11.173505467, 11.173684201
11.183505475, 11.183687552
11.193505471, 11.193674060
11.203505474, 11.203675439
11.213505476, 11.213685744
11.223505483, 11.223683650
11.233505478, 11.233677453
11.243505466, 11.243676179
11.253505470, 11.253687085
11.263505472, 11.263689363
11.273505471, 11.273681572
11.283505477, 11.283681807
11.293505473, 11.293687418
11.303505482, 11.303687241
11.313505475, 11.313685569
11.323505475, 11.323682453
11.333505471, 11.333689303
11.343505474, 11.343679067
11.353505475, 11.353659636
11.363505474, 11.363674869
11.373505478, 11.373676682
11.383505474, 11.383681781
11.393505468, 11.393683029
11.403505475, 11.403685965
11.413505468, 11.413686230
11.423505469, 11.423689396
11.433505479, 11.433680634
11.443505472, 11.443682350
11.453505475, 11.453686216
11.463505471, 11.463684569
11.473505475, 11.473682156
11.483505471, 11.483681546
11.493505476, 11.493687364
11.503505477, 11.503687002
11.513505471, 11.513684265
11.523505475, 11.523675926
11.533505476, 11.533682845
11.543505469, 11.543681580
11.553505471, 11.553674479
11.563505471, 11.563682768
11.573505476, 11.573684928
11.583505475, 11.583686983
11.593505478, 11.593683339
11.603505467, 11.603681083
11.613505475, 11.613682044
11.623505472, 11.623683431
11.633505479, 11.633680351
11.643505479, 11.643685655
11.653505470, 11.653684789
11.663505472, 11.663677548
11.673505476, 11.673681780
11.683505474, 11.683679441
11.693505470, 11.693684264
11.703505479, 11.703687910
11.713505473, 11.713681549
11.723505472, 11.723684842
11.733505475, 11.733681178
11.743505479, 11.743687876
11.753505475, 11.753686749
11.763505472, 11.763676491
11.773505479, 11.773679672
11.783505469, 11.783683627
11.793505478, 11.793685792
11.803505472, 11.803688043
11.813505479, 11.813683081
11.823505475, 11.823686575
11.833505467, 11.833685134
11.843505477, 11.843682314
11.853505479, 11.853685810
11.863505483, 11.863685970
11.873505476, 11.873683967
11.883505474, 11.883688837
11.893505471, 11.893683518
11.903505475, 11.903686838
11.913505473, 11.913687224
11.923505479, 11.923675948
11.933505478, 11.933683938
11.943505475, 11.943678898
11.953505470, 11.953684785
11.963505474, 11.963686151
11.973505473, 11.973681529
11.983505479, 11.983688675
11.993505476, 11.993681270
12.003505479, 12.003677229
12.013505471, 12.013684545
12.023505469, 12.023682640
12.033505471, 12.033682476
12.043505477, 12.043689125
------------------------------
