------------------------------
test was performed using the following parameters: --mps=100 --burst=1 --reply-every=1 --msg-size=12 --time=10
------------------------------
sockperf: [Total Run] RunTime=10.100 sec; SentMessages=1011; ReceivedMessages=1010
sockperf: ========= Printing statistics for Server No: 0
sockperf: [Valid Duration] RunTime=9.990 sec; SentMessages=1000; ReceivedMessages=1000
sockperf: [2;35m====> avg-lat= 62.223 (std-dev=19.489)[0m
sockperf: # dropped messages = 0; # duplicated messages = 0; # out-of-order messages = 0
sockperf: [2;35mTotal 1000 observations[0m; each percentile contains 10.00 observations
sockperf: ---> <MAX> observation =  209.877
sockperf: ---> percentile  99.99 =  209.877
sockperf: ---> percentile  99.90 =  167.190
sockperf: ---> percentile  99.50 =  119.509
sockperf: ---> percentile  99.00 =  116.729
sockperf: ---> percentile  95.00 =   91.425
sockperf: ---> percentile  90.00 =   89.951
sockperf: ---> percentile  75.00 =   72.937
sockperf: ---> percentile  50.00 =   55.361
sockperf: ---> percentile  25.00 =   47.584
sockperf: ---> <MIN> observation =   28.852
------------------------------
txTime, rxTime
2.063073651, 2.063176986
2.073073648, 2.073171334
2.083073655, 2.083196446
2.093073661, 2.093247187
2.103073652, 2.103173124
2.113073653, 2.113184966
2.123073662, 2.123173340
2.133073655, 2.133183216
2.143073655, 2.143182248
2.153073655, 2.153159392
2.163073654, 2.163173625
2.173073650, 2.173154135
2.183073654, 2.183131359
2.193073659, 2.193160254
2.203073655, 2.203164293
2.213073653, 2.213146153
2.223073655, 2.223158683
2.233073669, 2.233174541
2.243073655, 2.243158240
2.253073651, 2.253151473
2.263073657, 2.263148823
2.273073658, 2.273168241
2.283073655, 2.283164072
2.293073656, 2.293164424
2.303073657, 2.303184885
2.313073694, 2.313152348
2.323073654, 2.323202537
2.333073658, 2.333144653
2.343073649, 2.343244013
2.353073648, 2.353178136
2.363073658, 2.363162711
2.373073651, 2.373175741
2.383073654, 2.383161096
2.393073658, 2.393173848
2.403073652, 2.403251600
2.413073650, 2.413173824
2.423073651, 2.423170541
2.433073650, 2.433195908
2.443073647, 2.443216893
2.453073656, 2.453168270
2.463073644, 2.463145896
2.473073661, 2.473177628
2.483073652, 2.483173334
2.493073655, 2.493215955
2.503073646, 2.503206581
2.513073645, 2.513177132
2.523073646, 2.523173953
2.533073648, 2.533204112
2.543073655, 2.543178308
2.553073650, 2.553170918
2.563073652, 2.563199973
2.573073658, 2.573209608
2.583073649, 2.583180333
2.593073666, 2.593209304
2.603073655, 2.603168765
2.613073653, 2.613174677
2.623073649, 2.623235542
2.633073653, 2.633166476
2.643073651, 2.643164532
2.653073651, 2.653164272
2.663073654, 2.663171040
2.673073648, 2.673207613
2.683073651, 2.683165495
2.693073648, 2.693169975
2.703073646, 2.703203916
2.713073650, 2.713166934
2.723073649, 2.723169189
2.733073648, 2.733198373
2.743073651, 2.743184724
2.753073666, 2.753208993
2.763073651, 2.763174384
2.773073648, 2.773169651
2.783073649, 2.783170710
2.793073648, 2.793188789
2.803073657, 2.803168954
2.813073648, 2.813179159
2.823073643, 2.823166654
2.833073650, 2.833168243
2.843073651, 2.843189671
2.853073647, 2.853185178
2.863073647, 2.863173467
2.873073662, 2.873170736
2.883073652, 2.883170543
2.893073648, 2.893164634
2.903073651, 2.903191889
2.913073648, 2.913168620
2.923073654, 2.923164244
2.933073648, 2.933176998
2.943073646, 2.943167020
2.953073650, 2.953168814
2.963073658, 2.963186568
2.973073653, 2.973186626
2.983073647, 2.983169775
2.993073653, 2.993153325
3.003073649, 3.003173846
3.013073670, 3.013157058
3.023073652, 3.023167157
3.033073653, 3.033158818
3.043073651, 3.043158342
3.053073651, 3.053158217
3.063073652, 3.063168438
3.073073648, 3.073156308
3.083073657, 3.083148274
3.093073661, 3.093155773
3.103073655, 3.103145732
3.113073645, 3.113159431
3.123073652, 3.123189914
3.133073661, 3.133159603
3.143073655, 3.143151320
3.153073696, 3.153158984
3.163073647, 3.163172257
3.173073650, 3.173199778
3.183073649, 3.183158950
3.193073650, 3.193182263
3.203073652, 3.203173344
3.213073656, 3.213170518
3.223073654, 3.223221577
3.233073650, 3.233154560
3.243073649, 3.243168702
3.253073661, 3.253176985
3.263073647, 3.263210793
3.273073656, 3.273166088
3.283073647, 3.283185828
3.293073647, 3.293170802
3.303073649, 3.303178740
3.313073653, 3.313198556
3.323073646, 3.323198352
3.333073648, 3.333210391
3.343073654, 3.343169668
3.353073648, 3.353227357
3.363073658, 3.363193830
3.373073648, 3.373201175
3.383073657, 3.383168398
3.393073658, 3.393163451
3.403073654, 3.403202940
3.413073685, 3.413172264
3.423073644, 3.423268551
3.433073656, 3.433245923
3.443073655, 3.443195824
3.453073650, 3.453235287
3.463073646, 3.463231980
3.473073672, 3.473176442
3.483073657, 3.483166336
3.493073658, 3.493170103
3.503073654, 3.503166123
3.513073653, 3.513193884
3.523073652, 3.523164950
3.533073653, 3.533224436
3.543073644, 3.543172096
3.553073655, 3.553201166
3.563073647, 3.563240890
3.573073650, 3.573185590
3.583073657, 3.583171825
3.593073653, 3.593169362
3.603073651, 3.603201329
3.613073670, 3.613187556
3.623073654, 3.623226146
3.633073656, 3.633168906
3.643073652, 3.643167025
3.653073651, 3.653171920
3.663073649, 3.663163739
3.673073675, 3.673188667
3.683073649, 3.683184372
3.693073645, 3.693182545
3.703073655, 3.703208436
3.713073651, 3.713166209
3.723073647, 3.723174594
3.733073645, 3.733169110
3.743073662, 3.743180564
3.753073647, 3.753166798
3.763073651, 3.763171027
3.773073653, 3.773165275
3.783073649, 3.783169058
3.793073647, 3.793176696
3.803073647, 3.803167753
3.813073677, 3.813165140
3.823073654, 3.823168312
3.833073655, 3.833164951
3.843073652, 3.843168338
3.853073653, 3.853162979
3.863073647, 3.863178150
3.873073653, 3.873177626
3.883073668, 3.883167858
3.893073661, 3.893177377
3.903073651, 3.903191990
3.913073651, 3.913172542
3.923073655, 3.923206669
3.933073694, 3.933176384
3.943073657, 3.943244239
3.953073655, 3.953177323
3.963073658, 3.963197550
3.973073653, 3.973172531
3.983073663, 3.983176883
3.993073655, 3.993169541
4.003073649, 4.003176396
4.013073647, 4.013171290
4.023073665, 4.023167487
4.033073655, 4.033169264
4.043073649, 4.043163966
4.053073650, 4.053184453
4.063073651, 4.063164600
4.073073653, 4.073170761
4.083073651, 4.083167230
4.093073650, 4.093171548
4.103073662, 4.103156637
4.113073658, 4.113181657
4.123073654, 4.123169919
4.133073658, 4.133190107
4.143073649, 4.143218648
4.153073650, 4.153177388
4.163073654, 4.163189720
4.173073648, 4.173172957
4.183073646, 4.183202198
4.193073648, 4.193174702
4.203073651, 4.203213354
4.213073653, 4.213233458
4.223073654, 4.223236723
4.233073648, 4.233219524
4.243073652, 4.243183775
4.253073651, 4.253181813
4.263073649, 4.263218571
4.273073651, 4.273168385
4.283073654, 4.283207819
4.293073699, 4.293171598
4.303073655, 4.303185343
4.313073647, 4.313185360
4.323073651, 4.323182441
4.333073645, 4.333185352
4.343073646, 4.343192562
4.353073655, 4.353189610
4.363073654, 4.363218603
4.373073651, 4.373233838
4.383073652, 4.383215075
4.393073653, 4.393167819
4.403073649, 4.403216272
4.413073664, 4.413163706
4.423073650, 4.423169459
4.433073651, 4.433189859
4.443073645, 4.443163878
4.453073654, 4.453165085
4.463073647, 4.463206225
4.473073649, 4.473167333
4.483073649, 4.483167343
4.493073646, 4.493212657
4.503073644, 4.503205436
4.513073657, 4.513168320
4.523073660, 4.523214639
4.533073648, 4.533234618
4.543073668, 4.543171856
4.553073656, 4.553216282
4.563073647, 4.563169296
4.573073649, 4.573223900
4.583073652, 4.583231401
4.593073694, 4.593232931
4.603073655, 4.603213709
4.613073653, 4.613164021
4.623073650, 4.623182000
4.633073659, 4.633158791
4.643073655, 4.643162035
4.653073657, 4.653157599
4.663073663, 4.663159544
4.673073656, 4.673147118
4.683073652, 4.683149988
4.693073660, 4.693179884
4.703073658, 4.703169753
4.713073656, 4.713182353
4.723073652, 4.723151608
4.733073653, 4.733169975
4.743073650, 4.743170634
4.753073653, 4.753149951
4.763073655, 4.763146123
4.773073648, 4.773163855
4.783073658, 4.783160639
4.793073653, 4.793148986
4.803073647, 4.803160827
4.813073656, 4.813166103
4.823073652, 4.823167718
4.833073656, 4.833170848
4.843073660, 4.843155606
4.853073645, 4.853155635
4.863073650, 4.863147618
4.873073656, 4.873149855
4.883073655, 4.883168204
4.893073651, 4.893170042
4.903073650, 4.903150858
4.913074410, 4.913137699
4.923073655, 4.923144530
4.933073656, 4.933157490
4.943073656, 4.943163278
4.953073653, 4.953168970
4.963073647, 4.963167571
4.973073651, 4.973163529
4.983075047, 4.983159660
4.993073657, 4.993157858
5.003073653, 5.003158279
5.013073656, 5.013166834
5.023073655, 5.023135311
5.033073653, 5.033151936
5.043073642, 5.043143451
5.053073654, 5.053172011
5.063073647, 5.063179056
5.073073660, 5.073154470
5.083073652, 5.083156959
5.093073657, 5.093153305
5.103073645, 5.103150647
5.113073654, 5.113168824
5.123073647, 5.123166645
5.133073651, 5.133162530
5.143073652, 5.143170616
5.153073651, 5.153181502
5.163073656, 5.163180933
5.173073653, 5.173165825
5.183073652, 5.183164918
5.193073649, 5.193166580
5.203073649, 5.203171804
5.213073656, 5.213169127
5.223073650, 5.223225521
5.233073649, 5.233165858
5.243073647, 5.243165168
5.253073648, 5.253163550
5.263073652, 5.263172127
5.273073648, 5.273179697
5.283073650, 5.283172797
5.293073649, 5.293168664
5.303073645, 5.303201542
5.313073653, 5.313168097
5.323073652, 5.323203034
5.333073653, 5.333180416
5.343073644, 5.343169140
5.353073651, 5.353163935
5.363073650, 5.363173749
5.373073646, 5.373163282
5.383073649, 5.383175467
5.393073646, 5.393161569
5.403073645, 5.403186686
5.413073648, 5.413166124
5.423073649, 5.423162327
5.433073649, 5.433168729
5.443073655, 5.443165520
5.453073656, 5.453208929
5.463073658, 5.463172203
5.473073654, 5.473170336
5.483073647, 5.483164716
5.493073648, 5.493159135
5.503073650, 5.503162678
5.513073651, 5.513170739
5.523073642, 5.523165267
5.533073651, 5.533169062
5.543073647, 5.543165614
5.553073646, 5.553167780
5.563073649, 5.563166710
5.573073654, 5.573166504
5.583073641, 5.583189178
5.593073654, 5.593147838
5.603073660, 5.603180500
5.613073651, 5.613151434
5.623073660, 5.623151829
5.633073659, 5.633172649
5.643073644, 5.643162116
5.653073653, 5.653152782
5.663073652, 5.663152260
5.673073660, 5.673148214
5.683073655, 5.683150454
5.693073659, 5.693158090
5.703073647, 5.703186590
5.713073648, 5.713156953
5.723073649, 5.723139954
5.733073649, 5.733176066
5.743073653, 5.743147367
5.753073654, 5.753256155
5.763073656, 5.763228404
5.773073659, 5.773251082
5.783073658, 5.783146930
5.793073653, 5.793160168
5.803073653, 5.803161812
5.813073656, 5.813142818
5.823073644, 5.823154111
5.833073654, 5.833170410
5.843073652, 5.843164954
5.853073646, 5.853165314
5.863073649, 5.863148284
5.873073659, 5.873138915
5.883073653, 5.883189833
5.893073654, 5.893157815
5.903073650, 5.903165297
5.913073656, 5.913177285
5.923073655, 5.923178400
5.933073653, 5.933188230
5.943073652, 5.943186775
5.953073656, 5.953219126
5.963073653, 5.963204027
5.973073648, 5.973265802
5.983073660, 5.983165810
5.993073656, 5.993174468
6.003073655, 6.003162705
6.013073651, 6.013173772
6.023073655, 6.023138655
6.033073654, 6.033192709
6.043073661, 6.043141667
6.053073649, 6.053204412
6.063073649, 6.063251378
6.073073722, 6.073173246
6.083073652, 6.083182479
6.093073656, 6.093168269
6.103073652, 6.103189483
6.113073656, 6.113162697
6.123073650, 6.123226423
6.133073648, 6.133188589
6.143073654, 6.143158696
6.153073651, 6.153203343
6.163073649, 6.163167096
6.173073645, 6.173196414
6.183073646, 6.183226104
6.193073650, 6.193201504
6.203073655, 6.203213038
6.213073658, 6.213237924
6.223073655, 6.223195746
6.233073656, 6.233221092
6.243073652, 6.243209890
6.253073656, 6.253206746
6.263073662, 6.263230364
6.273073659, 6.273200729
6.283073654, 6.283191183
6.293073647, 6.293146370
6.303073644, 6.303408025
6.313073647, 6.313224944
6.323073652, 6.323205615
6.333073645, 6.333197307
6.343073646, 6.343196547
6.353073661, 6.353186983
6.363073649, 6.363250251
6.373073650, 6.373170259
6.383073654, 6.383201981
6.393073651, 6.393153471
6.403073696, 6.403208423
6.413073656, 6.413170078
6.423073644, 6.423202739
6.433073650, 6.433171085
6.443073651, 6.443203889
6.453073655, 6.453164438
6.463073647, 6.463217073
6.473073655, 6.473179439
6.483073652, 6.483170260
6.493073650, 6.493176122
6.503073649, 6.503184257
6.513073651, 6.513163972
6.523073655, 6.523217218
6.533073645, 6.533164907
6.543073646, 6.543227654
6.553073648, 6.553168033
6.563073688, 6.563223014
6.573073647, 6.573192100
6.583073655, 6.583172153
6.593073655, 6.593173447
6.603073646, 6.603168108
6.613073656, 6.613194743
6.623073654, 6.623166218
6.633073653, 6.633221908
6.643073651, 6.643215824
6.653073653, 6.653203874
6.663073649, 6.663169628
6.673073655, 6.673160228
6.683073647, 6.683192915
6.693073653, 6.693215659
6.703073651, 6.703307109
6.713073658, 6.713218294
6.723073643, 6.723196575
6.733073650, 6.733197168
6.743073652, 6.743215521
6.753073651, 6.753198869
6.763073654, 6.763165286
6.773073655, 6.773162467
6.783073643, 6.783182871
6.793073650, 6.793168279
6.803073654, 6.803166455
6.813073658, 6.813164880
6.823073652, 6.823170928
6.833073658, 6.833169195
6.843073649, 6.843167448
6.853073650, 6.853167136
6.863073649, 6.863247308
6.873073647, 6.873167172
6.883073652, 6.883189931
6.893073651, 6.893185368
6.903073652, 6.903293924
6.913073650, 6.913168300
6.923073655, 6.923169355
6.933073662, 6.933181531
6.943073652, 6.943208720
6.953073651, 6.953165017
6.963073647, 6.963166343
6.973073741, 6.973169455
6.983073660, 6.983190410
6.993073651, 6.993216292
7.003073658, 7.003216760
7.013073648, 7.013171019
7.023073651, 7.023241804
7.033073648, 7.033160701
7.043073647, 7.043170868
7.053073658, 7.053219497
7.063073654, 7.063187554
7.073073655, 7.073166242
7.083073652, 7.083179187
7.093073648, 7.093223533
7.103073644, 7.103183791
7.113073653, 7.113170696
7.123073651, 7.123175322
7.133073653, 7.133166083
7.143073647, 7.143255760
7.153073656, 7.153246179
7.163073652, 7.163229047
7.173073656, 7.173193913
7.183073654, 7.183228265
7.193073653, 7.193179557
7.203073657, 7.203172524
7.213073653, 7.213202620
7.223073651, 7.223197775
7.233073650, 7.233158905
7.243073654, 7.243247381
7.253073656, 7.253186244
7.263073644, 7.263191272
7.273073656, 7.273194806
7.283073647, 7.283173067
7.293073653, 7.293237433
7.303073651, 7.303193037
7.313073648, 7.313263351
7.323073647, 7.323170367
7.333073653, 7.333224890
7.343073647, 7.343172897
7.353073651, 7.353167485
7.363073649, 7.363197195
7.373073655, 7.373199584
7.383073640, 7.383213218
7.393073655, 7.393170155
7.403073654, 7.403223001
7.413073653, 7.413177730
7.423073652, 7.423183038
7.433073648, 7.433202741
7.443073644, 7.443170151
7.453073649, 7.453202596
7.463073650, 7.463171837
7.473073648, 7.473168991
7.483073655, 7.483166731
7.493073651, 7.493188036
7.503073655, 7.503165973
7.513073653, 7.513168266
7.523073645, 7.523166462
7.533073651, 7.533169660
7.543073655, 7.543170343
7.553073653, 7.553170537
7.563073642, 7.563168862
7.573073648, 7.573177438
7.583073649, 7.583165553
7.593073649, 7.593165794
7.603073652, 7.603167163
7.613073649, 7.613172657
7.623073641, 7.623169412
7.633073654, 7.633164819
7.643073650, 7.643162825
7.653073648, 7.653169300
7.663073650, 7.663174922
7.673073649, 7.673170368
7.683073645, 7.683169620
7.693073654, 7.693166422
7.703073647, 7.703166447
7.713073651, 7.713171517
7.723073649, 7.723175849
7.733073651, 7.733169776
7.743073647, 7.743164024
7.753073654, 7.753169902
7.763073650, 7.763171592
7.773073649, 7.773167014
7.783073683, 7.783166720
7.793073649, 7.793169493
7.803073649, 7.803166390
7.813073654, 7.813168786
7.823073655, 7.823168908
7.833073651, 7.833168975
7.843073650, 7.843170266
7.853073662, 7.853178835
7.863073647, 7.863187283
7.873073651, 7.873169801
7.883073655, 7.883195476
7.893073659, 7.893209933
7.903073663, 7.903169882
7.913073651, 7.913165336
7.923073669, 7.923169705
7.933073656, 7.933187712
7.943073647, 7.943165472
7.953073654, 7.953196123
7.963073653, 7.963169598
7.973073653, 7.973172970
7.983073649, 7.983193749
7.993073654, 7.993167264
8.003073664, 8.003171502
8.013073744, 8.013187154
8.023073653, 8.023171010
8.033073653, 8.033182700
8.043073655, 8.043182114
8.053073646, 8.053187649
8.063073656, 8.063200716
8.073073659, 8.073169248
8.083073655, 8.083242387
8.093073653, 8.093180973
8.103073649, 8.103192865
8.113073651, 8.113174702
8.123073647, 8.123209778
8.133073656, 8.133218644
8.143073647, 8.143166634
8.153073659, 8.153249532
8.163073663, 8.163226197
8.173073660, 8.173227023
8.183073660, 8.183174646
8.193073651, 8.193172104
8.203073658, 8.203227226
8.213073649, 8.213216920
8.223073647, 8.223173942
8.233073656, 8.233253298
8.243073645, 8.243187708
8.253073648, 8.253175259
8.263073652, 8.263315521
8.273073653, 8.273225422
8.283073649, 8.283235081
8.293073657, 8.293183341
8.303073653, 8.303202207
8.313073649, 8.313198453
8.323073650, 8.323171624
8.333073654, 8.333169032
8.343073649, 8.343167695
8.353073645, 8.353170838
8.363073644, 8.363176406
8.373073656, 8.373180201
8.383073650, 8.383215556
8.393073651, 8.393173507
8.403073649, 8.403176195
8.413073664, 8.413171800
8.423073649, 8.423213308
8.433073654, 8.433161089
8.443073653, 8.443202167
8.453073687, 8.453169916
8.463073642, 8.463174158
8.473073657, 8.473159317
8.483073653, 8.483168671
8.493073653, 8.493171610
8.503073653, 8.503177863
8.513073659, 8.513195368
8.523073645, 8.523175966
8.533073656, 8.533174680
8.543073647, 8.543175408
8.553073651, 8.553172993
8.563073663, 8.563177156
8.573073654, 8.573194200
8.583073644, 8.583209636
8.593073648, 8.593202479
8.603073649, 8.603172969
8.613073656, 8.613171089
8.623073658, 8.623205011
8.633073649, 8.633174863
8.643073644, 8.643168070
8.653073656, 8.653168546
8.663073649, 8.663195468
8.673073659, 8.673170434
8.683073652, 8.683174575
8.693073649, 8.693166784
8.703073660, 8.703181122
8.713073651, 8.713189365
8.723073645, 8.723169461
8.733073651, 8.733169438
8.743073653, 8.743234723
8.753073657, 8.753163280
8.763073650, 8.763164481
8.773073649, 8.773159584
8.783073645, 8.783199869
8.793073646, 8.793162172
8.803073653, 8.803224075
8.813073654, 8.813170889
8.823073652, 8.823204133
8.833073651, 8.833180296
8.843073652, 8.843166246
8.853073656, 8.853222449
8.863073645, 8.863173267
8.873073746, 8.873173530
8.883073652, 8.883174616
8.893073653, 8.893186144
8.903073647, 8.903235400
8.913073649, 8.913159328
8.923073653, 8.923176861
8.933073653, 8.933210198
8.943073649, 8.943193765
8.953073646, 8.953172689
8.963073652, 8.963167154
8.973073653, 8.973169135
8.983073645, 8.983196297
8.993073654, 8.993178958
9.003073641, 9.003162929
9.013073654, 9.013176871
9.023073649, 9.023228380
9.033073651, 9.033185990
9.043073653, 9.043201253
9.053073652, 9.053214060
9.063073655, 9.063193987
9.073073652, 9.073205765
9.083073653, 9.083206997
9.093073651, 9.093181622
9.103073647, 9.103201793
9.113073649, 9.113276633
9.123073647, 9.123173977
9.133073655, 9.133178726
9.143073658, 9.143167701
9.153073658, 9.153174847
9.163073651, 9.163178875
9.173073652, 9.173173432
9.183073651, 9.183190520
9.193073652, 9.193184929
9.203073653, 9.203190325
9.213073655, 9.213248115
9.223073661, 9.223165759
9.233073658, 9.233175886
9.243073648, 9.243305022
9.253073649, 9.253190741
9.263073656, 9.263259789
9.273073657, 9.273238774
9.283073655, 9.283296190
9.293073647, 9.293175945
9.303073655, 9.303192066
9.313073661, 9.313235043
9.323073660, 9.323224691
9.333073653, 9.333220086
9.343073651, 9.343209704
9.353073653, 9.353225806
9.363073657, 9.363292542
9.373073659, 9.373240728
9.383073655, 9.383226232
9.393073697, 9.393286030
9.403073654, 9.403213299
9.413073653, 9.413345943
9.423073709, 9.423227942
9.433073650, 9.433173606
9.443073654, 9.443216330
9.453073654, 9.453250989
9.463073659, 9.463259306
9.473073662, 9.473271715
9.483073653, 9.483185130
9.493073650, 9.493300664
9.503073649, 9.503256501
9.513073650, 9.513232663
9.523073660, 9.523208011
9.533073642, 9.533221436
9.543073651, 9.543274159
9.553073648, 9.553331923
9.563073668, 9.563247381
9.573073675, 9.573161535
9.583073647, 9.583151108
9.593073649, 9.593162586
9.603073646, 9.603145050
9.613073649, 9.613174508
9.623073654, 9.623170300
9.633073649, 9.633176526
9.643073646, 9.643170319
9.653073650, 9.653174066
9.663073649, 9.663166558
9.673073649, 9.673170994
9.683073659, 9.683173345
9.693073655, 9.693167808
9.703073646, 9.703170063
9.713073660, 9.713174590
9.723073648, 9.723171176
9.733073652, 9.733165540
9.743073654, 9.743167589
9.753073650, 9.753173094
9.763073649, 9.763170635
9.773073644, 9.773166540
9.783073649, 9.783232595
9.793073653, 9.793172317
9.803073654, 9.803204180
9.813073685, 9.813203361
9.823073646, 9.823251215
9.833073649, 9.833166183
9.843073651, 9.843167841
9.853073647, 9.853208849
9.863073714, 9.863216553
9.873073724, 9.873244423
9.883073656, 9.883253230
9.893073724, 9.893298665
9.903073652, 9.903237229
9.913073651, 9.913303230
9.923073663, 9.923229287
9.933073645, 9.933283531
9.943073674, 9.943270360
9.953073718, 9.953258723
9.963073649, 9.963264090
9.973073745, 9.973232987
9.983073709, 9.983254142
9.993073656, 9.993263832
10.003073652, 10.003255272
10.013073673, 10.013273645
10.023073668, 10.023291444
10.033073669, 10.033270547
10.043073666, 10.043253141
10.053073662, 10.053221183
10.063073654, 10.063245693
10.073073655, 10.073220012
10.083073657, 10.083210294
10.093073648, 10.093252763
10.103073674, 10.103213280
10.113073650, 10.113213578
10.123073646, 10.123214825
10.133073644, 10.133211445
10.143073651, 10.143211477
10.153073654, 10.153209294
10.163073647, 10.163207782
10.173073648, 10.173217892
10.183073646, 10.183210864
10.193073651, 10.193211399
10.203073646, 10.203212541
10.213073651, 10.213213309
10.223073649, 10.223213993
10.233073649, 10.233215016
10.243073665, 10.243207097
10.253073648, 10.253210427
10.263073658, 10.263209586
10.273073652, 10.273214426
10.283073655, 10.283210312
10.293073652, 10.293213802
10.303073648, 10.303212457
10.313073646, 10.313213974
10.323073658, 10.323210164
10.333073646, 10.333211772
10.343073653, 10.343209705
10.353073649, 10.353216387
10.363073648, 10.363210448
10.373073647, 10.373214682
10.383073650, 10.383207787
10.393073644, 10.393213193
10.403073646, 10.403207658
10.413073654, 10.413214947
10.423073651, 10.423208911
10.433073645, 10.433214257
10.443073675, 10.443210954
10.453073648, 10.453219358
10.463073651, 10.463211028
10.473073649, 10.473211582
10.483073651, 10.483210316
10.493073653, 10.493210864
10.503073653, 10.503211564
10.513073648, 10.513215885
10.523073648, 10.523212583
10.533073652, 10.533213369
10.543073645, 10.543207345
10.553073648, 10.553214128
10.563073646, 10.563208007
10.573073644, 10.573216304
10.583073653, 10.583210628
10.593073653, 10.593214391
10.603073654, 10.603211556
10.613073651, 10.613210717
10.623073647, 10.623207439
10.633073644, 10.633217636
10.643073646, 10.643210921
10.653073648, 10.653221175
10.663073646, 10.663209688
10.673073650, 10.673215939
10.683073642, 10.683211829
10.693073653, 10.693213396
10.703073647, 10.703210881
10.713073645, 10.713210176
10.723073653, 10.723221150
10.733077180, 10.733215507
10.743073658, 10.743299361
10.753078778, 10.753263469
10.763073651, 10.763296400
10.773075282, 10.773256641
10.783073651, 10.783308876
10.793075421, 10.793255477
10.803073644, 10.803309529
10.813078063, 10.813258033
10.823073649, 10.823309156
10.833074673, 10.833257114
10.843073651, 10.843312669
10.853074842, 10.853253938
10.863073647, 10.863255140
10.873077621, 10.873253374
10.883073646, 10.883493400
10.893074062, 10.893252671
10.903073651, 10.903310243
10.913074191, 10.913257131
10.923073654, 10.923304124
10.933077011, 10.933260215
10.943073654, 10.943253343
10.953073647, 10.953251117
10.963073647, 10.963253283
10.973073749, 10.973253825
10.983073647, 10.983300603
10.993076590, 10.993259463
11.003073655, 11.003257108
11.013073655, 11.013252475
11.023073651, 11.023255674
11.033073645, 11.033253104
11.043073649, 11.043257138
11.053075739, 11.053256370
11.063073644, 11.063302575
11.073073645, 11.073255941
11.083073644, 11.083251955
11.093073648, 11.093253172
11.103073644, 11.103253609
11.113075240, 11.113255528
11.123073654, 11.123255123
11.133073650, 11.133255410
11.143073651, 11.143252224
11.153073647, 11.153254088
11.163073646, 11.163256245
11.173074842, 11.173255005
11.183073647, 11.183254309
11.193073655, 11.193251063
11.203073646, 11.203254552
11.213073647, 11.213253356
11.223073652, 11.223254979
11.233074153, 11.233257615
11.243073651, 11.243254857
11.253073661, 11.253254479
11.263073651, 11.263253911
11.273073648, 11.273253358
11.283073652, 11.283255555
11.293073642, 11.293252658
11.303073651, 11.303250861
11.313073648, 11.313255173
11.323073651, 11.323254942
11.333073655, 11.333251285
11.343073651, 11.343252616
11.353073642, 11.353250623
11.363073647, 11.363252537
11.373073653, 11.373251727
11.383073652, 11.383256701
11.393073653, 11.393253790
11.403073651, 11.403256104
11.413073642, 11.413251444
11.423073651, 11.423251846
11.433073653, 11.433253740
11.443073647, 11.443251859
11.453073689, 11.453254158
11.463073660, 11.463252182
11.473073650, 11.473256307
11.483073646, 11.483253769
11.493073648, 11.493253244
11.503073646, 11.503251131
11.513073647, 11.513250806
11.523073647, 11.523250962
11.533073648, 11.533250865
11.543073647, 11.543253565
11.553073653, 11.553258402
11.563073647, 11.563256499
11.573073647, 11.573252068
11.583073649, 11.583252808
11.593073647, 11.593256299
11.603073660, 11.603252631
11.613073655, 11.613252598
11.623073651, 11.623250727
11.633073648, 11.633256972
11.643073652, 11.643254270
11.653073651, 11.653255248
11.663073654, 11.663253085
11.673073647, 11.673252502
11.683073652, 11.683252866
11.693073655, 11.693251185
11.703073644, 11.703252675
11.713073658, 11.713255756
11.723073654, 11.723255398
11.733073653, 11.733252950
11.743073652, 11.743253187
11.753073650, 11.753246964
11.763073660, 11.763254966
11.773073677, 11.773252443
11.783073646, 11.783250274
11.793073650, 11.793254951
11.803073695, 11.803251395
11.813073648, 11.813250280
11.823073646, 11.823248156
11.833073640, 11.833253713
11.843073647, 11.843249655
11.853073661, 11.853251324
11.863073663, 11.863250019
11.873073647, 11.873249244
11.883073652, 11.883250935
11.893073651, 11.893254812
11.903073647, 11.903249228
11.913073651, 11.913253821
11.923073652, 11.923251410
11.933073647, 11.933250167
11.943073652, 11.943254421
11.953073669, 11.953253573
11.963073652, 11.963253903
11.973073647, 11.973249402
11.983073654, 11.983249997
11.993073650, 11.993252073
12.003073652, 12.003251543
12.013073642, 12.013253186
12.023073654, 12.023248748
12.033073647, 12.033251433
12.043073646, 12.043251337
12.053073653, 12.053249889
------------------------------
