------------------------------
test was performed using the following parameters: --mps=100 --burst=1 --reply-every=1 --msg-size=12 --time=10
------------------------------
sockperf: [Total Run] RunTime=10.100 sec; SentMessages=1011; ReceivedMessages=1010
sockperf: ========= Printing statistics for Server No: 0
sockperf: [Valid Duration] RunTime=9.990 sec; SentMessages=1000; ReceivedMessages=1000
sockperf: [2;35m====> avg-lat= 54.201 (std-dev=18.526)[0m
sockperf: # dropped messages = 0; # duplicated messages = 0; # out-of-order messages = 0
sockperf: [2;35mTotal 1000 observations[0m; each percentile contains 10.00 observations
sockperf: ---> <MAX> observation =  112.650
sockperf: ---> percentile  99.99 =  112.650
sockperf: ---> percentile  99.90 =  109.190
sockperf: ---> percentile  99.50 =   95.488
sockperf: ---> percentile  99.00 =   92.094
sockperf: ---> percentile  95.00 =   89.905
sockperf: ---> percentile  90.00 =   88.745
sockperf: ---> percentile  75.00 =   63.769
sockperf: ---> percentile  50.00 =   47.837
sockperf: ---> percentile  25.00 =   40.950
sockperf: ---> <MIN> observation =   25.345
------------------------------
txTime, rxTime
2.063000279, 2.063205556
2.073000283, 2.073197576
2.083000276, 2.083218657
2.093000292, 2.093182814
2.103000282, 2.103215597
2.113000278, 2.113225579
2.123000282, 2.123155647
2.133000294, 2.133153996
2.143000283, 2.143161623
2.153000289, 2.153156219
2.163000286, 2.163132323
2.173000295, 2.173067596
2.183000277, 2.183122664
2.193000279, 2.193129616
2.203000282, 2.203148876
2.213000286, 2.213122651
2.223000281, 2.223085926
2.233000278, 2.233144417
2.243000322, 2.243174775
2.253000295, 2.253130654
2.263000361, 2.263136424
2.273000278, 2.273158168
2.283000281, 2.283132113
2.293000286, 2.293172863
2.303000279, 2.303136792
2.313000297, 2.313098362
2.323000277, 2.323088779
2.333000271, 2.333124142
2.343000298, 2.343111940
2.353000276, 2.353131885
2.363000277, 2.363096621
2.373000276, 2.373125577
2.383000283, 2.383078548
2.393000273, 2.393135270
2.403000293, 2.403098548
2.413000271, 2.413075575
2.423000269, 2.423094894
2.433000333, 2.433102240
2.443000277, 2.443078814
2.453000278, 2.453105748
2.463000373, 2.463064510
2.473000279, 2.473141916
2.483000291, 2.483085447
2.493000271, 2.493090982
2.503000285, 2.503078683
2.513000279, 2.513059673
2.523000279, 2.523110894
2.533000276, 2.533068598
2.543000285, 2.543066310
2.553000289, 2.553102376
2.563000279, 2.563063613
2.573000281, 2.573078698
2.583000280, 2.583082136
2.593000276, 2.593088928
2.603000331, 2.603062013
2.613000270, 2.613078184
2.623000351, 2.623070839
2.633000273, 2.633090925
2.643000350, 2.643109192
2.653000273, 2.653099464
2.663000274, 2.663086235
2.673000276, 2.673084218
2.683000271, 2.683066864
2.693000278, 2.693090989
2.703000277, 2.703094303
2.713000268, 2.713084981
2.723000275, 2.723061704
2.733000273, 2.733094971
2.743000277, 2.743103437
2.753000287, 2.753101303
2.763000279, 2.763110834
2.773000275, 2.773082268
2.783000293, 2.783099447
2.793000287, 2.793082036
2.803000274, 2.803090186
2.813000278, 2.813090739
2.823000280, 2.823103977
2.833000366, 2.833098337
2.843000272, 2.843079118
2.853000268, 2.853083148
2.863000280, 2.863101808
2.873000276, 2.873092288
2.883000282, 2.883097985
2.893000270, 2.893085709
2.903000275, 2.903082640
2.913000344, 2.913088194
2.923000279, 2.923127975
2.933000283, 2.933107963
2.943000277, 2.943103753
2.953000290, 2.953104903
2.963000285, 2.963101431
2.973000295, 2.973096783
2.983000277, 2.983104337
2.993000281, 2.993095956
3.003000274, 3.003137382
3.013000338, 3.013095664
3.023000274, 3.023096975
3.033000333, 3.033099240
3.043000285, 3.043090603
3.053000275, 3.053106380
3.063000277, 3.063099654
3.073000350, 3.073103621
3.083000279, 3.083096476
3.093000276, 3.093100958
3.103000285, 3.103097043
3.113000270, 3.113095157
3.123000346, 3.123097502
3.133000270, 3.133096864
3.143000274, 3.143087421
3.153000276, 3.153097820
3.163000275, 3.163135031
3.173000276, 3.173096843
3.183000275, 3.183123469
3.193000281, 3.193103103
3.203000279, 3.203100737
3.213000275, 3.213109631
3.223000280, 3.223121353
3.233000281, 3.233099046
3.243000282, 3.243098705
3.253000633, 3.253103822
3.263000283, 3.263099713
3.273000281, 3.273094385
3.283000271, 3.283116875
3.293000271, 3.293133976
3.303000332, 3.303139425
3.313000276, 3.313126023
3.323000324, 3.323099885
3.333000276, 3.333094080
3.343000280, 3.343085427
3.353000278, 3.353075935
3.363000370, 3.363088765
3.373000278, 3.373082403
3.383000361, 3.383074362
3.393000271, 3.393078182
3.403000274, 3.403101802
3.413000273, 3.413117805
3.423000274, 3.423102711
3.433000279, 3.433064905
3.443000457, 3.443067955
3.453000273, 3.453070747
3.463000279, 3.463059130
3.473000276, 3.473068663
3.483000339, 3.483079144
3.493000347, 3.493092182
3.503000275, 3.503071090
3.513000344, 3.513098212
3.523000331, 3.523084277
3.533000268, 3.533109031
3.543000346, 3.543108094
3.553000336, 3.553088142
3.563000271, 3.563101876
3.573000271, 3.573063179
3.583000331, 3.583082482
3.593000349, 3.593087409
3.603000280, 3.603073037
3.613000331, 3.613099410
3.623000274, 3.623063526
3.633000281, 3.633089380
3.643000279, 3.643090752
3.653000279, 3.653114776
3.663000279, 3.663072766
3.673000406, 3.673079461
3.683000269, 3.683088828
3.693000267, 3.693074547
3.703000272, 3.703068400
3.713000281, 3.713065908
3.723000279, 3.723059945
3.733000273, 3.733093314
3.743000272, 3.743085299
3.753000295, 3.753069497
3.763000282, 3.763091488
3.773000278, 3.773083642
3.783000342, 3.783074359
3.793000352, 3.793079144
3.803000274, 3.803063562
3.813000415, 3.813092215
3.823000274, 3.823090525
3.833000349, 3.833089135
3.843000351, 3.843109355
3.853000368, 3.853082017
3.863000280, 3.863073734
3.873000352, 3.873096698
3.883000272, 3.883082024
3.893000276, 3.893059384
3.903000350, 3.903076501
3.913000276, 3.913071194
3.923000332, 3.923081128
3.933000347, 3.933077817
3.943000279, 3.943082212
3.953000338, 3.953091413
3.963000285, 3.963077903
3.973000276, 3.973097727
3.983000279, 3.983104626
3.993000350, 3.993066492
4.003000339, 4.003079757
4.013000451, 4.013086110
4.023000279, 4.023076122
4.033000276, 4.033083344
4.043000332, 4.043082634
4.053000361, 4.053109642
4.063000280, 4.063067912
4.073000292, 4.073080219
4.083000272, 4.083076315
4.093000270, 4.093087730
4.103000285, 4.103095034
4.113000275, 4.113089784
4.123000279, 4.123090306
4.133000276, 4.133087651
4.143000337, 4.143091806
4.153000281, 4.153096210
4.163000282, 4.163106744
4.173000275, 4.173075803
4.183000282, 4.183083711
4.193000281, 4.193068368
4.203000279, 4.203111256
4.213000279, 4.213096262
4.223000277, 4.223074618
4.233000276, 4.233071743
4.243000523, 4.243076552
4.253000300, 4.253104131
4.263000275, 4.263089725
4.273000278, 4.273084466
4.283000275, 4.283070735
4.293000271, 4.293149896
4.303000277, 4.303084227
4.313000328, 4.313091607
4.323000279, 4.323089477
4.333000281, 4.333076685
4.343000271, 4.343074580
4.353000270, 4.353070166
4.363000343, 4.363077621
4.373000268, 4.373065088
4.383000274, 4.383125308
4.393000270, 4.393087275
4.403000279, 4.403070664
4.413000271, 4.413078556
4.423000334, 4.423106167
4.433000279, 4.433100833
4.443000339, 4.443094125
4.453000283, 4.453082859
4.463000275, 4.463102908
4.473000436, 4.473095152
4.483000275, 4.483085402
4.493000346, 4.493067004
4.503000272, 4.503085888
4.513000328, 4.513095132
4.523000275, 4.523085872
4.533000335, 4.533099826
4.543000275, 4.543162521
4.553000335, 4.553175095
4.563000269, 4.563145379
4.573000434, 4.573156904
4.583000331, 4.583161629
4.593000354, 4.593183681
4.603000275, 4.603191252
4.613000335, 4.613153604
4.623000283, 4.623077101
4.633000330, 4.633074590
4.643000272, 4.643078173
4.653000361, 4.653078948
4.663000269, 4.663060755
4.673000273, 4.673083482
4.683000277, 4.683092841
4.693000278, 4.693082557
4.703000282, 4.703086575
4.713000273, 4.713109062
4.723000275, 4.723078173
4.733000333, 4.733079837
4.743000351, 4.743069182
4.753000279, 4.753093088
4.763000339, 4.763093511
4.773000278, 4.773086830
4.783000275, 4.783077324
4.793000496, 4.793100891
4.803000269, 4.803075939
4.813000278, 4.813102016
4.823000280, 4.823092627
4.833000289, 4.833061657
4.843000367, 4.843067009
4.853000278, 4.853080306
4.863000335, 4.863099004
4.873000388, 4.873072039
4.883000334, 4.883082001
4.893000335, 4.893119968
4.903000277, 4.903095082
4.913000335, 4.913066085
4.923000406, 4.923079658
4.933000271, 4.933092811
4.943000268, 4.943079639
4.953000284, 4.953105797
4.963000277, 4.963096681
4.973000283, 4.973110259
4.983000343, 4.983057493
4.993000268, 4.993084097
5.003000274, 5.003080098
5.013000284, 5.013065151
5.023000282, 5.023082910
5.033000276, 5.033070201
5.043000279, 5.043087865
5.053000276, 5.053095852
5.063000279, 5.063090020
5.073000270, 5.073119196
5.083000272, 5.083098137
5.093000330, 5.093082368
5.103000378, 5.103117771
5.113000335, 5.113116788
5.123000272, 5.123070055
5.133000459, 5.133106951
5.143000369, 5.143074586
5.153000343, 5.153098359
5.163000280, 5.163087612
5.173000270, 5.173113264
5.183000280, 5.183068050
5.193000339, 5.193103225
5.203000280, 5.203086093
5.213000371, 5.213104297
5.223000275, 5.223089071
5.233000286, 5.233102016
5.243000286, 5.243106434
5.253000358, 5.253077941
5.263000277, 5.263083201
5.273000270, 5.273109111
5.283000280, 5.283118718
5.293000343, 5.293082140
5.303000268, 5.303077752
5.313000390, 5.313078567
5.323000274, 5.323102702
5.333000515, 5.333109983
5.343000335, 5.343066903
5.353000273, 5.353087812
5.363000272, 5.363084437
5.373000281, 5.373096935
5.383000274, 5.383116114
5.393000271, 5.393097115
5.403000334, 5.403083730
5.413000276, 5.413109026
5.423000334, 5.423090339
5.433000278, 5.433090491
5.443000337, 5.443082315
5.453000273, 5.453080178
5.463000350, 5.463065029
5.473000273, 5.473112362
5.483000277, 5.483103676
5.493000267, 5.493063520
5.503000331, 5.503095683
5.513000271, 5.513062677
5.523000277, 5.523079969
5.533000275, 5.533087919
5.543000268, 5.543080436
5.553000278, 5.553070831
5.563000369, 5.563081911
5.573000276, 5.573098746
5.583000337, 5.583074537
5.593000278, 5.593080972
5.603000351, 5.603091821
5.613000270, 5.613086489
5.623000269, 5.623078742
5.633000328, 5.633054398
5.643000275, 5.643079544
5.653000279, 5.653092485
5.663000274, 5.663169315
5.673000278, 5.673160049
5.683000383, 5.683143601
5.693000270, 5.693158966
5.703000351, 5.703180104
5.713000451, 5.713173025
5.723000274, 5.723148701
5.733000281, 5.733097525
5.743000354, 5.743099965
5.753000292, 5.753090835
5.763000280, 5.763071507
5.773000278, 5.773077933
5.783000309, 5.783075234
5.793000338, 5.793071437
5.803000334, 5.803082400
5.813000279, 5.813095283
5.823000331, 5.823089590
5.833000276, 5.833088308
5.843000373, 5.843067194
5.853000283, 5.853068462
5.863000274, 5.863109042
5.873000273, 5.873125001
5.883000275, 5.883092423
5.893000276, 5.893108893
5.903000277, 5.903083041
5.913000267, 5.913072373
5.923000272, 5.923073190
5.933000271, 5.933085623
5.943000328, 5.943101322
5.953000283, 5.953068301
5.963000283, 5.963094044
5.973000290, 5.973078274
5.983000275, 5.983067465
5.993000354, 5.993087520
6.003000283, 6.003060168
6.013000271, 6.013072299
6.023000275, 6.023089871
6.033000390, 6.033059864
6.043000388, 6.043062296
6.053000333, 6.053086317
6.063000280, 6.063066845
6.073000339, 6.073083355
6.083000280, 6.083088828
6.093000278, 6.093093767
6.103000275, 6.103089325
6.113000346, 6.113091375
6.123000272, 6.123087895
6.133000267, 6.133064717
6.143000269, 6.143050960
6.153000306, 6.153077268
6.163000279, 6.163176070
6.173000279, 6.173103427
6.183000345, 6.183090860
6.193000275, 6.193089053
6.203000272, 6.203093064
6.213000276, 6.213070176
6.223000411, 6.223083971
6.233000275, 6.233071240
6.243000282, 6.243068901
6.253000346, 6.253104111
6.263000279, 6.263093509
6.273000330, 6.273123354
6.283000282, 6.283098098
6.293000387, 6.293095612
6.303000271, 6.303065528
6.313000281, 6.313073318
6.323000274, 6.323092811
6.333000343, 6.333086024
6.343000274, 6.343111534
6.353000415, 6.353101815
6.363000353, 6.363064814
6.373000404, 6.373104362
6.383000335, 6.383063259
6.393000270, 6.393059450
6.403000285, 6.403096918
6.413000271, 6.413058422
6.423000277, 6.423082362
6.433000279, 6.433059243
6.443000282, 6.443082182
6.453000335, 6.453080554
6.463000282, 6.463104402
6.473000275, 6.473072601
6.483000449, 6.483094114
6.493000275, 6.493080904
6.503000350, 6.503084454
6.513000271, 6.513102431
6.523000345, 6.523100123
6.533000270, 6.533090025
6.543000332, 6.543162556
6.553000385, 6.553154935
6.563000326, 6.563164176
6.573000361, 6.573159557
6.583000274, 6.583172263
6.593000275, 6.593139085
6.603000339, 6.603150103
6.613000273, 6.613145058
6.623000335, 6.623135445
6.633000290, 6.633071050
6.643000370, 6.643073538
6.653000278, 6.653104826
6.663000279, 6.663160113
6.673000268, 6.673081713
6.683000269, 6.683097581
6.693000273, 6.693108385
6.703000332, 6.703114412
6.713000526, 6.713062835
6.723000280, 6.723087689
6.733000273, 6.733074631
6.743000335, 6.743112870
6.753000292, 6.753105655
6.763000277, 6.763093133
6.773000278, 6.773108112
6.783000274, 6.783083139
6.793000338, 6.793097978
6.803000329, 6.803087631
6.813000276, 6.813101114
6.823000331, 6.823078953
6.833000268, 6.833078218
6.843000350, 6.843083848
6.853000594, 6.853091093
6.863000269, 6.863077412
6.873000347, 6.873071608
6.883000348, 6.883087011
6.893000273, 6.893109536
6.903000345, 6.903091998
6.913000343, 6.913092228
6.923000275, 6.923067470
6.933000344, 6.933100219
6.943000345, 6.943072390
6.953000268, 6.953069626
6.963000408, 6.963098508
6.973000417, 6.973079066
6.983000277, 6.983117188
6.993000349, 6.993074098
7.003000277, 7.003082526
7.013000278, 7.013074481
7.023000275, 7.023082512
7.033000278, 7.033079243
7.043000331, 7.043071965
7.053000281, 7.053096456
7.063000350, 7.063093626
7.073000279, 7.073101905
7.083000285, 7.083123464
7.093000349, 7.093093483
7.103000309, 7.103061440
7.113000279, 7.113102316
7.123000280, 7.123111158
7.133000339, 7.133078661
7.143000351, 7.143097570
7.153000295, 7.153091222
7.163000282, 7.163098548
7.173000336, 7.173066996
7.183000277, 7.183086510
7.193000281, 7.193104487
7.203000346, 7.203087059
7.213000328, 7.213085635
7.223000594, 7.223079594
7.233000363, 7.233084195
7.243000340, 7.243087459
7.253000425, 7.253090753
7.263000343, 7.263101402
7.273000270, 7.273085071
7.283000269, 7.283110119
7.293000344, 7.293082807
7.303000272, 7.303129418
7.313000273, 7.313073005
7.323000280, 7.323101925
7.333000403, 7.333098870
7.343000275, 7.343090749
7.353000279, 7.353096423
7.363000274, 7.363073165
7.373000341, 7.373085608
7.383000277, 7.383089114
7.393000346, 7.393079297
7.403000269, 7.403078271
7.413000335, 7.413078998
7.423000280, 7.423113667
7.433000279, 7.433077732
7.443000285, 7.443079152
7.453000366, 7.453069541
7.463000275, 7.463083818
7.473000355, 7.473091030
7.483000279, 7.483086537
7.493000283, 7.493092193
7.503000272, 7.503071547
7.513000271, 7.513103830
7.523000283, 7.523060949
7.533000279, 7.533075405
7.543000373, 7.543080589
7.553000284, 7.553066623
7.563000350, 7.563091804
7.573000273, 7.573082469
7.583000268, 7.583087156
7.593000279, 7.593093668
7.603000346, 7.603072257
7.613000278, 7.613075400
7.623000282, 7.623119356
7.633000278, 7.633074682
7.643000282, 7.643075748
7.653000275, 7.653120511
7.663000282, 7.663089949
7.673000281, 7.673067454
7.683000370, 7.683090612
7.693000270, 7.693092627
7.703000339, 7.703068250
7.713000271, 7.713079278
7.723000279, 7.723105042
7.733000279, 7.733074606
7.743000331, 7.743066458
7.753000279, 7.753102088
7.763000282, 7.763081175
7.773000283, 7.773078034
7.783000285, 7.783089278
7.793000276, 7.793091710
7.803000340, 7.803094016
7.813000350, 7.813086231
7.823000275, 7.823101232
7.833000279, 7.833087558
7.843000274, 7.843078183
7.853000278, 7.853115978
7.863000280, 7.863078532
7.873000281, 7.873091715
7.883000272, 7.883094359
7.893000390, 7.893058526
7.903000280, 7.903164307
7.913000276, 7.913165460
7.923000285, 7.923070311
7.933000281, 7.933084474
7.943000277, 7.943078200
7.953000283, 7.953081263
7.963000272, 7.963090702
7.973000290, 7.973086828
7.983000275, 7.983078942
7.993000276, 7.993082090
8.003000277, 8.003069017
8.013000283, 8.013110748
8.023000275, 8.023078020
8.033000279, 8.033085862
8.043000383, 8.043121764
8.053000283, 8.053090730
8.063000268, 8.063095969
8.073000270, 8.073074892
8.083000271, 8.083099675
8.093000379, 8.093076790
8.103000275, 8.103103950
8.113000481, 8.113067027
8.123000282, 8.123087688
8.133000292, 8.133093425
8.143000272, 8.143106886
8.153000283, 8.153092023
8.163000283, 8.163082615
8.173000281, 8.173091775
8.183000275, 8.183089341
8.193000275, 8.193100110
8.203000277, 8.203087549
8.213000278, 8.213090480
8.223000277, 8.223064118
8.233000368, 8.233094470
8.243000279, 8.243122915
8.253000357, 8.253125345
8.263000280, 8.263087148
8.273000279, 8.273080861
8.283000285, 8.283086316
8.293000275, 8.293095626
8.303000340, 8.303097584
8.313000278, 8.313088964
8.323000279, 8.323083539
8.333000271, 8.333083462
8.343000274, 8.343097989
8.353000273, 8.353075567
8.363000277, 8.363133029
8.373000276, 8.373102196
8.383000277, 8.383100085
8.393000276, 8.393092297
8.403000329, 8.403089455
8.413000275, 8.413082267
8.423000277, 8.423061803
8.433000275, 8.433086733
8.443000274, 8.443084399
8.453000279, 8.453096472
8.463000283, 8.463080809
8.473000278, 8.473089623
8.483000279, 8.483073067
8.493000286, 8.493088606
8.503000286, 8.503100077
8.513000271, 8.513072473
8.523000293, 8.523115459
8.533000281, 8.533084894
8.543000282, 8.543066703
8.553000297, 8.553086654
8.563000343, 8.563070667
8.573000357, 8.573089376
8.583000275, 8.583128586
8.593000344, 8.593117519
8.603000279, 8.603119422
8.613000361, 8.613112498
8.623000277, 8.623131237
8.633000278, 8.633097298
8.643000340, 8.643131460
8.653000278, 8.653134163
8.663000279, 8.663132394
8.673000273, 8.673122746
8.683000274, 8.683136274
8.693000344, 8.693079973
8.703000277, 8.703096432
8.713000276, 8.713058934
8.723000378, 8.723085698
8.733000275, 8.733084537
8.743000334, 8.743065632
8.753000301, 8.753095973
8.763000274, 8.763097674
8.773000283, 8.773102589
8.783000283, 8.783085080
8.793000377, 8.793089744
8.803000280, 8.803097299
8.813000279, 8.813108382
8.823000283, 8.823087476
8.833000271, 8.833072629
8.843000335, 8.843077022
8.853000278, 8.853072345
8.863000283, 8.863080103
8.873000343, 8.873100787
8.883000343, 8.883099419
8.893000271, 8.893059076
8.903000280, 8.903107332
8.913000344, 8.913072738
8.923000503, 8.923074518
8.933000278, 8.933090463
8.943000279, 8.943097682
8.953000276, 8.953077693
8.963000283, 8.963093015
8.973000281, 8.973086151
8.983000350, 8.983088510
8.993000276, 8.993068991
9.003000340, 9.003083081
9.013000273, 9.013086988
9.023000275, 9.023089006
9.033000275, 9.033093542
9.043000282, 9.043092301
9.053000278, 9.053102859
9.063000283, 9.063093462
9.073000283, 9.073075427
9.083000274, 9.083099916
9.093000279, 9.093080977
9.103000274, 9.103056363
9.113000279, 9.113066909
9.123000364, 9.123091559
9.133000347, 9.133081711
9.143000282, 9.143094746
9.153000350, 9.153091409
9.163000272, 9.163086213
9.173000271, 9.173077228
9.183000274, 9.183080294
9.193000502, 9.193095015
9.203000279, 9.203070844
9.213000331, 9.213081747
9.223000275, 9.223114423
9.233000406, 9.233099275
9.243000272, 9.243110915
9.253000301, 9.253082780
9.263000283, 9.263104661
9.273000284, 9.273107629
9.283000282, 9.283063998
9.293000279, 9.293130008
9.303000277, 9.303101355
9.313000278, 9.313120178
9.323000275, 9.323131632
9.333000295, 9.333122105
9.343000282, 9.343148286
9.353000281, 9.353164180
9.363000275, 9.363099877
9.373000350, 9.373117631
9.383000283, 9.383131235
9.393000284, 9.393121627
9.403000282, 9.403068569
9.413000286, 9.413086866
9.423000279, 9.423068248
9.433000278, 9.433090235
9.443000283, 9.443123129
9.453000336, 9.453089710
9.463000509, 9.463118198
9.473000347, 9.473099878
9.483000282, 9.483068852
9.493000279, 9.493094634
9.503000279, 9.503086799
9.513000286, 9.513079472
9.523000348, 9.523094033
9.533000278, 9.533091336
9.543000274, 9.543112121
9.553000278, 9.553110772
9.563000350, 9.563086073
9.573000273, 9.573092159
9.583000285, 9.583102192
9.593000279, 9.593090183
9.603000279, 9.603097032
9.613000399, 9.613129016
9.623000272, 9.623108774
9.633000380, 9.633116655
9.643000280, 9.643115794
9.653000278, 9.653062914
9.663000304, 9.663085264
9.673000278, 9.673074805
9.683000277, 9.683068342
9.693000344, 9.693086833
9.703000335, 9.703081486
9.713000278, 9.713111622
9.723000400, 9.723098671
9.733000275, 9.733072541
9.743000411, 9.743098188
9.753000374, 9.753097200
9.763000271, 9.763077430
9.773000346, 9.773090528
9.783000272, 9.783090301
9.793000355, 9.793107060
9.803000280, 9.803082937
9.813000283, 9.813079962
9.823000280, 9.823083502
9.833000276, 9.833084315
9.843000279, 9.843085274
9.853000279, 9.853078700
9.863000359, 9.863112519
9.873000271, 9.873090190
9.883000277, 9.883083616
9.893000279, 9.893079410
9.903000340, 9.903087036
9.913000347, 9.913094442
9.923000282, 9.923091681
9.933000294, 9.933074863
9.943000277, 9.943102034
9.953000283, 9.953133423
9.963000283, 9.963133852
9.973000276, 9.973133240
9.983000275, 9.983137715
9.993000283, 9.993136167
10.003000271, 10.003130779
10.013000278, 10.013132583
10.023000282, 10.023134681
10.033000279, 10.033134614
10.043000276, 10.043134515
10.053000272, 10.053128763
10.063000275, 10.063127568
10.073000274, 10.073129029
10.083000279, 10.083127818
10.093000271, 10.093125963
10.103000268, 10.103126301
10.113000277, 10.113124940
10.123000277, 10.123127903
10.133000271, 10.133127936
10.143000279, 10.143124044
10.153000275, 10.153128380
10.163000272, 10.163129435
10.173000276, 10.173123100
10.183000279, 10.183125247
10.193000272, 10.193123769
10.203000272, 10.203127943
10.213000279, 10.213124710
10.223000277, 10.223125392
10.233000277, 10.233128003
10.243000275, 10.243127693
10.253000301, 10.253148144
10.263000277, 10.263136912
10.273000284, 10.273126087
10.283000275, 10.283127327
10.293000271, 10.293123238
10.303000265, 10.303104686
10.313000270, 10.313129120
10.323000272, 10.323128322
10.333000279, 10.333129953
10.343000271, 10.343129413
10.353000277, 10.353128434
10.363000275, 10.363129729
10.373000271, 10.373128126
10.383000277, 10.383124911
10.393000274, 10.393127432
10.403000268, 10.403129533
10.413000275, 10.413123873
10.423000278, 10.423124724
10.433000278, 10.433128811
10.443000272, 10.443131397
10.453000277, 10.453124048
10.463000266, 10.463124222
10.473000273, 10.473128289
10.483000281, 10.483126017
10.493000281, 10.493126733
10.503000282, 10.503125727
10.513000278, 10.513126811
10.523000274, 10.523130476
10.533000284, 10.533123761
10.543000277, 10.543126324
10.553000278, 10.553127775
10.563000277, 10.563124520
10.573000276, 10.573126672
10.583000268, 10.583126814
10.593000284, 10.593127100
10.603000271, 10.603156121
10.613000271, 10.613180021
10.623000271, 10.623177771
10.633000276, 10.633182548
10.643000298, 10.643179511
10.653000271, 10.653176577
10.663000277, 10.663172086
10.673000278, 10.673172104
10.683000274, 10.683181469
10.693000270, 10.693178494
10.703000272, 10.703180482
10.713000271, 10.713179928
10.723000283, 10.723178592
10.733000276, 10.733177747
10.743000280, 10.743179170
10.753000305, 10.753189578
10.763000279, 10.763178187
10.773000268, 10.773178255
10.783000269, 10.783183690
10.793000281, 10.793184470
10.803000279, 10.803178748
10.813000278, 10.813184130
10.823000277, 10.823179524
10.833000278, 10.833175926
10.843000272, 10.843175920
10.853000276, 10.853171429
10.863000275, 10.863185823
10.873000279, 10.873182416
10.883000271, 10.883180704
10.893000273, 10.893172786
10.903000275, 10.903178490
10.913000279, 10.913177739
10.923000277, 10.923181087
10.933000276, 10.933176985
10.943000271, 10.943177941
10.953000275, 10.953182122
10.963000271, 10.963179908
10.973000279, 10.973173802
10.983000274, 10.983171508
10.993000276, 10.993172539
11.003000271, 11.003180563
11.013000270, 11.013170865
11.023000274, 11.023178201
11.033000275, 11.033182323
11.043000271, 11.043179441
11.053000273, 11.053177930
11.063000282, 11.063181731
11.073000270, 11.073177351
11.083000277, 11.083180817
11.093000271, 11.093171236
11.103000272, 11.103173278
11.113000270, 11.113181314
11.123000280, 11.123173382
11.133000273, 11.133178797
11.143000274, 11.143178830
11.153000278, 11.153174618
11.163000272, 11.163181522
11.173000279, 11.173177565
11.183000268, 11.183176248
11.193000276, 11.193181658
11.203000277, 11.203178196
11.213000273, 11.213180953
11.223000282, 11.223173705
11.233000275, 11.233179251
11.243000269, 11.243181086
11.253000294, 11.253185945
11.263000282, 11.263185296
11.273000268, 11.273176557
11.283000285, 11.283179337
11.293000275, 11.293177766
11.303000272, 11.303179850
11.313000276, 11.313178430
11.323000277, 11.323176796
11.333000275, 11.333179960
11.343000271, 11.343170765
11.353000275, 11.353173881
11.363000275, 11.363178073
11.373000270, 11.373177166
11.383000279, 11.383177906
11.393000273, 11.393128421
11.403000276, 11.403180166
11.413000276, 11.413178946
11.423000272, 11.423180586
11.433000286, 11.433178851
11.443000274, 11.443176161
11.453000273, 11.453173007
11.463000279, 11.463171567
11.473000273, 11.473177704
11.483000274, 11.483183244
11.493000278, 11.493178862
11.503000280, 11.503179919
11.513000278, 11.513182607
11.523000274, 11.523179408
11.533000276, 11.533179265
11.543000268, 11.543178835
11.553000275, 11.553175186
11.563000272, 11.563181428
11.573000270, 11.573179145
11.583000274, 11.583180086
11.593000276, 11.593181791
11.603000277, 11.603172895
11.613000271, 11.613177459
11.623000274, 11.623178006
11.633000281, 11.633181101
11.643000272, 11.643181286
11.653000276, 11.653177657
11.663000268, 11.663172192
11.673000270, 11.673175812
11.683000277, 11.683178916
11.693000271, 11.693179337
11.703000277, 11.703178397
11.713000283, 11.713177708
11.723000274, 11.723180685
11.733000279, 11.733171582
11.743000280, 11.743180408
11.753000275, 11.753182335
11.763000283, 11.763181103
11.773000283, 11.773181388
11.783000266, 11.783173948
11.793000270, 11.793173344
11.803000272, 11.803181331
11.813000276, 11.813177795
11.823000272, 11.823172710
11.833000279, 11.833183291
11.843000275, 11.843160494
11.853000278, 11.853177999
11.863000275, 11.863173967
11.873000273, 11.873180259
11.883000283, 11.883181550
11.893000284, 11.893176964
11.903000269, 11.903178167
11.913000276, 11.913181612
11.923000279, 11.923179070
11.933000275, 11.933178670
11.943000280, 11.943179693
11.953000273, 11.953172289
11.963000271, 11.963181363
11.973000268, 11.973176711
11.983000279, 11.983171534
11.993000278, 11.993174638
12.003000275, 12.003180066
12.013000271, 12.013177404
12.023000272, 12.023178438
12.033000275, 12.033171435
12.043000274, 12.043175942
12.053000271, 12.053179020
------------------------------
