------------------------------
test was performed using the following parameters: --mps=100 --burst=1 --reply-every=1 --msg-size=12 --time=10
------------------------------
sockperf: [Total Run] RunTime=10.100 sec; SentMessages=1011; ReceivedMessages=1010
sockperf: ========= Printing statistics for Server No: 0
sockperf: [Valid Duration] RunTime=9.990 sec; SentMessages=1000; ReceivedMessages=1000
sockperf: [2;35m====> avg-lat= 92.414 (std-dev=20.320)[0m
sockperf: # dropped messages = 0; # duplicated messages = 0; # out-of-order messages = 0
sockperf: [2;35mTotal 1000 observations[0m; each percentile contains 10.00 observations
sockperf: ---> <MAX> observation =  264.139
sockperf: ---> percentile  99.99 =  264.139
sockperf: ---> percentile  99.90 =  237.130
sockperf: ---> percentile  99.50 =  157.439
sockperf: ---> percentile  99.00 =  143.287
sockperf: ---> percentile  95.00 =  120.984
sockperf: ---> percentile  90.00 =  113.088
sockperf: ---> percentile  75.00 =  100.535
sockperf: ---> percentile  50.00 =   92.726
sockperf: ---> percentile  25.00 =   84.644
sockperf: ---> <MIN> observation =   32.057
------------------------------
txTime, rxTime
2.063646509, 2.063961387
2.073646493, 2.073914728
2.083646488, 2.083927294
2.093646488, 2.093929644
2.103646491, 2.103912711
2.113646512, 2.113909903
2.123646506, 2.123935260
2.133646496, 2.133857432
2.143646485, 2.143828944
2.153646488, 2.153929906
2.163646509, 2.163992772
2.173646487, 2.173893363
2.183646504, 2.183898420
2.193646491, 2.193888857
2.203646493, 2.203951413
2.213646507, 2.213906161
2.223646509, 2.223901185
2.233646490, 2.233874785
2.243646510, 2.243890407
2.253646493, 2.253853652
2.263646509, 2.263893523
2.273646510, 2.273927609
2.283646507, 2.283876887
2.293646510, 2.293823052
2.303646487, 2.303830070
2.313646484, 2.313891230
2.323646491, 2.323830518
2.333646491, 2.333833285
2.343646488, 2.343853579
2.353646488, 2.353856341
2.363646503, 2.363840266
2.373646490, 2.373861993
2.383646487, 2.383832531
2.393646484, 2.393878419
2.403646487, 2.403837637
2.413646488, 2.413878308
2.423646485, 2.423843893
2.433646484, 2.433877149
2.443646484, 2.443807824
2.453646487, 2.453865767
2.463646484, 2.463829886
2.473646482, 2.473833066
2.483646490, 2.483833014
2.493646485, 2.493857849
2.503646488, 2.503859512
2.513646493, 2.513818105
2.523646486, 2.523870117
2.533646484, 2.533841497
2.543646487, 2.543833698
2.553646485, 2.553808802
2.563646488, 2.563838319
2.573646488, 2.573831973
2.583646488, 2.583841907
2.593646484, 2.593825406
2.603646486, 2.603860458
2.613646490, 2.613837983
2.623646487, 2.623841860
2.633646487, 2.633864327
2.643646487, 2.643850950
2.653646483, 2.653853791
2.663646485, 2.663881882
2.673646491, 2.673839339
2.683646492, 2.683840312
2.693646488, 2.693844719
2.703646485, 2.703840603
2.713646488, 2.713854805
2.723646487, 2.723823487
2.733646486, 2.733856964
2.743646485, 2.743854743
2.753646485, 2.753847503
2.763646485, 2.763816379
2.773646479, 2.773932439
2.783646490, 2.783826282
2.793646489, 2.793852635
2.803646490, 2.803835156
2.813646491, 2.813845400
2.823646482, 2.823883296
2.833646487, 2.833852296
2.843646482, 2.843841448
2.853646485, 2.853834783
2.863646488, 2.863850572
2.873646496, 2.873849244
2.883646493, 2.883823924
2.893646493, 2.893848325
2.903646484, 2.903827680
2.913646484, 2.913856107
2.923646488, 2.923854211
2.933646488, 2.933852523
2.943646490, 2.943832913
2.953646480, 2.953846715
2.963646486, 2.963822912
2.973646488, 2.973862399
2.983646493, 2.983827979
2.993646484, 2.993838646
3.003646484, 3.003874120
3.013646482, 3.013852258
3.023646488, 3.023830816
3.033646490, 3.033818487
3.043646484, 3.043841515
3.053646490, 3.053888459
3.063646485, 3.063914675
3.073646491, 3.073846211
3.083646482, 3.083814069
3.093646484, 3.093821860
3.103646490, 3.103863417
3.113646491, 3.113849842
3.123646490, 3.123811567
3.133646481, 3.133818108
3.143646490, 3.143813236
3.153646488, 3.153833012
3.163646486, 3.163842969
3.173646484, 3.173831861
3.183646487, 3.183842348
3.193646486, 3.193823545
3.203646483, 3.203811298
3.213646485, 3.213827317
3.223646490, 3.223866653
3.233646487, 3.233847190
3.243646491, 3.243839020
3.253646491, 3.253804717
3.263646485, 3.263824631
3.273646488, 3.273894772
3.283646484, 3.283833068
3.293646485, 3.293828968
3.303646485, 3.303859074
3.313646480, 3.313831436
3.323646484, 3.323832521
3.333646490, 3.333838615
3.343646484, 3.343844332
3.353646488, 3.353844704
3.363646491, 3.363854931
3.373646487, 3.373855088
3.383646491, 3.383858640
3.393646491, 3.393829792
3.403646490, 3.403880468
3.413646487, 3.413867413
3.423646491, 3.423869475
3.433646490, 3.433884952
3.443646482, 3.443814590
3.453646484, 3.453838296
3.463646484, 3.463852410
3.473646487, 3.473817178
3.483646485, 3.483807128
3.493646487, 3.493847744
3.503646490, 3.503855651
3.513646484, 3.513821528
3.523646493, 3.523857732
3.533646491, 3.533850399
3.543646484, 3.543847332
3.553646488, 3.553812054
3.563646487, 3.563821866
3.573646482, 3.573828665
3.583646484, 3.583804844
3.593646486, 3.593933060
3.603646487, 3.603849178
3.613646485, 3.613839948
3.623646484, 3.623832457
3.633646484, 3.633843207
3.643646488, 3.643852576
3.653646484, 3.653831226
3.663646490, 3.663814406
3.673646487, 3.673828499
3.683646487, 3.683847412
3.693646488, 3.693832114
3.703646485, 3.703814992
3.713646494, 3.713809590
3.723646484, 3.723830320
3.733646485, 3.733877471
3.743646488, 3.743873655
3.753646490, 3.753844981
3.763646484, 3.763884615
3.773646491, 3.773842037
3.783646488, 3.783816118
3.793646482, 3.793830293
3.803646491, 3.803812912
3.813646491, 3.813849317
3.823646485, 3.823839302
3.833646484, 3.833897135
3.843646490, 3.843835286
3.853646486, 3.853821751
3.863646487, 3.863860370
3.873646490, 3.873909011
3.883646484, 3.883827576
3.893646490, 3.893842213
3.903646485, 3.903838422
3.913646482, 3.913810888
3.923646484, 3.923860181
3.933646485, 3.933828900
3.943646488, 3.943841903
3.953646484, 3.953837393
3.963646485, 3.963829262
3.973646485, 3.973843803
3.983646488, 3.983845223
3.993646487, 3.993827951
4.003646482, 4.003812213
4.013646491, 4.013824007
4.023646490, 4.023834721
4.033646487, 4.033821033
4.043646490, 4.043831238
4.053646490, 4.053827528
4.063646491, 4.063819668
4.073646489, 4.073840879
4.083646487, 4.083830573
4.093646487, 4.093812229
4.103646485, 4.103827055
4.113646485, 4.113831497
4.123646487, 4.123854538
4.133646485, 4.133815014
4.143646483, 4.143845375
4.153646485, 4.153848752
4.163646488, 4.163821896
4.173646486, 4.173855491
4.183646490, 4.183842288
4.193646493, 4.193835423
4.203646482, 4.203818692
4.213646483, 4.213843434
4.223646490, 4.223847008
4.233646491, 4.233858435
4.243646485, 4.243878786
4.253646484, 4.253820842
4.263646488, 4.263831941
4.273646482, 4.273823166
4.283646491, 4.283853577
4.293646484, 4.293817567
4.303646490, 4.303832812
4.313646488, 4.313836136
4.323646482, 4.323830020
4.333646481, 4.333836068
4.343646490, 4.343823350
4.353646484, 4.353825312
4.363646484, 4.363823924
4.373646493, 4.373856465
4.383646485, 4.383862949
4.393646482, 4.393842559
4.403646488, 4.403851683
4.413646489, 4.413832111
4.423646482, 4.423812566
4.433646485, 4.433843510
4.443646491, 4.443855538
4.453646484, 4.453834676
4.463646488, 4.463810501
4.473646492, 4.473803737
4.483646486, 4.483864117
4.493646490, 4.493846786
4.503646487, 4.503840351
4.513646484, 4.513849510
4.523646494, 4.523873007
4.533646484, 4.533815982
4.543646490, 4.543823714
4.553646490, 4.553886165
4.563646488, 4.563847445
4.573646488, 4.573859565
4.583646485, 4.583844231
4.593646484, 4.593826009
4.603646491, 4.603825104
4.613646488, 4.613835003
4.623646484, 4.623824515
4.633646485, 4.633849494
4.643646484, 4.643825044
4.653646484, 4.653838048
4.663646491, 4.663834960
4.673646493, 4.673866132
4.683646482, 4.683846111
4.693646487, 4.693828801
4.703646484, 4.703847835
4.713646488, 4.713819845
4.723646490, 4.723828930
4.733646487, 4.733842604
4.743646487, 4.743835653
4.753646484, 4.753834641
4.763646490, 4.763831440
4.773646485, 4.773832029
4.783646485, 4.783814045
4.793646488, 4.793828170
4.803646490, 4.803894589
4.813646482, 4.813884186
4.823646487, 4.823826442
4.833646491, 4.833825544
4.843646490, 4.843830561
4.853646491, 4.853844548
4.863646484, 4.863843685
4.873646480, 4.873844459
4.883646484, 4.883836476
4.893646490, 4.893834435
4.903646485, 4.903822132
4.913646491, 4.913844055
4.923646490, 4.923837622
4.933646485, 4.933875273
4.943646488, 4.943802354
4.953646484, 4.953847890
4.963646488, 4.963826399
4.973646485, 4.973820876
4.983646495, 4.983831487
4.993646484, 4.993838298
5.003646485, 5.003822725
5.013646487, 5.013866336
5.023646482, 5.023826849
5.033646493, 5.033830787
5.043646486, 5.043854547
5.053646480, 5.053839975
5.063646484, 5.063838252
5.073646488, 5.073827714
5.083646489, 5.083859105
5.093646488, 5.093861219
5.103646488, 5.103823615
5.113646480, 5.113820086
5.123646484, 5.123819092
5.133646489, 5.133837113
5.143646493, 5.143856590
5.153646488, 5.153810262
5.163646484, 5.163888543
5.173646485, 5.173844538
5.183646484, 5.183833968
5.193646484, 5.193827202
5.203646485, 5.203832352
5.213646485, 5.213907068
5.223646484, 5.223814256
5.233646479, 5.233829940
5.243646488, 5.243854602
5.253646487, 5.253864284
5.263646485, 5.263819164
5.273646487, 5.273852633
5.283646491, 5.283845960
5.293646480, 5.293838355
5.303646488, 5.303838554
5.313646490, 5.313826101
5.323646560, 5.323821745
5.333646486, 5.333817025
5.343646490, 5.343852329
5.353646482, 5.353821630
5.363646484, 5.363838078
5.373646487, 5.373890042
5.383646491, 5.383886141
5.393646487, 5.393832788
5.403646484, 5.403837051
5.413646485, 5.413840196
5.423646490, 5.423837315
5.433646490, 5.433813177
5.443646490, 5.443823647
5.453646484, 5.453840916
5.463646487, 5.463830521
5.473646484, 5.473836082
5.483646485, 5.483809164
5.493646486, 5.493817991
5.503646482, 5.503852763
5.513646484, 5.513844115
5.523646485, 5.523902904
5.533646487, 5.533859839
5.543646488, 5.543842817
5.553646489, 5.554120751
5.563646485, 5.563918319
5.573646485, 5.573826216
5.583646489, 5.583841402
5.593646482, 5.593810911
5.603646493, 5.603815992
5.613646493, 5.613831670
5.623646490, 5.623825035
5.633646487, 5.633836952
5.643646485, 5.643837746
5.653646482, 5.653811196
5.663646488, 5.663834873
5.673646488, 5.673863839
5.683646482, 5.683815804
5.693646493, 5.693860628
5.703646487, 5.703809192
5.713646488, 5.713833788
5.723646488, 5.723838262
5.733646485, 5.733844121
5.743646487, 5.743838963
5.753646491, 5.753808808
5.763646489, 5.763853652
5.773646487, 5.773827155
5.783646491, 5.783855439
5.793646488, 5.793825873
5.803646488, 5.803823138
5.813646485, 5.813826900
5.823646491, 5.823864849
5.833646480, 5.833808407
5.843646486, 5.843822766
5.853646488, 5.853832819
5.863646486, 5.863879916
5.873646490, 5.873885453
5.883646485, 5.883829381
5.893646482, 5.893880447
5.903646485, 5.903911927
5.913646490, 5.913814482
5.923646488, 5.923893285
5.933646491, 5.933860688
5.943646491, 5.943848980
5.953646491, 5.953841200
5.963646490, 5.963808707
5.973646484, 5.973814419
5.983646484, 5.983845686
5.993646490, 5.993901474
6.003646482, 6.003833745
6.013646488, 6.013856262
6.023646484, 6.023831689
6.033646489, 6.033837663
6.043646490, 6.043818255
6.053646487, 6.053837110
6.063646486, 6.063870046
6.073646488, 6.073865136
6.083646487, 6.083840603
6.093646484, 6.093833917
6.103646490, 6.103816982
6.113646492, 6.113841646
6.123646488, 6.123863698
6.133646485, 6.133811696
6.143646489, 6.143840410
6.153646491, 6.153829434
6.163646484, 6.163809162
6.173646487, 6.173843310
6.183646487, 6.183805896
6.193646484, 6.193827312
6.203646484, 6.203812514
6.213646485, 6.213841698
6.223646485, 6.223795774
6.233646491, 6.233803858
6.243646487, 6.243839497
6.253646484, 6.253841264
6.263646487, 6.263816891
6.273646487, 6.273846555
6.283646485, 6.283830120
6.293646484, 6.293871041
6.303646490, 6.303828986
6.313646485, 6.313792637
6.323646487, 6.323804059
6.333646486, 6.333809548
6.343646488, 6.343873476
6.353646484, 6.353830269
6.363646489, 6.363806307
6.373646486, 6.373832770
6.383646488, 6.383810595
6.393646487, 6.393820433
6.403646487, 6.403849628
6.413646484, 6.413828713
6.423646490, 6.423827612
6.433646489, 6.433826915
6.443646483, 6.443793589
6.453646488, 6.453837204
6.463646484, 6.463881485
6.473646490, 6.473838697
6.483646491, 6.483836282
6.493646488, 6.493875046
6.503646487, 6.503853746
6.513646487, 6.513825338
6.523646487, 6.523824295
6.533646488, 6.533845192
6.543646488, 6.543865008
6.553646487, 6.553849315
6.563646490, 6.563804611
6.573646485, 6.573844771
6.583646485, 6.583850681
6.593646490, 6.593819252
6.603646487, 6.603816742
6.613646479, 6.613819429
6.623646487, 6.623820309
6.633646491, 6.633841386
6.643646490, 6.643819494
6.653646490, 6.653833981
6.663646482, 6.663811566
6.673646485, 6.673807362
6.683646485, 6.683825945
6.693646488, 6.693788606
6.703646490, 6.703829724
6.713646488, 6.713821400
6.723646488, 6.723808993
6.733646484, 6.733809965
6.743646487, 6.743820048
6.753646487, 6.753899402
6.763646491, 6.763874480
6.773646488, 6.773836561
6.783646484, 6.783826482
6.793646480, 6.793843587
6.803646485, 6.803854698
6.813646484, 6.813809300
6.823646485, 6.823833445
6.833646493, 6.833812518
6.843646488, 6.843834574
6.853646487, 6.853834388
6.863646485, 6.863825906
6.873646480, 6.873850465
6.883646487, 6.883798665
6.893646488, 6.893819241
6.903646487, 6.903828829
6.913646487, 6.913818183
6.923646488, 6.923838804
6.933646490, 6.933861361
6.943646485, 6.943801584
6.953646488, 6.953835886
6.963646484, 6.963805293
6.973646484, 6.973823220
6.983646490, 6.983823730
6.993646484, 6.993822088
7.003646491, 7.003809103
7.013646487, 7.013835719
7.023646488, 7.023814970
7.033646488, 7.033828118
7.043646482, 7.043818068
7.053646484, 7.053823425
7.063646488, 7.063811209
7.073646488, 7.073807221
7.083646488, 7.083804744
7.093646485, 7.093827641
7.103646484, 7.103833111
7.113646484, 7.113831330
7.123646487, 7.123823962
7.133646488, 7.133859551
7.143646491, 7.143772409
7.153646480, 7.153830126
7.163646487, 7.163803743
7.173646488, 7.173812354
7.183646485, 7.183808985
7.193646491, 7.193823339
7.203646488, 7.203810240
7.213646482, 7.213803217
7.223646485, 7.223831829
7.233646487, 7.233807461
7.243646496, 7.243819895
7.253646493, 7.253798621
7.263646485, 7.263827948
7.273646482, 7.273835177
7.283646491, 7.283802197
7.293646493, 7.293835465
7.303646487, 7.303857592
7.313646485, 7.313840042
7.323646485, 7.323834127
7.333646488, 7.333831093
7.343646487, 7.343807788
7.353646487, 7.353877415
7.363646482, 7.363853346
7.373646490, 7.373826269
7.383646485, 7.383843497
7.393646487, 7.393817713
7.403646487, 7.403809659
7.413646490, 7.413832970
7.423646485, 7.423839870
7.433646487, 7.433815086
7.443646491, 7.443819906
7.453646479, 7.453816169
7.463646485, 7.463819191
7.473646488, 7.473827483
7.483646488, 7.483849839
7.493646487, 7.493811903
7.503646490, 7.503832773
7.513646482, 7.513821499
7.523646491, 7.523819388
7.533646485, 7.533819207
7.543646487, 7.543800122
7.553646485, 7.553837069
7.563646488, 7.563813516
7.573646484, 7.573810516
7.583646487, 7.583938500
7.593646485, 7.593796439
7.603646490, 7.603849165
7.613646490, 7.613878983
7.623646487, 7.623812368
7.633646482, 7.633813714
7.643646488, 7.643810196
7.653646488, 7.653805093
7.663646484, 7.663814632
7.673646485, 7.673817159
7.683646488, 7.683800888
7.693646480, 7.693800304
7.703646488, 7.703834445
7.713646485, 7.713835094
7.723646490, 7.723825147
7.733646493, 7.733841476
7.743646485, 7.743870758
7.753646484, 7.753801916
7.763646488, 7.763873060
7.773646487, 7.773874335
7.783646490, 7.783830460
7.793646488, 7.793872666
7.803646480, 7.803894453
7.813646487, 7.813821048
7.823646487, 7.823816417
7.833646487, 7.833904986
7.843646484, 7.844174762
7.853646493, 7.853840186
7.863646487, 7.863852596
7.873646488, 7.873878231
7.883646491, 7.883876425
7.893646491, 7.893802309
7.903646490, 7.903796964
7.913646490, 7.913849479
7.923646491, 7.923817227
7.933646485, 7.933843841
7.943646493, 7.943828926
7.953646484, 7.953801281
7.963646482, 7.963822691
7.973646491, 7.973832888
7.983646491, 7.983829766
7.993646479, 7.993833164
8.003646484, 8.003813396
8.013646485, 8.013860844
8.023646484, 8.023807309
8.033646493, 8.033867525
8.043646485, 8.043828829
8.053646482, 8.053832618
8.063646487, 8.063834795
8.073646490, 8.073831020
8.083646482, 8.083810515
8.093646491, 8.093853813
8.103646484, 8.103861465
8.113646491, 8.113790630
8.123646487, 8.123801846
8.133646484, 8.133844580
8.143646485, 8.143816633
8.153646490, 8.153831511
8.163646488, 8.163828159
8.173646482, 8.173828641
8.183646490, 8.183828238
8.193646487, 8.193821180
8.203646485, 8.203811179
8.213646488, 8.213824962
8.223646488, 8.223810170
8.233646482, 8.233825750
8.243646485, 8.243808127
8.253646490, 8.253834378
8.263646487, 8.263823827
8.273646485, 8.273814053
8.283646490, 8.283833332
8.293646487, 8.293810172
8.303646488, 8.303858718
8.313646490, 8.313812253
8.323646482, 8.323798573
8.333646488, 8.333814435
8.343646484, 8.343803316
8.353646485, 8.353816339
8.363646484, 8.363810737
8.373646490, 8.373803927
8.383646487, 8.383809223
8.393646485, 8.393821231
8.403646490, 8.403814201
8.413646480, 8.413837672
8.423646487, 8.423835313
8.433646488, 8.433833944
8.443646487, 8.443806730
8.453646488, 8.453841043
8.463646482, 8.463803221
8.473646480, 8.473861181
8.483646485, 8.483819054
8.493646487, 8.493849605
8.503646486, 8.503787671
8.513646490, 8.513821086
8.523646487, 8.523834105
8.533646480, 8.533844239
8.543646491, 8.543822957
8.553646489, 8.553813359
8.563646490, 8.563815630
8.573646491, 8.573846324
8.583646487, 8.583852319
8.593646487, 8.593837196
8.603646490, 8.603823848
8.613646488, 8.613834703
8.623646490, 8.623874494
8.633646490, 8.633814499
8.643646485, 8.643813999
8.653646479, 8.653875917
8.663646485, 8.663830617
8.673646484, 8.673842587
8.683646485, 8.683813364
8.693646490, 8.693868560
8.703646482, 8.703819683
8.713646484, 8.713831692
8.723646489, 8.723846434
8.733646490, 8.733840971
8.743646482, 8.743868930
8.753646488, 8.753849795
8.763646491, 8.763788384
8.773646480, 8.773807648
8.783646484, 8.783827092
8.793646485, 8.793826506
8.803646491, 8.803840945
8.813646484, 8.813848229
8.823646488, 8.823816077
8.833646493, 8.833870975
8.843646485, 8.843837498
8.853646485, 8.853846904
8.863646484, 8.863896988
8.873646487, 8.873844503
8.883646484, 8.883845988
8.893646488, 8.893867757
8.903646490, 8.903835014
8.913646491, 8.913812069
8.923646491, 8.923845886
8.933646485, 8.933830023
8.943646485, 8.943835034
8.953646480, 8.953833614
8.963646485, 8.963846216
8.973646485, 8.973837256
8.983646485, 8.983812763
8.993646488, 8.993855450
9.003646487, 9.003813100
9.013646485, 9.013837636
9.023646487, 9.023809786
9.033646488, 9.033846367
9.043646484, 9.043841580
9.053646484, 9.053833333
9.063646487, 9.063861356
9.073646482, 9.073831530
9.083646484, 9.083980548
9.093646491, 9.093887361
9.103646488, 9.103900550
9.113646488, 9.113841541
9.123646485, 9.123840430
9.133646491, 9.133816740
9.143646484, 9.143826247
9.153646485, 9.153854719
9.163646487, 9.163808199
9.173646490, 9.173819358
9.183646490, 9.183847950
9.193646488, 9.193824674
9.203646484, 9.203851209
9.213646487, 9.213813140
9.223646484, 9.223816088
9.233646484, 9.233837539
9.243646488, 9.243835057
9.253646479, 9.253852231
9.263646485, 9.263821478
9.273646492, 9.273842605
9.283646487, 9.283853699
9.293646487, 9.293843446
9.303646491, 9.303810862
9.313646481, 9.313851040
9.323646487, 9.323853580
9.333646487, 9.333850627
9.343646487, 9.343846666
9.353646484, 9.353828166
9.363646488, 9.363848963
9.373646487, 9.373846150
9.383646487, 9.383876739
9.393646488, 9.393833534
9.403646484, 9.403806759
9.413646489, 9.413821813
9.423646484, 9.423829615
9.433646491, 9.433842676
9.443646484, 9.443845611
9.453646489, 9.453861715
9.463646491, 9.463857447
9.473646487, 9.473839187
9.483646521, 9.483806202
9.493646486, 9.493837131
9.503646490, 9.503825348
9.513646484, 9.513812438
9.523646486, 9.523830232
9.533646485, 9.533838784
9.543646490, 9.543800626
9.553646485, 9.553833920
9.563646485, 9.563835265
9.573646491, 9.573827584
9.583646487, 9.583845024
9.593646488, 9.593836461
9.603646490, 9.603816515
9.613646479, 9.613859412
9.623646490, 9.623808547
9.633646491, 9.633831019
9.643646487, 9.643811516
9.653646489, 9.653961313
9.663646485, 9.663900593
9.673646485, 9.673819204
9.683646488, 9.683876898
9.693646485, 9.693901789
9.703646485, 9.703856932
9.713646485, 9.713818857
9.723646488, 9.723852236
9.733646487, 9.733831726
9.743646485, 9.743816728
9.753646492, 9.753813135
9.763646484, 9.763820432
9.773646487, 9.773842744
9.783646487, 9.783830463
9.793646488, 9.793823160
9.803646482, 9.803820077
9.813646488, 9.813840554
9.823646485, 9.823842603
9.833646488, 9.833850770
9.843646484, 9.843825620
9.853646488, 9.853874216
9.863646491, 9.863836085
9.873646490, 9.873826804
9.883646488, 9.883823508
9.893646484, 9.893813788
9.903646484, 9.903835405
9.913646485, 9.913843944
9.923646485, 9.923853599
9.933646480, 9.933816521
9.943646484, 9.943819586
9.953646490, 9.953818471
9.963646485, 9.963858774
9.973646480, 9.973879002
9.983646484, 9.983883800
9.993646490, 9.993841949
10.003646488, 10.003815150
10.013646491, 10.013841135
10.023646488, 10.023839182
10.033646480, 10.033838106
10.043646487, 10.043824681
10.053646490, 10.053825644
10.063646488, 10.063832501
10.073646485, 10.073833349
10.083646487, 10.083879299
10.093646488, 10.093837541
10.103646485, 10.103816682
10.113646485, 10.113840423
10.123646488, 10.123821807
10.133646488, 10.133795322
10.143646491, 10.143830576
10.153646485, 10.153838215
10.163646485, 10.163823708
10.173646485, 10.173829286
10.183646484, 10.183834360
10.193646485, 10.193826508
10.203646487, 10.203842278
10.213646488, 10.213815163
10.223646487, 10.223842235
10.233646485, 10.233827070
10.243646488, 10.243854971
10.253646488, 10.253789384
10.263646490, 10.263883459
10.273646485, 10.273801777
10.283646491, 10.283873023
10.293646487, 10.293803349
10.303646490, 10.303811274
10.313646484, 10.313827488
10.323646485, 10.323814302
10.333646484, 10.333839488
10.343646485, 10.343827742
10.353646484, 10.353816305
10.363646487, 10.363849173
10.373646485, 10.373809689
10.383646488, 10.383810622
10.393646482, 10.393849975
10.403646487, 10.403847566
10.413646485, 10.413868112
10.423646487, 10.423811026
10.433646490, 10.433829929
10.443646491, 10.443844736
10.453646487, 10.453824706
10.463646491, 10.463850712
10.473646487, 10.473851644
10.483646484, 10.483813839
10.493646490, 10.493842121
10.503646485, 10.503844498
10.513646488, 10.513834955
10.523646488, 10.523836488
10.533646485, 10.533847556
10.543646485, 10.543818667
10.553646493, 10.553830598
10.563646491, 10.563838467
10.573646480, 10.573899408
10.583646484, 10.583830628
10.593646489, 10.593835149
10.603646484, 10.603836898
10.613646485, 10.613815775
10.623646491, 10.623886343
10.633646488, 10.633911415
10.643646485, 10.643823515
10.653646487, 10.653823451
10.663646490, 10.663838374
10.673646491, 10.673821614
10.683646488, 10.683885307
10.693646487, 10.694112946
10.703646491, 10.703832180
10.713646484, 10.713817103
10.723646491, 10.723857381
10.733646484, 10.733874772
10.743646487, 10.743830470
10.753646487, 10.753841060
10.763646486, 10.763830579
10.773646487, 10.773825608
10.783646488, 10.783842545
10.793646487, 10.793838595
10.803646487, 10.803797788
10.813646491, 10.813828629
10.823646488, 10.823799129
10.833646488, 10.833767664
10.843646488, 10.843811068
10.853646507, 10.853815110
10.863646485, 10.863755460
10.873646484, 10.873769464
10.883646493, 10.883767420
10.893646490, 10.893724692
10.903646484, 10.903769730
10.913646487, 10.913753257
10.923646487, 10.923761462
10.933646482, 10.933739612
10.943646492, 10.943727518
10.953646484, 10.953815307
10.963646490, 10.963743120
10.973646491, 10.973738571
10.983646480, 10.983744543
10.993646488, 10.993743453
11.003646490, 11.003727069
11.013646490, 11.013749080
11.023646487, 11.023791149
11.033646491, 11.033734695
11.043646488, 11.043729213
11.053646484, 11.053751435
11.063646484, 11.063736149
11.073646490, 11.073726404
11.083646485, 11.083738734
11.093646490, 11.093739801
11.103646490, 11.103744640
11.113646487, 11.113768910
11.123646490, 11.123737597
11.133646487, 11.133750320
11.143646482, 11.143740853
11.153646488, 11.153748199
11.163646482, 11.163758074
11.173646488, 11.173784455
11.183646484, 11.183751226
11.193646490, 11.193742877
11.203646485, 11.203757728
11.213646485, 11.213740902
11.223646488, 11.223844768
11.233646485, 11.233809820
11.243646485, 11.243839006
11.253646484, 11.253817546
11.263646485, 11.263723568
11.273646484, 11.273740930
11.283646487, 11.283745946
11.293646589, 11.293740951
11.303646490, 11.303743278
11.313646485, 11.313800381
11.323646490, 11.323760842
11.333646488, 11.333856341
11.343646485, 11.343744610
11.353646482, 11.353725455
11.363646490, 11.363746895
11.373646491, 11.373729049
11.383646490, 11.383768386
11.393646484, 11.393819102
11.403646491, 11.403820937
11.413646482, 11.413841713
11.423646482, 11.423786408
11.433646485, 11.433868205
11.443646484, 11.443808262
11.453646484, 11.453866662
11.463646487, 11.463871618
11.473646489, 11.473826337
11.483646482, 11.483828481
11.493646488, 11.493773149
11.503646490, 11.503734699
11.513646484, 11.513797583
11.523646587, 11.523756441
11.533646480, 11.533760137
11.543646488, 11.543774454
11.553646484, 11.553793399
11.563646482, 11.563757490
11.573646485, 11.573730370
11.583646488, 11.583722596
11.593646484, 11.593827592
11.603646485, 11.603735358
11.613646490, 11.613747651
11.623646490, 11.623781020
11.633646490, 11.633739394
11.643646484, 11.643723780
11.653646490, 11.653723791
11.663646484, 11.663814389
11.673646490, 11.673738912
11.683646488, 11.683736018
11.693646491, 11.693742040
11.703646491, 11.703738041
11.713646484, 11.713755751
11.723646485, 11.723715969
11.733646488, 11.733734842
11.743646490, 11.743741978
11.753646490, 11.753749954
11.763646490, 11.763741956
11.773646477, 11.773738402
11.783646488, 11.783739053
11.793646491, 11.793721632
11.803646491, 11.803807281
11.813646487, 11.813760589
11.823646487, 11.823724737
11.833646480, 11.833734267
11.843646487, 11.843738863
11.853646488, 11.853726039
11.863646485, 11.863744663
11.873646490, 11.873710605
11.883646490, 11.883751483
11.893646485, 11.893746058
11.903646528, 11.903766929
11.913646493, 11.913755360
11.923646480, 11.923780769
11.933646485, 11.933775330
11.943646487, 11.943766104
11.953646480, 11.953804799
11.963646482, 11.963826392
11.973646487, 11.973867659
11.983646487, 11.983866172
11.993646484, 11.993846459
12.003646482, 12.003876218
12.013646479, 12.013853631
12.023646488, 12.023875882
12.033646484, 12.033869352
12.043646485, 12.043882399
12.053646485, 12.053922455
------------------------------
