------------------------------
test was performed using the following parameters: --mps=100 --burst=1 --reply-every=1 --msg-size=12 --time=10
------------------------------
sockperf: [Total Run] RunTime=10.100 sec; SentMessages=1011; ReceivedMessages=1010
sockperf: ========= Printing statistics for Server No: 0
sockperf: [Valid Duration] RunTime=9.990 sec; SentMessages=1000; ReceivedMessages=1000
sockperf: [2;35m====> avg-lat= 77.237 (std-dev=18.960)[0m
sockperf: # dropped messages = 0; # duplicated messages = 0; # out-of-order messages = 0
sockperf: [2;35mTotal 1000 observations[0m; each percentile contains 10.00 observations
sockperf: ---> <MAX> observation =  135.697
sockperf: ---> percentile  99.99 =  135.697
sockperf: ---> percentile  99.90 =  131.683
sockperf: ---> percentile  99.50 =  123.269
sockperf: ---> percentile  99.00 =  115.921
sockperf: ---> percentile  95.00 =  101.762
sockperf: ---> percentile  90.00 =   96.899
sockperf: ---> percentile  75.00 =   89.700
sockperf: ---> percentile  50.00 =   83.345
sockperf: ---> percentile  25.00 =   64.366
sockperf: ---> <MIN> observation =   28.992
------------------------------
txTime, rxTime
2.063373571, 2.063549325
2.073373587, 2.073572429
2.083373579, 2.083549043
2.093373581, 2.093568568
2.103373632, 2.103563601
2.113373579, 2.113578664
2.123373569, 2.123553606
2.133373566, 2.133564406
2.143373555, 2.143556622
2.153373562, 2.153524939
2.163373581, 2.163578806
2.173373580, 2.173537543
2.183373569, 2.183548688
2.193373598, 2.193545874
2.203373556, 2.203527925
2.213373586, 2.213549055
2.223373570, 2.223517222
2.233373583, 2.233475720
2.243373565, 2.243487467
2.253373584, 2.253461014
2.263373761, 2.263510531
2.273373714, 2.273494587
2.283373647, 2.283488491
2.293373587, 2.293514894
2.303373564, 2.303486985
2.313373690, 2.313560457
2.323373663, 2.323461110
2.333373644, 2.333440049
2.343373590, 2.343466347
2.353373586, 2.353472906
2.363373677, 2.363502821
2.373373720, 2.373547605
2.383373859, 2.383453187
2.393373583, 2.393466887
2.403373579, 2.403528764
2.413373673, 2.413478421
2.423373600, 2.423561872
2.433373583, 2.433489385
2.443373668, 2.443555512
2.453373680, 2.453504403
2.463373560, 2.463480742
2.473373657, 2.473465091
2.483373562, 2.483560315
2.493373655, 2.493487782
2.503373786, 2.503563487
2.513373616, 2.513567343
2.523373680, 2.523558366
2.533373899, 2.533566955
2.543373639, 2.543539224
2.553373656, 2.553620685
2.563373582, 2.563563883
2.573373732, 2.573560459
2.583373683, 2.583547641
2.593373639, 2.593539650
2.603373577, 2.603544436
2.613373585, 2.613557869
2.623373586, 2.623584117
2.633373583, 2.633543948
2.643373575, 2.643585505
2.653373617, 2.653545600
2.663373580, 2.663563573
2.673373603, 2.673585819
2.683373583, 2.683565432
2.693373669, 2.693547518
2.703373628, 2.703580763
2.713373599, 2.713551168
2.723373734, 2.723581227
2.733373763, 2.733555761
2.743373560, 2.743548712
2.753373696, 2.753563842
2.763373675, 2.763565182
2.773373659, 2.773552424
2.783373594, 2.783552838
2.793373676, 2.793554331
2.803373704, 2.803562187
2.813373575, 2.813555933
2.823373742, 2.823568817
2.833373571, 2.833569363
2.843373566, 2.843570599
2.853373690, 2.853582709
2.863373581, 2.863552912
2.873373586, 2.873576727
2.883373552, 2.883583632
2.893373564, 2.893559261
2.903373564, 2.903632167
2.913373602, 2.913563298
2.923373569, 2.923558579
2.933373562, 2.933518441
2.943373644, 2.943551473
2.953373614, 2.953548466
2.963373672, 2.963544765
2.973373583, 2.973543981
2.983373583, 2.983551056
2.993373641, 2.993556549
3.003373602, 3.003548043
3.013373572, 3.013609302
3.023373559, 3.023565294
3.033373587, 3.033551255
3.043373590, 3.043571513
3.053373663, 3.053575961
3.063373559, 3.063558027
3.073373560, 3.073584040
3.083373586, 3.083555506
3.093373587, 3.093562752
3.103373583, 3.103566235
3.113373646, 3.113550694
3.123373624, 3.123593410
3.133373710, 3.133554397
3.143373560, 3.143550959
3.153373561, 3.153568642
3.163373566, 3.163575469
3.173373566, 3.173551454
3.183373583, 3.183567091
3.193373569, 3.193576351
3.203373586, 3.203582848
3.213373585, 3.213562384
3.223373641, 3.223543173
3.233373564, 3.233557681
3.243373560, 3.243560461
3.253373568, 3.253557184
3.263373575, 3.263545034
3.273373557, 3.273562006
3.283373566, 3.283586801
3.293373568, 3.293559185
3.303373571, 3.303560641
3.313373568, 3.313569489
3.323373586, 3.323530511
3.333373596, 3.333573581
3.343373586, 3.343565237
3.353373580, 3.353609503
3.363373577, 3.363535807
3.373373579, 3.373555534
3.383373568, 3.383554778
3.393373686, 3.393588917
3.403373568, 3.403600855
3.413373554, 3.413559207
3.423373645, 3.423563343
3.433373754, 3.433567124
3.443373573, 3.443556397
3.453373637, 3.453553533
3.463373583, 3.463558484
3.473373673, 3.473538267
3.483373601, 3.483584230
3.493373559, 3.493560031
3.503373586, 3.503551155
3.513373585, 3.513575020
3.523373605, 3.523590602
3.533373586, 3.533567789
3.543373661, 3.543595711
3.553373580, 3.553559064
3.563373590, 3.563605433
3.573373604, 3.573559248
3.583373582, 3.583556471
3.593373604, 3.593636971
3.603373586, 3.603558185
3.613373643, 3.613549726
3.623373684, 3.623578423
3.633373611, 3.633567562
3.643373715, 3.643566783
3.653373582, 3.653566412
3.663373590, 3.663549062
3.673373654, 3.673569209
3.683373584, 3.683571021
3.693373661, 3.693546693
3.703373643, 3.703560023
3.713373661, 3.713573923
3.723373579, 3.723566226
3.733373675, 3.733567033
3.743373632, 3.743566578
3.753373820, 3.753555966
3.763373658, 3.763574798
3.773373573, 3.773630378
3.783373667, 3.783556724
3.793373791, 3.793556529
3.803373558, 3.803555996
3.813373580, 3.813550759
3.823373583, 3.823578726
3.833373575, 3.833558283
3.843373643, 3.843558109
3.853373580, 3.853554132
3.863373684, 3.863538960
3.873373599, 3.873567252
3.883373560, 3.883574506
3.893373676, 3.893566184
3.903373590, 3.903548536
3.913373706, 3.913559688
3.923373686, 3.923550121
3.933373580, 3.933548819
3.943373585, 3.943583563
3.953373560, 3.953543038
3.963373639, 3.963586129
3.973373712, 3.973556503
3.983373588, 3.983539101
3.993373601, 3.993509371
4.003373617, 4.003509246
4.013373598, 4.013498322
4.023373684, 4.023496628
4.033373601, 4.033441059
4.043373740, 4.043477917
4.053373646, 4.053543355
4.063373589, 4.063451343
4.073373562, 4.073470066
4.083373644, 4.083431629
4.093373583, 4.093445752
4.103373570, 4.103513319
4.113373663, 4.113459520
4.123373589, 4.123463884
4.133373584, 4.133466821
4.143373661, 4.143470070
4.153373565, 4.153463139
4.163373674, 4.163485471
4.173373584, 4.173440163
4.183373605, 4.183484857
4.193373660, 4.193450233
4.203373673, 4.203439231
4.213373644, 4.213457671
4.223373570, 4.223468157
4.233373604, 4.233464232
4.243373579, 4.243471991
4.253373610, 4.253459223
4.263373648, 4.263465128
4.273373563, 4.273458553
4.283373585, 4.283456136
4.293373599, 4.293469168
4.303373672, 4.303450011
4.313373656, 4.313464127
4.323373643, 4.323472637
4.333373654, 4.333472555
4.343373607, 4.343460741
4.353373583, 4.353465276
4.363373669, 4.363467108
4.373373654, 4.373444657
4.383373662, 4.383467483
4.393373590, 4.393437293
4.403373593, 4.403433807
4.413373586, 4.413466040
4.423373680, 4.423462712
4.433373604, 4.433471685
4.443373598, 4.443473415
4.453373585, 4.453467090
4.463373583, 4.463468232
4.473373664, 4.473477331
4.483373640, 4.483437377
4.493373621, 4.493484694
4.503373840, 4.503491498
4.513373686, 4.513456508
4.523373583, 4.523505929
4.533373568, 4.533570937
4.543373580, 4.543564371
4.553373684, 4.553552962
4.563373676, 4.563555613
4.573373574, 4.573577341
4.583373599, 4.583616587
4.593373601, 4.593582020
4.603373563, 4.603618242
4.613373571, 4.613539360
4.623373647, 4.623573173
4.633373583, 4.633554716
4.643373645, 4.643554510
4.653373676, 4.653574107
4.663373594, 4.663575608
4.673373677, 4.673565159
4.683373789, 4.683552165
4.693373663, 4.693556701
4.703373572, 4.703545681
4.713373565, 4.713582234
4.723373583, 4.723572213
4.733373605, 4.733527808
4.743373589, 4.743551764
4.753373581, 4.753545516
4.763373580, 4.763543912
4.773373596, 4.773574959
4.783373582, 4.783561576
4.793373586, 4.793563724
4.803373568, 4.803556710
4.813373591, 4.813567025
4.823373605, 4.823567110
4.833373661, 4.833560668
4.843373590, 4.843545661
4.853373586, 4.853601637
4.863373695, 4.863576536
4.873373686, 4.873539769
4.883373601, 4.883537464
4.893373561, 4.893574349
4.903373586, 4.903546545
4.913373568, 4.913569778
4.923373659, 4.923569629
4.933373749, 4.933548747
4.943373605, 4.943564866
4.953373670, 4.953572541
4.963373656, 4.963542612
4.973373656, 4.973540133
4.983373586, 4.983566100
4.993373688, 4.993548046
5.003373599, 5.003644995
5.013373560, 5.013561128
5.023373600, 5.023548899
5.033373784, 5.033549283
5.043373602, 5.043567402
5.053373684, 5.053568887
5.063373666, 5.063620205
5.073373583, 5.073530988
5.083373583, 5.083572946
5.093373588, 5.093569638
5.103373571, 5.103554748
5.113373563, 5.113539282
5.123373563, 5.123593410
5.133373563, 5.133558252
5.143373569, 5.143552423
5.153373560, 5.153547374
5.163373563, 5.163567543
5.173373561, 5.173544469
5.183373571, 5.183560835
5.193373575, 5.193546130
5.203373558, 5.203534932
5.213373561, 5.213590396
5.223373556, 5.223563106
5.233373560, 5.233522876
5.243375134, 5.243556400
5.253373563, 5.253525694
5.263373553, 5.263551119
5.273373572, 5.273557299
5.283373572, 5.283583581
5.293373571, 5.293544142
5.303373556, 5.303529807
5.313373572, 5.313508937
5.323373558, 5.323558568
5.333373555, 5.333534664
5.343373560, 5.343529419
5.353373560, 5.353537016
5.363373561, 5.363548836
5.373373572, 5.373549336
5.383373558, 5.383578219
5.393373555, 5.393541718
5.403373574, 5.403532104
5.413373577, 5.413544357
5.423373563, 5.423560787
5.433373566, 5.433518586
5.443373568, 5.443564568
5.453373555, 5.453549840
5.463373556, 5.463567955
5.473373563, 5.473558235
5.483373553, 5.483556934
5.493373571, 5.493554747
5.503373553, 5.503532106
5.513373552, 5.513533088
5.523373569, 5.523573642
5.533373556, 5.533534315
5.543373564, 5.543532707
5.553373556, 5.553575554
5.563373569, 5.563572745
5.573373555, 5.573533641
5.583373566, 5.583578516
5.593373569, 5.593567623
5.603373556, 5.603547342
5.613373569, 5.613553610
5.623373564, 5.623558612
5.633373558, 5.633558365
5.643373571, 5.643546622
5.653373556, 5.653542257
5.663373568, 5.663578385
5.673373569, 5.673539479
5.683373563, 5.683569388
5.693373572, 5.693502904
5.703373568, 5.703477271
5.713373547, 5.713471690
5.723373577, 5.723498507
5.733373568, 5.733459982
5.743373571, 5.743448709
5.753373553, 5.753463887
5.763373558, 5.763455801
5.773373563, 5.773559301
5.783373568, 5.783521527
5.793373577, 5.793465319
5.803373561, 5.803475334
5.813373558, 5.813456797
5.823373558, 5.823442889
5.833373561, 5.833464278
5.843373561, 5.843483763
5.853373556, 5.853477716
5.863373566, 5.863482112
5.873373566, 5.873446340
5.883373564, 5.883480301
5.893373556, 5.893468031
5.903373556, 5.903472938
5.913373577, 5.913462341
5.923373563, 5.923461182
5.933373553, 5.933515245
5.943373555, 5.943493857
5.953373555, 5.953547743
5.963373561, 5.963500080
5.973373553, 5.973496920
5.983373569, 5.983465930
5.993373561, 5.993462638
6.003373560, 6.003470483
6.013373563, 6.013472220
6.023373568, 6.023484921
6.033373558, 6.033451680
6.043373569, 6.043457059
6.053373574, 6.053529111
6.063373555, 6.063467414
6.073373555, 6.073462118
6.083373571, 6.083507483
6.093373572, 6.093497061
6.103373561, 6.103562047
6.113373577, 6.113542369
6.123373553, 6.123600300
6.133373569, 6.133535516
6.143373563, 6.143525501
6.153373564, 6.153518578
6.163373558, 6.163528239
6.173373544, 6.173513895
6.183373566, 6.183577805
6.193373575, 6.193547033
6.203373575, 6.203540604
6.213373558, 6.213547593
6.223373563, 6.223534680
6.233373556, 6.233534507
6.243373555, 6.243537166
6.253373560, 6.253516208
6.263373561, 6.263528696
6.273373579, 6.273508907
6.283373560, 6.283546846
6.293373991, 6.293534158
6.303373563, 6.303518898
6.313373558, 6.313538472
6.323373553, 6.323520812
6.333373558, 6.333550650
6.343373574, 6.343554765
6.353373553, 6.353597744
6.363373561, 6.363551623
6.373373553, 6.373550268
6.383373563, 6.383512517
6.393373555, 6.393532917
6.403373555, 6.403547514
6.413373563, 6.413545159
6.423373564, 6.423553950
6.433373566, 6.433558153
6.443373559, 6.443570307
6.453373573, 6.453537660
6.463373556, 6.463527969
6.473373566, 6.473524994
6.483373564, 6.483532443
6.493373621, 6.493540294
6.503373562, 6.503517174
6.513373562, 6.513588139
6.523373559, 6.523535784
6.533373555, 6.533510959
6.543373559, 6.543568512
6.553373555, 6.553542503
6.563373555, 6.563524175
6.573373564, 6.573512625
6.583373555, 6.583550847
6.593373564, 6.593528094
6.603373570, 6.603546870
6.613373558, 6.613523812
6.623373701, 6.623532481
6.633373569, 6.633507929
6.643373556, 6.643526477
6.653373555, 6.653519493
6.663374499, 6.663535668
6.673373559, 6.673529162
6.683373570, 6.683540366
6.693373553, 6.693514291
6.703373562, 6.703541118
6.713373564, 6.713531903
6.723373570, 6.723547381
6.733373562, 6.733553007
6.743373564, 6.743522348
6.753373553, 6.753509081
6.763373559, 6.763583418
6.773373562, 6.773535461
6.783373556, 6.783527157
6.793373566, 6.793548147
6.803373564, 6.803524686
6.813373564, 6.813511850
6.823373559, 6.823497687
6.833373556, 6.833440691
6.843373570, 6.843472235
6.853373569, 6.853448860
6.863373562, 6.863491252
6.873373555, 6.873464232
6.883373553, 6.883486510
6.893373558, 6.893445397
6.903373570, 6.903440053
6.913373562, 6.913573705
6.923373573, 6.923550342
6.933373556, 6.933473334
6.943373559, 6.943459997
6.953373556, 6.953473461
6.963373569, 6.963448325
6.973373562, 6.973438422
6.983373569, 6.983441333
6.993373553, 6.993540243
7.003373548, 7.003467578
7.013373555, 7.013486438
7.023373569, 7.023536888
7.033373564, 7.033520831
7.043373572, 7.043571750
7.053373559, 7.053494319
7.063373562, 7.063481252
7.073373558, 7.073448762
7.083373553, 7.083457260
7.093373559, 7.093466611
7.103373570, 7.103457523
7.113373550, 7.113433815
7.123373564, 7.123447745
7.133373575, 7.133507713
7.143373553, 7.143459986
7.153373562, 7.153476644
7.163373570, 7.163462285
7.173373569, 7.173465315
7.183373553, 7.183480469
7.193373559, 7.193456908
7.203373575, 7.203462985
7.213373559, 7.213496869
7.223373553, 7.223472445
7.233373562, 7.233461111
7.243373559, 7.243444073
7.253373562, 7.253465539
7.263373572, 7.263481824
7.273373558, 7.273503335
7.283373559, 7.283557606
7.293373575, 7.293574706
7.303373570, 7.303541791
7.313373577, 7.313457532
7.323373566, 7.323462018
7.333373558, 7.333477994
7.343373558, 7.343463278
7.353373560, 7.353494658
7.363373554, 7.363457458
7.373373562, 7.373468472
7.383373558, 7.383478983
7.393373555, 7.393481125
7.403373562, 7.403464165
7.413373574, 7.413449933
7.423373560, 7.423512888
7.433373573, 7.433454521
7.443373571, 7.443533213
7.453373557, 7.453509271
7.463373558, 7.463491875
7.473373555, 7.473496184
7.483373563, 7.483478504
7.493373556, 7.493488347
7.503373568, 7.503460839
7.513373569, 7.513567108
7.523373555, 7.523526379
7.533373568, 7.533500190
7.543373566, 7.543453665
7.553373564, 7.553534114
7.563373569, 7.563458026
7.573373560, 7.573503902
7.583373569, 7.583469590
7.593373577, 7.593503443
7.603373561, 7.603501434
7.613373561, 7.613530454
7.623373563, 7.623516421
7.633373553, 7.633504651
7.643373562, 7.643556311
7.653373559, 7.653556371
7.663373557, 7.663538603
7.673373563, 7.673545984
7.683373575, 7.683514140
7.693373563, 7.693499313
7.703373570, 7.703514129
7.713373559, 7.713464434
7.723373622, 7.723481246
7.733373560, 7.733442776
7.743373568, 7.743480963
7.753373559, 7.753465441
7.763373573, 7.763442951
7.773373559, 7.773450287
7.783373560, 7.783547861
7.793373559, 7.793507219
7.803373571, 7.803497529
7.813373554, 7.813520772
7.823373559, 7.823577085
7.833373565, 7.833493031
7.843373559, 7.843495260
7.853373551, 7.853461222
7.863373559, 7.863475391
7.873373567, 7.873490545
7.883373565, 7.883484085
7.893373557, 7.893456029
7.903373559, 7.903443865
7.913373564, 7.913460829
7.923373571, 7.923556930
7.933373576, 7.933473353
7.943373559, 7.943549434
7.953373555, 7.953526092
7.963373577, 7.963498937
7.973373563, 7.973595603
7.983373568, 7.983479802
7.993373555, 7.993496713
8.003373569, 8.003510237
8.013373563, 8.013505751
8.023373560, 8.023539393
8.033373561, 8.033509990
8.043373555, 8.043492105
8.053373561, 8.053453785
8.063373558, 8.063466598
8.073373629, 8.073502631
8.083373564, 8.083511449
8.093373563, 8.093497621
8.103373566, 8.103487889
8.113373561, 8.113494658
8.123373555, 8.123496597
8.133373547, 8.133503468
8.143373560, 8.143520638
8.153373560, 8.153512065
8.163373556, 8.163489695
8.173373561, 8.173519022
8.183373564, 8.183499207
8.193373560, 8.193514231
8.203373563, 8.203514702
8.213373560, 8.213518049
8.223373564, 8.223511478
8.233373558, 8.233486334
8.243373564, 8.243534653
8.253373564, 8.253510383
8.263373556, 8.263523199
8.273374450, 8.273494149
8.283373569, 8.283509060
8.293373553, 8.293522217
8.303373560, 8.303501930
8.313373569, 8.313555313
8.323373572, 8.323498829
8.333373558, 8.333514408
8.343374591, 8.343546127
8.353373556, 8.353510706
8.363373560, 8.363535047
8.373373572, 8.373511546
8.383373563, 8.383496886
8.393373558, 8.393486506
8.403373561, 8.403527368
8.413373555, 8.413508642
8.423373560, 8.423509597
8.433373575, 8.433477967
8.443373664, 8.443496355
8.453373556, 8.453541030
8.463373550, 8.463506735
8.473373553, 8.473528126
8.483373561, 8.483505260
8.493373574, 8.493496567
8.503373563, 8.503486370
8.513373561, 8.513515228
8.523373574, 8.523543946
8.533373553, 8.533517320
8.543373550, 8.543505795
8.553373563, 8.553511909
8.563373564, 8.563525563
8.573373563, 8.573535084
8.583373568, 8.583504598
8.593373552, 8.593497623
8.603373575, 8.603538917
8.613373556, 8.613538611
8.623373574, 8.623535264
8.633373556, 8.633528384
8.643373561, 8.643517729
8.653373564, 8.653498944
8.663373561, 8.663509172
8.673373577, 8.673482516
8.683373561, 8.683522588
8.693373558, 8.693490548
8.703373568, 8.703498199
8.713373558, 8.713528206
8.723373569, 8.723529136
8.733373561, 8.733492251
8.743373564, 8.743488380
8.753373568, 8.753479857
8.763373568, 8.763527365
8.773373575, 8.773500795
8.783373556, 8.783527458
8.793373577, 8.793553737
8.803373561, 8.803502293
8.813373571, 8.813480547
8.823373556, 8.823488781
8.833373568, 8.833503916
8.843373577, 8.843525531
8.853373569, 8.853508806
8.863373553, 8.863493770
8.873373560, 8.873500695
8.883373547, 8.883510281
8.893373561, 8.893510979
8.903373561, 8.903532465
8.913373566, 8.913548263
8.923373577, 8.923505002
8.933373571, 8.933516712
8.943373560, 8.943492570
8.953373568, 8.953455793
8.963373558, 8.963511293
8.973373560, 8.973488150
8.983373555, 8.983456166
8.993374501, 8.993492247
9.003374055, 9.003491944
9.013373555, 9.013432598
9.023373569, 9.023502276
9.033373556, 9.033510519
9.043373571, 9.043512711
9.053373558, 9.053513166
9.063373555, 9.063490676
9.073373556, 9.073491254
9.083373568, 9.083496031
9.093373564, 9.093517155
9.103373558, 9.103525617
9.113373574, 9.113518518
9.123373555, 9.123481790
9.133373556, 9.133498818
9.143373569, 9.143506984
9.153375049, 9.153511422
9.163373568, 9.163514026
9.173373549, 9.173507699
9.183373564, 9.183489616
9.193373563, 9.193492940
9.203373577, 9.203507567
9.213373569, 9.213481656
9.223373558, 9.223495051
9.233373563, 9.233517605
9.243373577, 9.243503965
9.253373553, 9.253545792
9.263373556, 9.263510900
9.273373572, 9.273501693
9.283373560, 9.283502551
9.293373558, 9.293509256
9.303373569, 9.303519923
9.313373563, 9.313539328
9.323373556, 9.323512686
9.333373560, 9.333504695
9.343373560, 9.343525440
9.353373549, 9.353495453
9.363376110, 9.363507619
9.373373572, 9.373529848
9.383373558, 9.383524991
9.393373556, 9.393497931
9.403373552, 9.403496761
9.413373553, 9.413528680
9.423373566, 9.423495818
9.433373556, 9.433530349
9.443373566, 9.443506193
9.453373568, 9.453501295
9.463373555, 9.463520714
9.473374051, 9.473517716
9.483373558, 9.483526685
9.493373556, 9.493570702
9.503373549, 9.503537414
9.513373560, 9.513534847
9.523373553, 9.523512889
9.533373560, 9.533511841
9.543375082, 9.543503766
9.553373561, 9.553503416
9.563373563, 9.563539287
9.573373564, 9.573501317
9.583373563, 9.583550383
9.593375083, 9.593508134
9.603373560, 9.603514943
9.613373566, 9.613505945
9.623373553, 9.623500981
9.633373553, 9.633517710
9.643373563, 9.643485907
9.653373561, 9.653533143
9.663373553, 9.663522623
9.673373564, 9.673498223
9.683373556, 9.683513008
9.693373556, 9.693498824
9.703373555, 9.703520716
9.713373553, 9.713515796
9.723373566, 9.723515359
9.733373563, 9.733536879
9.743373569, 9.743508282
9.753373571, 9.753484846
9.763373615, 9.763515616
9.773373556, 9.773494625
9.783373563, 9.783534031
9.793373554, 9.793521621
9.803373571, 9.803493463
9.813373557, 9.813511303
9.823373571, 9.823513115
9.833373551, 9.833524114
9.843373571, 9.843508786
9.853373571, 9.853544447
9.863373560, 9.863496463
9.873373555, 9.873502114
9.883373546, 9.883514454
9.893373558, 9.893506179
9.903373562, 9.903550502
9.913373571, 9.913560087
9.923373562, 9.923571591
9.933373557, 9.933541787
9.943373571, 9.943542765
9.953373568, 9.953556178
9.963373566, 9.963554517
9.973373574, 9.973524011
9.983373579, 9.983440886
9.993373549, 9.993510895
10.003373552, 10.003509419
10.013373546, 10.013508644
10.023373555, 10.023511311
10.033373558, 10.033509798
10.043373549, 10.043519489
10.053373554, 10.053511615
10.063373554, 10.063512234
10.073373551, 10.073507963
10.083373549, 10.083506660
10.093373549, 10.093513006
10.103373547, 10.103534106
10.113373579, 10.113518253
10.123373561, 10.123546900
10.133373542, 10.133548855
10.143373549, 10.143542228
10.153373545, 10.153551128
10.163373553, 10.163545951
10.173373555, 10.173552542
10.183373550, 10.183554397
10.193373550, 10.193550320
10.203373549, 10.203554739
10.213373558, 10.213551923
10.223373558, 10.223553064
10.233373552, 10.233554821
10.243373556, 10.243547587
10.253373545, 10.253554818
10.263373552, 10.263555608
10.273373547, 10.273527473
10.283373566, 10.283533026
10.293373549, 10.293528764
10.303373549, 10.303533930
10.313373549, 10.313528376
10.323373550, 10.323517925
10.333373556, 10.333517403
10.343373555, 10.343536583
10.353373547, 10.353548034
10.363373563, 10.363552751
10.373373544, 10.373553097
10.383373547, 10.383552589
10.393373553, 10.393549575
10.403373561, 10.403550688
10.413373561, 10.413549818
10.423373569, 10.423549887
10.433373558, 10.433551327
10.443373555, 10.443551599
10.453373555, 10.453549313
10.463373550, 10.463553219
10.473373555, 10.473545935
10.483373550, 10.483550517
10.493373542, 10.493549599
10.503373555, 10.503551280
10.513373558, 10.513548790
10.523373549, 10.523552986
10.533373568, 10.533550715
10.543373555, 10.543549022
10.553373545, 10.553549886
10.563373552, 10.563551992
10.573373547, 10.573551053
10.583373549, 10.583557894
10.593373558, 10.593552660
10.603373569, 10.603548537
10.613373545, 10.613549974
10.623373553, 10.623550224
10.633373549, 10.633551949
10.643373555, 10.643552669
10.653373553, 10.653549693
10.663373556, 10.663554806
10.673373545, 10.673550219
10.683373555, 10.683549426
10.693373550, 10.693551445
10.703373550, 10.703552028
10.713373549, 10.713547093
10.723373553, 10.723550881
10.733373549, 10.733549130
10.743373552, 10.743552764
10.753373547, 10.753550015
10.763373549, 10.763557310
10.773373547, 10.773546521
10.783373549, 10.783545700
10.793373544, 10.793551932
10.803373552, 10.803548588
10.813373547, 10.813551845
10.823373552, 10.823554916
10.833373553, 10.833548490
10.843373549, 10.843554102
10.853373545, 10.853535917
10.863373547, 10.863552909
10.873373549, 10.873549599
10.883373555, 10.883551087
10.893373550, 10.893549556
10.903373553, 10.903553504
10.913373545, 10.913546526
10.923373560, 10.923548279
10.933373550, 10.933551971
10.943373547, 10.943551621
10.953373547, 10.953553018
10.963373550, 10.963547098
10.973373547, 10.973547279
10.983373553, 10.983588189
10.993373560, 10.993553644
11.003373564, 11.003551091
11.013373547, 11.013549448
11.023373547, 11.023550106
11.033373556, 11.033550121
11.043373545, 11.043555142
11.053373555, 11.053551301
11.063373552, 11.063554499
11.073373550, 11.073553212
11.083373544, 11.083553856
11.093373542, 11.093554198
11.103373550, 11.103548026
11.113373555, 11.113553288
11.123373549, 11.123553393
11.133373555, 11.133549955
11.143373542, 11.143551548
11.153373553, 11.153546681
11.163373550, 11.163552117
11.173373552, 11.173549079
11.183373555, 11.183550197
11.193373545, 11.193550963
11.203373553, 11.203551938
11.213373550, 11.213552118
11.223373550, 11.223554070
11.233373549, 11.233556854
11.243373575, 11.243556171
11.253373552, 11.253547622
11.263373552, 11.263551957
11.273373544, 11.273548612
11.283373556, 11.283544932
11.293373553, 11.293549572
11.303373549, 11.303552448
11.313373556, 11.313552959
11.323373545, 11.323551295
11.333373552, 11.333551383
11.343373553, 11.343546982
11.353373553, 11.353546531
11.363373555, 11.363551373
11.373373550, 11.373547123
11.383373552, 11.383551593
11.393373555, 11.393551428
11.403373556, 11.403546889
11.413373560, 11.413546720
11.423373566, 11.423549110
11.433373549, 11.433543523
11.443373555, 11.443552292
11.453373545, 11.453550953
11.463373555, 11.463553498
11.473373555, 11.473551357
11.483373547, 11.483555000
11.493373555, 11.493550176
11.503373547, 11.503546011
11.513373549, 11.513548580
11.523373564, 11.523548187
11.533373545, 11.533546043
11.543373549, 11.543551394
11.553373556, 11.553550168
11.563373542, 11.563550936
11.573373545, 11.573550022
11.583373547, 11.583551798
11.593373555, 11.593546363
11.603373550, 11.603552456
11.613373552, 11.613549645
11.623373555, 11.623550396
11.633373550, 11.633549712
11.643373552, 11.643552763
11.653373552, 11.653549288
11.663373552, 11.663546117
11.673373553, 11.673550912
11.683373547, 11.683551436
11.693373544, 11.693549913
11.703373555, 11.703552377
11.713373549, 11.713547486
11.723373552, 11.723556886
11.733373547, 11.733550975
11.743373566, 11.743551585
11.753373544, 11.753551692
11.763373552, 11.763548345
11.773373555, 11.773547379
11.783373550, 11.783548189
11.793373549, 11.793546798
11.803373561, 11.803553010
11.813373547, 11.813546122
11.823373550, 11.823547680
11.833373553, 11.833548001
11.843373553, 11.843548192
11.853373549, 11.853549972
11.863373568, 11.863541238
11.873373548, 11.873546692
11.883373549, 11.883546976
11.893373547, 11.893549283
11.903373547, 11.903545110
11.913373547, 11.913546363
11.923373550, 11.923545445
11.933373552, 11.933537051
11.943373547, 11.943547698
11.953373549, 11.953544139
11.963373555, 11.963544308
11.973373549, 11.973548233
11.983373553, 11.983545487
11.993373549, 11.993551097
12.003373550, 12.003549576
12.013373552, 12.013545768
12.023373549, 12.023549411
12.033373555, 12.033546360
12.043373555, 12.043544939
12.053373544, 12.053545811
------------------------------
