------------------------------
test was performed using the following parameters: --mps=100 --burst=1 --reply-every=1 --msg-size=12 --time=10
------------------------------
sockperf: [Total Run] RunTime=10.100 sec; SentMessages=1011; ReceivedMessages=1010
sockperf: ========= Printing statistics for Server No: 0
sockperf: [Valid Duration] RunTime=9.990 sec; SentMessages=1000; ReceivedMessages=1000
sockperf: [2;35m====> avg-lat= 68.861 (std-dev=19.769)[0m
sockperf: # dropped messages = 0; # duplicated messages = 0; # out-of-order messages = 0
sockperf: [2;35mTotal 1000 observations[0m; each percentile contains 10.00 observations
sockperf: ---> <MAX> observation =  120.344
sockperf: ---> percentile  99.99 =  120.344
sockperf: ---> percentile  99.90 =  116.142
sockperf: ---> percentile  99.50 =  111.561
sockperf: ---> percentile  99.00 =  107.908
sockperf: ---> percentile  95.00 =   93.656
sockperf: ---> percentile  90.00 =   91.239
sockperf: ---> percentile  75.00 =   88.446
sockperf: ---> percentile  50.00 =   69.785
sockperf: ---> percentile  25.00 =   51.915
sockperf: ---> <MIN> observation =   25.177
------------------------------
txTime, rxTime
2.063332816, 2.063476226
2.073332806, 2.073488460
2.083332799, 2.083473125
2.093332810, 2.093504604
2.103332813, 2.103531162
2.113332812, 2.113494329
2.123332816, 2.123476581
2.133332812, 2.133500485
2.143332807, 2.143521198
2.153332814, 2.153496138
2.163337044, 2.163418872
2.173332804, 2.173413099
2.183332816, 2.183446296
2.193332817, 2.193418597
2.203332825, 2.203451241
2.213332798, 2.213399950
2.223332819, 2.223406865
2.233332806, 2.233494952
2.243332827, 2.243410064
2.253332825, 2.253487749
2.263332821, 2.263506852
2.273332806, 2.273508531
2.283332808, 2.283472498
2.293332798, 2.293497722
2.303332829, 2.303484213
2.313338861, 2.313525889
2.323332821, 2.323470614
2.333332823, 2.333493849
2.343332803, 2.343487187
2.353332803, 2.353465174
2.363339972, 2.363526147
2.373332801, 2.373512454
2.383332824, 2.383474143
2.393332809, 2.393505180
2.403332799, 2.403506215
2.413332803, 2.413491435
2.423332800, 2.423476826
2.433332804, 2.433487353
2.443332813, 2.443461176
2.453332798, 2.453490521
2.463332799, 2.463519851
2.473332804, 2.473458813
2.483336117, 2.483493381
2.493332823, 2.493465219
2.503332824, 2.503461589
2.513333799, 2.513502970
2.523332808, 2.523481070
2.533332806, 2.533475846
2.543332813, 2.543524303
2.553334719, 2.553501069
2.563332811, 2.563485949
2.573332812, 2.573504813
2.583332803, 2.583458804
2.593332809, 2.593464814
2.603332803, 2.603511375
2.613332803, 2.613492246
2.623332803, 2.623481300
2.633332796, 2.633479130
2.643332807, 2.643519982
2.653332810, 2.653488098
2.663332821, 2.663476584
2.673332796, 2.673475191
2.683332811, 2.683472916
2.693339233, 2.693489066
2.703334141, 2.703516140
2.713332815, 2.713514651
2.723332808, 2.723476065
2.733332815, 2.733533555
2.743332822, 2.743523711
2.753332818, 2.753509263
2.763337892, 2.763533843
2.773332820, 2.773480417
2.783332818, 2.783484823
2.793332795, 2.793495769
2.803332813, 2.803477615
2.813332809, 2.813499995
2.823332818, 2.823489067
2.833332823, 2.833467929
2.843339084, 2.843526397
2.853332814, 2.853539319
2.863332803, 2.863493840
2.873332799, 2.873479743
2.883332803, 2.883486151
2.893332804, 2.893469884
2.903332802, 2.903494478
2.913333908, 2.913516223
2.923332814, 2.923511514
2.933332817, 2.933466565
2.943332807, 2.943495902
2.953332806, 2.953478623
2.963332810, 2.963480099
2.973332806, 2.973502296
2.983332824, 2.983475329
2.993332809, 2.993454971
3.003332795, 3.003463748
3.013332809, 3.013483700
3.023332819, 3.023491667
3.033332801, 3.033493091
3.043332829, 3.043469566
3.053332801, 3.053499542
3.063332816, 3.063470709
3.073332809, 3.073502897
3.083332811, 3.083509705
3.093332812, 3.093497750
3.103332822, 3.103518365
3.113332807, 3.113453069
3.123332802, 3.123482625
3.133332810, 3.133469158
3.143332813, 3.143453442
3.153347011, 3.153521121
3.163332805, 3.163542093
3.173335668, 3.173504568
3.183332800, 3.183483370
3.193332799, 3.193490869
3.203332795, 3.203498927
3.213332815, 3.213490639
3.223332813, 3.223494603
3.233332820, 3.233439648
3.243332813, 3.243425272
3.253332798, 3.253483308
3.263334228, 3.263463213
3.273337719, 3.273427988
3.283332825, 3.283461032
3.293332804, 3.293438507
3.303332810, 3.303426678
3.313332804, 3.313434149
3.323335146, 3.323433526
3.333332822, 3.333432816
3.343332803, 3.343396346
3.353332806, 3.353416189
3.363332810, 3.363423371
3.373332798, 3.373398406
3.383341846, 3.383463435
3.393346490, 3.393482490
3.403332813, 3.403398343
3.413332801, 3.413509382
3.423332793, 3.423473861
3.433332798, 3.433416596
3.443332819, 3.443470616
3.453332817, 3.453465564
3.463332823, 3.463412054
3.473332820, 3.473548638
3.483332806, 3.483512678
3.493332799, 3.493492412
3.503332814, 3.503509029
3.513332814, 3.513460839
3.523332797, 3.523471614
3.533336987, 3.533483224
3.543332795, 3.543468281
3.553332803, 3.553484906
3.563332799, 3.563502268
3.573332803, 3.573517745
3.583332811, 3.583547486
3.593332826, 3.593512135
3.603332816, 3.603505431
3.613332817, 3.613475065
3.623336651, 3.623478507
3.633332820, 3.633510770
3.643332811, 3.643452623
3.653332826, 3.653389700
3.663332802, 3.663460056
3.673332823, 3.673422827
3.683332813, 3.683415527
3.693332795, 3.693405026
3.703332797, 3.703397810
3.713332812, 3.713410885
3.723332825, 3.723412059
3.733332810, 3.733392076
3.743332827, 3.743403668
3.753332817, 3.753433852
3.763332794, 3.763383148
3.773332815, 3.773417425
3.783334804, 3.783407673
3.793335027, 3.793434023
3.803335882, 3.803485499
3.813332807, 3.813485286
3.823332827, 3.823507846
3.833332820, 3.833433448
3.843336495, 3.843430924
3.853332820, 3.853396600
3.863332816, 3.863447757
3.873332818, 3.873402503
3.883332825, 3.883469075
3.893332818, 3.893418680
3.903332813, 3.903419996
3.913332818, 3.913422209
3.923332819, 3.923415651
3.933332817, 3.933442607
3.943332825, 3.943451519
3.953332822, 3.953465507
3.963332803, 3.963409224
3.973332807, 3.973487404
3.983332803, 3.983460055
3.993332823, 3.993538014
4.003332818, 4.003496461
4.013332817, 4.013517024
4.023332825, 4.023444820
4.033332803, 4.033432437
4.043332800, 4.043449659
4.053334648, 4.053457119
4.063332830, 4.063482215
4.073332798, 4.073434018
4.083332818, 4.083409063
4.093332795, 4.093441882
4.103338055, 4.103445305
4.113332806, 4.113415799
4.123332822, 4.123467586
4.133332815, 4.133523980
4.143332814, 4.143402813
4.153336834, 4.153451787
4.163332818, 4.163410198
4.173332826, 4.173452407
4.183332821, 4.183433318
4.193332820, 4.193443783
4.203333632, 4.203436556
4.213333463, 4.213443643
4.223332813, 4.223428777
4.233332795, 4.233437675
4.243332813, 4.243418801
4.253332817, 4.253426760
4.263332829, 4.263443316
4.273332790, 4.273458283
4.283332811, 4.283421596
4.293351710, 4.293468049
4.303332816, 4.303415410
4.313332810, 4.313420673
4.323332795, 4.323427642
4.333332795, 4.333415084
4.343332816, 4.343446069
4.353332798, 4.353448528
4.363332803, 4.363403135
4.373332812, 4.373403949
4.383332795, 4.383430412
4.393333777, 4.393400515
4.403332822, 4.403457033
4.413332822, 4.413458227
4.423332818, 4.423466621
4.433332794, 4.433436625
4.443332799, 4.443407588
4.453332812, 4.453504100
4.463332818, 4.463449269
4.473332810, 4.473466237
4.483332810, 4.483408960
4.493332825, 4.493423142
4.503332802, 4.503486817
4.513332812, 4.513400019
4.523332821, 4.523440398
4.533332800, 4.533450762
4.543332828, 4.543487653
4.553332801, 4.553506714
4.563332808, 4.563501112
4.573332818, 4.573538066
4.583332799, 4.583499575
4.593332822, 4.593486165
4.603332812, 4.603534955
4.613332811, 4.613453769
4.623332810, 4.623457461
4.633333098, 4.633507620
4.643332809, 4.643440914
4.653332817, 4.653449886
4.663332816, 4.663423598
4.673339903, 4.673520676
4.683332799, 4.683429475
4.693332803, 4.693401081
4.703332816, 4.703417843
4.713340086, 4.713458548
4.723332813, 4.723419016
4.733332819, 4.733399303
4.743332813, 4.743412172
4.753332795, 4.753416688
4.763333892, 4.763453338
4.773332809, 4.773394852
4.783340480, 4.783470274
4.793332820, 4.793433518
4.803332823, 4.803389000
4.813332806, 4.813453088
4.823332823, 4.823450653
4.833332803, 4.833437677
4.843332815, 4.843422038
4.853336373, 4.853411974
4.863332813, 4.863408223
4.873338590, 4.873443157
4.883332821, 4.883423373
4.893333599, 4.893428966
4.903332820, 4.903431905
4.913334691, 4.913431749
4.923332807, 4.923435817
4.933332812, 4.933420830
4.943332823, 4.943424993
4.953332805, 4.953469259
4.963332810, 4.963399828
4.973332814, 4.973472569
4.983332812, 4.983464413
4.993332811, 4.993430690
5.003332816, 5.003419800
5.013332798, 5.013436221
5.023332810, 5.023429511
5.033332812, 5.033460411
5.043332813, 5.043436880
5.053332803, 5.053438926
5.063332807, 5.063425190
5.073332820, 5.073406547
5.083332797, 5.083444798
5.093332819, 5.093474043
5.103332804, 5.103424252
5.113332808, 5.113434123
5.123332827, 5.123419116
5.133332808, 5.133525023
5.143332816, 5.143534285
5.153332798, 5.153505920
5.163332812, 5.163497139
5.173332820, 5.173509313
5.183332816, 5.183531281
5.193332798, 5.193467883
5.203332821, 5.203458888
5.213332809, 5.213517913
5.223341702, 5.223540713
5.233339816, 5.233557483
5.243332826, 5.243454088
5.253332816, 5.253394457
5.263332835, 5.263415377
5.273332814, 5.273488962
5.283332813, 5.283434130
5.293332806, 5.293429987
5.303332819, 5.303410037
5.313332817, 5.313437509
5.323332805, 5.323439690
5.333332799, 5.333391107
5.343332819, 5.343481284
5.353332826, 5.353497681
5.363332819, 5.363473060
5.373332817, 5.373506196
5.383332818, 5.383515695
5.393332818, 5.393555942
5.403332792, 5.403481753
5.413332810, 5.413507934
5.423332808, 5.423482587
5.433332817, 5.433485392
5.443332808, 5.443468623
5.453332799, 5.453550858
5.463332816, 5.463504325
5.473332820, 5.473454114
5.483332816, 5.483492854
5.493339617, 5.493560470
5.503332803, 5.503539713
5.513332815, 5.513505355
5.523332818, 5.523492183
5.533332805, 5.533542056
5.543332820, 5.543467169
5.553332818, 5.553515592
5.563332808, 5.563483415
5.573332812, 5.573474635
5.583332810, 5.583487613
5.593338057, 5.593523845
5.603332795, 5.603477320
5.613332793, 5.613479749
5.623332814, 5.623476513
5.633332804, 5.633565089
5.643332813, 5.643490554
5.653332799, 5.653541582
5.663332813, 5.663511618
5.673333905, 5.673533575
5.683332795, 5.683518717
5.693332795, 5.693470694
5.703333053, 5.703505811
5.713332801, 5.713446663
5.723332816, 5.723516991
5.733334364, 5.733493137
5.743332807, 5.743491352
5.753338536, 5.753510438
5.763339586, 5.763534786
5.773332817, 5.773526616
5.783332857, 5.783487861
5.793332818, 5.793470974
5.803340508, 5.803500568
5.813332812, 5.813482961
5.823332822, 5.823487933
5.833332809, 5.833503737
5.843332819, 5.843479096
5.853336030, 5.853496705
5.863332816, 5.863497353
5.873340217, 5.873540453
5.883332816, 5.883532886
5.893332820, 5.893548913
5.903332800, 5.903465142
5.913332825, 5.913501356
5.923332818, 5.923495833
5.933332807, 5.933484685
5.943332816, 5.943434642
5.953332799, 5.953461551
5.963335696, 5.963454123
5.973332822, 5.973417953
5.983332818, 5.983518929
5.993332803, 5.993442901
6.003332814, 6.003474907
6.013332822, 6.013475575
6.023332808, 6.023469749
6.033332795, 6.033454916
6.043332813, 6.043488709
6.053332806, 6.053524923
6.063332816, 6.063480593
6.073332814, 6.073466840
6.083333204, 6.083451402
6.093332810, 6.093408460
6.103332810, 6.103435634
6.113332799, 6.113396304
6.123332822, 6.123391591
6.133332810, 6.133459768
6.143332816, 6.143421378
6.153332822, 6.153414897
6.163332803, 6.163412353
6.173332818, 6.173408883
6.183332819, 6.183408002
6.193332807, 6.193418680
6.203332827, 6.203419753
6.213332814, 6.213396181
6.223332795, 6.223398948
6.233332806, 6.233481805
6.243340180, 6.243545601
6.253338618, 6.253461840
6.263332813, 6.263400657
6.273332799, 6.273484026
6.283332810, 6.283462546
6.293333388, 6.293470543
6.303337022, 6.303457937
6.313332804, 6.313457395
6.323332816, 6.323431968
6.333332810, 6.333425718
6.343332803, 6.343409438
6.353332799, 6.353429434
6.363332810, 6.363476104
6.373332810, 6.373435622
6.383332819, 6.383403979
6.393334299, 6.393447582
6.403332813, 6.403430229
6.413332803, 6.413436774
6.423332792, 6.423441365
6.433332804, 6.433429265
6.443332802, 6.443409432
6.453332801, 6.453462129
6.463332796, 6.463461326
6.473332792, 6.473414413
6.483332818, 6.483457770
6.493332796, 6.493427240
6.503332819, 6.503416362
6.513332815, 6.513407848
6.523332802, 6.523421133
6.533332817, 6.533452641
6.543332819, 6.543485237
6.553332799, 6.553540515
6.563332811, 6.563490249
6.573332819, 6.573464985
6.583332802, 6.583472364
6.593332818, 6.593469324
6.603332813, 6.603573503
6.613332793, 6.613496318
6.623332840, 6.623461568
6.633332806, 6.633452821
6.643332810, 6.643508959
6.653332807, 6.653487317
6.663332808, 6.663519933
6.673332820, 6.673470797
6.683332805, 6.683491647
6.693335341, 6.693497618
6.703332800, 6.703454121
6.713332817, 6.713463445
6.723332803, 6.723472725
6.733332806, 6.733466218
6.743332824, 6.743422324
6.753332815, 6.753411075
6.763334254, 6.763438204
6.773332796, 6.773412229
6.783332807, 6.783398460
6.793332814, 6.793415892
6.803332825, 6.803430174
6.813332820, 6.813411481
6.823340840, 6.823469542
6.833332806, 6.833400935
6.843332797, 6.843428395
6.853332801, 6.853417177
6.863332813, 6.863426391
6.873337967, 6.873440307
6.883333129, 6.883463651
6.893332806, 6.893431436
6.903332811, 6.903450065
6.913332803, 6.913428184
6.923333170, 6.923436779
6.933332796, 6.933423678
6.943332792, 6.943406972
6.953332810, 6.953415737
6.963336602, 6.963434622
6.973332804, 6.973422048
6.983332829, 6.983439482
6.993332818, 6.993400345
7.003332813, 7.003441056
7.013332803, 7.013417386
7.023332797, 7.023438261
7.033332798, 7.033452319
7.043332816, 7.043497891
7.053332804, 7.053457938
7.063335923, 7.063474154
7.073332798, 7.073455461
7.083332784, 7.083523316
7.093332793, 7.093443196
7.103332805, 7.103514380
7.113332822, 7.113489267
7.123332807, 7.123520683
7.133342369, 7.133511558
7.143332805, 7.143451598
7.153332812, 7.153466568
7.163332802, 7.163467790
7.173337058, 7.173485793
7.183332802, 7.183497424
7.193332820, 7.193447139
7.203332794, 7.203469012
7.213332796, 7.213449286
7.223332811, 7.223408805
7.233332795, 7.233471067
7.243332813, 7.243502453
7.253332810, 7.253494848
7.263332803, 7.263480021
7.273332802, 7.273450872
7.283332814, 7.283451992
7.293332805, 7.293484563
7.303332814, 7.303481567
7.313332809, 7.313476840
7.323332797, 7.323454996
7.333332797, 7.333502179
7.343332812, 7.343479135
7.353332812, 7.353490610
7.363337099, 7.363539983
7.373332810, 7.373486085
7.383332812, 7.383481237
7.393332791, 7.393478877
7.403332800, 7.403492025
7.413332802, 7.413454273
7.423332809, 7.423483949
7.433332799, 7.433499509
7.443332816, 7.443496847
7.453332821, 7.453478206
7.463332817, 7.463462056
7.473332797, 7.473447343
7.483332800, 7.483479816
7.493332796, 7.493434193
7.503332806, 7.503465093
7.513332797, 7.513461584
7.523341080, 7.523528899
7.533332809, 7.533508159
7.543332817, 7.543432891
7.553332812, 7.553465180
7.563332811, 7.563426309
7.573338306, 7.573451134
7.583332827, 7.583409847
7.593332818, 7.593419847
7.603332814, 7.603414494
7.613332807, 7.613400518
7.623338198, 7.623456044
7.633337510, 7.633469915
7.643333034, 7.643515666
7.653332815, 7.653452863
7.663332887, 7.663487961
7.673339486, 7.673504474
7.683332817, 7.683482601
7.693340679, 7.693467474
7.703332827, 7.703456598
7.713333555, 7.713475273
7.723332811, 7.723466730
7.733332813, 7.733453236
7.743332808, 7.743475408
7.753332810, 7.753459477
7.763332808, 7.763445191
7.773332807, 7.773463241
7.783335111, 7.783522416
7.793336743, 7.793513124
7.803332806, 7.803458070
7.813332802, 7.813471538
7.823332816, 7.823477455
7.833332815, 7.833457014
7.843332803, 7.843442668
7.853332816, 7.853426090
7.863332817, 7.863465078
7.873334503, 7.873465002
7.883346502, 7.883508575
7.893332813, 7.893456907
7.903332817, 7.903471765
7.913332796, 7.913477955
7.923332811, 7.923463967
7.933332815, 7.933452743
7.943332811, 7.943478392
7.953332821, 7.953455094
7.963333799, 7.963492466
7.973332812, 7.973464083
7.983332819, 7.983404896
7.993335494, 7.993431415
8.003332817, 8.003410194
8.013332815, 8.013404626
8.023332801, 8.023432379
8.033332812, 8.033407727
8.043332800, 8.043408342
8.053332799, 8.053559024
8.063332819, 8.063404935
8.073332799, 8.073454379
8.083332798, 8.083456557
8.093346127, 8.093470089
8.103337704, 8.103442663
8.113332810, 8.113420911
8.123332803, 8.123467616
8.133332799, 8.133427776
8.143332805, 8.143440484
8.153332801, 8.153406614
8.163332808, 8.163435318
8.173332823, 8.173412860
8.183332806, 8.183387978
8.193332812, 8.193429510
8.203332816, 8.203426430
8.213338594, 8.213446748
8.223332814, 8.223418341
8.233332799, 8.233472571
8.243332816, 8.243516328
8.253332815, 8.253459185
8.263332812, 8.263460953
8.273332813, 8.273481189
8.283332811, 8.283556920
8.293332818, 8.293491545
8.303332803, 8.303449515
8.313332797, 8.313483265
8.323332806, 8.323481403
8.333332805, 8.333497008
8.343334215, 8.343445320
8.353332835, 8.353423178
8.363332836, 8.363439704
8.373332821, 8.373392802
8.383332803, 8.383419737
8.393332818, 8.393415230
8.403332819, 8.403421044
8.413332796, 8.413433313
8.423332824, 8.423440144
8.433332802, 8.433481975
8.443336954, 8.443518908
8.453332818, 8.453454442
8.463332797, 8.463523011
8.473332810, 8.473474467
8.483332806, 8.483483672
8.493332824, 8.493463109
8.503332816, 8.503448795
8.513332813, 8.513455476
8.523332811, 8.523457950
8.533332823, 8.533428130
8.543340751, 8.543551807
8.553332801, 8.553473924
8.563332798, 8.563476392
8.573332810, 8.573416054
8.583332812, 8.583420968
8.593332814, 8.593442442
8.603332820, 8.603432696
8.613332821, 8.613439730
8.623332798, 8.623431816
8.633332812, 8.633490449
8.643332816, 8.643418462
8.653332812, 8.653466907
8.663332790, 8.663441348
8.673332833, 8.673434484
8.683332827, 8.683426431
8.693332806, 8.693428947
8.703332799, 8.703461136
8.713332809, 8.713402138
8.723332813, 8.723416656
8.733332812, 8.733428566
8.743332821, 8.743475923
8.753332810, 8.753419165
8.763332819, 8.763410949
8.773348945, 8.773455508
8.783332818, 8.783458086
8.793332798, 8.793437686
8.803332800, 8.803415879
8.813332799, 8.813413285
8.823332795, 8.823448734
8.833338182, 8.833460949
8.843335606, 8.843435539
8.853332814, 8.853415527
8.863332824, 8.863451753
8.873332812, 8.873402067
8.883332805, 8.883414931
8.893346642, 8.893488697
8.903338037, 8.903460648
8.913332822, 8.913400201
8.923332813, 8.923454000
8.933332804, 8.933426119
8.943332795, 8.943458599
8.953333489, 8.953469472
8.963332814, 8.963388957
8.973332793, 8.973462675
8.983332811, 8.983406982
8.993332801, 8.993414621
9.003332807, 9.003437979
9.013332796, 9.013407366
9.023332818, 9.023397778
9.033332817, 9.033442869
9.043332802, 9.043404495
9.053332853, 9.053427582
9.063332813, 9.063438700
9.073332822, 9.073450415
9.083332821, 9.083422102
9.093332818, 9.093465406
9.103332805, 9.103414131
9.113332799, 9.113470629
9.123332802, 9.123427706
9.133332796, 9.133420998
9.143332816, 9.143461679
9.153333911, 9.153431386
9.163332818, 9.163440283
9.173332803, 9.173430336
9.183332794, 9.183435491
9.193332801, 9.193437646
9.203332808, 9.203416640
9.213332882, 9.213426976
9.223332802, 9.223407902
9.233332809, 9.233420351
9.243332810, 9.243434976
9.253332875, 9.253431181
9.263343259, 9.263480081
9.273332859, 9.273450672
9.283340077, 9.283463825
9.293332807, 9.293434048
9.303332811, 9.303421302
9.313332803, 9.313408189
9.323332825, 9.323423524
9.333332817, 9.333440176
9.343336285, 9.343445366
9.353332799, 9.353421174
9.363341980, 9.363457290
9.373338586, 9.373465937
9.383332803, 9.383436820
9.393332810, 9.393415046
9.403332821, 9.403442859
9.413332806, 9.413453936
9.423337820, 9.423430228
9.433332801, 9.433431957
9.443332827, 9.443418763
9.453332804, 9.453446060
9.463332807, 9.463431091
9.473332825, 9.473460984
9.483332813, 9.483420623
9.493332990, 9.493415008
9.503332821, 9.503452121
9.513332896, 9.513403934
9.523332816, 9.523417377
9.533343411, 9.533457406
9.543332821, 9.543423423
9.553332809, 9.553474006
9.563332805, 9.563434213
9.573332817, 9.573421459
9.583332821, 9.583423574
9.593332807, 9.593420703
9.603332811, 9.603477292
9.613332798, 9.613487555
9.623332814, 9.623476734
9.633335441, 9.633461068
9.643332808, 9.643556798
9.653332799, 9.653510701
9.663332791, 9.663472879
9.673338998, 9.673494930
9.683332816, 9.683487990
9.693332820, 9.693473348
9.703337791, 9.703471210
9.713332799, 9.713464399
9.723332797, 9.723486915
9.733332812, 9.733466425
9.743332901, 9.743443719
9.753332814, 9.753430077
9.763332818, 9.763502301
9.773332795, 9.773437444
9.783332795, 9.783444676
9.793332796, 9.793455584
9.803332797, 9.803476145
9.813332795, 9.813472050
9.823332795, 9.823479744
9.833332804, 9.833439964
9.843332811, 9.843504294
9.853332810, 9.853470607
9.863332813, 9.863472384
9.873332793, 9.873467906
9.883332803, 9.883468802
9.893332796, 9.893487301
9.903332805, 9.903509717
9.913332880, 9.913478729
9.923332881, 9.923477329
9.933332817, 9.933451133
9.943332811, 9.943460844
9.953332869, 9.953468185
9.963332805, 9.963495364
9.973333011, 9.973461255
9.983332814, 9.983449593
9.993332799, 9.993506644
10.003332795, 10.003504471
10.013332798, 10.013507026
10.023332802, 10.023525660
10.033332795, 10.033504813
10.043332794, 10.043500797
10.053332796, 10.053506467
10.063332794, 10.063511964
10.073332818, 10.073522392
10.083332795, 10.083515143
10.093332796, 10.093513633
10.103332797, 10.103511580
10.113332801, 10.113512881
10.123332797, 10.123511184
10.133332803, 10.133468360
10.143332798, 10.143475820
10.153332798, 10.153476403
10.163332798, 10.163485198
10.173332801, 10.173486287
10.183332802, 10.183461696
10.193332801, 10.193462568
10.203332799, 10.203510649
10.213332795, 10.213514455
10.223332792, 10.223511284
10.233332796, 10.233514679
10.243332800, 10.243516942
10.253332799, 10.253515336
10.263332802, 10.263513494
10.273332793, 10.273511965
10.283332799, 10.283514113
10.293332798, 10.293517051
10.303332803, 10.303512433
10.313332796, 10.313514926
10.323332802, 10.323515051
10.333332795, 10.333515120
10.343332799, 10.343510839
10.353332820, 10.353511183
10.363332797, 10.363510463
10.373332801, 10.373512655
10.383332800, 10.383512568
10.393332792, 10.393513411
10.403332803, 10.403511072
10.413332793, 10.413513343
10.423332799, 10.423514241
10.433332795, 10.433515274
10.443332799, 10.443502241
10.453332795, 10.453515624
10.463332802, 10.463511206
10.473332795, 10.473512346
10.483332800, 10.483472727
10.493332800, 10.493517464
10.503332797, 10.503516172
10.513332796, 10.513509565
10.523332797, 10.523513332
10.533332803, 10.533510157
10.543332803, 10.543505996
10.553332803, 10.553512079
10.563332797, 10.563513775
10.573332795, 10.573512456
10.583332803, 10.583511629
10.593332793, 10.593512731
10.603332825, 10.603513534
10.613332798, 10.613515345
10.623332795, 10.623509240
10.633332798, 10.633515843
10.643332797, 10.643501460
10.653332795, 10.653514648
10.663332800, 10.663513029
10.673332799, 10.673516261
10.683332784, 10.683515030
10.693332792, 10.693515946
10.703332810, 10.703510068
10.713332796, 10.713516835
10.723332794, 10.723513104
10.733332796, 10.733518573
10.743332799, 10.743513843
10.753332799, 10.753512827
10.763332795, 10.763508740
10.773332817, 10.773515736
10.783332797, 10.783513366
10.793332803, 10.793516020
10.803332795, 10.803512151
10.813332795, 10.813514136
10.823332797, 10.823510879
10.833332807, 10.833513112
10.843332799, 10.843510084
10.853332796, 10.853513924
10.863332802, 10.863513249
10.873332796, 10.873506696
10.883332795, 10.883513971
10.893332796, 10.893513178
10.903332799, 10.903511493
10.913332795, 10.913511922
10.923332791, 10.923516205
10.933332793, 10.933514630
10.943332800, 10.943511877
10.953332795, 10.953514118
10.963332797, 10.963510873
10.973332795, 10.973511491
10.983332800, 10.983517438
10.993332795, 10.993515184
11.003332797, 11.003511697
11.013332795, 11.013514772
11.023332800, 11.023512707
11.033332793, 11.033516991
11.043332799, 11.043511827
11.053332795, 11.053512259
11.063332800, 11.063513602
11.073332798, 11.073514237
11.083332799, 11.083513535
11.093332796, 11.093515843
11.103332795, 11.103515594
11.113332796, 11.113516935
11.123332794, 11.123503801
11.133332804, 11.133507194
11.143332797, 11.143510245
11.153332795, 11.153511659
11.163332797, 11.163511952
11.173332799, 11.173519965
11.183332799, 11.183511841
11.193332804, 11.193514239
11.203332803, 11.203512266
11.213332793, 11.213513206
11.223332800, 11.223513622
11.233332796, 11.233509031
11.243332799, 11.243515043
11.253332799, 11.253516681
11.263332791, 11.263512597
11.273332790, 11.273514434
11.283332800, 11.283515092
11.293332793, 11.293513929
11.303332799, 11.303511899
11.313332803, 11.313512181
11.323332802, 11.323509809
11.333332795, 11.333519835
11.343332795, 11.343512861
11.353332793, 11.353513967
11.363332803, 11.363511765
11.373332796, 11.373513165
11.383332795, 11.383512454
11.393332796, 11.393513315
11.403332795, 11.403513726
11.413332793, 11.413516008
11.423332799, 11.423512266
11.433332803, 11.433515317
11.443332800, 11.443512032
11.453332801, 11.453510983
11.463332795, 11.463513565
11.473332801, 11.473509406
11.483332803, 11.483514585
11.493332801, 11.493520053
11.503332803, 11.503514246
11.513332795, 11.513513975
11.523332802, 11.523512595
11.533332792, 11.533513549
11.543332794, 11.543502184
11.553332799, 11.553514370
11.563332802, 11.563511696
11.573332795, 11.573516412
11.583332803, 11.583514055
11.593332798, 11.593515394
11.603332803, 11.603510953
11.613332795, 11.613514100
11.623332803, 11.623511538
11.633332803, 11.633501581
11.643332797, 11.643510764
11.653332795, 11.653505478
11.663332797, 11.663513800
11.673332803, 11.673516264
11.683332795, 11.683514921
11.693332799, 11.693515232
11.703332799, 11.703514765
11.713332799, 11.713514569
11.723332797, 11.723512312
11.733332796, 11.733520958
11.743332789, 11.743511396
11.753332801, 11.753514892
11.763332821, 11.763514279
11.773332788, 11.773512147
11.783332788, 11.783511209
11.793332793, 11.793512854
11.803332794, 11.803513475
11.813332803, 11.813515204
11.823332800, 11.823513253
11.833332792, 11.833515054
11.843332797, 11.843500855
11.853332793, 11.853503286
11.863332794, 11.863543258
11.873332801, 11.873514205
11.883332788, 11.883512894
11.893332784, 11.893516387
11.903332792, 11.903511355
11.913332795, 11.913520801
11.923332795, 11.923513388
11.933332803, 11.933513324
11.943332802, 11.943506594
11.953332801, 11.953505586
11.963332800, 11.963512503
11.973332803, 11.973490700
11.983332795, 11.983515586
11.993332818, 11.993514754
12.003332791, 12.003512469
12.013332792, 12.013512278
12.023332800, 12.023509539
12.033332795, 12.033502953
12.043332792, 12.043502369
12.053332798, 12.053514469
------------------------------
