------------------------------
test was performed using the following parameters: --mps=100 --burst=1 --reply-every=1 --msg-size=12 --time=10
------------------------------
sockperf: [Total Run] RunTime=10.100 sec; SentMessages=1011; ReceivedMessages=1010
sockperf: ========= Printing statistics for Server No: 0
sockperf: [Valid Duration] RunTime=9.980 sec; SentMessages=999; ReceivedMessages=999
sockperf: [2;35m====> avg-lat= 69.741 (std-dev=17.739)[0m
sockperf: # dropped messages = 0; # duplicated messages = 0; # out-of-order messages = 0
sockperf: [2;35mTotal 999 observations[0m; each percentile contains 9.99 observations
sockperf: ---> <MAX> observation =  145.820
sockperf: ---> percentile  99.99 =  145.820
sockperf: ---> percentile  99.90 =  144.605
sockperf: ---> percentile  99.50 =  138.426
sockperf: ---> percentile  99.00 =  126.483
sockperf: ---> percentile  95.00 =   94.806
sockperf: ---> percentile  90.00 =   89.205
sockperf: ---> percentile  75.00 =   85.843
sockperf: ---> percentile  50.00 =   66.880
sockperf: ---> percentile  25.00 =   54.748
sockperf: ---> <MIN> observation =   40.529
------------------------------
txTime, rxTime
2.063146096, 2.063418316
2.073146095, 2.073244034
2.083146091, 2.083246605
2.093146091, 2.093302466
2.103146101, 2.103268148
2.113146100, 2.113236256
2.123146095, 2.123245590
2.133146092, 2.133282536
2.143146091, 2.143243185
2.153146110, 2.153256051
2.163146137, 2.163302979
2.173146087, 2.173331114
2.183146096, 2.183238088
2.193146097, 2.193238430
2.203146101, 2.203243575
2.213146121, 2.213257006
2.223146088, 2.223314830
2.233146105, 2.233307825
2.243146088, 2.243273931
2.253146095, 2.253328691
2.263146088, 2.263244241
2.273146089, 2.273257606
2.283146110, 2.283253683
2.293146091, 2.293240083
2.303146088, 2.303256507
2.313146103, 2.313272172
2.323146102, 2.323246294
2.333146135, 2.333266492
2.343146102, 2.343281352
2.353146098, 2.353289813
2.363146106, 2.363287534
2.373146092, 2.373265551
2.383146088, 2.383243911
2.393146091, 2.393291333
2.403146093, 2.403310984
2.413146083, 2.413286474
2.423146093, 2.423241286
2.433146095, 2.433282750
2.443146099, 2.443309078
2.453146084, 2.453275609
2.463146139, 2.463319545
2.473146091, 2.473278560
2.483146096, 2.483282079
2.493146102, 2.493255355
2.503146088, 2.503247917
2.513146094, 2.513241287
2.523146087, 2.523275016
2.533146083, 2.533242924
2.543146106, 2.543286853
2.553146091, 2.553292570
2.563146083, 2.563252409
2.573146100, 2.573246625
2.583146088, 2.583239975
2.593146086, 2.593297591
2.603146106, 2.603249188
2.613146092, 2.613280335
2.623146102, 2.623256922
2.633146097, 2.633253522
2.643146096, 2.643294388
2.653146103, 2.653287385
2.663146091, 2.663294595
2.673146086, 2.673254254
2.683146095, 2.683244057
2.693146094, 2.693241350
2.703146087, 2.703279608
2.713146084, 2.713245801
2.723146109, 2.723244590
2.733146086, 2.733239896
2.743146106, 2.743295588
2.753146086, 2.753268997
2.763146101, 2.763241308
2.773146100, 2.773265141
2.783146102, 2.783259249
2.793146103, 2.793289788
2.803146082, 2.803286915
2.813146110, 2.813266688
2.823146091, 2.823289566
2.833146092, 2.833292072
2.843146088, 2.843243381
2.853146105, 2.853281623
2.863146096, 2.863266951
2.873146083, 2.873289478
2.883146109, 2.883281245
2.893146098, 2.893260349
2.903146101, 2.903259683
2.913146106, 2.913248493
2.923146096, 2.923288090
2.933146098, 2.933306322
2.943146099, 2.943312500
2.953146086, 2.953291303
2.963146101, 2.963270545
2.973146094, 2.973277131
2.983146148, 2.983280094
2.993146092, 2.993348399
3.003146090, 3.003314388
3.013146081, 3.013302010
3.023146091, 3.023279104
3.033146098, 3.033309415
3.043146096, 3.043271175
3.053146097, 3.053281164
3.063146088, 3.063263435
3.073146105, 3.073286150
3.083146091, 3.083262367
3.093146092, 3.093241901
3.103146106, 3.103285625
3.113146098, 3.113270725
3.123146096, 3.123284908
3.133146105, 3.133244519
3.143146106, 3.143251280
3.153146083, 3.153292409
3.163146107, 3.163245326
3.173146095, 3.173292974
3.183146102, 3.183245909
3.193146086, 3.193270932
3.203146098, 3.203249133
3.213146095, 3.213248662
3.223146102, 3.223275213
3.233146089, 3.233293083
3.243146104, 3.243246946
3.253146095, 3.253240942
3.263146110, 3.263257320
3.273146087, 3.273260968
3.283146102, 3.283257294
3.293146086, 3.293269549
3.303146087, 3.303247909
3.313146083, 3.313258917
3.323146106, 3.323242532
3.333146086, 3.333243503
3.343146102, 3.343256614
3.353146089, 3.353245054
3.363146091, 3.363243784
3.373146086, 3.373279811
3.383146090, 3.383237646
3.393146091, 3.393302239
3.403146101, 3.403255690
3.413146094, 3.413266094
3.423146101, 3.423244110
3.433146086, 3.433238969
3.443146088, 3.443300986
3.453146094, 3.453261143
3.463146091, 3.463264354
3.473146092, 3.473247803
3.483146085, 3.483242738
3.493146095, 3.493244201
3.503146090, 3.503269967
3.513146094, 3.513240526
3.523146091, 3.523247229
3.533146111, 3.533248546
3.543146088, 3.543264977
3.553146108, 3.553237593
3.563146088, 3.563304832
3.573146092, 3.573239774
3.583146095, 3.583252262
3.593146086, 3.593290768
3.603146099, 3.603240222
3.613146089, 3.613253038
3.623146106, 3.623251184
3.633146081, 3.633243036
3.643146102, 3.643246349
3.653146105, 3.653240327
3.663146098, 3.663248757
3.673146103, 3.673238552
3.683146091, 3.683247570
3.693146103, 3.693248580
3.703146101, 3.703247704
3.713146108, 3.713246996
3.723146090, 3.723269569
3.733146102, 3.733291401
3.743146106, 3.743244420
3.753146103, 3.753256119
3.763146093, 3.763280857
3.773146087, 3.773259130
3.783146095, 3.783244101
3.793146080, 3.793264419
3.803146099, 3.803241805
3.813146083, 3.813236812
3.823146082, 3.823286059
3.833146095, 3.833310688
3.843146090, 3.843294276
3.853146087, 3.853256997
3.863146098, 3.863323871
3.873146091, 3.873261928
3.883146098, 3.883249545
3.893146106, 3.893276293
3.903146104, 3.903262268
3.913146102, 3.913336489
3.923146102, 3.923259453
3.933146083, 3.933281650
3.943146107, 3.943235804
3.953146111, 3.953262837
3.963146106, 3.963235554
3.973146089, 3.973243486
3.983146096, 3.983275746
3.993147985, 3.993252881
4.003146093, 4.003263757
4.013146089, 4.013291524
4.023146095, 4.023243375
4.033146103, 4.033275058
4.043146093, 4.043245749
4.053146100, 4.053264789
4.063146085, 4.063287949
4.073146105, 4.073243383
4.083146099, 4.083242137
4.093146091, 4.093242108
4.103146102, 4.103239519
4.113146095, 4.113243352
4.123146459, 4.123243893
4.133146102, 4.133246691
4.143146101, 4.143280964
4.153146136, 4.153244994
4.163147332, 4.163272364
4.173146081, 4.173248417
4.183146101, 4.183237200
4.193146106, 4.193244290
4.203146109, 4.203278319
4.213146098, 4.213340490
4.223146096, 4.223343568
4.233146087, 4.233314359
4.243146093, 4.243286384
4.253146087, 4.253292213
4.263146093, 4.263340798
4.273146102, 4.273279348
4.283146096, 4.283233172
4.293146086, 4.293289556
4.303146106, 4.303256615
4.313146102, 4.313278426
4.323146095, 4.323341463
4.333146124, 4.333271703
4.343146087, 4.343256252
4.353146100, 4.353243117
4.363146102, 4.363266841
4.373146097, 4.373242300
4.383146115, 4.383280879
4.393146094, 4.393242559
4.403146087, 4.403240275
4.413146089, 4.413270495
4.423146102, 4.423355898
4.433146094, 4.433275833
4.443146106, 4.443255930
4.453146087, 4.453248414
4.463146136, 4.463275250
4.473146100, 4.473246225
4.483146098, 4.483242839
4.493146108, 4.493249860
4.503146106, 4.503259210
4.513146095, 4.513322473
4.523146093, 4.523344675
4.533146095, 4.533257641
4.543146104, 4.543275826
4.553146086, 4.553295852
4.563146106, 4.563283716
4.573146091, 4.573259371
4.583146140, 4.583238314
4.593146102, 4.593240650
4.603146104, 4.603241144
4.613146103, 4.613231311
4.623146095, 4.623251566
4.633146097, 4.633256934
4.643146098, 4.643291573
4.653146092, 4.653279853
4.663146098, 4.663292774
4.673146094, 4.673241863
4.683146093, 4.683268705
4.693146097, 4.693275484
4.703146090, 4.703240490
4.713146087, 4.713351717
4.723146096, 4.723267368
4.733146089, 4.733319563
4.743146090, 4.743279297
4.753146084, 4.753246614
4.763146115, 4.763302529
4.773146106, 4.773351386
4.783146085, 4.783289520
4.793146095, 4.793399063
4.803146085, 4.803345305
4.813146098, 4.813245739
4.823146098, 4.823304311
4.833146091, 4.833248248
4.843146096, 4.843271653
4.853146087, 4.853285791
4.863146106, 4.863323541
4.873146094, 4.873291294
4.883146104, 4.883291096
4.893146097, 4.893368492
4.903146090, 4.903275911
4.913146092, 4.913241144
4.923146079, 4.923255575
4.933146083, 4.933243652
4.943146102, 4.943332583
4.953146091, 4.953355095
4.963146093, 4.963277651
4.973146086, 4.973317122
4.983146096, 4.983242178
4.993146089, 4.993247935
5.003146099, 5.003293377
5.013146097, 5.013273863
5.023146088, 5.023246334
5.033146095, 5.033281533
5.043146090, 5.043258955
5.053146095, 5.053279139
5.063146104, 5.063352828
5.073146100, 5.073272006
5.083146112, 5.083272607
5.093146089, 5.093309194
5.103146090, 5.103253218
5.113146091, 5.113317614
5.123146099, 5.123256707
5.133146111, 5.133312076
5.143146083, 5.143287346
5.153146106, 5.153302065
5.163146091, 5.163262045
5.173146105, 5.173289811
5.183146099, 5.183284919
5.193146092, 5.193267208
5.203146087, 5.203257774
5.213146097, 5.213294780
5.223146107, 5.223241862
5.233146103, 5.233274859
5.243146091, 5.243266823
5.253146095, 5.253265142
5.263146109, 5.263304968
5.273146089, 5.273271251
5.283146088, 5.283268296
5.293146083, 5.293247378
5.303146090, 5.303274907
5.313146108, 5.313238729
5.323146104, 5.323273835
5.333146091, 5.333258538
5.343146107, 5.343247691
5.353146111, 5.353280952
5.363146101, 5.363259181
5.373146113, 5.373285086
5.383146088, 5.383262331
5.393146092, 5.393271281
5.403146088, 5.403293586
5.413146087, 5.413269587
5.423146085, 5.423255385
5.433146102, 5.433272339
5.443146745, 5.443344648
5.453146098, 5.453360376
5.463146107, 5.463254587
5.473146094, 5.473290182
5.483146104, 5.483278940
5.493146092, 5.493299631
5.503146096, 5.503286880
5.513146098, 5.513252442
5.523146090, 5.523276742
5.533146110, 5.533318222
5.543146090, 5.543253718
5.553146087, 5.553242578
5.563146099, 5.563329473
5.573146091, 5.573249566
5.583146085, 5.583260800
5.593146098, 5.593286639
5.603146083, 5.603275640
5.613146100, 5.613320193
5.623146095, 5.623252258
5.633146083, 5.633281928
5.643146098, 5.643264723
5.653146110, 5.653259690
5.663146096, 5.663281163
5.673146087, 5.673313765
5.683146090, 5.683254347
5.693146106, 5.693281497
5.703146096, 5.703262465
5.713146094, 5.713265753
5.723146104, 5.723245783
5.733146081, 5.733270924
5.743146132, 5.743241092
5.753146108, 5.753258231
5.763146088, 5.763344184
5.773146108, 5.773308007
5.783146101, 5.783267259
5.793146087, 5.793282106
5.803146095, 5.803306348
5.813146087, 5.813294114
5.823146095, 5.823253115
5.833146106, 5.833251466
5.843146087, 5.843252583
5.853146089, 5.853244492
5.863146096, 5.863335148
5.873146095, 5.873317068
5.883146082, 5.883273649
5.893146092, 5.893241536
5.903146093, 5.903282754
5.913146111, 5.913241735
5.923146099, 5.923305267
5.933146094, 5.933244305
5.943146102, 5.943276527
5.953146106, 5.953227166
5.963146091, 5.963303564
5.973146084, 5.973293275
5.983146104, 5.983321311
5.993146089, 5.993304639
6.003146101, 6.003269274
6.013146105, 6.013278767
6.023146109, 6.023296167
6.033146097, 6.033259602
6.043146104, 6.043252441
6.053146111, 6.053272574
6.063146095, 6.063256773
6.073146095, 6.073273075
6.083146104, 6.083242770
6.093146084, 6.093281361
6.103146096, 6.103278802
6.113146094, 6.113295792
6.123146096, 6.123244556
6.133146086, 6.133269322
6.143146106, 6.143277612
6.153146103, 6.153276548
6.163146102, 6.163298504
6.173146102, 6.173242932
6.183146101, 6.183262557
6.193146084, 6.193374455
6.203146829, 6.203236710
6.213146102, 6.213245554
6.223146090, 6.223258376
6.233146098, 6.233234745
6.243146095, 6.243264109
6.253146098, 6.253273612
6.263146099, 6.263275891
6.273146089, 6.273262922
6.283146107, 6.283283506
6.293146100, 6.293297821
6.303146099, 6.303303604
6.313146108, 6.313246521
6.323146083, 6.323241518
6.333146105, 6.333295603
6.343146104, 6.343254350
6.353146100, 6.353248272
6.363146090, 6.363242100
6.373146103, 6.373262370
6.383146080, 6.383267210
6.393146476, 6.393237080
6.403146093, 6.403296838
6.413146089, 6.413255149
6.423146091, 6.423239723
6.433146089, 6.433280745
6.443146107, 6.443288238
6.453146100, 6.453358753
6.463146104, 6.463276211
6.473146110, 6.473291111
6.483146096, 6.483285525
6.493146106, 6.493331253
6.503146091, 6.503323321
6.513146539, 6.513251283
6.523146099, 6.523349615
6.533146083, 6.533320033
6.543146090, 6.543325061
6.553146102, 6.553318464
6.563146106, 6.563289192
6.573146087, 6.573240600
6.583146102, 6.583244976
6.593146092, 6.593347977
6.603146107, 6.603259236
6.613146089, 6.613288564
6.623146096, 6.623311189
6.633146105, 6.633322754
6.643146098, 6.643296587
6.653146091, 6.653297891
6.663146102, 6.663315627
6.673146098, 6.673269788
6.683146090, 6.683275308
6.693146105, 6.693273924
6.703146091, 6.703255545
6.713146103, 6.713295835
6.723146093, 6.723327588
6.733146110, 6.733269345
6.743146088, 6.743260062
6.753146105, 6.753304198
6.763146083, 6.763368900
6.773146098, 6.773284227
6.783146088, 6.783261940
6.793146100, 6.793279567
6.803146091, 6.803267690
6.813146091, 6.813278279
6.823146107, 6.823249234
6.833146092, 6.833326974
6.843146098, 6.843335711
6.853146083, 6.853248903
6.863146095, 6.863254287
6.873146102, 6.873250801
6.883146090, 6.883296346
6.893146091, 6.893236422
6.903146102, 6.903316406
6.913146103, 6.913333219
6.923146123, 6.923300812
6.933146094, 6.933301120
6.943146109, 6.943372310
6.953146094, 6.953299391
6.963146110, 6.963315504
6.973146098, 6.973263219
6.983146093, 6.983302865
6.993146086, 6.993284603
7.003146096, 7.003260651
7.013146095, 7.013235863
7.023146093, 7.023304183
7.033146095, 7.033302632
7.043146112, 7.043283313
7.053146102, 7.053266743
7.063146112, 7.063278766
7.073146097, 7.073310358
7.083146096, 7.083294232
7.093146084, 7.093275432
7.103146101, 7.103283460
7.113146106, 7.113240434
7.123146101, 7.123293805
7.133146094, 7.133265062
7.143146101, 7.143305998
7.153146106, 7.153237612
7.163146096, 7.163250797
7.173146103, 7.173281269
7.183146109, 7.183281720
7.193146108, 7.193276800
7.203146093, 7.203312741
7.213146087, 7.213264309
7.223146088, 7.223269244
7.233146105, 7.233246227
7.243146090, 7.243284591
7.253146110, 7.253270348
7.263146088, 7.263239413
7.273146095, 7.273236400
7.283146109, 7.283248980
7.293146100, 7.293253218
7.303146091, 7.303269168
7.313146102, 7.313261577
7.323146102, 7.323279660
7.333146094, 7.333274278
7.343146106, 7.343384640
7.353146087, 7.353232636
7.363146096, 7.363249479
7.373146108, 7.373244013
7.383146095, 7.383315882
7.393146103, 7.393274212
7.403146159, 7.403241579
7.413146083, 7.413253935
7.423146093, 7.423245369
7.433146102, 7.433251376
7.443148449, 7.443282311
7.453146091, 7.453283047
7.463146088, 7.463237782
7.473146108, 7.473241506
7.483146090, 7.483271857
7.493146087, 7.493239035
7.503146096, 7.503258168
7.513146111, 7.513246056
7.523146088, 7.523312556
7.533146089, 7.533261580
7.543146098, 7.543303743
7.553146092, 7.553319658
7.563146098, 7.563271424
7.573146105, 7.573286631
7.583146096, 7.583310000
7.593146087, 7.593277264
7.603146099, 7.603301307
7.613146098, 7.613248834
7.623146085, 7.623247500
7.633146091, 7.633250923
7.643146091, 7.643237766
7.653146105, 7.653248461
7.663147392, 7.663238947
7.673146097, 7.673241156
7.683146102, 7.683294082
7.693146108, 7.693244406
7.703146102, 7.703245817
7.713146098, 7.713247277
7.723146109, 7.723256289
7.733146091, 7.733303268
7.743146099, 7.743272558
7.753146083, 7.753318947
7.763146096, 7.763290136
7.773146086, 7.773367556
7.783146093, 7.783329549
7.793146102, 7.793296495
7.803146096, 7.803324172
7.813146094, 7.813336273
7.823147917, 7.823282723
7.833146095, 7.833288963
7.843146101, 7.843280307
7.853146094, 7.853301238
7.863146102, 7.863331226
7.873146095, 7.873305651
7.883146096, 7.883289534
7.893146108, 7.893386130
7.903146088, 7.903242100
7.913146095, 7.913366845
7.923146107, 7.923329811
7.933146092, 7.933278072
7.943146101, 7.943261316
7.953146094, 7.953239982
7.963146166, 7.963341419
7.973146091, 7.973284276
7.983146098, 7.983326831
7.993146204, 7.993263693
8.003146101, 8.003262413
8.013146098, 8.013256141
8.023146085, 8.023252967
8.033146103, 8.033270018
8.043146087, 8.043284141
8.053146105, 8.053277521
8.063146101, 8.063345782
8.073146092, 8.073246988
8.083146095, 8.083296783
8.093146087, 8.093251690
8.103146102, 8.103269728
8.113146102, 8.113287797
8.123146102, 8.123292695
8.133146094, 8.133268873
8.143146101, 8.143291415
8.153146087, 8.153268499
8.163146101, 8.163259382
8.173146106, 8.173239791
8.183146110, 8.183270973
8.193146095, 8.193279357
8.203146102, 8.203277901
8.213146102, 8.213240257
8.223146085, 8.223279660
8.233146087, 8.233281718
8.243146098, 8.243264286
8.253146100, 8.253261795
8.263146107, 8.263346345
8.273146105, 8.273287359
8.283146098, 8.283269430
8.293146117, 8.293291010
8.303146090, 8.303268792
8.313148292, 8.313251147
8.323146096, 8.323315607
8.333146094, 8.333283963
8.343146095, 8.343244745
8.353146097, 8.353293054
8.363146090, 8.363263845
8.373146091, 8.373239954
8.383146085, 8.383278043
8.393146089, 8.393248529
8.403146106, 8.403346162
8.413146091, 8.413264724
8.423146098, 8.423302663
8.433146091, 8.433243181
8.443146107, 8.443297367
8.453146091, 8.453278314
8.463146099, 8.463287977
8.473146087, 8.473289998
8.483146098, 8.483322996
8.493146108, 8.493250496
8.503146098, 8.503258902
8.513146092, 8.513264111
8.523146091, 8.523260391
8.533146640, 8.533278064
8.543146090, 8.543239093
8.553146095, 8.553242344
8.563146102, 8.563244440
8.573146092, 8.573274403
8.583146106, 8.583268925
8.593146097, 8.593275410
8.603146112, 8.603287534
8.613146103, 8.613238010
8.623146095, 8.623263163
8.633146103, 8.633251134
8.643146090, 8.643314639
8.653146089, 8.653248253
8.663146102, 8.663297936
8.673146083, 8.673282103
8.683146095, 8.683260013
8.693146105, 8.693248057
8.703146088, 8.703240904
8.713146105, 8.713258003
8.723146090, 8.723241788
8.733146102, 8.733277204
8.743146093, 8.743266234
8.753146108, 8.753243821
8.763146090, 8.763250263
8.773146084, 8.773277591
8.783146088, 8.783275130
8.793146091, 8.793244029
8.803146110, 8.803271473
8.813146108, 8.813296886
8.823146102, 8.823265839
8.833146100, 8.833328143
8.843146110, 8.843249526
8.853146100, 8.853312600
8.863146093, 8.863251579
8.873146092, 8.873263582
8.883146095, 8.883288356
8.893146095, 8.893295668
8.903146098, 8.903328219
8.913146089, 8.913263971
8.923146101, 8.923290423
8.933146106, 8.933234890
8.943146107, 8.943369677
8.953146089, 8.953245804
8.963146085, 8.963320680
8.973146091, 8.973338210
8.983146095, 8.983289998
8.993146094, 8.993346458
9.003146101, 9.003275117
9.013146098, 9.013297100
9.023146420, 9.023233309
9.033146094, 9.033319512
9.043146090, 9.043268018
9.053146091, 9.053268940
9.063146090, 9.063245459
9.073146094, 9.073308083
9.083146093, 9.083246943
9.093146084, 9.093259555
9.103146148, 9.103254460
9.113146102, 9.113273334
9.123146102, 9.123314734
9.133146105, 9.133241778
9.143146080, 9.143272730
9.153146087, 9.153255500
9.163146090, 9.163236557
9.173146102, 9.173298238
9.183146093, 9.183259244
9.193146091, 9.193246757
9.203146110, 9.203274800
9.213146086, 9.213247815
9.223146098, 9.223240365
9.233146083, 9.233272900
9.243146096, 9.243236915
9.253146092, 9.253269753
9.263146109, 9.263248806
9.273146100, 9.273238913
9.283146091, 9.283286994
9.293146100, 9.293260942
9.303146101, 9.303244259
9.313146092, 9.313284261
9.323146095, 9.323263217
9.333146091, 9.333256747
9.343146106, 9.343244616
9.353146106, 9.353290994
9.363146101, 9.363258739
9.373146102, 9.373301759
9.383146093, 9.383275820
9.393146092, 9.393256893
9.403146087, 9.403243784
9.413146095, 9.413265867
9.423146083, 9.423286392
9.433146110, 9.433287325
9.443146104, 9.443234315
9.453146102, 9.453296539
9.463146098, 9.463317784
9.473146110, 9.473302950
9.483146096, 9.483308503
9.493146083, 9.493283496
9.503146101, 9.503277891
9.513146098, 9.513360255
9.523146090, 9.523301735
9.533146095, 9.533243435
9.543146090, 9.543317917
9.553146113, 9.553283038
9.563146096, 9.563279462
9.573146084, 9.573234467
9.583146096, 9.583348617
9.593146091, 9.593271824
9.603146090, 9.603271372
9.613146087, 9.613301810
9.623146098, 9.623263528
9.633146097, 9.633252786
9.643146083, 9.643265655
9.653146103, 9.653333058
9.663146096, 9.663260291
9.673146092, 9.673274963
9.683146088, 9.683271004
9.693146108, 9.693254164
9.703146098, 9.703284466
9.713146089, 9.713275361
9.723146091, 9.723279611
9.733146081, 9.733276918
9.743146102, 9.743256615
9.753146094, 9.753249633
9.763146132, 9.763334467
9.773146086, 9.773318466
9.783146091, 9.783267523
9.793146091, 9.793257856
9.803146104, 9.803256036
9.813146108, 9.813262146
9.823146091, 9.823326951
9.833146092, 9.833245191
9.843146112, 9.843294841
9.853146086, 9.853314656
9.863146096, 9.863242509
9.873146091, 9.873230493
9.883146096, 9.883290107
9.893146113, 9.893294907
9.903146102, 9.903240853
9.913146110, 9.913297291
9.923146898, 9.923340633
9.933146190, 9.933335541
9.943146106, 9.943340909
9.953146087, 9.953279507
9.963146088, 9.963289209
9.973146084, 9.973304877
9.983146088, 9.983307529
9.993146084, 9.993304344
10.003146098, 10.003310493
10.013146089, 10.013307397
10.023146083, 10.023305766
10.033146086, 10.033314219
10.043146091, 10.043316281
10.053146084, 10.053312374
10.063146101, 10.063311905
10.073146100, 10.073311613
10.083146098, 10.083317438
10.093146089, 10.093312290
10.103146082, 10.103317469
10.113146084, 10.113314460
10.123146101, 10.123316755
10.133146100, 10.133317272
10.143146077, 10.143315514
10.153146081, 10.153313367
10.163146083, 10.163316051
10.173146086, 10.173317837
10.183146090, 10.183318735
10.193146081, 10.193311849
10.203146088, 10.203278146
10.213146081, 10.213270186
10.223146082, 10.223268855
10.233146083, 10.233267272
10.243146091, 10.243269673
10.253146083, 10.253276913
10.263146093, 10.263323195
10.273146083, 10.273322744
10.283146083, 10.283321103
10.293146086, 10.293323291
10.303146099, 10.303315231
10.313146113, 10.313326145
10.323146083, 10.323327369
10.333146091, 10.333334218
10.343146088, 10.343323328
10.353146084, 10.353320479
10.363146096, 10.363321010
10.373146084, 10.373323085
10.383146102, 10.383321283
10.393146076, 10.393319917
10.403146101, 10.403322725
10.413146086, 10.413325637
10.423146087, 10.423323928
10.433146097, 10.433323295
10.443146080, 10.443321267
10.453146076, 10.453323483
10.463146101, 10.463319957
10.473146084, 10.473323515
10.483146090, 10.483324464
10.493146083, 10.493328547
10.503146087, 10.503322134
10.513146076, 10.513321620
10.523146085, 10.523321008
10.533146084, 10.533322289
10.543146090, 10.543325282
10.553146105, 10.553325264
10.563146101, 10.563323074
10.573146083, 10.573322933
10.583146101, 10.583334007
10.593146087, 10.593324231
10.603146082, 10.603320213
10.613146086, 10.613324315
10.623146098, 10.623321371
10.633146080, 10.633317807
10.643146085, 10.643321343
10.653146094, 10.653324504
10.663146085, 10.663324471
10.673146084, 10.673323816
10.683146091, 10.683327262
10.693146078, 10.693322763
10.703146087, 10.703320689
10.713146081, 10.713320893
10.723146088, 10.723323499
10.733146098, 10.733327610
10.743146082, 10.743331061
10.753146084, 10.753251239
10.763146082, 10.763322009
10.773146081, 10.773322981
10.783146101, 10.783320028
10.793146100, 10.793323273
10.803146080, 10.803321450
10.813146076, 10.813322706
10.823146102, 10.823321152
10.833146087, 10.833328196
10.843146096, 10.843321193
10.853146089, 10.853322446
10.863146082, 10.863320737
10.873146078, 10.873319095
10.883146088, 10.883320906
10.893146081, 10.893322967
10.903146090, 10.903320166
10.913146097, 10.913324907
10.923146083, 10.923321021
10.933146078, 10.933325929
10.943146102, 10.943325335
10.953146083, 10.953314597
10.963146096, 10.963326997
10.973146081, 10.973323893
10.983146080, 10.983323167
10.993146086, 10.993320651
11.003146099, 11.003322193
11.013146087, 11.013321190
11.023146085, 11.023319856
11.033146091, 11.033322984
11.043146093, 11.043325941
11.053146083, 11.053324024
11.063146090, 11.063320517
11.073146083, 11.073322359
11.083146104, 11.083328862
11.093146102, 11.093322432
11.103146101, 11.103321477
11.113146084, 11.113322730
11.123146090, 11.123323301
11.133146089, 11.133322838
11.143146082, 11.143320824
11.153146080, 11.153320264
11.163146082, 11.163323715
11.173146095, 11.173323297
11.183146087, 11.183320532
11.193146084, 11.193320674
11.203146082, 11.203323885
11.213146083, 11.213326623
11.223146080, 11.223320235
11.233146080, 11.233320080
11.243146080, 11.243319174
11.253146086, 11.253323378
11.263146083, 11.263322813
11.273146083, 11.273323163
11.283146109, 11.283323101
11.293146086, 11.293323262
11.303146082, 11.303324368
11.313146081, 11.313322975
11.323146104, 11.323323091
11.333146103, 11.333325043
11.343146083, 11.343321907
11.353146084, 11.353321518
11.363146087, 11.363325766
11.373146089, 11.373326443
11.383146082, 11.383321534
11.393146087, 11.393322255
11.403146079, 11.403322113
11.413146080, 11.413319452
11.423146101, 11.423324687
11.433146081, 11.433320081
11.443146090, 11.443322330
11.453146087, 11.453321696
11.463146085, 11.463325077
11.473146080, 11.473322436
11.483146098, 11.483323374
11.493146089, 11.493318728
11.503146104, 11.503322069
11.513146097, 11.513320837
11.523146090, 11.523323551
11.533146078, 11.533323392
11.543146096, 11.543325101
11.553146095, 11.553323552
11.563146106, 11.563323135
11.573146095, 11.573330402
11.583146095, 11.583322679
11.593146084, 11.593314367
11.603146102, 11.603315747
11.613146081, 11.613321554
11.623146087, 11.623319197
11.633146097, 11.633323136
11.643146102, 11.643321579
11.653146080, 11.653322347
11.663146101, 11.663320459
11.673146089, 11.673324031
11.683146096, 11.683322708
11.693146086, 11.693321622
11.703146085, 11.703313766
11.713146084, 11.713315892
11.723146087, 11.723313363
11.733146087, 11.733313195
11.743146098, 11.743310157
11.753146103, 11.753317363
11.763146079, 11.763312517
11.773146078, 11.773320687
11.783146099, 11.783320593
11.793146094, 11.793324015
11.803146085, 11.803321790
11.813146084, 11.813319497
11.823146082, 11.823331425
11.833146078, 11.833323146
11.843146083, 11.843323189
11.853146083, 11.853322406
11.863146088, 11.863322279
11.873146103, 11.873318194
11.883146090, 11.883320053
11.893146086, 11.893321650
11.903146104, 11.903318839
11.913146095, 11.913326085
11.923146088, 11.923323489
11.933146098, 11.933327454
11.943146085, 11.943317320
11.953146076, 11.953412840
11.963146101, 11.963433452
11.973146091, 11.973422951
11.983146093, 11.983405628
11.993146092, 11.993435303
12.003146087, 12.003425377
12.013146092, 12.013411386
12.023146110, 12.023437751
12.033146092, 12.033422945
12.043146096, 12.043320082
------------------------------
