------------------------------
test was performed using the following parameters: --mps=100 --burst=1 --reply-every=1 --msg-size=12 --time=10
------------------------------
sockperf: [Total Run] RunTime=10.100 sec; SentMessages=1011; ReceivedMessages=1010
sockperf: ========= Printing statistics for Server No: 0
sockperf: [Valid Duration] RunTime=9.990 sec; SentMessages=1000; ReceivedMessages=1000
sockperf: [2;35m====> avg-lat= 74.276 (std-dev=24.548)[0m
sockperf: # dropped messages = 0; # duplicated messages = 0; # out-of-order messages = 0
sockperf: [2;35mTotal 1000 observations[0m; each percentile contains 10.00 observations
sockperf: ---> <MAX> observation =  158.349
sockperf: ---> percentile  99.99 =  158.349
sockperf: ---> percentile  99.90 =  156.013
sockperf: ---> percentile  99.50 =  141.490
sockperf: ---> percentile  99.00 =  129.151
sockperf: ---> percentile  95.00 =  113.166
sockperf: ---> percentile  90.00 =  110.675
sockperf: ---> percentile  75.00 =   92.669
sockperf: ---> percentile  50.00 =   71.511
sockperf: ---> percentile  25.00 =   52.885
sockperf: ---> <MIN> observation =   29.631
------------------------------
txTime, rxTime
2.063875354, 2.064158337
2.073875361, 2.074087589
2.083875380, 2.084052985
2.093875378, 2.094004936
2.103875364, 2.104042197
2.113875371, 2.114026560
2.123875385, 2.124061371
2.133875351, 2.134103033
2.143875361, 2.144037214
2.153875384, 2.154022367
2.163875366, 2.164046417
2.173875378, 2.174045210
2.183875359, 2.184043329
2.193875363, 2.194058648
2.203875366, 2.204187393
2.213875383, 2.214042723
2.223875362, 2.224013101
2.233875381, 2.234006361
2.243875384, 2.243993888
2.253875360, 2.253999819
2.263875383, 2.263992053
2.273875369, 2.273951879
2.283875369, 2.283992078
2.293875366, 2.293956551
2.303875362, 2.303969443
2.313875363, 2.313980031
2.323875364, 2.323952691
2.333875366, 2.333966984
2.343875369, 2.344053448
2.353875363, 2.354045715
2.363875370, 2.364043483
2.373875365, 2.374011415
2.383875357, 2.384022586
2.393875361, 2.394010859
2.403875353, 2.403974024
2.413875365, 2.413981460
2.423875367, 2.423978503
2.433875357, 2.433988964
2.443875356, 2.444030808
2.453875361, 2.454024071
2.463875359, 2.463952050
2.473875355, 2.473988771
2.483875369, 2.484003969
2.493875368, 2.493996221
2.503875384, 2.503989786
2.513875363, 2.514065265
2.523875357, 2.523978457
2.533875360, 2.534032174
2.543875361, 2.544069701
2.553875360, 2.553982069
2.563875389, 2.564025676
2.573875365, 2.573985904
2.583875367, 2.584032712
2.593875368, 2.593983902
2.603875495, 2.604004696
2.613875376, 2.613954380
2.623875356, 2.624022493
2.633875363, 2.634015837
2.643875364, 2.643976144
2.653875368, 2.653984081
2.663875364, 2.664038898
2.673875360, 2.674028208
2.683875373, 2.684032882
2.693875379, 2.694078864
2.703875362, 2.704137547
2.713875369, 2.714003493
2.723875364, 2.724026972
2.733875358, 2.734039232
2.743875400, 2.744069265
2.753875358, 2.754041720
2.763875361, 2.764007156
2.773875365, 2.774032111
2.783875370, 2.784013212
2.793875371, 2.793955537
2.803875362, 2.804041246
2.813875379, 2.813997312
2.823875369, 2.824031250
2.833875357, 2.834004665
2.843875357, 2.843981078
2.853875352, 2.853984733
2.863875356, 2.864002632
2.873875372, 2.873975858
2.883875361, 2.883971603
2.893875368, 2.893993328
2.903875356, 2.904072961
2.913875358, 2.914002240
2.923875353, 2.924015615
2.933875369, 2.933983334
2.943875365, 2.944095600
2.953875366, 2.954017571
2.963875359, 2.964055991
2.973875354, 2.973965329
2.983875365, 2.983972942
2.993875365, 2.994004081
3.003875357, 3.004007677
3.013875366, 3.013954080
3.023875367, 3.023963691
3.033875365, 3.034037839
3.043875356, 3.044015337
3.053875361, 3.054041164
3.063875362, 3.063963143
3.073875363, 3.073974708
3.083875361, 3.083990425
3.093875358, 3.093973001
3.103875364, 3.104072355
3.113875363, 3.113979064
3.123875362, 3.124043180
3.133875368, 3.133963885
3.143875369, 3.144078249
3.153875371, 3.154012261
3.163875361, 3.163996736
3.173875366, 3.174016513
3.183875361, 3.184071302
3.193875357, 3.194010805
3.203875373, 3.204015407
3.213875376, 3.214127937
3.223875383, 3.223984359
3.233875368, 3.233980710
3.243875365, 3.244033781
3.253875363, 3.253955583
3.263875357, 3.263982526
3.273875360, 3.274026444
3.283875356, 3.283962344
3.293875365, 3.294005584
3.303875361, 3.303959787
3.313875365, 3.314045778
3.323875364, 3.324044399
3.333875366, 3.333981076
3.343875367, 3.344007801
3.353875376, 3.353984963
3.363875369, 3.364002812
3.373875368, 3.373980992
3.383875359, 3.383973801
3.393875360, 3.394030169
3.403875354, 3.404049685
3.413875365, 3.414047286
3.423875369, 3.424042387
3.433875361, 3.434128617
3.443875376, 3.444038595
3.453875372, 3.453976846
3.463875402, 3.463989846
3.473875374, 3.473944061
3.483875365, 3.483948602
3.493875355, 3.493985168
3.503875362, 3.504061014
3.513875371, 3.514049522
3.523875365, 3.524034455
3.533875369, 3.534011947
3.543875391, 3.544001637
3.553875388, 3.554000252
3.563875364, 3.564032786
3.573875371, 3.574003159
3.583875362, 3.583968376
3.593875369, 3.594050425
3.603875367, 3.603987091
3.613875368, 3.613966283
3.623875364, 3.623998423
3.633875361, 3.633959424
3.643875384, 3.643998333
3.653875366, 3.653977422
3.663875365, 3.664010062
3.673875363, 3.674008899
3.683875361, 3.684000564
3.693875369, 3.694012891
3.703875369, 3.704014570
3.713875371, 3.714030076
3.723875364, 3.723959594
3.733875371, 3.733966964
3.743875367, 3.744017527
3.753875369, 3.753998329
3.763875367, 3.763995224
3.773875372, 3.774011279
3.783875370, 3.783954829
3.793875357, 3.794025773
3.803875357, 3.803980636
3.813875363, 3.813987164
3.823875351, 3.823973005
3.833875358, 3.834065406
3.843875370, 3.843963854
3.853875355, 3.853986342
3.863875359, 3.864025727
3.873875369, 3.874046026
3.883875373, 3.883979217
3.893875365, 3.894055878
3.903875367, 3.904004462
3.913875372, 3.914004305
3.923875361, 3.924042804
3.933875361, 3.934049662
3.943875399, 3.943943751
3.953875360, 3.954075627
3.963875362, 3.963934625
3.973875369, 3.974061888
3.983875370, 3.983974662
3.993875365, 3.993975709
4.003875365, 4.003988856
4.013875369, 4.014102347
4.023875389, 4.024192089
4.033875369, 4.033980261
4.043875364, 4.044133667
4.053875377, 4.054118555
4.063875364, 4.064076470
4.073875365, 4.074066193
4.083875367, 4.084017631
4.093875367, 4.094111625
4.103875381, 4.104100670
4.113875358, 4.114144749
4.123875380, 4.124027559
4.133875363, 4.134101756
4.143875362, 4.143989296
4.153875371, 4.154049943
4.163875384, 4.163988949
4.173875357, 4.173971373
4.183875389, 4.183972666
4.193875357, 4.194089107
4.203875365, 4.204013500
4.213875366, 4.214033238
4.223875362, 4.224069437
4.233875371, 4.233969231
4.243875370, 4.243995737
4.253875378, 4.253958016
4.263875568, 4.263988100
4.273875357, 4.273970215
4.283875363, 4.284037441
4.293875370, 4.294021920
4.303875355, 4.303967405
4.313875360, 4.314068344
4.323875363, 4.323969183
4.333875362, 4.333973728
4.343875369, 4.343988247
4.353875365, 4.354022455
4.363875382, 4.363968019
4.373875368, 4.373981065
4.383875367, 4.383973429
4.393875367, 4.393975792
4.403875363, 4.403967449
4.413875371, 4.413977484
4.423875361, 4.424005981
4.433875359, 4.433950425
4.443875364, 4.444055589
4.453875371, 4.453994521
4.463875361, 4.464043739
4.473875355, 4.474036127
4.483875397, 4.484047578
4.493875362, 4.494037538
4.503875364, 4.503995150
4.513875365, 4.514017571
4.523875370, 4.524014959
4.533875362, 4.533972170
4.543875358, 4.543976392
4.553875376, 4.553985502
4.563875364, 4.563956345
4.573875371, 4.573936235
4.583875356, 4.584065100
4.593875367, 4.594020778
4.603875364, 4.604013851
4.613875363, 4.613966999
4.623875363, 4.623983104
4.633875368, 4.633998940
4.643875367, 4.643960185
4.653875362, 4.654010667
4.663875369, 4.663999310
4.673875362, 4.673988758
4.683875364, 4.683993457
4.693875363, 4.693948045
4.703875363, 4.704011683
4.713875378, 4.713995923
4.723875383, 4.724010041
4.733875379, 4.734048660
4.743875363, 4.744014068
4.753875359, 4.754060788
4.763875355, 4.764028874
4.773875362, 4.774029141
4.783875355, 4.784073563
4.793875365, 4.794023623
4.803875361, 4.804071566
4.813875367, 4.814022106
4.823875367, 4.824063176
4.833875379, 4.834057740
4.843875364, 4.844033836
4.853875374, 4.854043562
4.863875369, 4.864067530
4.873875370, 4.874040336
4.883875363, 4.884011968
4.893875367, 4.894045305
4.903875366, 4.904041382
4.913875363, 4.914086126
4.923875369, 4.924060046
4.933875359, 4.934053392
4.943875364, 4.944032190
4.953875360, 4.954047474
4.963875372, 4.964023997
4.973875379, 4.974078901
4.983875369, 4.984023016
4.993875363, 4.994053517
5.003875369, 5.004146260
5.013875359, 5.014130144
5.023875385, 5.023991433
5.033875359, 5.034057677
5.043875363, 5.043973918
5.053875360, 5.053941870
5.063875366, 5.063950579
5.073875360, 5.073970258
5.083875366, 5.083987074
5.093875378, 5.094011510
5.103875369, 5.103997060
5.113875362, 5.113964747
5.123875361, 5.123985640
5.133875363, 5.134044757
5.143875364, 5.143951547
5.153875367, 5.153987386
5.163875363, 5.163985260
5.173875363, 5.174017287
5.183875358, 5.183955016
5.193875378, 5.193964221
5.203875366, 5.203996915
5.213875370, 5.213977581
5.223875363, 5.223964898
5.233875355, 5.233948754
5.243875361, 5.243986898
5.253875352, 5.253967446
5.263875361, 5.263983777
5.273875362, 5.273981076
5.283875372, 5.283981402
5.293875368, 5.293972561
5.303875358, 5.303963591
5.313875359, 5.313955457
5.323875356, 5.323975263
5.333875365, 5.333982980
5.343875363, 5.343948163
5.353875362, 5.353947218
5.363875361, 5.363962094
5.373875355, 5.373977457
5.383875355, 5.383961966
5.393875357, 5.393979810
5.403875366, 5.403977960
5.413875355, 5.413964851
5.423875367, 5.424061843
5.433875354, 5.434001908
5.443875358, 5.443964159
5.453875373, 5.453949817
5.463875359, 5.464039067
5.473875367, 5.474007135
5.483875364, 5.483981901
5.493875367, 5.493978591
5.503875366, 5.503990432
5.513875371, 5.514070149
5.523875383, 5.524085356
5.533875367, 5.534055186
5.543875367, 5.544031143
5.553875379, 5.554056487
5.563875372, 5.564051549
5.573875362, 5.574037942
5.583875366, 5.584040621
5.593875367, 5.594026923
5.603875367, 5.604035118
5.613875362, 5.614076455
5.623875370, 5.623990830
5.633875368, 5.633960404
5.643875364, 5.644025823
5.653875357, 5.654030973
5.663875363, 5.664025776
5.673875362, 5.674057707
5.683875399, 5.683978964
5.693875378, 5.693996545
5.703875369, 5.704076960
5.713875360, 5.714038132
5.723875370, 5.724056917
5.733875370, 5.734071621
5.743875363, 5.744070712
5.753875365, 5.754024398
5.763875363, 5.764057523
5.773875368, 5.774073169
5.783875356, 5.784050587
5.793875374, 5.794047744
5.803875358, 5.804060697
5.813875367, 5.814047754
5.823875369, 5.824059631
5.833875368, 5.834043132
5.843875369, 5.843987652
5.853875371, 5.853961774
5.863875383, 5.863941644
5.873875371, 5.873952962
5.883875363, 5.884046847
5.893875360, 5.894050065
5.903875369, 5.904100803
5.913875359, 5.914048129
5.923875361, 5.924161501
5.933875363, 5.934048213
5.943875363, 5.944075158
5.953875365, 5.954046361
5.963875363, 5.964041118
5.973875373, 5.974059048
5.983875370, 5.984093693
5.993875373, 5.994016224
6.003875364, 6.004043499
6.013875367, 6.014050450
6.023875356, 6.024051290
6.033875378, 6.033957304
6.043875372, 6.043963280
6.053875370, 6.053960658
6.063875372, 6.063964241
6.073875379, 6.073953943
6.083875361, 6.083979059
6.093875365, 6.094018130
6.103875399, 6.103960209
6.113875354, 6.114009157
6.123875361, 6.124042805
6.133875365, 6.133960598
6.143875361, 6.143990716
6.153875359, 6.153961082
6.163875359, 6.164000952
6.173875374, 6.173990764
6.183875364, 6.183964306
6.193875371, 6.193977612
6.203875366, 6.203970115
6.213875363, 6.213984474
6.223875359, 6.223979029
6.233875370, 6.234030131
6.243875364, 6.244022325
6.253875370, 6.253959813
6.263875363, 6.264011871
6.273875360, 6.273955419
6.283875353, 6.284018376
6.293875365, 6.294007493
6.303875363, 6.303969974
6.313875363, 6.313997900
6.323875366, 6.323941486
6.333875371, 6.334035156
6.343875364, 6.343980248
6.353875374, 6.354006824
6.363875370, 6.363986177
6.373875367, 6.373972042
6.383875363, 6.384013303
6.393875378, 6.393968148
6.403875359, 6.404012891
6.413875362, 6.414027496
6.423875361, 6.423957750
6.433875362, 6.433959712
6.443875364, 6.443952132
6.453875360, 6.453991027
6.463875358, 6.463940392
6.473875360, 6.473962792
6.483875367, 6.483985381
6.493875370, 6.494014289
6.503875358, 6.504026892
6.513875371, 6.514001035
6.523875396, 6.523949650
6.533875378, 6.533958318
6.543875359, 6.543974689
6.553875360, 6.554007870
6.563875369, 6.563999422
6.573875378, 6.573956977
6.583875353, 6.583967344
6.593875365, 6.593982031
6.603875367, 6.604061848
6.613875368, 6.614011729
6.623875363, 6.623987874
6.633875368, 6.633981139
6.643875370, 6.643971409
6.653875357, 6.653979324
6.663875361, 6.663991792
6.673875357, 6.673977378
6.683875361, 6.684007105
6.693875363, 6.694051036
6.703875375, 6.704030056
6.713875376, 6.713949212
6.723875369, 6.723979673
6.733875363, 6.734011145
6.743875364, 6.743975949
6.753875360, 6.754059153
6.763875388, 6.763947915
6.773875378, 6.773973246
6.783875353, 6.783987524
6.793875359, 6.794063375
6.803875364, 6.803981600
6.813875368, 6.813977489
6.823875361, 6.824044941
6.833875365, 6.834015538
6.843875364, 6.844029935
6.853875355, 6.853995223
6.863875378, 6.863998928
6.873875365, 6.873969201
6.883875369, 6.883953298
6.893875370, 6.894038320
6.903875369, 6.904116088
6.913875354, 6.914061926
6.923875369, 6.924087669
6.933875362, 6.934071507
6.943875370, 6.944059336
6.953875370, 6.954034796
6.963875361, 6.964039186
6.973875371, 6.974050417
6.983875372, 6.984092777
6.993875373, 6.994048766
7.003875367, 7.004145776
7.013875365, 7.014121612
7.023875366, 7.024034973
7.033875376, 7.034016712
7.043875372, 7.043999132
7.053875365, 7.054009538
7.063875367, 7.063986570
7.073875378, 7.073981990
7.083875366, 7.083984582
7.093875363, 7.093968265
7.103875364, 7.104074264
7.113875378, 7.114009637
7.123875366, 7.123974184
7.133875362, 7.133998661
7.143875361, 7.143964795
7.153875360, 7.153985185
7.163875359, 7.164016947
7.173875367, 7.173977573
7.183875370, 7.184018041
7.193875370, 7.194035250
7.203875361, 7.203960875
7.213875371, 7.213999954
7.223875370, 7.223986640
7.233875368, 7.234013820
7.243875369, 7.243955014
7.253875371, 7.253984270
7.263875366, 7.263967134
7.273875357, 7.273972102
7.283875363, 7.283970877
7.293875373, 7.293992189
7.303875364, 7.304012572
7.313875373, 7.314027372
7.323875364, 7.324028759
7.333875368, 7.334011369
7.343875367, 7.344067671
7.353875370, 7.353970052
7.363875375, 7.363962572
7.373875365, 7.373987968
7.383875369, 7.383946680
7.393875370, 7.393993286
7.403875358, 7.404004977
7.413875362, 7.414058503
7.423875386, 7.424007901
7.433875376, 7.434007266
7.443875369, 7.444019555
7.453875371, 7.454020806
7.463875363, 7.464040353
7.473875360, 7.474015924
7.483875364, 7.483958499
7.493875362, 7.493977288
7.503875369, 7.503994567
7.513875367, 7.514025943
7.523875369, 7.523937456
7.533875362, 7.533939706
7.543875366, 7.544010028
7.553875357, 7.553987196
7.563875369, 7.563965234
7.573875363, 7.573981056
7.583875356, 7.584006196
7.593875359, 7.594065985
7.603875386, 7.604037330
7.613875362, 7.613965587
7.623875361, 7.624023491
7.633875365, 7.633978045
7.643875363, 7.643971504
7.653875368, 7.653981668
7.663875361, 7.663942593
7.673875378, 7.673972648
7.683875367, 7.683941828
7.693875357, 7.694071815
7.703875358, 7.703965878
7.713875371, 7.713975267
7.723875361, 7.723943699
7.733875370, 7.733978046
7.743875364, 7.743978461
7.753875368, 7.753980779
7.763875374, 7.763997447
7.773875357, 7.773975417
7.783875391, 7.783970277
7.793875363, 7.794035238
7.803875370, 7.803954210
7.813875362, 7.813963715
7.823875363, 7.823973032
7.833875359, 7.833962843
7.843875356, 7.843966633
7.853875374, 7.854018332
7.863875367, 7.863960848
7.873875365, 7.873973186
7.883875375, 7.883970798
7.893875368, 7.894028169
7.903875366, 7.904067889
7.913875374, 7.913990183
7.923875372, 7.923966182
7.933875365, 7.933973030
7.943875359, 7.943967044
7.953875363, 7.953960861
7.963875353, 7.963995658
7.973875363, 7.974000611
7.983875364, 7.983979634
7.993875362, 7.993998201
8.003875356, 8.003949421
8.013875359, 8.014005398
8.023875361, 8.023956651
8.033875370, 8.033964131
8.043875364, 8.043969407
8.053875368, 8.053990804
8.063875377, 8.063943679
8.073875368, 8.074004629
8.083875359, 8.083962132
8.093875378, 8.093998668
8.103875361, 8.104003794
8.113875363, 8.113998585
8.123875364, 8.123988809
8.133875362, 8.133967924
8.143875363, 8.143994215
8.153875368, 8.153951731
8.163875359, 8.163974728
8.173875370, 8.173993134
8.183875361, 8.183979861
8.193875362, 8.194063219
8.203875385, 8.204017671
8.213875373, 8.214035293
8.223875363, 8.223954056
8.233875357, 8.233954050
8.243875364, 8.244005732
8.253875359, 8.254051993
8.263875372, 8.264006572
8.273875379, 8.274002620
8.283875361, 8.283979395
8.293875371, 8.294075037
8.303875363, 8.303977062
8.313875371, 8.313993652
8.323875399, 8.323970565
8.333875376, 8.333982909
8.343875361, 8.343957359
8.353875360, 8.353985982
8.363875361, 8.363966000
8.373875373, 8.374007567
8.383875375, 8.383952601
8.393875370, 8.394011724
8.403875374, 8.404009930
8.413875371, 8.414074016
8.423875364, 8.424006005
8.433875355, 8.433964815
8.443875394, 8.443963261
8.453875368, 8.454004949
8.463875366, 8.463961367
8.473875365, 8.473946318
8.483875370, 8.483995036
8.493875367, 8.494006547
8.503875363, 8.503971897
8.513875376, 8.513975144
8.523875361, 8.523953748
8.533875363, 8.533974292
8.543875358, 8.543959067
8.553875352, 8.553967057
8.563875388, 8.563992455
8.573875363, 8.573972946
8.583875361, 8.583963133
8.593875365, 8.594035204
8.603875367, 8.603953887
8.613875362, 8.613995234
8.623875364, 8.623990972
8.633875365, 8.634040488
8.643875370, 8.644015095
8.653875363, 8.654066551
8.663875364, 8.663981606
8.673875363, 8.673995413
8.683875364, 8.683943673
8.693875371, 8.694005467
8.703875370, 8.703954826
8.713875368, 8.713980274
8.723875361, 8.723997758
8.733875355, 8.733956916
8.743875359, 8.743956067
8.753875357, 8.754013605
8.763875363, 8.763966231
8.773875360, 8.773973583
8.783875359, 8.783999598
8.793875367, 8.794017298
8.803875366, 8.803976977
8.813875379, 8.813980790
8.823875369, 8.823954733
8.833875373, 8.834002060
8.843875358, 8.843958478
8.853875360, 8.854030784
8.863875364, 8.863984761
8.873875371, 8.873964037
8.883875367, 8.883976642
8.893875371, 8.894028573
8.903875364, 8.903970869
8.913875359, 8.914021231
8.923875383, 8.923996351
8.933875376, 8.933991207
8.943875366, 8.943971138
8.953875368, 8.953981563
8.963875377, 8.963954758
8.973875363, 8.973943746
8.983875385, 8.983975979
8.993875379, 8.994000702
9.003875356, 9.003955338
9.013875355, 9.013987952
9.023875359, 9.023997157
9.033875371, 9.033974306
9.043875363, 9.043961312
9.053875363, 9.053988338
9.063875364, 9.063989093
9.073875360, 9.073959343
9.083875363, 9.083960925
9.093875368, 9.094038394
9.103875364, 9.104024693
9.113875367, 9.113967540
9.123875369, 9.123998276
9.133875371, 9.133999338
9.143875364, 9.144062064
9.153875362, 9.154056223
9.163875364, 9.164044316
9.173875367, 9.174076689
9.183875372, 9.184064123
9.193875360, 9.194019662
9.203875366, 9.204036244
9.213875371, 9.214103186
9.223875385, 9.224039926
9.233875363, 9.234072710
9.243875363, 9.244077231
9.253875365, 9.254036071
9.263875358, 9.264036623
9.273875370, 9.274099488
9.283875369, 9.284024478
9.293875365, 9.294073522
9.303875363, 9.304056985
9.313875371, 9.314058144
9.323875359, 9.324040509
9.333875354, 9.334022891
9.343875353, 9.344029381
9.353875357, 9.354028903
9.363875370, 9.364033145
9.373875374, 9.374047675
9.383875355, 9.384024098
9.393875370, 9.394003375
9.403875369, 9.404047944
9.413875374, 9.414002897
9.423875370, 9.424055458
9.433875370, 9.433986137
9.443875358, 9.444030060
9.453875362, 9.454036809
9.463875366, 9.464047972
9.473875370, 9.474060952
9.483875361, 9.484053077
9.493875371, 9.494085709
9.503875367, 9.504047388
9.513875368, 9.514056057
9.523875366, 9.524088716
9.533875368, 9.534053605
9.543875364, 9.543999951
9.553875368, 9.554015594
9.563875369, 9.564015764
9.573875362, 9.574017642
9.583875364, 9.584069866
9.593875367, 9.594011642
9.603875388, 9.604058958
9.613875370, 9.614036240
9.623875366, 9.624027931
9.633875370, 9.634058326
9.643875364, 9.644041188
9.653875373, 9.654047492
9.663875367, 9.664027341
9.673875371, 9.674039270
9.683875364, 9.684043379
9.693875368, 9.693995567
9.703875378, 9.704068130
9.713875371, 9.714020409
9.723875359, 9.724060097
9.733875362, 9.734056059
9.743875361, 9.744068080
9.753875359, 9.754013030
9.763875383, 9.764083528
9.773875376, 9.774039832
9.783875366, 9.784061560
9.793875370, 9.794041192
9.803875364, 9.804158496
9.813875379, 9.814050897
9.823875353, 9.824038645
9.833875359, 9.834035447
9.843875365, 9.844044692
9.853875356, 9.854016925
9.863875374, 9.864015182
9.873875352, 9.874023284
9.883875359, 9.883982830
9.893875389, 9.894050777
9.903875370, 9.904028163
9.913875361, 9.914038472
9.923875357, 9.924010368
9.933875366, 9.934010028
9.943875363, 9.944014432
9.953875366, 9.954030026
9.963875370, 9.964011483
9.973875367, 9.973977311
9.983875371, 9.983989790
9.993875359, 9.993996865
10.003875379, 10.004021547
10.013875377, 10.013998352
10.023875370, 10.024037955
10.033875366, 10.033972797
10.043875368, 10.044048635
10.053875370, 10.054064376
10.063875367, 10.064069511
10.073875367, 10.074066837
10.083875362, 10.084068199
10.093875369, 10.094008655
10.103875372, 10.104065539
10.113875363, 10.114079459
10.123875387, 10.124073836
10.133875371, 10.134082714
10.143875362, 10.144078549
10.153875368, 10.154079011
10.163875361, 10.164073036
10.173875369, 10.174073699
10.183875360, 10.184074442
10.193875364, 10.194073758
10.203875367, 10.204076215
10.213875372, 10.214071379
10.223875367, 10.224068477
10.233875363, 10.234070395
10.243875361, 10.244068174
10.253875371, 10.254067359
10.263875369, 10.264070171
10.273875366, 10.274070906
10.283875370, 10.284069562
10.293875365, 10.294074407
10.303875356, 10.304068757
10.313875369, 10.314069789
10.323875365, 10.324068258
10.333875365, 10.334068083
10.343875367, 10.344070146
10.353875363, 10.354068620
10.363875362, 10.364071269
10.373875369, 10.374096505
10.383875370, 10.384098996
10.393875372, 10.394089482
10.403875373, 10.404082075
10.413875366, 10.414096864
10.423875384, 10.424096127
10.433875355, 10.434094634
10.443875355, 10.444097361
10.453875362, 10.454097897
10.463875355, 10.464095659
10.473875357, 10.474098956
10.483875354, 10.484094879
10.493875362, 10.494095793
10.503875363, 10.504084226
10.513875353, 10.514094103
10.523875357, 10.524096818
10.533875360, 10.534096769
10.543875356, 10.544095982
10.553875358, 10.554094456
10.563875355, 10.564098340
10.573875354, 10.574093950
10.583875373, 10.584095102
10.593875364, 10.594074360
10.603875382, 10.604094838
10.613875367, 10.614096508
10.623875369, 10.624095111
10.633875367, 10.634095595
10.643875361, 10.644094227
10.653875371, 10.654096178
10.663875359, 10.664097625
10.673875364, 10.674093984
10.683875370, 10.684096064
10.693875366, 10.694098441
10.703875372, 10.704098052
10.713875363, 10.714094264
10.723875361, 10.724097813
10.733875363, 10.734093911
10.743875363, 10.744098010
10.753875367, 10.754094475
10.763875364, 10.764096753
10.773875364, 10.774097030
10.783875361, 10.784095970
10.793875370, 10.794094438
10.803875363, 10.804095553
10.813875370, 10.814096149
10.823875368, 10.824094827
10.833875363, 10.834088224
10.843875357, 10.844094946
10.853875361, 10.854101695
10.863875353, 10.864096704
10.873875356, 10.874100401
10.883875354, 10.884108481
10.893875351, 10.894097481
10.903875357, 10.904086109
10.913875358, 10.914103475
10.923875357, 10.924099178
10.933875363, 10.934110045
10.943875359, 10.944096006
10.953875368, 10.954094541
10.963875362, 10.964093833
10.973875366, 10.974093962
10.983875364, 10.984096628
10.993875366, 10.994095673
11.003875369, 11.004088353
11.013875364, 11.014100293
11.023875367, 11.024094889
11.033875362, 11.034093884
11.043875367, 11.044094477
11.053875371, 11.054095609
11.063875367, 11.064095021
11.073875362, 11.074100973
11.083875359, 11.084037516
11.093875363, 11.094024615
11.103875369, 11.104081331
11.113875369, 11.114034449
11.123875374, 11.124035954
11.133875369, 11.134038129
11.143875365, 11.144035724
11.153875369, 11.154033492
11.163875363, 11.164036458
11.173875370, 11.174038932
11.183875367, 11.184034107
11.193875364, 11.194037883
11.203875360, 11.204033630
11.213875369, 11.214037728
11.223875365, 11.224037895
11.233875369, 11.234035894
11.243875373, 11.244034687
11.253875364, 11.254037060
11.263875367, 11.264035977
11.273875364, 11.274033603
11.283875368, 11.284034592
11.293875363, 11.294039841
11.303875371, 11.304033888
11.313875358, 11.314037405
11.323875368, 11.324034941
11.333875363, 11.334038736
11.343875368, 11.344036441
11.353875367, 11.354033514
11.363875370, 11.364036002
11.373875370, 11.374041164
11.383875362, 11.384038792
11.393875369, 11.394035339
11.403875374, 11.404034385
11.413875367, 11.414037540
11.423875365, 11.424043936
11.433875359, 11.434043117
11.443875368, 11.444044211
11.453875370, 11.454044822
11.463875363, 11.464043469
11.473875366, 11.474042786
11.483875365, 11.484044989
11.493875370, 11.494042145
11.503875359, 11.504077725
11.513875370, 11.514100796
11.523875367, 11.524100781
11.533875364, 11.534099697
11.543875360, 11.544101028
11.553875358, 11.554101840
11.563875355, 11.564103674
11.573875361, 11.574106094
11.583875367, 11.584100640
11.593875361, 11.594087774
11.603875361, 11.604101123
11.613875358, 11.614106606
11.623875361, 11.624101033
11.633875369, 11.634106923
11.643875367, 11.644103580
11.653875371, 11.654098201
11.663875367, 11.664102372
11.673875359, 11.674169589
11.683875365, 11.684105075
11.693875369, 11.694117337
11.703875356, 11.704103450
11.713875368, 11.714106332
11.723875361, 11.724110109
11.733875376, 11.734107347
11.743875386, 11.744100422
11.753875365, 11.754105837
11.763875367, 11.764100962
11.773875368, 11.774111994
11.783875372, 11.784100704
11.793875374, 11.794107259
11.803875357, 11.804083164
11.813875367, 11.814107776
11.823875364, 11.824100471
11.833875365, 11.834106621
11.843875369, 11.844100313
11.853875366, 11.854112665
11.863875359, 11.864106984
11.873875376, 11.874099368
11.883875362, 11.884103310
11.893875366, 11.894100901
11.903875356, 11.904101184
11.913875370, 11.914091963
11.923875362, 11.924099947
11.933875372, 11.934107181
11.943875363, 11.944099772
11.953875354, 11.954106119
11.963875361, 11.964103854
11.973875363, 11.974100966
11.983875359, 11.984099701
11.993875374, 11.994100790
12.003875363, 12.004098736
12.013875362, 12.014100432
12.023875362, 12.024099750
12.033875369, 12.034099323
12.043875359, 12.044102127
12.053875367, 12.054100714
------------------------------
