------------------------------
test was performed using the following parameters: --mps=100 --burst=1 --reply-every=1 --msg-size=12 --time=10
------------------------------
sockperf: [Total Run] RunTime=10.100 sec; SentMessages=1011; ReceivedMessages=1010
sockperf: ========= Printing statistics for Server No: 0
sockperf: [Valid Duration] RunTime=9.980 sec; SentMessages=999; ReceivedMessages=999
sockperf: [2;35m====> avg-lat= 78.203 (std-dev=16.815)[0m
sockperf: # dropped messages = 0; # duplicated messages = 0; # out-of-order messages = 0
sockperf: [2;35mTotal 999 observations[0m; each percentile contains 9.99 observations
sockperf: ---> <MAX> observation =  159.831
sockperf: ---> percentile  99.99 =  159.831
sockperf: ---> percentile  99.90 =  158.337
sockperf: ---> percentile  99.50 =  131.304
sockperf: ---> percentile  99.00 =  126.486
sockperf: ---> percentile  95.00 =  109.505
sockperf: ---> percentile  90.00 =   98.850
sockperf: ---> percentile  75.00 =   87.684
sockperf: ---> percentile  50.00 =   76.461
sockperf: ---> percentile  25.00 =   65.423
sockperf: ---> <MIN> observation =   33.138
------------------------------
txTime, rxTime
2.062923946, 2.063131822
2.072923955, 2.073182035
2.082923966, 2.083111609
2.092923950, 2.093179117
2.102923951, 2.103133747
2.112923956, 2.113223269
2.122923971, 2.123143579
2.132923951, 2.133146707
2.142923965, 2.143135556
2.152923956, 2.153176930
2.162923957, 2.163113540
2.172923950, 2.173130634
2.182923949, 2.183098642
2.192923955, 2.193137992
2.202923970, 2.203104133
2.212923955, 2.213191036
2.222923958, 2.223113537
2.232923954, 2.233113151
2.242923966, 2.243072075
2.252923975, 2.253153176
2.262923968, 2.263069359
2.272923951, 2.273127080
2.282923967, 2.283129433
2.292923967, 2.293151252
2.302923963, 2.303109414
2.312923966, 2.313124934
2.322923969, 2.323089848
2.332923956, 2.333095099
2.342923946, 2.343055322
2.352923961, 2.353062723
2.362923957, 2.363057488
2.372923952, 2.373054939
2.382923963, 2.383044204
2.392923963, 2.393098181
2.402923956, 2.403086206
2.412923943, 2.413076145
2.422923958, 2.423057830
2.432923945, 2.433130214
2.442923955, 2.443036847
2.452923957, 2.453082735
2.462923949, 2.463048169
2.472923965, 2.473124786
2.482923955, 2.483065594
2.492923945, 2.493071465
2.502923963, 2.503035052
2.512923951, 2.513062977
2.522923947, 2.523026191
2.532923945, 2.533080730
2.542923941, 2.543040556
2.552923957, 2.553090355
2.562923942, 2.563043155
2.572923946, 2.573081005
2.582923966, 2.583066268
2.592923964, 2.593089166
2.602923955, 2.603101136
2.612923990, 2.613095942
2.622923952, 2.623044200
2.632923946, 2.633109360
2.642923963, 2.643066309
2.652923948, 2.653114322
2.662923966, 2.663089152
2.672923962, 2.673076507
2.682923961, 2.683044189
2.692923951, 2.693084448
2.702923946, 2.703040892
2.712923964, 2.713088735
2.722923958, 2.723028618
2.732923959, 2.733143747
2.742923974, 2.743029048
2.752923941, 2.753142096
2.762923966, 2.763045100
2.772923956, 2.773137782
2.782923971, 2.783071094
2.792923964, 2.793144540
2.802923965, 2.803055148
2.812923950, 2.813140824
2.822923965, 2.823047794
2.832923940, 2.833161640
2.842923971, 2.843031351
2.852923991, 2.853119297
2.862923964, 2.863032788
2.872923950, 2.873111269
2.882923960, 2.883064563
2.892923959, 2.893133994
2.902923972, 2.903033063
2.912923941, 2.913123893
2.922923966, 2.923162480
2.932923950, 2.933186560
2.942923949, 2.943165188
2.952923970, 2.953116387
2.962923962, 2.963086034
2.972923964, 2.973087779
2.982923964, 2.983106831
2.992923954, 2.993111849
3.002923957, 3.003068683
3.012923962, 3.013132904
3.022923972, 3.023049116
3.032923965, 3.033092697
3.042923947, 3.043088382
3.052923970, 3.053079772
3.062923960, 3.063053880
3.072923965, 3.073084319
3.082923971, 3.083056657
3.092923962, 3.093111678
3.102923969, 3.103032104
3.112923972, 3.113081747
3.122927632, 3.123064331
3.132923969, 3.133130249
3.142923966, 3.143037553
3.152923972, 3.153098098
3.162923965, 3.163051365
3.172923964, 3.173066286
3.182923972, 3.183039714
3.192923961, 3.193083717
3.202923952, 3.203125379
3.212923970, 3.213094978
3.222923966, 3.223062207
3.232923965, 3.233108955
3.242923976, 3.243068829
3.252923972, 3.253134405
3.262933293, 3.263158411
3.272923944, 3.273146203
3.282923966, 3.283066316
3.292923946, 3.293084891
3.302923949, 3.303210008
3.312923951, 3.313109027
3.322923949, 3.323114076
3.332923950, 3.333168630
3.342923963, 3.343126407
3.352923954, 3.353173287
3.362923947, 3.363106284
3.372923963, 3.373148916
3.382923950, 3.383147894
3.392923969, 3.393111402
3.402923964, 3.403114187
3.412923972, 3.413154270
3.422923952, 3.423101303
3.432923967, 3.433073745
3.442923958, 3.443065723
3.452923946, 3.453110761
3.462923960, 3.463098542
3.472923946, 3.473099648
3.482923944, 3.483073918
3.492923957, 3.493079285
3.502923963, 3.503081650
3.512923964, 3.513053830
3.522924014, 3.523108728
3.532923945, 3.533096966
3.542923961, 3.543068941
3.552923956, 3.553109589
3.562923961, 3.563087563
3.572923945, 3.573087950
3.582923964, 3.583088465
3.592923949, 3.593070031
3.602923991, 3.603104289
3.612923951, 3.613085950
3.622923940, 3.623068134
3.632923943, 3.633118259
3.642923941, 3.643063292
3.652923948, 3.653082770
3.662923947, 3.663071565
3.672923951, 3.673079363
3.682923942, 3.683243605
3.692923963, 3.693105515
3.702923957, 3.703033732
3.712923944, 3.713099920
3.722923969, 3.723169975
3.732923946, 3.733106638
3.742923961, 3.743122753
3.752923971, 3.753171740
3.762923968, 3.763147714
3.772923951, 3.773120217
3.782923968, 3.783121440
3.792923967, 3.793081084
3.802923942, 3.803074003
3.812924033, 3.813073012
3.822923966, 3.823063996
3.832923942, 3.833080752
3.842923952, 3.843085196
3.852923948, 3.853125031
3.862923942, 3.863074422
3.872923940, 3.873066805
3.882923949, 3.883083900
3.892923944, 3.893064017
3.902923947, 3.903097235
3.912923943, 3.913134504
3.922923958, 3.923099933
3.932923962, 3.933094809
3.942923945, 3.943070783
3.952923995, 3.953112082
3.962923963, 3.963069578
3.972923964, 3.973075989
3.982923961, 3.983094661
3.992923939, 3.993070590
4.002923945, 4.003040130
4.012923947, 4.013107180
4.022923950, 4.023039624
4.032923949, 4.033099360
4.042923946, 4.043050479
4.052923940, 4.053076663
4.062923965, 4.063055751
4.072923946, 4.073080932
4.082923949, 4.083051908
4.092923946, 4.093090912
4.102923944, 4.103046210
4.112923957, 4.113070969
4.122923960, 4.123051340
4.132923948, 4.133073288
4.142924001, 4.143096320
4.152923947, 4.153150076
4.162923955, 4.163056043
4.172923940, 4.173088228
4.182923944, 4.183079270
4.192923941, 4.193104629
4.202923945, 4.203056423
4.212923944, 4.213076665
4.222923956, 4.223060508
4.232923989, 4.233069204
4.242923949, 4.243061407
4.252923943, 4.253085438
4.262923965, 4.263070805
4.272923959, 4.273082765
4.282923961, 4.283069107
4.292923958, 4.293065993
4.302923963, 4.303053931
4.312923946, 4.313094279
4.322923946, 4.323080502
4.332923950, 4.333066002
4.342923949, 4.343091270
4.352923943, 4.353065634
4.362923941, 4.363059594
4.372923940, 4.373068156
4.382923960, 4.383097607
4.392923961, 4.393169873
4.402923961, 4.403054147
4.412923943, 4.413091462
4.422923955, 4.423061302
4.432923942, 4.433081906
4.442923943, 4.443068694
4.452923946, 4.453052699
4.462923942, 4.463133837
4.472923942, 4.473088858
4.482923961, 4.483058443
4.492923939, 4.493076862
4.502923957, 4.503092078
4.512923950, 4.513088640
4.522923963, 4.523054403
4.532923961, 4.533067272
4.542923957, 4.543062807
4.552923943, 4.553067264
4.562923954, 4.563043221
4.572923950, 4.573130130
4.582923956, 4.583061341
4.592923957, 4.593105004
4.602923958, 4.603087449
4.612923953, 4.613121655
4.622924041, 4.623086529
4.632923948, 4.633068135
4.642923944, 4.643063464
4.652923948, 4.653094587
4.662923961, 4.663056919
4.672923946, 4.673105502
4.682923947, 4.683039346
4.692923943, 4.693130115
4.702923939, 4.703069232
4.712923965, 4.713085404
4.722923961, 4.723078154
4.732923946, 4.733081532
4.742923960, 4.743050779
4.752923965, 4.753064747
4.762923963, 4.763105787
4.772923940, 4.773064782
4.782923942, 4.783143026
4.792923951, 4.793089169
4.802923960, 4.803088892
4.812923950, 4.813116259
4.822923963, 4.823083900
4.832923965, 4.833068942
4.842923958, 4.843064599
4.852923946, 4.853074165
4.862923961, 4.863065491
4.872923948, 4.873086979
4.882923961, 4.883090899
4.892923994, 4.893182070
4.902923942, 4.903036248
4.912923946, 4.913085424
4.922923950, 4.923035461
4.932923956, 4.933126608
4.942923938, 4.943060876
4.952923941, 4.953065858
4.962923956, 4.963072950
4.972923942, 4.973068740
4.982923946, 4.983075497
4.992923945, 4.993055692
5.002923941, 5.003087298
5.012923942, 5.013094456
5.022923960, 5.023147340
5.032923950, 5.033091430
5.042923947, 5.043061192
5.052923945, 5.053082826
5.062923942, 5.063039116
5.072923947, 5.073094002
5.082923960, 5.083046214
5.092923945, 5.093074643
5.102923963, 5.103047394
5.112923962, 5.113106843
5.122923957, 5.123043410
5.132923942, 5.133103250
5.142923949, 5.143072737
5.152923944, 5.153083042
5.162923946, 5.163051567
5.172923949, 5.173083730
5.182923955, 5.183038881
5.192923966, 5.193057263
5.202923959, 5.203063501
5.212923948, 5.213069124
5.222923959, 5.223063799
5.232923959, 5.233117375
5.242923957, 5.243068867
5.252923942, 5.253080464
5.262923963, 5.263066698
5.272923950, 5.273072182
5.282923963, 5.283072614
5.292923966, 5.293092671
5.302923965, 5.303071576
5.312923948, 5.313116490
5.322923950, 5.323086315
5.332923952, 5.333110933
5.342923961, 5.343062843
5.352923957, 5.353073630
5.362923965, 5.363069274
5.372923980, 5.373097770
5.382923963, 5.383070704
5.392923950, 5.393096652
5.402923949, 5.403085463
5.412923954, 5.413077814
5.422923942, 5.423077396
5.432923956, 5.433081036
5.442923957, 5.443060640
5.452923949, 5.453089317
5.462923961, 5.463068045
5.472923950, 5.473063666
5.482923959, 5.483072458
5.492923939, 5.493088419
5.502923945, 5.503067870
5.512923949, 5.513114055
5.522923959, 5.523066114
5.532923944, 5.533079223
5.542923959, 5.543064793
5.552923963, 5.553070175
5.562923961, 5.563049000
5.572923956, 5.573139203
5.582923958, 5.583078936
5.592923950, 5.593066117
5.602923963, 5.603085446
5.612923959, 5.613102930
5.622923947, 5.623070170
5.632923943, 5.633104189
5.642923944, 5.643061865
5.652923946, 5.653088992
5.662923949, 5.663075363
5.672923940, 5.673088819
5.682923958, 5.683042537
5.692923951, 5.693017424
5.702923960, 5.703020761
5.712923973, 5.713057200
5.722923946, 5.723082262
5.732923948, 5.733067365
5.742923965, 5.743084186
5.752923951, 5.753063664
5.762923942, 5.763072705
5.772923953, 5.773060735
5.782923949, 5.783042373
5.792923961, 5.793077899
5.802923963, 5.803111251
5.812923946, 5.813048614
5.822923957, 5.823072842
5.832923961, 5.833059343
5.842923961, 5.843032626
5.852923943, 5.853036124
5.862923965, 5.863045292
5.872923945, 5.873058610
5.882923950, 5.883054488
5.892923945, 5.893051328
5.902923942, 5.903048985
5.912923942, 5.913066473
5.922923944, 5.923085043
5.932923950, 5.933034426
5.942923949, 5.943046025
5.952923961, 5.953059679
5.962923965, 5.963116629
5.972923945, 5.973030179
5.982923944, 5.983084940
5.992923942, 5.993053694
6.002923945, 6.003047896
6.012923951, 6.013030259
6.022923938, 6.023043922
6.032923945, 6.033062361
6.042928534, 6.043075929
6.052923969, 6.053035747
6.062923968, 6.063075581
6.072923970, 6.073079382
6.082923969, 6.083059405
6.092923970, 6.093064057
6.102923968, 6.103025600
6.112923965, 6.113038692
6.122923971, 6.123062182
6.132924043, 6.133054328
6.142923965, 6.143079146
6.152923972, 6.153037465
6.162923969, 6.163096559
6.172923965, 6.173053118
6.182923963, 6.183100497
6.192923976, 6.193053922
6.202923963, 6.203087841
6.212932130, 6.213103329
6.222923972, 6.223054891
6.232923970, 6.233050489
6.242923957, 6.243071786
6.252923962, 6.253052316
6.262925011, 6.263059578
6.272923967, 6.273085888
6.282923961, 6.283072723
6.292923961, 6.293045746
6.302923965, 6.303100633
6.312923974, 6.313144047
6.322923950, 6.323112041
6.332923962, 6.333100758
6.342923971, 6.343129985
6.352923952, 6.353166765
6.362923965, 6.363153318
6.372923969, 6.373100657
6.382923969, 6.383100641
6.392923945, 6.393100172
6.402923971, 6.403112085
6.412923949, 6.413134083
6.422923949, 6.423076728
6.432923956, 6.433110435
6.442923950, 6.443092801
6.452923953, 6.453068525
6.462923965, 6.463084034
6.472923945, 6.473061547
6.482923944, 6.483058953
6.492923958, 6.493054674
6.502923942, 6.503038978
6.512923942, 6.513075198
6.522923957, 6.523032394
6.532923942, 6.533042631
6.542923949, 6.543048550
6.552923965, 6.553079475
6.562923957, 6.563059120
6.572923948, 6.573058171
6.582923961, 6.583056664
6.592923943, 6.593036994
6.602923960, 6.603039787
6.612923943, 6.613072482
6.622923945, 6.623062553
6.632923948, 6.633062622
6.642923960, 6.643069628
6.652923946, 6.653036210
6.662923950, 6.663083612
6.672923986, 6.673039718
6.682923948, 6.683071713
6.692923955, 6.693050137
6.702923966, 6.703053201
6.712923940, 6.713070235
6.722923961, 6.723044276
6.732923964, 6.733045449
6.742923961, 6.743082149
6.752923962, 6.753100082
6.762923946, 6.763092282
6.772923943, 6.773054239
6.782923949, 6.783092549
6.792923956, 6.793061211
6.802924005, 6.803084759
6.812923961, 6.813031486
6.822923962, 6.823029586
6.832923945, 6.833066642
6.842923954, 6.843142965
6.852923956, 6.853066207
6.862923961, 6.863048954
6.872923961, 6.873059840
6.882923959, 6.883050931
6.892923945, 6.893065306
6.902923959, 6.903082783
6.912923965, 6.913085339
6.922924051, 6.923047791
6.932923941, 6.933132611
6.942923954, 6.943120272
6.952923945, 6.953040293
6.962923946, 6.963080712
6.972923967, 6.973026814
6.982923942, 6.983105030
6.992923939, 6.993092648
7.002923950, 7.003059465
7.012923943, 7.013117778
7.022923958, 7.023018833
7.032923957, 7.032998864
7.042923961, 7.043020519
7.052923939, 7.053015812
7.062923963, 7.063007713
7.072923950, 7.072993245
7.082923960, 7.082993428
7.092923948, 7.092995839
7.102923955, 7.102990233
7.112923961, 7.113020414
7.122923958, 7.123083409
7.132923951, 7.133092041
7.142923963, 7.143019188
7.152923965, 7.153106732
7.162923963, 7.163072794
7.172923962, 7.173089777
7.182923958, 7.183150950
7.192923952, 7.193080702
7.202923950, 7.203119050
7.212923972, 7.213077256
7.222923947, 7.223099709
7.232923951, 7.233111236
7.242923961, 7.243088410
7.252923941, 7.253116640
7.262923950, 7.263088529
7.272923959, 7.273107528
7.282923944, 7.283081447
7.292923986, 7.293106244
7.302923940, 7.303095584
7.312923949, 7.313107176
7.322923942, 7.323070559
7.332923946, 7.333096306
7.342923944, 7.343099313
7.352923940, 7.353089792
7.362923960, 7.363074355
7.372923953, 7.373131315
7.382923942, 7.383101962
7.392923942, 7.393121525
7.402923947, 7.403136087
7.412923941, 7.413086575
7.422923942, 7.423068510
7.432923949, 7.433055133
7.442923950, 7.443058760
7.452923946, 7.453110685
7.462923945, 7.463106458
7.472923962, 7.473107884
7.482923960, 7.483084420
7.492923941, 7.493084875
7.502923964, 7.503101209
7.512923959, 7.513095979
7.522923964, 7.523096841
7.532923939, 7.533119823
7.542923963, 7.543088184
7.552923987, 7.553110993
7.562923942, 7.563038728
7.572923941, 7.573071411
7.582923942, 7.583132045
7.592923965, 7.593086959
7.602923963, 7.603101286
7.612923949, 7.613078985
7.622923953, 7.623112024
7.632923965, 7.633054299
7.642923948, 7.643078449
7.652923952, 7.653073948
7.662923957, 7.663087984
7.672923948, 7.673067605
7.682923960, 7.683083688
7.692923950, 7.693092163
7.702923945, 7.703080701
7.712923957, 7.713086883
7.722923945, 7.723094549
7.732923943, 7.733105186
7.742923947, 7.743092461
7.752923959, 7.753103727
7.762924042, 7.763072571
7.772923962, 7.773089283
7.782923957, 7.783123565
7.792923943, 7.793088117
7.802923965, 7.803072135
7.812923962, 7.813070740
7.822923958, 7.823097721
7.832923957, 7.833086968
7.842923941, 7.843093501
7.852923948, 7.853091824
7.862923967, 7.863096822
7.872923965, 7.873068833
7.882923947, 7.883076059
7.892923957, 7.893089739
7.902923947, 7.903083464
7.912923951, 7.913083515
7.922923961, 7.923074954
7.932923967, 7.933087488
7.942923963, 7.943101350
7.952923983, 7.953117265
7.962923944, 7.963092068
7.972923946, 7.973088034
7.982923958, 7.983084757
7.992923961, 7.993076767
8.002923963, 8.003085100
8.012923957, 8.013112235
8.022923964, 8.023070659
8.032923948, 8.033067497
8.042923944, 8.043088296
8.052923949, 8.053081462
8.062923945, 8.063070177
8.072923941, 8.073100695
8.082923961, 8.083086645
8.092923946, 8.093084791
8.102923946, 8.103098056
8.112923948, 8.113102666
8.122923944, 8.123083568
8.132923957, 8.133118979
8.142923958, 8.143070400
8.152923943, 8.153081926
8.162923949, 8.163077677
8.172923965, 8.173106210
8.182923965, 8.183085475
8.192923940, 8.193175575
8.202923950, 8.203089878
8.212923986, 8.213046116
8.222923941, 8.223098826
8.232923962, 8.233122135
8.242923958, 8.243067509
8.252923942, 8.253112367
8.262923942, 8.263094274
8.272923946, 8.273107305
8.282923949, 8.283093256
8.292924001, 8.293150207
8.302923946, 8.303081938
8.312923956, 8.313101136
8.322923959, 8.323107052
8.332923950, 8.333108966
8.342923965, 8.343076464
8.352923963, 8.353112528
8.362923959, 8.363139950
8.372923962, 8.373053367
8.382923959, 8.383098846
8.392923947, 8.393100377
8.402923961, 8.403240636
8.412924000, 8.413122217
8.422923958, 8.423081959
8.432923971, 8.433091377
8.442923964, 8.443147778
8.452923943, 8.453081038
8.462923947, 8.463064880
8.472923946, 8.473072416
8.482923942, 8.483120703
8.492923964, 8.493169810
8.502923962, 8.503122569
8.512923950, 8.513091700
8.522923955, 8.523066790
8.532923944, 8.533028717
8.542923950, 8.543069831
8.552923967, 8.553023974
8.562923966, 8.563074008
8.572923955, 8.573055225
8.582923957, 8.583068701
8.592923943, 8.593041547
8.602923963, 8.603054771
8.612923965, 8.613056304
8.622923944, 8.623067569
8.632923950, 8.633040498
8.642923947, 8.643052056
8.652923948, 8.653054923
8.662923942, 8.663059862
8.672923962, 8.673111165
8.682923959, 8.683075269
8.692923944, 8.693065672
8.702923956, 8.703074651
8.712923950, 8.713066680
8.722923964, 8.723050826
8.732923942, 8.733075423
8.742923961, 8.743071325
8.752923943, 8.753070077
8.762923966, 8.763072480
8.772923962, 8.773054854
8.782923965, 8.783123324
8.792924008, 8.793053911
8.802923944, 8.803086662
8.812923944, 8.813038878
8.822923944, 8.823055317
8.832923947, 8.833094053
8.842923944, 8.843057243
8.852923958, 8.853047553
8.862923960, 8.863067628
8.872923944, 8.873050392
8.882923965, 8.883051989
8.892923965, 8.893033554
8.902923944, 8.903039605
8.912923957, 8.913084173
8.922923959, 8.923034840
8.932923943, 8.933033486
8.942923953, 8.943098981
8.952923965, 8.953040720
8.962923964, 8.963069091
8.972923948, 8.973076134
8.982923949, 8.983031922
8.992923956, 8.993030289
9.002923942, 9.003047086
9.012923951, 9.013071355
9.022923938, 9.023049367
9.032923943, 9.033041173
9.042923956, 9.043068331
9.052923941, 9.053050044
9.062923950, 9.063063704
9.072923955, 9.073059450
9.082928423, 9.083095691
9.092923965, 9.093044988
9.102923976, 9.103066004
9.112923967, 9.113086552
9.122923961, 9.123089465
9.132923969, 9.133036072
9.142923966, 9.143031008
9.152924448, 9.153096142
9.162923961, 9.163069355
9.172923964, 9.173058095
9.182924111, 9.183080745
9.192924030, 9.193082601
9.202923996, 9.203043464
9.212923993, 9.213071055
9.222923981, 9.223044824
9.232923961, 9.233049392
9.242923990, 9.243105031
9.252924052, 9.253074294
9.262923995, 9.263056192
9.272924036, 9.273079489
9.282924050, 9.283042345
9.292923989, 9.293116923
9.302923976, 9.303047716
9.312924029, 9.313065862
9.322923971, 9.323044731
9.332923981, 9.333059585
9.342923976, 9.343078543
9.352923978, 9.353061777
9.362923995, 9.363051340
9.372923995, 9.373074064
9.382923944, 9.383062967
9.392923965, 9.393050528
9.402923974, 9.403068717
9.412923970, 9.413046566
9.422923963, 9.423057423
9.432924057, 9.433074539
9.442924045, 9.443073005
9.452923991, 9.453043026
9.462924034, 9.463045036
9.472924092, 9.473062648
9.482923972, 9.483061293
9.492924002, 9.493081642
9.502924055, 9.503071077
9.512924110, 9.513111614
9.522923972, 9.523051273
9.532923972, 9.533076691
9.542923982, 9.543061882
9.552923970, 9.553104677
9.562923982, 9.563045512
9.572923962, 9.573049114
9.582923985, 9.583068229
9.592923994, 9.593073344
9.602923974, 9.603066390
9.612924089, 9.613070464
9.622924055, 9.623095246
9.632923991, 9.633071833
9.642923987, 9.643077437
9.652923976, 9.653073283
9.662924008, 9.663072256
9.672924104, 9.673067893
9.682923975, 9.683043413
9.692923988, 9.693038295
9.702923992, 9.703010354
9.712923972, 9.712996601
9.722923978, 9.723132766
9.732923972, 9.733140312
9.742923952, 9.743026034
9.752923975, 9.753037763
9.762923976, 9.763063377
9.772923972, 9.773135084
9.782923998, 9.783028719
9.792923992, 9.793054539
9.802923993, 9.802999144
9.812923991, 9.813019649
9.822923976, 9.823022161
9.832923970, 9.832999388
9.842923976, 9.843003726
9.852923978, 9.853067969
9.862923976, 9.863078685
9.872923997, 9.873153902
9.882923964, 9.883128055
9.892923948, 9.893134724
9.902923954, 9.903141951
9.912923970, 9.913177423
9.922923939, 9.923131747
9.932923943, 9.933146966
9.942923967, 9.943065837
9.952923951, 9.953158597
9.962923954, 9.963108342
9.972923964, 9.973145576
9.982923949, 9.983153129
9.992923945, 9.993152377
10.002923972, 10.003147020
10.012923953, 10.013170927
10.022923950, 10.023109412
10.032923965, 10.033059966
10.042923955, 10.043105333
10.052923945, 10.053134350
10.062923963, 10.063109411
10.072923953, 10.073112006
10.082923968, 10.083061552
10.092923951, 10.093051688
10.102923961, 10.103052941
10.112923940, 10.113052149
10.122923946, 10.123053728
10.132923964, 10.133053778
10.142923944, 10.143056984
10.152923942, 10.153055097
10.162923950, 10.163051043
10.172923942, 10.173054672
10.182923968, 10.183025367
10.192923946, 10.193053227
10.202923957, 10.203053220
10.212923951, 10.213054876
10.222923955, 10.223053642
10.232923943, 10.233053671
10.242923941, 10.243050029
10.252923951, 10.253050565
10.262923955, 10.263056015
10.272923954, 10.273054312
10.282923942, 10.283052863
10.292923940, 10.293055627
10.302923949, 10.303055427
10.312923942, 10.313053819
10.322923942, 10.323052470
10.332923943, 10.333054337
10.342923938, 10.343054785
10.352923942, 10.353050744
10.362923947, 10.363053981
10.372923956, 10.373055526
10.382923954, 10.383056578
10.392923951, 10.393057416
10.402923949, 10.403051853
10.412923937, 10.413054219
10.422923957, 10.423052333
10.432923950, 10.433053046
10.442923954, 10.443048760
10.452923956, 10.453052911
10.462923955, 10.463054283
10.472923942, 10.473058450
10.482923963, 10.483051019
10.492923950, 10.493050851
10.502923941, 10.503051741
10.512923943, 10.513052870
10.522923936, 10.523041195
10.532923943, 10.533052572
10.542923946, 10.543053149
10.552923943, 10.553054219
10.562923942, 10.563012132
10.572923962, 10.573052477
10.582923942, 10.583053574
10.592923939, 10.593054928
10.602923944, 10.603050031
10.612923945, 10.613051692
10.622923946, 10.623054649
10.632923950, 10.633054798
10.642923939, 10.643043935
10.652923942, 10.653054618
10.662923955, 10.663050751
10.672923946, 10.673052561
10.682923957, 10.683031068
10.692923948, 10.693049640
10.702923941, 10.703049868
10.712923945, 10.713054394
10.722923941, 10.723051474
10.732923940, 10.733048334
10.742923949, 10.743049170
10.752923961, 10.753048735
10.762923963, 10.763050028
10.772923946, 10.773049160
10.782923954, 10.783053149
10.792923940, 10.793050737
10.802923939, 10.803051400
10.812923945, 10.813051244
10.822923963, 10.823046919
10.832923945, 10.833050210
10.842923954, 10.843046792
10.852923945, 10.853047278
10.862923963, 10.863051193
10.872923942, 10.873052496
10.882923939, 10.883038292
10.892923942, 10.893049611
10.902923952, 10.903022733
10.912923950, 10.913050183
10.922923971, 10.923051224
10.932923965, 10.933048498
10.942923957, 10.943053362
10.952923939, 10.953055681
10.962923946, 10.963124108
10.972923946, 10.973056792
10.982923947, 10.983049818
10.992923945, 10.993052742
11.002923947, 11.003049724
11.012923935, 11.013049480
11.022923946, 11.023011311
11.032923940, 11.033051279
11.042923946, 11.043054283
11.052923940, 11.053047073
11.062923949, 11.063026704
11.072923937, 11.073047489
11.082923944, 11.083047634
11.092923942, 11.093046228
11.102923946, 11.103059435
11.112923946, 11.113091295
11.122923942, 11.123095661
11.132923943, 11.133095856
11.142923963, 11.143094969
11.152923945, 11.153094459
11.162923961, 11.163095165
11.172923957, 11.173096788
11.182923947, 11.183099013
11.192923943, 11.193097100
11.202923941, 11.203096733
11.212923948, 11.213086132
11.222923960, 11.223089966
11.232923946, 11.233094377
11.242923963, 11.243094267
11.252923943, 11.253096150
11.262923946, 11.263098645
11.272923942, 11.273099361
11.282923942, 11.283096556
11.292923965, 11.293096885
11.302923960, 11.303095934
11.312923942, 11.313097560
11.322923960, 11.323096270
11.332923942, 11.333096677
11.342923942, 11.343098836
11.352923945, 11.353100043
11.362923936, 11.363096714
11.372923943, 11.373097994
11.382923949, 11.383093769
11.392923946, 11.393094283
11.402923949, 11.403094807
11.412923950, 11.413097926
11.422923960, 11.423098663
11.432923942, 11.433099249
11.442923941, 11.443086912
11.452923956, 11.453095984
11.462923965, 11.463098050
11.472923957, 11.473096555
11.482923944, 11.483095944
11.492923942, 11.493088154
11.502923947, 11.503098386
11.512923950, 11.513099142
11.522923954, 11.523096013
11.532923962, 11.533090371
11.542923961, 11.543096591
11.552923939, 11.553097855
11.562923939, 11.563088090
11.572923948, 11.573093448
11.582923960, 11.583099168
11.592923954, 11.593098246
11.602923952, 11.603095713
11.612923937, 11.613092168
11.622923947, 11.623105055
11.632923946, 11.633102787
11.642923946, 11.643104776
11.652923950, 11.653102581
11.662923965, 11.663094976
11.672923937, 11.673110527
11.682923949, 11.683101075
11.692923948, 11.693099480
11.702923957, 11.703100101
11.712923954, 11.713103346
11.722923947, 11.723102567
11.732923942, 11.733098022
11.742923941, 11.743104337
11.752923946, 11.753105352
11.762923947, 11.763094453
11.772923946, 11.773095254
11.782923944, 11.783101056
11.792923946, 11.793105721
11.802923958, 11.803104697
11.812923948, 11.813104233
11.822923947, 11.823099835
11.832923946, 11.833108588
11.842923946, 11.843103395
11.852923937, 11.853105694
11.862923942, 11.863100372
11.872923942, 11.873101780
11.882923947, 11.883095700
11.892923945, 11.893104186
11.902923939, 11.903105581
11.912923937, 11.913101841
11.922923942, 11.923103927
11.932923948, 11.933101882
11.942923961, 11.943102204
11.952923942, 11.953096224
11.962923949, 11.963100346
11.972923943, 11.973103166
11.982923944, 11.983105599
11.992923940, 11.993107432
12.002923942, 12.003109832
12.012923942, 12.013101842
12.022923954, 12.023100864
12.032923945, 12.033105176
12.042923947, 12.043103706
------------------------------
