------------------------------
test was performed using the following parameters: --mps=100 --burst=1 --reply-every=1 --msg-size=12 --time=10
------------------------------
sockperf: [Total Run] RunTime=10.100 sec; SentMessages=1011; ReceivedMessages=1010
sockperf: ========= Printing statistics for Server No: 0
sockperf: [Valid Duration] RunTime=9.990 sec; SentMessages=1000; ReceivedMessages=1000
sockperf: [2;35m====> avg-lat= 76.428 (std-dev=22.716)[0m
sockperf: # dropped messages = 0; # duplicated messages = 0; # out-of-order messages = 0
sockperf: [2;35mTotal 1000 observations[0m; each percentile contains 10.00 observations
sockperf: ---> <MAX> observation =  207.233
sockperf: ---> percentile  99.99 =  207.233
sockperf: ---> percentile  99.90 =  163.783
sockperf: ---> percentile  99.50 =  149.579
sockperf: ---> percentile  99.00 =  143.397
sockperf: ---> percentile  95.00 =  112.022
sockperf: ---> percentile  90.00 =  101.470
sockperf: ---> percentile  75.00 =   89.907
sockperf: ---> percentile  50.00 =   77.732
sockperf: ---> percentile  25.00 =   63.183
sockperf: ---> <MIN> observation =   26.578
------------------------------
txTime, rxTime
2.063825854, 2.063933520
2.073825865, 2.073948443
2.083825867, 2.083901776
2.093825855, 2.093903822
2.103825848, 2.103918173
2.113825849, 2.113909248
2.123825853, 2.123901029
2.133825857, 2.133928554
2.143825845, 2.143936978
2.153825850, 2.153899189
2.163825845, 2.163911081
2.173825855, 2.173921482
2.183825845, 2.183911439
2.193825850, 2.193918010
2.203825845, 2.203950306
2.213825852, 2.213913140
2.223825853, 2.223891827
2.233825846, 2.233937574
2.243825845, 2.243906465
2.253825850, 2.253906959
2.263825851, 2.263916642
2.273825844, 2.273919982
2.283825851, 2.283905864
2.293825849, 2.293912807
2.303825848, 2.303899875
2.313825847, 2.313927717
2.323825847, 2.323933168
2.333825844, 2.333906627
2.343825850, 2.343911030
2.353825846, 2.353891771
2.363825848, 2.363908477
2.373825850, 2.373924467
2.383825847, 2.383909966
2.393825844, 2.393909694
2.403825845, 2.403927220
2.413825847, 2.413890922
2.423825851, 2.423903652
2.433825846, 2.433909634
2.443825851, 2.443917646
2.453825854, 2.453934882
2.463825845, 2.463910018
2.473825844, 2.473909226
2.483825847, 2.483925049
2.493825865, 2.493934479
2.503825856, 2.503918446
2.513825855, 2.513920484
2.523825851, 2.523925005
2.533825852, 2.533913061
2.543825845, 2.543919255
2.553825850, 2.553895940
2.563825847, 2.563919531
2.573825857, 2.573914852
2.583825845, 2.583893623
2.593825858, 2.593893985
2.603825854, 2.603918843
2.613825849, 2.613896718
2.623825853, 2.623906968
2.633825849, 2.633919770
2.643825850, 2.643899915
2.653825850, 2.653940271
2.663825851, 2.663912708
2.673825849, 2.673890609
2.683825848, 2.683928420
2.693825850, 2.693902356
2.703825851, 2.703920402
2.713825850, 2.713908091
2.723825843, 2.723917638
2.733825850, 2.733907371
2.743825853, 2.743919378
2.753825854, 2.753910107
2.763825843, 2.763911038
2.773825850, 2.773923577
2.783825848, 2.783916053
2.793825852, 2.793918060
2.803825843, 2.803910361
2.813825858, 2.813927527
2.823825843, 2.823917979
2.833825849, 2.833926727
2.843825847, 2.843922420
2.853825855, 2.853902683
2.863825850, 2.863928444
2.873825847, 2.873945800
2.883825847, 2.883903155
2.893825852, 2.893922266
2.903825845, 2.903915869
2.913825850, 2.913920893
2.923825847, 2.923934925
2.933825854, 2.933918024
2.943825843, 2.943899682
2.953825846, 2.953902178
2.963825845, 2.963930702
2.973825846, 2.973879003
2.983825870, 2.983923233
2.993825852, 2.993934923
3.003825851, 3.003906494
3.013825850, 3.013927382
3.023825874, 3.023899913
3.033830205, 3.033949318
3.043834017, 3.043926747
3.053825858, 3.053913196
3.063825940, 3.063915945
3.073825958, 3.073901141
3.083825880, 3.083931889
3.093825879, 3.093958204
3.103825954, 3.103953463
3.113825869, 3.113962266
3.123829112, 3.123954287
3.133825873, 3.133947410
3.143826312, 3.143981841
3.153825882, 3.153953451
3.163825880, 3.163944048
3.173827556, 3.173988986
3.183831565, 3.183966082
3.193825871, 3.193904502
3.203825955, 3.203925311
3.213833813, 3.213939169
3.223825875, 3.224002987
3.233825877, 3.233986122
3.243829961, 3.243994995
3.253825959, 3.253962795
3.263825960, 3.263910078
3.273825876, 3.273981485
3.283825877, 3.283966661
3.293825879, 3.293994928
3.303825880, 3.303965616
3.313825877, 3.313991156
3.323825880, 3.324004500
3.333825876, 3.333991812
3.343830812, 3.343999709
3.353826904, 3.353985189
3.363825880, 3.363999934
3.373825858, 3.373998594
3.383828532, 3.383988662
3.393825877, 3.393964456
3.403825867, 3.403956168
3.413825863, 3.413983485
3.423833019, 3.424014516
3.433825880, 3.434030560
3.443825960, 3.443997589
3.453825877, 3.453960226
3.463825880, 3.463967282
3.473829319, 3.473966318
3.483825960, 3.483986488
3.493827742, 3.493989094
3.503825955, 3.503974976
3.513825959, 3.513990090
3.523827755, 3.523993105
3.533825882, 3.533989071
3.543831756, 3.544032502
3.553833142, 3.554031252
3.563825880, 3.563965922
3.573825958, 3.573968097
3.583825870, 3.584038535
3.593825873, 3.593972218
3.603825883, 3.603987414
3.613825877, 3.613990905
3.623831281, 3.624020174
3.633827985, 3.634013481
3.643825877, 3.643990228
3.653825885, 3.654012725
3.663831093, 3.664005873
3.673834695, 3.673993317
3.683828848, 3.684033422
3.693825876, 3.694002300
3.703825869, 3.703986421
3.713825885, 3.714007706
3.723825884, 3.724001064
3.733825869, 3.733993226
3.743825954, 3.744037082
3.753825887, 3.753983956
3.763831104, 3.764005231
3.773825880, 3.773986910
3.783825872, 3.783987111
3.793825857, 3.794011070
3.803825873, 3.803979667
3.813825874, 3.813989858
3.823825877, 3.823993165
3.833825866, 3.833985533
3.843825878, 3.843996384
3.853825958, 3.854000395
3.863825880, 3.863990028
3.873825953, 3.873996454
3.883832465, 3.884013833
3.893825944, 3.894002214
3.903825877, 3.903994404
3.913825914, 3.914000263
3.923825880, 3.924015372
3.933838783, 3.934026619
3.943825935, 3.943974240
3.953825877, 3.953988370
3.963828158, 3.964000742
3.973825871, 3.973977850
3.983825872, 3.983973345
3.993825873, 3.994017683
4.003825884, 4.003981833
4.013825849, 4.014006772
4.023825895, 4.024006183
4.033825879, 4.033999396
4.043830822, 4.044017084
4.053825862, 4.053976237
4.063832786, 4.064009990
4.073831432, 4.074009731
4.083825873, 4.083976763
4.093825871, 4.093968413
4.103825870, 4.103992980
4.113825874, 4.113967482
4.123825881, 4.123995173
4.133825865, 4.134007906
4.143825888, 4.143962611
4.153825877, 4.154008055
4.163825870, 4.163990136
4.173825847, 4.174046709
4.183833435, 4.184012684
4.193827778, 4.194024385
4.203826705, 4.204006652
4.213825880, 4.213991456
4.223825872, 4.224011136
4.233825869, 4.233993237
4.243825877, 4.244002337
4.253825871, 4.253978163
4.263828204, 4.264016653
4.273826424, 4.273968274
4.283825877, 4.283991447
4.293832788, 4.294011140
4.303825880, 4.303979030
4.313825854, 4.314025294
4.323825845, 4.324032881
4.333825887, 4.333994056
4.343825881, 4.343983423
4.353825895, 4.353968675
4.363825884, 4.363996212
4.373825860, 4.373986291
4.383825877, 4.384016672
4.393825869, 4.393967902
4.403825951, 4.403980409
4.413825879, 4.413973104
4.423828625, 4.424005682
4.433825955, 4.434004796
4.443825881, 4.443980778
4.453825862, 4.454018943
4.463825872, 4.463979438
4.473825873, 4.473994381
4.483825873, 4.483988818
4.493825956, 4.493985888
4.503825944, 4.503973302
4.513825868, 4.513994380
4.523825875, 4.523959234
4.533825961, 4.533966771
4.543825873, 4.543978674
4.553825874, 4.554020639
4.563837954, 4.564024951
4.573825926, 4.574021971
4.583829893, 4.583981765
4.593825868, 4.593968348
4.603825881, 4.604015435
4.613825880, 4.613980260
4.623825962, 4.624012829
4.633825885, 4.633983997
4.643830512, 4.643957248
4.653825876, 4.653987884
4.663825941, 4.663983121
4.673829275, 4.674031192
4.683825869, 4.683981898
4.693825871, 4.694020725
4.703825881, 4.703976915
4.713834324, 4.713998144
4.723825869, 4.723986707
4.733830466, 4.734033407
4.743825878, 4.744011472
4.753825942, 4.753988468
4.763828117, 4.763992244
4.773829626, 4.774003558
4.783829371, 4.783999671
4.793825855, 4.793978483
4.803825869, 4.803969860
4.813825877, 4.813997484
4.823825881, 4.823981347
4.833825958, 4.834005089
4.843827473, 4.844027808
4.853830808, 4.854030898
4.863825883, 4.863980199
4.873825942, 4.873981188
4.883825869, 4.883997559
4.893825880, 4.893993538
4.903825867, 4.903999675
4.913825873, 4.914050587
4.923825872, 4.924009128
4.933825884, 4.933988996
4.943831349, 4.944017666
4.953825880, 4.953994895
4.963827334, 4.963975907
4.973825953, 4.973986024
4.983825883, 4.983989320
4.993825852, 4.993986823
5.003825877, 5.003933177
5.013825879, 5.013992574
5.023831804, 5.024008801
5.033825880, 5.034016036
5.043832776, 5.044018063
5.053825863, 5.053997776
5.063825880, 5.064010620
5.073825958, 5.074014558
5.083825872, 5.084003248
5.093825873, 5.093994108
5.103825880, 5.103995821
5.113826155, 5.113987958
5.123836750, 5.123984169
5.133825852, 5.133978752
5.143833229, 5.144016760
5.153825877, 5.153999579
5.163825878, 5.164004405
5.173825876, 5.173985164
5.183830334, 5.184004613
5.193825877, 5.193999003
5.203825872, 5.204004830
5.213825880, 5.213999416
5.223825873, 5.223969515
5.233825844, 5.233996839
5.243829595, 5.244018119
5.253825959, 5.253991220
5.263825883, 5.263975497
5.273825898, 5.274018791
5.283825870, 5.283962466
5.293825852, 5.294033895
5.303825877, 5.303970307
5.313825882, 5.313978403
5.323825878, 5.323995794
5.333825885, 5.333991841
5.343825870, 5.343987924
5.353825885, 5.353986776
5.363825877, 5.363978849
5.373825876, 5.373983471
5.383825872, 5.383964722
5.393825882, 5.393997917
5.403825951, 5.404033129
5.413825887, 5.413986523
5.423832743, 5.424018358
5.433825877, 5.433976912
5.443825878, 5.443999919
5.453825880, 5.454003556
5.463833858, 5.464008861
5.473826793, 5.474024955
5.483825957, 5.483987080
5.493834067, 5.494015524
5.503828823, 5.504000548
5.513825882, 5.514000629
5.523825878, 5.523953560
5.533825959, 5.534007985
5.543825877, 5.544016312
5.553825865, 5.553982151
5.563825875, 5.563983429
5.573829405, 5.573975447
5.583825877, 5.584009372
5.593825865, 5.594009932
5.603833610, 5.604018072
5.613825874, 5.613996524
5.623826458, 5.624020710
5.633825876, 5.634041018
5.643825875, 5.643994785
5.653825882, 5.654030234
5.663825870, 5.663988845
5.673825955, 5.674039710
5.683825873, 5.683979248
5.693825871, 5.694017804
5.703828049, 5.704010296
5.713825945, 5.714041280
5.723825873, 5.724011202
5.733825963, 5.733976679
5.743825878, 5.743938224
5.753825874, 5.753999418
5.763825878, 5.763978910
5.773825880, 5.773986902
5.783825872, 5.784001692
5.793825876, 5.794004393
5.803825875, 5.804007402
5.813825879, 5.813997587
5.823832064, 5.823998569
5.833825873, 5.833995828
5.843825883, 5.844044039
5.853825873, 5.854001098
5.863825869, 5.863991485
5.873825874, 5.874040692
5.883825955, 5.884009151
5.893825876, 5.894033478
5.903828537, 5.904014771
5.913825879, 5.913997598
5.923825872, 5.923983080
5.933830679, 5.934031598
5.943829088, 5.944005073
5.953825879, 5.953953164
5.963825875, 5.963965965
5.973826842, 5.973979205
5.983825859, 5.983959450
5.993827807, 5.993956230
6.003826390, 6.003974526
6.013827148, 6.013973824
6.023825959, 6.023951946
6.033825873, 6.033968383
6.043825877, 6.043956395
6.053825877, 6.054017143
6.063825873, 6.063974960
6.073825958, 6.073960768
6.083825873, 6.083964527
6.093833270, 6.093980345
6.103825875, 6.103988403
6.113825879, 6.113988546
6.123825955, 6.123968966
6.133825869, 6.133972809
6.143825878, 6.143971008
6.153826340, 6.153973500
6.163825873, 6.163925392
6.173825937, 6.173977527
6.183825883, 6.183997139
6.193825882, 6.193956600
6.203825847, 6.203988044
6.213827421, 6.213983629
6.223825880, 6.223978705
6.233825847, 6.234013127
6.243825892, 6.243998025
6.253825882, 6.253956945
6.263825869, 6.263956667
6.273825873, 6.273949482
6.283829589, 6.283981146
6.293825874, 6.293953666
6.303825844, 6.303969674
6.313826879, 6.313991951
6.323827086, 6.323995738
6.333825858, 6.333965672
6.343827819, 6.343979697
6.353825876, 6.353958520
6.363825895, 6.363977055
6.373825956, 6.373970931
6.383825877, 6.383969167
6.393825852, 6.393996968
6.403825874, 6.404017290
6.413825868, 6.413993739
6.423825851, 6.423987880
6.433825899, 6.434021810
6.443832677, 6.444019581
6.453825874, 6.453951317
6.463825881, 6.463979768
6.473825854, 6.474017869
6.483825870, 6.483995800
6.493825956, 6.493984742
6.503825884, 6.504008273
6.513825961, 6.514030373
6.523825870, 6.523990318
6.533825952, 6.534015637
6.543825955, 6.544002349
6.553829872, 6.554023394
6.563825877, 6.563935802
6.573826368, 6.574008652
6.583836678, 6.583993798
6.593825940, 6.593985809
6.603829947, 6.604042346
6.613830780, 6.613992395
6.623825880, 6.624013083
6.633825884, 6.634014469
6.643825878, 6.643998555
6.653825858, 6.653985326
6.663828616, 6.663984855
6.673839146, 6.674000683
6.683825867, 6.684006423
6.693825858, 6.694011694
6.703829457, 6.704022716
6.713825879, 6.713997609
6.723825875, 6.723990106
6.733825871, 6.733995351
6.743825894, 6.743997305
6.753825873, 6.754012989
6.763825870, 6.763990580
6.773825857, 6.774013385
6.783826017, 6.783970408
6.793826196, 6.794003432
6.803825858, 6.803952189
6.813825868, 6.813919913
6.823825849, 6.823969641
6.833825868, 6.833956915
6.843825875, 6.843952079
6.853825862, 6.853976802
6.863825963, 6.863966773
6.873825871, 6.873972948
6.883825875, 6.883950189
6.893825868, 6.893984861
6.903825877, 6.903968691
6.913825870, 6.913930081
6.923825869, 6.923941312
6.933825875, 6.933959376
6.943825871, 6.943960596
6.953825878, 6.953905526
6.963825874, 6.963967195
6.973825876, 6.973968308
6.983825962, 6.983936842
6.993825865, 6.993981755
7.003825869, 7.003956217
7.013825871, 7.013979281
7.023827080, 7.023926698
7.033825859, 7.033955929
7.043825874, 7.043938867
7.053825957, 7.053990502
7.063825861, 7.063999047
7.073825871, 7.073963550
7.083825869, 7.083972532
7.093828497, 7.093986691
7.103837075, 7.103993634
7.113825875, 7.113984286
7.123825869, 7.123954296
7.133828232, 7.133983514
7.143825875, 7.143981181
7.153825871, 7.153988349
7.163826368, 7.163981286
7.173825876, 7.173959114
7.183825882, 7.183970486
7.193829345, 7.193992231
7.203825874, 7.203956175
7.213833767, 7.213973853
7.223830448, 7.223994964
7.233825863, 7.233974374
7.243825867, 7.243943835
7.253825875, 7.253945038
7.263825962, 7.263970228
7.273825870, 7.274012543
7.283825851, 7.283957074
7.293825874, 7.293983861
7.303825868, 7.303990680
7.313825884, 7.313986600
7.323825867, 7.323998558
7.333825852, 7.333970660
7.343825869, 7.343960622
7.353825866, 7.353977621
7.363825881, 7.363961195
7.373825855, 7.373971473
7.383825881, 7.384034915
7.393825856, 7.393987044
7.403825878, 7.403968258
7.413825868, 7.413945086
7.423825859, 7.424000442
7.433825863, 7.433964426
7.443825878, 7.443969270
7.453825870, 7.453947090
7.463826246, 7.463972952
7.473825881, 7.474005271
7.483825875, 7.483962913
7.493825870, 7.493992395
7.503827146, 7.503966624
7.513825873, 7.513976262
7.523825871, 7.523986155
7.533825870, 7.533947223
7.543832810, 7.543985397
7.553833690, 7.554015612
7.563830151, 7.563956716
7.573827371, 7.573975893
7.583825875, 7.583948785
7.593833674, 7.594002584
7.603827318, 7.603964614
7.613825882, 7.613957279
7.623825871, 7.623976102
7.633825860, 7.633943303
7.643825878, 7.643975434
7.653825878, 7.653981923
7.663825869, 7.663955297
7.673825868, 7.673974808
7.683832886, 7.683977840
7.693834514, 7.694010357
7.703831201, 7.703970293
7.713825878, 7.713967067
7.723825875, 7.723964431
7.733825871, 7.733955703
7.743825874, 7.743985073
7.753825873, 7.753942894
7.763835900, 7.763989640
7.773825878, 7.773996524
7.783825871, 7.783952000
7.793830659, 7.793986585
7.803828648, 7.803975043
7.813825868, 7.813981870
7.823825877, 7.823961950
7.833825871, 7.833992332
7.843825872, 7.843968158
7.853825881, 7.853961272
7.863825871, 7.863958461
7.873825878, 7.873938631
7.883825874, 7.883963957
7.893832845, 7.894003582
7.903825871, 7.903934686
7.913831064, 7.913983314
7.923825878, 7.923967030
7.933825870, 7.933970693
7.943825872, 7.943953516
7.953825875, 7.954006096
7.963825871, 7.964025125
7.973827291, 7.973998171
7.983825871, 7.984006370
7.993825870, 7.994017816
8.003825875, 8.003932551
8.013828025, 8.013993450
8.023827991, 8.024008847
8.033826659, 8.033978602
8.043825871, 8.043971152
8.053825878, 8.053972634
8.063825875, 8.063972477
8.073825871, 8.073972599
8.083829676, 8.084032286
8.093832864, 8.094004918
8.103833383, 8.104013198
8.113825878, 8.114033396
8.123825856, 8.123960742
8.133825877, 8.133981804
8.143825877, 8.144019124
8.153825882, 8.153963283
8.163825880, 8.163965299
8.173825858, 8.173987786
8.183825861, 8.184005270
8.193825855, 8.193989650
8.203825878, 8.203970581
8.213825869, 8.213962587
8.223830691, 8.223986897
8.233825873, 8.233966676
8.243831952, 8.243991947
8.253825871, 8.253968674
8.263826115, 8.263999263
8.273834021, 8.273987014
8.283825873, 8.283990323
8.293825879, 8.293962113
8.303833852, 8.304007781
8.313825880, 8.313965599
8.323825869, 8.323961130
8.333825876, 8.333976377
8.343825883, 8.343924075
8.353825884, 8.353984052
8.363827609, 8.363980257
8.373825860, 8.373986119
8.383827579, 8.384009118
8.393825857, 8.393991735
8.403825869, 8.404000976
8.413825873, 8.414016538
8.423825869, 8.423943963
8.433825863, 8.433976478
8.443825880, 8.443949189
8.453825882, 8.454011708
8.463825872, 8.463970621
8.473825862, 8.473980639
8.483825875, 8.483934377
8.493828457, 8.494004857
8.503825899, 8.503986696
8.513825880, 8.514025723
8.523825881, 8.523994660
8.533825877, 8.534014386
8.543831153, 8.543990166
8.553825877, 8.553983995
8.563825872, 8.563994876
8.573825877, 8.574002776
8.583825873, 8.583995071
8.593831786, 8.594001297
8.603825875, 8.603987522
8.613825879, 8.614001856
8.623825870, 8.623999343
8.633825876, 8.633985926
8.643825872, 8.643996042
8.653830827, 8.654007219
8.663825875, 8.663974515
8.673829007, 8.674002524
8.683825877, 8.684010449
8.693825869, 8.693987815
8.703825872, 8.704007945
8.713825874, 8.714011902
8.723833414, 8.724045802
8.733825857, 8.734005599
8.743832732, 8.744043371
8.753825873, 8.754006732
8.763825881, 8.764028097
8.773825862, 8.774021826
8.783837409, 8.784010155
8.793825884, 8.793990335
8.803825872, 8.804015753
8.813828932, 8.814012502
8.823825873, 8.823996171
8.833827393, 8.833994653
8.843825877, 8.843990241
8.853826992, 8.854039537
8.863825875, 8.863940957
8.873825869, 8.873990328
8.883825944, 8.883975225
8.893825876, 8.894027278
8.903825873, 8.903986720
8.913828018, 8.914008075
8.923825878, 8.923966200
8.933832711, 8.933995240
8.943830111, 8.943918143
8.953825880, 8.953924677
8.963825957, 8.963934030
8.973825877, 8.973919257
8.983825858, 8.983901803
8.993826005, 8.993910958
9.003825881, 9.003938762
9.013825880, 9.013912622
9.023829475, 9.023999659
9.033825876, 9.033906405
9.043825875, 9.043899092
9.053825874, 9.053903121
9.063825875, 9.063909971
9.073825876, 9.073924117
9.083830470, 9.083926492
9.093825985, 9.093970633
9.103830818, 9.103935421
9.113825877, 9.113934233
9.123825862, 9.123934338
9.133825879, 9.133928388
9.143825883, 9.143904294
9.153832315, 9.153938305
9.163825870, 9.163956193
9.173825868, 9.173944156
9.183825873, 9.183924607
9.193825877, 9.193954010
9.203825854, 9.203979147
9.213825856, 9.213908610
9.223825870, 9.223913228
9.233825862, 9.233925642
9.243825870, 9.243965748
9.253825856, 9.253930475
9.263825873, 9.263922210
9.273825873, 9.273933275
9.283832372, 9.283955474
9.293825852, 9.293911612
9.303825906, 9.303947129
9.313825853, 9.313954304
9.323828006, 9.323922167
9.333825860, 9.333899533
9.343825960, 9.343896395
9.353832961, 9.353927231
9.363825875, 9.363952764
9.373833311, 9.373946874
9.383825873, 9.383889716
9.393825879, 9.393934432
9.403828098, 9.403950065
9.413831533, 9.413924112
9.423833332, 9.423935328
9.433825874, 9.433906807
9.443825872, 9.443900598
9.453825873, 9.453916115
9.463825872, 9.463915658
9.473825874, 9.473900176
9.483831191, 9.483932865
9.493825873, 9.493895826
9.503830817, 9.503918738
9.513825874, 9.513921671
9.523825869, 9.523904774
9.533825871, 9.533891478
9.543825870, 9.543892896
9.553825879, 9.553925029
9.563825873, 9.563916957
9.573831223, 9.573916653
9.583829895, 9.583906745
9.593825876, 9.593902467
9.603825872, 9.603907795
9.613825877, 9.613910183
9.623825873, 9.623923603
9.633825869, 9.633907035
9.643835964, 9.643948308
9.653825876, 9.653928020
9.663830452, 9.663934673
9.673825873, 9.673918362
9.683825869, 9.683899469
9.693825959, 9.693894242
9.703825873, 9.703902693
9.713825874, 9.713902173
9.723825875, 9.723929221
9.733825874, 9.733958363
9.743825870, 9.743942826
9.753825874, 9.753898529
9.763832301, 9.763921344
9.773825871, 9.773926752
9.783825872, 9.783915546
9.793825877, 9.793917056
9.803827651, 9.803928130
9.813825869, 9.813918698
9.823825873, 9.823901189
9.833825860, 9.833922729
9.843825933, 9.843897712
9.853825869, 9.853920601
9.863825869, 9.863916152
9.873825854, 9.873901524
9.883825872, 9.883910950
9.893825877, 9.893889878
9.903825867, 9.903915773
9.913841737, 9.913913402
9.923825870, 9.923882619
9.933825874, 9.934045851
9.943825878, 9.943941353
9.953825860, 9.953995963
9.963825875, 9.964038017
9.973825871, 9.973980569
9.983829312, 9.983997174
9.993826038, 9.993993028
10.003830501, 10.004110618
10.013825882, 10.014054760
10.023825883, 10.024073561
10.033828637, 10.034060718
10.043826069, 10.044092885
10.053826065, 10.054066138
10.063826267, 10.064093831
10.073826085, 10.074062872
10.083825999, 10.084089775
10.093826388, 10.094096571
10.103826013, 10.104081954
10.113826943, 10.114101092
10.123825907, 10.124149247
10.133825933, 10.134117549
10.143825907, 10.144127196
10.153825860, 10.154117508
10.163825856, 10.164122326
10.173825915, 10.174104458
10.183825913, 10.184132344
10.193825904, 10.194041618
10.203825911, 10.204067820
10.213825923, 10.214040294
10.223825900, 10.224122001
10.233826027, 10.234103153
10.243825900, 10.244125059
10.253825858, 10.254108847
10.263825905, 10.264112701
10.273825852, 10.274153418
10.283825981, 10.284078794
10.293825980, 10.294097129
10.303825919, 10.304007774
10.313825950, 10.314069111
10.323825921, 10.324038203
10.333825852, 10.334053442
10.343825848, 10.344030597
10.353825863, 10.354044223
10.363825856, 10.364025651
10.373825857, 10.374060986
10.383825919, 10.384085569
10.393825857, 10.394057784
10.403825916, 10.404091567
10.413825939, 10.414049658
10.423825916, 10.424068153
10.433825860, 10.434047006
10.443825932, 10.444083106
10.453826002, 10.454048860
10.463825976, 10.464016121
10.473825917, 10.474043667
10.483826053, 10.484063046
10.493825910, 10.494039694
10.503825908, 10.504058755
10.513825923, 10.514041197
10.523825847, 10.524060410
10.533825978, 10.534081441
10.543825921, 10.544045713
10.553825860, 10.554096483
10.563825924, 10.564035609
10.573826188, 10.574072953
10.583825851, 10.584036261
10.593826006, 10.594041650
10.603825918, 10.604030508
10.613825922, 10.613996661
10.623825925, 10.624021637
10.633826133, 10.634053537
10.643825878, 10.643979021
10.653825860, 10.654042390
10.663825875, 10.664027396
10.673827376, 10.674032021
10.683836185, 10.684025848
10.693826051, 10.694030121
10.703826338, 10.703965171
10.713825876, 10.714052750
10.723825864, 10.724003467
10.733826263, 10.734024074
10.743825925, 10.744001967
10.753828460, 10.754025546
10.763825922, 10.763997245
10.773827663, 10.774040230
10.783826047, 10.784018247
10.793825884, 10.794029610
10.803826421, 10.804052199
10.813825885, 10.814013811
10.823833822, 10.824035885
10.833826654, 10.834008509
10.843825908, 10.844026349
10.853825953, 10.854063061
10.863825881, 10.864031142
10.873830325, 10.874014176
10.883829173, 10.884028292
10.893825874, 10.893996597
10.903825919, 10.904024043
10.913826182, 10.913997831
10.923826075, 10.923984778
10.933827579, 10.934051625
10.943827697, 10.944007920
10.953825866, 10.954070775
10.963825858, 10.964069606
10.973826070, 10.974045265
10.983825872, 10.983957622
10.993825858, 10.994002849
11.003825854, 11.004000013
11.013825855, 11.014000973
11.023825850, 11.024240317
11.033825849, 11.034015250
11.043825850, 11.044007737
11.053825847, 11.054009782
11.063825848, 11.064015678
11.073825846, 11.074011152
11.083825842, 11.084009606
11.093825844, 11.094021778
11.103825845, 11.104009399
11.113825854, 11.114013787
11.123825847, 11.124008983
11.133825841, 11.134015551
11.143825843, 11.144009394
11.153825858, 11.154006541
11.163825847, 11.164009236
11.173825852, 11.174017037
11.183825853, 11.184045820
11.193825850, 11.194015361
11.203825843, 11.204011925
11.213825852, 11.214018710
11.223825850, 11.224010784
11.233825846, 11.234006411
11.243825850, 11.244007275
11.253825852, 11.254013291
11.263825847, 11.264031414
11.273825847, 11.274015900
11.283825843, 11.284011011
11.293825849, 11.294013324
11.303825847, 11.304010778
11.313825844, 11.314008673
11.323825851, 11.324006592
11.333825855, 11.334014000
11.343825851, 11.344009375
11.353825846, 11.354014731
11.363825848, 11.364006975
11.373825857, 11.373959306
11.383825853, 11.383960106
11.393825849, 11.393950187
11.403825848, 11.403953290
11.413825850, 11.413955921
11.423825843, 11.423951679
11.433825844, 11.433958041
11.443825849, 11.443954014
11.453825852, 11.453955520
11.463825842, 11.463952802
11.473825851, 11.473949670
11.483825847, 11.483949057
11.493825846, 11.493957566
11.503825845, 11.503953969
11.513825846, 11.513954890
11.523825851, 11.523954610
11.533825850, 11.533957771
11.543825849, 11.543954405
11.553825850, 11.553954005
11.563825848, 11.563953317
11.573825851, 11.573960563
11.583825848, 11.583954823
11.593825847, 11.593955620
11.603825850, 11.603954106
11.613825844, 11.613956694
11.623825854, 11.623950421
11.633825844, 11.633959593
11.643825848, 11.643952129
11.653825846, 11.653954228
11.663825845, 11.663955699
11.673825856, 11.673952244
11.683825851, 11.683948807
11.693825849, 11.693955253
11.703825854, 11.703953218
11.713825852, 11.713952218
11.723825851, 11.723956024
11.733825855, 11.733953923
11.743825843, 11.743949049
11.753825844, 11.753960467
11.763825846, 11.763954096
11.773825847, 11.773952645
11.783825859, 11.783961704
11.793825849, 11.793955231
11.803825843, 11.803952066
11.813825851, 11.813955700
11.823825856, 11.823958963
11.833825852, 11.833964418
11.843825853, 11.843950653
11.853825854, 11.853952356
11.863825846, 11.863954452
11.873825844, 11.873953997
11.883825849, 11.883959010
11.893825845, 11.893952228
11.903825844, 11.903950476
11.913825858, 11.913960331
11.923825849, 11.923951350
11.933825847, 11.933955174
11.943825843, 11.943994346
11.953825854, 11.953950064
11.963825850, 11.963962401
11.973825847, 11.973953554
11.983825853, 11.983953044
11.993825849, 11.993959513
12.003825851, 12.003960049
12.013825849, 12.013954642
12.023825850, 12.023952476
12.033825852, 12.033957337
12.043825839, 12.043960999
12.053825848, 12.053950598
------------------------------
