------------------------------
test was performed using the following parameters: --mps=100 --burst=1 --reply-every=1 --msg-size=12 --time=10
------------------------------
sockperf: [Total Run] RunTime=10.100 sec; SentMessages=1011; ReceivedMessages=1010
sockperf: ========= Printing statistics for Server No: 0
sockperf: [Valid Duration] RunTime=9.990 sec; SentMessages=1000; ReceivedMessages=1000
sockperf: [2;35m====> avg-lat= 58.607 (std-dev=18.996)[0m
sockperf: # dropped messages = 0; # duplicated messages = 0; # out-of-order messages = 0
sockperf: [2;35mTotal 1000 observations[0m; each percentile contains 10.00 observations
sockperf: ---> <MAX> observation =  133.047
sockperf: ---> percentile  99.99 =  133.047
sockperf: ---> percentile  99.90 =  129.405
sockperf: ---> percentile  99.50 =   95.541
sockperf: ---> percentile  99.00 =   93.396
sockperf: ---> percentile  95.00 =   90.594
sockperf: ---> percentile  90.00 =   89.514
sockperf: ---> percentile  75.00 =   75.192
sockperf: ---> percentile  50.00 =   50.017
sockperf: ---> percentile  25.00 =   45.705
sockperf: ---> <MIN> observation =   28.721
------------------------------
txTime, rxTime
2.063435847, 2.063543086
2.073435846, 2.073623942
2.083435862, 2.083582491
2.093435858, 2.093606562
2.103435849, 2.103565671
2.113435904, 2.113609536
2.123435849, 2.123568693
2.133435860, 2.133612563
2.143435847, 2.143584967
2.153435862, 2.153559255
2.163435850, 2.163543160
2.173435861, 2.173561719
2.183435956, 2.183569955
2.193435846, 2.193599015
2.203435869, 2.203589372
2.213435854, 2.213563669
2.223435854, 2.223571873
2.233435863, 2.233565862
2.243435865, 2.243599944
2.253435837, 2.253522699
2.263435842, 2.263515441
2.273436012, 2.273539518
2.283435839, 2.283511017
2.293435843, 2.293519868
2.303435845, 2.303521805
2.313435845, 2.313531446
2.323435835, 2.323536439
2.333435962, 2.333550778
2.343435840, 2.343536723
2.353435834, 2.353552214
2.363435843, 2.363537691
2.373435843, 2.373588719
2.383435839, 2.383542728
2.393435844, 2.393599042
2.403435855, 2.403539466
2.413435844, 2.413547673
2.423435844, 2.423530855
2.433435846, 2.433541268
2.443435835, 2.443529268
2.453435839, 2.453528119
2.463435846, 2.463527001
2.473435847, 2.473537895
2.483435841, 2.483529802
2.493435839, 2.493531875
2.503435898, 2.503530245
2.513435838, 2.513539905
2.523435899, 2.523527473
2.533435843, 2.533532246
2.543435838, 2.543527225
2.553435948, 2.553533863
2.563435833, 2.563537193
2.573435854, 2.573549380
2.583435839, 2.583528393
2.593435836, 2.593533313
2.603435903, 2.603531531
2.613435841, 2.613512472
2.623435839, 2.623567710
2.633435838, 2.633527926
2.643435836, 2.643529549
2.653435899, 2.653531507
2.663435906, 2.663546151
2.673435907, 2.673536447
2.683435836, 2.683528382
2.693435844, 2.693531362
2.703435839, 2.703572079
2.713435836, 2.713525018
2.723435846, 2.723582056
2.733435846, 2.733557295
2.743435833, 2.743534183
2.753435950, 2.753529158
2.763435844, 2.763524718
2.773435899, 2.773574632
2.783435903, 2.783527795
2.793435835, 2.793524435
2.803435830, 2.803523451
2.813435843, 2.813554976
2.823435838, 2.823542741
2.833435841, 2.833535446
2.843435839, 2.843531401
2.853435841, 2.853572282
2.863435901, 2.863529347
2.873435843, 2.873531074
2.883435844, 2.883564986
2.893435912, 2.893525834
2.903435844, 2.903622637
2.913435847, 2.913587689
2.923435846, 2.923585169
2.933435923, 2.933597111
2.943435903, 2.943531403
2.953435835, 2.953524403
2.963435844, 2.963531456
2.973435846, 2.973529721
2.983435836, 2.983534396
2.993435899, 2.993542870
3.003435915, 3.003531242
3.013435843, 3.013532124
3.023435843, 3.023531851
3.033436226, 3.033534954
3.043435839, 3.043544484
3.053435850, 3.053529036
3.063435909, 3.063585297
3.073435841, 3.073534760
3.083435997, 3.083537403
3.093435836, 3.093530748
3.103435835, 3.103531919
3.113435839, 3.113538344
3.123435838, 3.123552476
3.133435933, 3.133529475
3.143435841, 3.143531930
3.153435846, 3.153530962
3.163435843, 3.163569525
3.173435852, 3.173586270
3.183435846, 3.183532199
3.193435843, 3.193530983
3.203435910, 3.203526376
3.213435850, 3.213593190
3.223435846, 3.223531265
3.233435912, 3.233530651
3.243435841, 3.243574254
3.253435847, 3.253532274
3.263435846, 3.263534377
3.273435836, 3.273532751
3.283435942, 3.283533005
3.293435843, 3.293526221
3.303435907, 3.303527801
3.313435843, 3.313541606
3.323435914, 3.323537344
3.333435839, 3.333532270
3.343435895, 3.343578451
3.353435835, 3.353533547
3.363435839, 3.363526240
3.373435838, 3.373537085
3.383435850, 3.383525547
3.393435843, 3.393528316
3.403435903, 3.403569644
3.413435896, 3.413527307
3.423435836, 3.423543669
3.433435844, 3.433524830
3.443435952, 3.443533605
3.453435843, 3.453525071
3.463435915, 3.463591638
3.473435857, 3.473530084
3.483435847, 3.483532451
3.493435847, 3.493531685
3.503435846, 3.503527812
3.513435843, 3.513555707
3.523435945, 3.523526186
3.533435843, 3.533526538
3.543435838, 3.543529175
3.553435898, 3.553526214
3.563435860, 3.563535026
3.573435838, 3.573530204
3.583435841, 3.583571851
3.593435849, 3.593526311
3.603435839, 3.603533749
3.613435901, 3.613530714
3.623435838, 3.623529917
3.633435846, 3.633536439
3.643435869, 3.643537174
3.653435843, 3.653530069
3.663435838, 3.663532270
3.673435841, 3.673533140
3.683435846, 3.683535963
3.693435849, 3.693527809
3.703435833, 3.703536184
3.713435846, 3.713528676
3.723435844, 3.723535053
3.733435844, 3.733569811
3.743435846, 3.743537649
3.753435843, 3.753529407
3.763435846, 3.763531338
3.773435910, 3.773529702
3.783435844, 3.783530598
3.793435843, 3.793532022
3.803435844, 3.803541626
3.813435846, 3.813525147
3.823435843, 3.823534681
3.833435839, 3.833528310
3.843435841, 3.843528603
3.853435839, 3.853534047
3.863435843, 3.863544757
3.873435846, 3.873529535
3.883435841, 3.883532379
3.893435844, 3.893523995
3.903435843, 3.903536376
3.913435844, 3.913532721
3.923435844, 3.923533253
3.933435843, 3.933532775
3.943435843, 3.943530392
3.953435843, 3.953527893
3.963435843, 3.963576182
3.973435841, 3.973541224
3.983435843, 3.983571881
3.993435838, 3.993533097
4.003435841, 4.003535939
4.013435844, 4.013535735
4.023435838, 4.023528360
4.033435847, 4.033526800
4.043435839, 4.043538176
4.053435844, 4.053538202
4.063435849, 4.063518882
4.073435844, 4.073530410
4.083435844, 4.083535794
4.093435912, 4.093525678
4.103435914, 4.103530370
4.113435839, 4.113531714
4.123435835, 4.123530628
4.133435844, 4.133532127
4.143435849, 4.143530847
4.153435836, 4.153532184
4.163435838, 4.163531802
4.173435907, 4.173534696
4.183435836, 4.183532049
4.193435839, 4.193541547
4.203435846, 4.203534662
4.213435843, 4.213533897
4.223435841, 4.223529690
4.233435909, 4.233540652
4.243435846, 4.243534055
4.253435909, 4.253529675
4.263435843, 4.263529082
4.273435839, 4.273516727
4.283435841, 4.283533950
4.293435847, 4.293535367
4.303435923, 4.303568760
4.313435846, 4.313529093
4.323435843, 4.323541274
4.333435839, 4.333526833
4.343435994, 4.343529999
4.353435839, 4.353533119
4.363435841, 4.363538424
4.373435855, 4.373528982
4.383435843, 4.383535893
4.393435909, 4.393530856
4.403435843, 4.403527737
4.413435841, 4.413531723
4.423435907, 4.423528591
4.433435843, 4.433531229
4.443435904, 4.443531168
4.453435843, 4.453538742
4.463435841, 4.463529327
4.473435967, 4.473535039
4.483435838, 4.483534960
4.493435912, 4.493529911
4.503435844, 4.503535020
4.513435843, 4.513514220
4.523435841, 4.523547779
4.533435843, 4.533539458
4.543435835, 4.543552446
4.553435846, 4.553508948
4.563435854, 4.563504010
4.573435836, 4.573515416
4.583435841, 4.583528389
4.593435841, 4.593513534
4.603435835, 4.603540144
4.613435852, 4.613523867
4.623435841, 4.623514546
4.633435839, 4.633543961
4.643435846, 4.643510632
4.653435839, 4.653497982
4.663435835, 4.663512909
4.673435839, 4.673520993
4.683435838, 4.683512409
4.693435839, 4.693519231
4.703435843, 4.703543688
4.713435841, 4.713534644
4.723435838, 4.723555871
4.733435836, 4.733532183
4.743435846, 4.743527768
4.753435841, 4.753539774
4.763435841, 4.763538967
4.773435838, 4.773539515
4.783435836, 4.783532153
4.793435841, 4.793515731
4.803435843, 4.803511739
4.813435844, 4.813587032
4.823435846, 4.823583294
4.833435899, 4.833511952
4.843435841, 4.843584511
4.853435846, 4.853506199
4.863435846, 4.863504295
4.873435839, 4.873507907
4.883435844, 4.883536774
4.893435838, 4.893528355
4.903435844, 4.903526361
4.913435843, 4.913524631
4.923435844, 4.923512445
4.933436012, 4.933531138
4.943435901, 4.943507538
4.953435843, 4.953572709
4.963435849, 4.963514600
4.973435844, 4.973565362
4.983435895, 4.983586279
4.993435838, 4.993532080
5.003435972, 5.003533256
5.013435843, 5.013536064
5.023435841, 5.023529287
5.033435843, 5.033537711
5.043435846, 5.043521268
5.053435937, 5.053517744
5.063435937, 5.063531008
5.073435838, 5.073548152
5.083435910, 5.083561833
5.093435847, 5.093551548
5.103435912, 5.103501427
5.113435838, 5.113549178
5.123435912, 5.123495762
5.133435844, 5.133507991
5.143435907, 5.143518153
5.153435843, 5.153547489
5.163435948, 5.163523257
5.173435844, 5.173533301
5.183435952, 5.183514766
5.193435835, 5.193526879
5.203435914, 5.203527675
5.213435847, 5.213509911
5.223436087, 5.223549844
5.233435843, 5.233524137
5.243435841, 5.243510099
5.253435909, 5.253533931
5.263435899, 5.263531063
5.273435839, 5.273512565
5.283435907, 5.283537962
5.293435841, 5.293514268
5.303436023, 5.303529532
5.313435904, 5.313531198
5.323435836, 5.323524145
5.333435839, 5.333533144
5.343435843, 5.343533465
5.353435843, 5.353534791
5.363435839, 5.363535472
5.373435846, 5.373533416
5.383435838, 5.383530315
5.393435915, 5.393539885
5.403435852, 5.403531649
5.413435843, 5.413540223
5.423435841, 5.423529691
5.433435899, 5.433531376
5.443435852, 5.443553124
5.453435843, 5.453513032
5.463435838, 5.463528194
5.473435844, 5.473536536
5.483435844, 5.483511774
5.493435843, 5.493526323
5.503435839, 5.503513039
5.513435838, 5.513515922
5.523435846, 5.523503552
5.533435839, 5.533531130
5.543435839, 5.543530812
5.553435933, 5.553538751
5.563435839, 5.563532953
5.573435846, 5.573493288
5.583435966, 5.583525585
5.593435839, 5.593514268
5.603435844, 5.603519512
5.613435844, 5.613524596
5.623435835, 5.623526192
5.633435841, 5.633526911
5.643435980, 5.643588652
5.653435910, 5.653631300
5.663435914, 5.663597660
5.673435939, 5.673513356
5.683435839, 5.683618577
5.693435912, 5.693619640
5.703435838, 5.703580459
5.713435903, 5.713617853
5.723435845, 5.723596736
5.733435835, 5.733608865
5.743435900, 5.743611359
5.753435908, 5.753626991
5.763435843, 5.763529870
5.773436003, 5.773533066
5.783435835, 5.783534606
5.793435832, 5.793537242
5.803435842, 5.803533999
5.813435837, 5.813529345
5.823435848, 5.823534662
5.833435902, 5.833536333
5.843435840, 5.843530753
5.853435848, 5.853528352
5.863435834, 5.863532274
5.873435842, 5.873530208
5.883435921, 5.883517002
5.893436151, 5.893539473
5.903435845, 5.903534355
5.913435937, 5.913535359
5.923435899, 5.923546913
5.933435843, 5.933536964
5.943435859, 5.943609973
5.953435916, 5.953575296
5.963435837, 5.963550483
5.973435840, 5.973536244
5.983435845, 5.983538586
5.993435847, 5.993597203
6.003435839, 6.003554105
6.013435845, 6.013538079
6.023435837, 6.023535960
6.033435910, 6.033533984
6.043435840, 6.043525037
6.053435859, 6.053537165
6.063435837, 6.063534036
6.073435843, 6.073541280
6.083435840, 6.083532244
6.093435835, 6.093537301
6.103436194, 6.103535941
6.113435905, 6.113527973
6.123435902, 6.123530194
6.133435840, 6.133535070
6.143435839, 6.143529204
6.153435897, 6.153527144
6.163435834, 6.163534372
6.173435842, 6.173530489
6.183435859, 6.183544161
6.193435842, 6.193515693
6.203435919, 6.203540146
6.213435839, 6.213524761
6.223435899, 6.223532024
6.233435847, 6.233532019
6.243435842, 6.243529910
6.253435960, 6.253529825
6.263435842, 6.263524687
6.273435914, 6.273531247
6.283435842, 6.283536529
6.293435842, 6.293528156
6.303435968, 6.303514182
6.313435847, 6.313520692
6.323435902, 6.323525388
6.333435900, 6.333522816
6.343435835, 6.343520872
6.353435843, 6.353546267
6.363435843, 6.363523670
6.373435840, 6.373532387
6.383435837, 6.383518319
6.393435913, 6.393536854
6.403435837, 6.403552782
6.413435848, 6.413529152
6.423435899, 6.423534242
6.433435842, 6.433521662
6.443435968, 6.443539320
6.453435908, 6.453509709
6.463435842, 6.463533074
6.473435835, 6.473538292
6.483435900, 6.483534334
6.493435845, 6.493513526
6.503435843, 6.503590215
6.513435840, 6.513562953
6.523435842, 6.523539521
6.533435902, 6.533514086
6.543435837, 6.543522704
6.553435908, 6.553547673
6.563435842, 6.563539537
6.573435840, 6.573540536
6.583435894, 6.583540793
6.593435985, 6.593538523
6.603435842, 6.603515556
6.613435840, 6.613544059
6.623435845, 6.623526558
6.633435835, 6.633593755
6.643435889, 6.643502079
6.653435845, 6.653544900
6.663435843, 6.663513065
6.673435894, 6.673543297
6.683435974, 6.683519933
6.693435840, 6.693498676
6.703435889, 6.703527002
6.713435848, 6.713537173
6.723435843, 6.723545914
6.733435839, 6.733526856
6.743435998, 6.743535682
6.753435845, 6.753518685
6.763435837, 6.763517013
6.773435856, 6.773514189
6.783435840, 6.783515758
6.793435848, 6.793545533
6.803435842, 6.803536353
6.813435840, 6.813511871
6.823435848, 6.823516909
6.833435850, 6.833523272
6.843435845, 6.843510557
6.853435847, 6.853580181
6.863435900, 6.863641687
6.873435933, 6.873513933
6.883435839, 6.883508642
6.893435840, 6.893623301
6.903435840, 6.903560208
6.913435837, 6.913562799
6.923435847, 6.923600102
6.933435845, 6.933544576
6.943435840, 6.943566201
6.953435837, 6.953526357
6.963435902, 6.963538423
6.973435913, 6.973537904
6.983436198, 6.983591400
6.993435860, 6.993621457
7.003435974, 7.003541085
7.013435846, 7.013565000
7.023435847, 7.023553152
7.033435841, 7.033525589
7.043435857, 7.043547330
7.053436126, 7.053531660
7.063435847, 7.063525930
7.073435845, 7.073516006
7.083435841, 7.083513903
7.093435845, 7.093567507
7.103435841, 7.103579769
7.113435842, 7.113535519
7.123435849, 7.123565104
7.133435844, 7.133510007
7.143435837, 7.143513193
7.153435849, 7.153592966
7.163435847, 7.163544784
7.173435838, 7.173605599
7.183435860, 7.183557095
7.193435855, 7.193589182
7.203435852, 7.203584601
7.213435843, 7.213701937
7.223435856, 7.223567856
7.233435837, 7.233535737
7.243435953, 7.243551283
7.253435843, 7.253582575
7.263435854, 7.263516730
7.273435836, 7.273511173
7.283435849, 7.283543115
7.293435933, 7.293519997
7.303435847, 7.303496225
7.313435843, 7.313572908
7.323435863, 7.323512157
7.333435850, 7.333525316
7.343435942, 7.343524283
7.353435842, 7.353516419
7.363435836, 7.363502954
7.373435842, 7.373532822
7.383435945, 7.383542036
7.393435841, 7.393541727
7.403435837, 7.403520849
7.413435839, 7.413534341
7.423435937, 7.423500858
7.433435866, 7.433516886
7.443435839, 7.443511184
7.453435932, 7.453516193
7.463435841, 7.463536919
7.473435839, 7.473531003
7.483435834, 7.483535471
7.493435909, 7.493514548
7.503435842, 7.503518897
7.513435959, 7.513534380
7.523435839, 7.523580113
7.533435845, 7.533582310
7.543435841, 7.543555852
7.553435932, 7.553537487
7.563435845, 7.563567731
7.573435927, 7.573568867
7.583435844, 7.583556810
7.593435932, 7.593592410
7.603435833, 7.603557188
7.613435849, 7.613569895
7.623435910, 7.623559605
7.633435841, 7.633553599
7.643435836, 7.643580442
7.653435836, 7.653548393
7.663435834, 7.663554783
7.673435916, 7.673527937
7.683435856, 7.683537345
7.693435847, 7.693560761
7.703435907, 7.703562519
7.713435904, 7.713569375
7.723435842, 7.723559509
7.733435839, 7.733521567
7.743435901, 7.743534173
7.753435845, 7.753538087
7.763436041, 7.763542609
7.773435837, 7.773510046
7.783435841, 7.783563164
7.793435850, 7.793534243
7.803435844, 7.803539516
7.813435844, 7.813527296
7.823435855, 7.823517184
7.833435913, 7.833508339
7.843435837, 7.843592877
7.853435910, 7.853528848
7.863435836, 7.863515138
7.873435837, 7.873529842
7.883435841, 7.883503228
7.893435841, 7.893551552
7.903435842, 7.903512339
7.913435850, 7.913524117
7.923435951, 7.923571117
7.933435831, 7.933576783
7.943435844, 7.943614612
7.953435849, 7.953538386
7.963435837, 7.963517540
7.973435849, 7.973524274
7.983435841, 7.983534499
7.993435842, 7.993525775
8.003435839, 8.003546291
8.013435836, 8.013548641
8.023435836, 8.023516864
8.033435841, 8.033524807
8.043435845, 8.043535468
8.053435896, 8.053519366
8.063435842, 8.063529325
8.073435897, 8.073514104
8.083435997, 8.083518882
8.093435845, 8.093548008
8.103435845, 8.103511993
8.113435841, 8.113539908
8.123435837, 8.123525009
8.133436000, 8.133532058
8.143435849, 8.143528925
8.153435844, 8.153571955
8.163435844, 8.163511034
8.173435920, 8.173509271
8.183435916, 8.183516221
8.193435841, 8.193514926
8.203435837, 8.203538372
8.213435845, 8.213529986
8.223435842, 8.223532680
8.233435897, 8.233497341
8.243435837, 8.243542818
8.253435899, 8.253532544
8.263435834, 8.263539572
8.273435842, 8.273496393
8.283435905, 8.283543803
8.293435913, 8.293539130
8.303435845, 8.303524368
8.313435973, 8.313514746
8.323435831, 8.323517407
8.333435905, 8.333517587
8.343435950, 8.343680079
8.353435841, 8.353506296
8.363435844, 8.363504878
8.373435836, 8.373533834
8.383435894, 8.383605602
8.393435855, 8.393513908
8.403435844, 8.403513649
8.413435907, 8.413524454
8.423436008, 8.423535751
8.433435847, 8.433531691
8.443435844, 8.443533534
8.453435837, 8.453535569
8.463435913, 8.463534617
8.473435833, 8.473531556
8.483435836, 8.483528799
8.493435834, 8.493529882
8.503435837, 8.503530204
8.513435841, 8.513509860
8.523435920, 8.523524769
8.533435910, 8.533546048
8.543435850, 8.543542256
8.553435910, 8.553519336
8.563435836, 8.563507881
8.573436054, 8.573521419
8.583435913, 8.583513974
8.593435844, 8.593518547
8.603435842, 8.603521291
8.613435913, 8.613512048
8.623435834, 8.623512261
8.633435905, 8.633539873
8.643435841, 8.643527905
8.653435896, 8.653523640
8.663435839, 8.663512602
8.673435902, 8.673537723
8.683435849, 8.683536902
8.693435847, 8.693531177
8.703435923, 8.703525769
8.713435841, 8.713544580
8.723435899, 8.723532228
8.733435894, 8.733514429
8.743435833, 8.743513474
8.753435978, 8.753510823
8.763435844, 8.763511931
8.773435957, 8.773542624
8.783435841, 8.783533747
8.793435837, 8.793536316
8.803435845, 8.803529896
8.813435845, 8.813532042
8.823435845, 8.823528804
8.833435844, 8.833551612
8.843435844, 8.843535204
8.853435912, 8.853529530
8.863435837, 8.863515443
8.873435894, 8.873516578
8.883435845, 8.883515795
8.893435896, 8.893525167
8.903435844, 8.903514892
8.913435852, 8.913544918
8.923435844, 8.923524075
8.933435845, 8.933513308
8.943435837, 8.943547738
8.953435841, 8.953538537
8.963435839, 8.963508537
8.973435839, 8.973511031
8.983435845, 8.983511619
8.993435839, 8.993535577
9.003435902, 9.003548507
9.013435907, 9.013513799
9.023435847, 9.023534143
9.033435912, 9.033540483
9.043435847, 9.043528590
9.053435844, 9.053552001
9.063435845, 9.063564986
9.073435847, 9.073552841
9.083435839, 9.083556790
9.093435837, 9.093584905
9.103435839, 9.103530540
9.113435842, 9.113512283
9.123435841, 9.123545455
9.133435904, 9.133694715
9.143435837, 9.143514077
9.153435904, 9.153509918
9.163435847, 9.163521362
9.173435850, 9.173539082
9.183435844, 9.183545477
9.193436147, 9.193547525
9.203435993, 9.203529778
9.213435844, 9.213512896
9.223435838, 9.223512045
9.233435844, 9.233524091
9.243435844, 9.243532877
9.253435850, 9.253512429
9.263435846, 9.263550517
9.273435843, 9.273532756
9.283435839, 9.283519877
9.293435846, 9.293515118
9.303435846, 9.303531486
9.313435839, 9.313537180
9.323435915, 9.323524391
9.333435846, 9.333545329
9.343435836, 9.343514704
9.353435901, 9.353536334
9.363435904, 9.363517886
9.373435847, 9.373586436
9.383435862, 9.383526808
9.393435899, 9.393520090
9.403435892, 9.403528629
9.413435920, 9.413522089
9.423435844, 9.423565416
9.433435843, 9.433589776
9.443435922, 9.443533564
9.453435839, 9.453564037
9.463435929, 9.463534240
9.473435841, 9.473573804
9.483435843, 9.483533269
9.493435841, 9.493568515
9.503435866, 9.503535901
9.513435844, 9.513533099
9.523435844, 9.523530468
9.533436049, 9.533505354
9.543435838, 9.543537284
9.553436163, 9.553524727
9.563435844, 9.563526829
9.573435847, 9.573531812
9.583435835, 9.583511231
9.593435839, 9.593510763
9.603435843, 9.603514606
9.613435846, 9.613513875
9.623435843, 9.623516421
9.633435895, 9.633538914
9.643435835, 9.643530676
9.653435846, 9.653516665
9.663435898, 9.663533635
9.673435846, 9.673531682
9.683435899, 9.683514611
9.693435836, 9.693518061
9.703435947, 9.703519662
9.713435836, 9.713544934
9.723435909, 9.723510541
9.733435839, 9.733529890
9.743435846, 9.743519992
9.753435836, 9.753555514
9.763435833, 9.763522679
9.773435844, 9.773532983
9.783435931, 9.783547967
9.793435839, 9.793529221
9.803435847, 9.803531453
9.813435844, 9.813510496
9.823435895, 9.823500638
9.833435836, 9.833514158
9.843435910, 9.843508524
9.853435839, 9.853554433
9.863435839, 9.863546126
9.873435915, 9.873507386
9.883435838, 9.883506833
9.893435838, 9.893525106
9.903435903, 9.903561009
9.913435844, 9.913540126
9.923435855, 9.923516378
9.933435847, 9.933515063
9.943435849, 9.943513501
9.953435847, 9.953511347
9.963435909, 9.963600123
9.973435838, 9.973621434
9.983435969, 9.983511281
9.993435841, 9.993523091
10.003435846, 10.003537158
10.013435847, 10.013506006
10.023435841, 10.023572513
10.033435865, 10.033584344
10.043435838, 10.043609680
10.053435843, 10.053616201
10.063435850, 10.063613225
10.073435847, 10.073613304
10.083435838, 10.083613046
10.093435841, 10.093608872
10.103435838, 10.103566561
10.113435839, 10.113588184
10.123435846, 10.123593667
10.133435846, 10.133588439
10.143435854, 10.143603789
10.153435835, 10.153591978
10.163435855, 10.163593410
10.173435839, 10.173614562
10.183435850, 10.183617142
10.193435838, 10.193615731
10.203435843, 10.203616824
10.213435846, 10.213609295
10.223435838, 10.223611384
10.233435847, 10.233614466
10.243435836, 10.243615270
10.253435841, 10.253607388
10.263435843, 10.263616780
10.273435838, 10.273609694
10.283435844, 10.283618312
10.293435843, 10.293613526
10.303435832, 10.303618569
10.313435847, 10.313615053
10.323435835, 10.323606491
10.333435841, 10.333609818
10.343435836, 10.343614730
10.353435843, 10.353613175
10.363435839, 10.363617193
10.373435835, 10.373613470
10.383435844, 10.383616944
10.393435843, 10.393616466
10.403435869, 10.403623876
10.413435839, 10.413608237
10.423435839, 10.423616093
10.433435855, 10.433611311
10.443435847, 10.443610135
10.453435841, 10.453613745
10.463435843, 10.463619924
10.473435850, 10.473613694
10.483435835, 10.483616296
10.493435849, 10.493615106
10.503435844, 10.503614336
10.513435844, 10.513618371
10.523435846, 10.523611839
10.533435836, 10.533607598
10.543435839, 10.543620310
10.553435850, 10.553609750
10.563435838, 10.563614614
10.573435849, 10.573609980
10.583435836, 10.583608400
10.593435844, 10.593614311
10.603435838, 10.603612546
10.613435843, 10.613607978
10.623435844, 10.623616888
10.633435836, 10.633615058
10.643435843, 10.643614872
10.653435847, 10.653619384
10.663435836, 10.663608124
10.673435836, 10.673608220
10.683435841, 10.683619518
10.693435841, 10.693616189
10.703435843, 10.703613435
10.713435844, 10.713608828
10.723435835, 10.723615733
10.733435844, 10.733614792
10.743435835, 10.743608927
10.753435838, 10.753616072
10.763435852, 10.763620392
10.773435841, 10.773614601
10.783435833, 10.783617486
10.793435844, 10.793613121
10.803435841, 10.803613323
10.813435838, 10.813612132
10.823435838, 10.823615925
10.833435846, 10.833612439
10.843435844, 10.843615765
10.853435844, 10.853613964
10.863435844, 10.863617226
10.873435843, 10.873615251
10.883435846, 10.883614329
10.893435836, 10.893613791
10.903435857, 10.903619618
10.913435836, 10.913609360
10.923435839, 10.923619092
10.933435849, 10.933618819
10.943435844, 10.943616517
10.953435844, 10.953607936
10.963435835, 10.963616781
10.973435844, 10.973612320
10.983435841, 10.983613461
10.993435839, 10.993604121
11.003435839, 11.003616570
11.013435847, 11.013617480
11.023435833, 11.023620645
11.033435835, 11.033614912
11.043435843, 11.043609900
11.053435844, 11.053615199
11.063435843, 11.063614332
11.073435844, 11.073613411
11.083435846, 11.083616876
11.093435841, 11.093615231
11.103435844, 11.103617700
11.113435839, 11.113615425
11.123435844, 11.123615662
11.133435844, 11.133613537
11.143435838, 11.143615641
11.153435839, 11.153619586
11.163435847, 11.163616891
11.173435843, 11.173619286
11.183435838, 11.183611834
11.193435844, 11.193609290
11.203435847, 11.203615217
11.213435843, 11.213616880
11.223435843, 11.223614642
11.233435835, 11.233615208
11.243435844, 11.243617034
11.253435836, 11.253606878
11.263435836, 11.263616336
11.273435844, 11.273608070
11.283435850, 11.283613716
11.293435841, 11.293614820
11.303435838, 11.303608783
11.313435835, 11.313614126
11.323435847, 11.323611162
11.333435838, 11.333614209
11.343435846, 11.343617029
11.353435847, 11.353615791
11.363435844, 11.363615871
11.373435849, 11.373614188
11.383435838, 11.383617090
11.393435843, 11.393614650
11.403435850, 11.403615574
11.413435841, 11.413617265
11.423435847, 11.423620926
11.433435836, 11.433615179
11.443435835, 11.443613676
11.453435839, 11.453614421
11.463435850, 11.463613231
11.473435838, 11.473615760
11.483435838, 11.483612019
11.493435847, 11.493608452
11.503435836, 11.503616655
11.513435844, 11.513612866
11.523435836, 11.523614572
11.533435836, 11.533609772
11.543435849, 11.543616151
11.553435838, 11.553614213
11.563435835, 11.563619370
11.573435841, 11.573614428
11.583435836, 11.583617197
11.593435844, 11.593611367
11.603435844, 11.603613779
11.613435836, 11.613612792
11.623435835, 11.623619474
11.633435843, 11.633613896
11.643435890, 11.643626081
11.653435841, 11.653610628
11.663435843, 11.663612311
11.673435854, 11.673617163
11.683435835, 11.683615920
11.693435836, 11.693613210
11.703435835, 11.703613527
11.713435841, 11.713613007
11.723435839, 11.723617919
11.733435843, 11.733607566
11.743435839, 11.743619558
11.753435849, 11.753619481
11.763435841, 11.763614848
11.773435846, 11.773610711
11.783435849, 11.783608120
11.793435839, 11.793607186
11.803435841, 11.803615359
11.813435843, 11.813614156
11.823435841, 11.823609180
11.833435836, 11.833606502
11.843435836, 11.843613413
11.853435850, 11.853613346
11.863435833, 11.863615283
11.873435844, 11.873607762
11.883435841, 11.883616442
11.893435847, 11.893619672
11.903435850, 11.903614663
11.913435850, 11.913614619
11.923435844, 11.923611040
11.933435841, 11.933609944
11.943435835, 11.943607528
11.953435836, 11.953615253
11.963435846, 11.963617347
11.973435839, 11.973613537
11.983435833, 11.983610522
11.993435841, 11.993614938
12.003435844, 12.003617666
12.013435843, 12.013609532
12.023435841, 12.023616656
12.033435841, 12.033613796
12.043435835, 12.043618890
12.053435838, 12.053614857
------------------------------
