------------------------------
test was performed using the following parameters: --mps=100 --burst=1 --reply-every=1 --msg-size=12 --time=10
------------------------------
sockperf: [Total Run] RunTime=10.100 sec; SentMessages=1011; ReceivedMessages=1010
sockperf: ========= Printing statistics for Server No: 0
sockperf: [Valid Duration] RunTime=9.990 sec; SentMessages=1000; ReceivedMessages=1000
sockperf: [2;35m====> avg-lat= 83.608 (std-dev=22.277)[0m
sockperf: # dropped messages = 0; # duplicated messages = 0; # out-of-order messages = 0
sockperf: [2;35mTotal 1000 observations[0m; each percentile contains 10.00 observations
sockperf: ---> <MAX> observation =  189.765
sockperf: ---> percentile  99.99 =  189.765
sockperf: ---> percentile  99.90 =  183.339
sockperf: ---> percentile  99.50 =  164.378
sockperf: ---> percentile  99.00 =  154.090
sockperf: ---> percentile  95.00 =  126.717
sockperf: ---> percentile  90.00 =  113.172
sockperf: ---> percentile  75.00 =   94.828
sockperf: ---> percentile  50.00 =   78.188
sockperf: ---> percentile  25.00 =   69.123
sockperf: ---> <MIN> observation =   42.212
------------------------------
txTime, rxTime
2.062845379, 2.063033962
2.072845394, 2.073157195
2.082845390, 2.083051424
2.092845396, 2.093070376
2.102845399, 2.103006036
2.112845379, 2.113075448
2.122845394, 2.123017188
2.132845389, 2.133075841
2.142845392, 2.143035430
2.152845381, 2.153023240
2.162845377, 2.162966221
2.172845391, 2.173031185
2.182845375, 2.182961511
2.192845366, 2.193018916
2.202845397, 2.203030231
2.212845385, 2.213033236
2.222845394, 2.223022672
2.232845381, 2.232997860
2.242845391, 2.243039224
2.252845364, 2.252985282
2.262845380, 2.262982814
2.272845394, 2.273043422
2.282845386, 2.282959590
2.292845389, 2.292943689
2.302845368, 2.302959522
2.312845362, 2.312987021
2.322845385, 2.323055577
2.332845381, 2.333050456
2.342845385, 2.343088836
2.352845389, 2.353035045
2.362845374, 2.363048452
2.372845373, 2.373114913
2.382845393, 2.383071527
2.392845375, 2.393038343
2.402845379, 2.403045090
2.412845373, 2.413212053
2.422845374, 2.423047631
2.432845373, 2.433071815
2.442845398, 2.443030137
2.452845374, 2.453069160
2.462845373, 2.463098807
2.472845379, 2.473133724
2.482845378, 2.483111974
2.492845376, 2.493092586
2.502845390, 2.503093634
2.512845372, 2.513092280
2.522845374, 2.523043100
2.532845377, 2.533078646
2.542845374, 2.543022940
2.552845387, 2.553030246
2.562845393, 2.563059292
2.572845390, 2.573069634
2.582845375, 2.583041230
2.592845373, 2.593027554
2.602845372, 2.603006748
2.612845377, 2.613032738
2.622845391, 2.623072733
2.632845387, 2.633065058
2.642845381, 2.643014951
2.652845390, 2.653034300
2.662845394, 2.663073790
2.672845373, 2.673020715
2.682845390, 2.683066911
2.692845376, 2.693150936
2.702845375, 2.703019793
2.712845379, 2.713123893
2.722845393, 2.723094109
2.732845371, 2.733040146
2.742845389, 2.743028356
2.752845381, 2.753100737
2.762845375, 2.763046304
2.772845386, 2.773015445
2.782845379, 2.782962465
2.792845371, 2.793105446
2.802845388, 2.803054748
2.812845376, 2.813019685
2.822845374, 2.822957993
2.832845371, 2.833035579
2.842845375, 2.843018712
2.852845382, 2.853047169
2.862845388, 2.863003022
2.872845389, 2.873085340
2.882845391, 2.883062135
2.892845377, 2.893029729
2.902845394, 2.903023002
2.912845370, 2.912999639
2.922845388, 2.923174146
2.932845378, 2.933173286
2.942845386, 2.943180291
2.952845384, 2.953224914
2.962845394, 2.963180746
2.972845378, 2.973208760
2.982845390, 2.983042858
2.992845373, 2.993123311
3.002845382, 3.003023496
3.012845390, 3.013156937
3.022845374, 3.023041082
3.032845369, 3.033125834
3.042845371, 3.043120414
3.052845368, 3.053075253
3.062845368, 3.063135611
3.072845373, 3.073088610
3.082845372, 3.083098378
3.092845368, 3.093110309
3.102845392, 3.103094477
3.112845375, 3.113108880
3.122845366, 3.123120028
3.132845387, 3.133163244
3.142845377, 3.143146032
3.152845370, 3.153097706
3.162845394, 3.163039411
3.172845371, 3.172995925
3.182845377, 3.183130181
3.192845373, 3.193031589
3.202845391, 3.203027639
3.212845373, 3.213089335
3.222845386, 3.223037822
3.232845371, 3.233007210
3.242845375, 3.243037518
3.252845378, 3.253031985
3.262845375, 3.263067783
3.272845365, 3.272978592
3.282845379, 3.283070839
3.292845376, 3.293022008
3.302845374, 3.302986112
3.312845392, 3.313016576
3.322845386, 3.323047595
3.332845376, 3.332955283
3.342845372, 3.343054545
3.352845373, 3.353113461
3.362845391, 3.363061705
3.372845389, 3.373047118
3.382845371, 3.383071950
3.392845373, 3.393071718
3.402845390, 3.403012892
3.412845370, 3.413012990
3.422845388, 3.423104940
3.432845367, 3.433044297
3.442845390, 3.443115622
3.452845376, 3.452986719
3.462845372, 3.463040002
3.472845373, 3.473055627
3.482845372, 3.483063280
3.492845378, 3.493015711
3.502845391, 3.503037583
3.512845370, 3.512985358
3.522845369, 3.523079497
3.532845371, 3.533013608
3.542845369, 3.543026379
3.552845375, 3.552941540
3.562845385, 3.563153565
3.572845375, 3.572962344
3.582845399, 3.583126011
3.592845375, 3.592982707
3.602845375, 3.603000617
3.612845384, 3.612933414
3.622845372, 3.623089645
3.632845371, 3.633032453
3.642845389, 3.643075603
3.652845389, 3.653018851
3.662845369, 3.663058741
3.672845373, 3.673040077
3.682845386, 3.683142437
3.692845378, 3.693024977
3.702845375, 3.703096197
3.712845379, 3.713107378
3.722845375, 3.723062254
3.732845389, 3.733122883
3.742845375, 3.743063273
3.752845370, 3.753051100
3.762845394, 3.763105731
3.772845392, 3.773107332
3.782845391, 3.783053183
3.792845373, 3.793077560
3.802845377, 3.803046936
3.812845390, 3.813067811
3.822845391, 3.823081263
3.832845378, 3.833098918
3.842845374, 3.843048022
3.852845386, 3.853048504
3.862845377, 3.863064449
3.872845379, 3.873023884
3.882845371, 3.883079914
3.892845389, 3.893019893
3.902845374, 3.903137453
3.912845392, 3.913019307
3.922845364, 3.923061826
3.932845378, 3.933034002
3.942845368, 3.943092719
3.952845379, 3.953025205
3.962845372, 3.963010249
3.972845373, 3.973031760
3.982845386, 3.983050979
3.992845373, 3.993004998
4.002845415, 4.003007479
4.012845375, 4.013058574
4.022845368, 4.023022293
4.032845380, 4.033076961
4.042845372, 4.043082568
4.052845373, 4.053044725
4.062845375, 4.063075852
4.072845370, 4.073025905
4.082845369, 4.083040898
4.092845389, 4.092997482
4.102845361, 4.102981400
4.112845378, 4.113024889
4.122845386, 4.122984914
4.132845373, 4.133019637
4.142845369, 4.143052316
4.152845379, 4.153021881
4.162845375, 4.162938916
4.172845373, 4.173026760
4.182845380, 4.182999690
4.192845375, 4.192995292
4.202845385, 4.203023764
4.212845373, 4.213005689
4.222845377, 4.223012983
4.232845381, 4.233060166
4.242845372, 4.242993348
4.252845376, 4.253055349
4.262845379, 4.262974291
4.272845378, 4.273004706
4.282845375, 4.282987590
4.292845371, 4.293088619
4.302845398, 4.303013348
4.312845371, 4.313041717
4.322845372, 4.322977456
4.332845373, 4.333033262
4.342845386, 4.342948564
4.352845367, 4.352940868
4.362845371, 4.362964868
4.372845376, 4.372985315
4.382845371, 4.382965700
4.392845376, 4.392984750
4.402845391, 4.402988494
4.412845376, 4.413103306
4.422845380, 4.422990819
4.432845371, 4.433039568
4.442845383, 4.443044318
4.452845368, 4.453039753
4.462845371, 4.463027304
4.472845368, 4.473034113
4.482845380, 4.483057281
4.492845371, 4.493036724
4.502845368, 4.503032014
4.512845378, 4.512996226
4.522845371, 4.523018212
4.532845381, 4.533015606
4.542845371, 4.543026033
4.552845370, 4.552996023
4.562845386, 4.562972552
4.572845379, 4.572993439
4.582845372, 4.582952338
4.592845373, 4.593027704
4.602845374, 4.603001945
4.612845379, 4.613045269
4.622845380, 4.623000036
4.632845381, 4.632989995
4.642845431, 4.643019141
4.652845365, 4.653028871
4.662845372, 4.662992919
4.672845375, 4.672945188
4.682845372, 4.682957761
4.692845368, 4.692939175
4.702845375, 4.702947369
4.712845373, 4.713025290
4.722845401, 4.722997624
4.732845373, 4.733079635
4.742845368, 4.743040953
4.752845375, 4.753004134
4.762845385, 4.763021030
4.772845374, 4.773084863
4.782845366, 4.782980423
4.792845367, 4.793089143
4.802845385, 4.802972814
4.812845371, 4.813040262
4.822845378, 4.822987409
4.832845377, 4.833025734
4.842845372, 4.843018028
4.852845373, 4.853030368
4.862845368, 4.862982233
4.872845371, 4.873037415
4.882845366, 4.883036808
4.892845369, 4.893040319
4.902845394, 4.903038465
4.912845370, 4.913055622
4.922845375, 4.922990950
4.932845370, 4.933074026
4.942845375, 4.942955571
4.952845390, 4.953007508
4.962845379, 4.962977497
4.972845364, 4.973032121
4.982845379, 4.982980894
4.992845374, 4.993081429
5.002845375, 5.002980246
5.012845384, 5.013017438
5.022845372, 5.022992105
5.032845367, 5.033079499
5.042845371, 5.043020556
5.052845375, 5.053044873
5.062845375, 5.062989712
5.072845373, 5.072991849
5.082845376, 5.082959296
5.092845373, 5.092996265
5.102845381, 5.102994090
5.112845386, 5.113028939
5.122845372, 5.122964052
5.132845375, 5.133017395
5.142845369, 5.142973864
5.152845368, 5.153037372
5.162845368, 5.162978644
5.172845373, 5.173003991
5.182845388, 5.182999081
5.192845379, 5.193001621
5.202845377, 5.202984039
5.212845376, 5.212988742
5.222845374, 5.222993602
5.232845373, 5.233019152
5.242845373, 5.243061838
5.252845369, 5.253050101
5.262845395, 5.262984153
5.272845374, 5.272985540
5.282845376, 5.283065738
5.292845385, 5.292968781
5.302845372, 5.303039891
5.312845371, 5.312981177
5.322845371, 5.323011488
5.332845371, 5.332974653
5.342845374, 5.343068747
5.352845375, 5.352957473
5.362845371, 5.363008306
5.372845384, 5.373032033
5.382845375, 5.382959522
5.392845375, 5.393008342
5.402845379, 5.403060836
5.412845376, 5.412943830
5.422845375, 5.422979984
5.432845364, 5.432983575
5.442845383, 5.442955617
5.452845390, 5.452967265
5.462845382, 5.462945793
5.472845387, 5.472996876
5.482845364, 5.482943771
5.492845365, 5.493004242
5.502845374, 5.502981424
5.512845375, 5.512929800
5.522845372, 5.522949668
5.532845376, 5.533050088
5.542845374, 5.543042706
5.552845373, 5.552937898
5.562845382, 5.562961203
5.572845376, 5.572987739
5.582845372, 5.582973514
5.592845386, 5.593009122
5.602845374, 5.602945492
5.612845362, 5.612974775
5.622845372, 5.622939964
5.632845370, 5.632974784
5.642845382, 5.642964366
5.652845394, 5.653051488
5.662845380, 5.662997284
5.672845375, 5.672975289
5.682845398, 5.683025316
5.692845376, 5.693017972
5.702845374, 5.703016799
5.712845371, 5.713020542
5.722845391, 5.722998550
5.732845376, 5.733071444
5.742845379, 5.743033938
5.752845373, 5.753021314
5.762845374, 5.763019243
5.772845373, 5.773022306
5.782845374, 5.783030503
5.792845370, 5.792987035
5.802845371, 5.803016767
5.812845375, 5.813020994
5.822845379, 5.822945912
5.832845369, 5.832930135
5.842845392, 5.842941692
5.852845366, 5.852969759
5.862845377, 5.862945416
5.872845375, 5.872943959
5.882845372, 5.882941041
5.892845373, 5.892980381
5.902845366, 5.902985275
5.912845370, 5.913035488
5.922845374, 5.923065532
5.932845370, 5.933054192
5.942845371, 5.943040042
5.952845376, 5.953051112
5.962845375, 5.963094899
5.972845371, 5.973055160
5.982845369, 5.983025330
5.992845367, 5.993119096
6.002845367, 6.003032316
6.012845379, 6.013110841
6.022845366, 6.023010620
6.032845370, 6.033056340
6.042845368, 6.043058173
6.052845375, 6.053068520
6.062845380, 6.063136571
6.072845390, 6.073133726
6.082845372, 6.083059656
6.092845370, 6.093103240
6.102845388, 6.103051389
6.112845376, 6.113020597
6.122845379, 6.123071882
6.132845375, 6.133101005
6.142845377, 6.143001638
6.152845371, 6.153014291
6.162845368, 6.163077028
6.172845365, 6.173047344
6.182845386, 6.183029989
6.192845369, 6.193003830
6.202845372, 6.203102239
6.212845376, 6.213008913
6.222845394, 6.223028545
6.232845370, 6.233010322
6.242845368, 6.243000723
6.252845390, 6.253042527
6.262845372, 6.263102049
6.272845373, 6.273057004
6.282845394, 6.283007583
6.292845373, 6.293030810
6.302845375, 6.302991330
6.312845379, 6.312988481
6.322845371, 6.322967233
6.332845365, 6.332983064
6.342845398, 6.342967748
6.352845375, 6.352978635
6.362845386, 6.362940314
6.372845379, 6.373008792
6.382845388, 6.382963977
6.392845373, 6.392957615
6.402845394, 6.402965133
6.412845373, 6.412965971
6.422845385, 6.423028363
6.432845367, 6.433029957
6.442845372, 6.443017882
6.452845371, 6.452993249
6.462845375, 6.463037548
6.472845379, 6.473028083
6.482845377, 6.482982788
6.492845377, 6.493038666
6.502845393, 6.502978304
6.512845379, 6.513093288
6.522845374, 6.523003644
6.532845378, 6.533072500
6.542845374, 6.543001184
6.552845376, 6.553058963
6.562845377, 6.563040374
6.572845373, 6.572982941
6.582845372, 6.583007755
6.592845376, 6.592996010
6.602845366, 6.602997594
6.612845376, 6.613082710
6.622845393, 6.622980854
6.632845371, 6.632998119
6.642845372, 6.642964625
6.652845373, 6.653010805
6.662845369, 6.662965278
6.672845378, 6.673058726
6.682845374, 6.683022019
6.692845373, 6.693010474
6.702845379, 6.702971215
6.712845365, 6.713042579
6.722845368, 6.723017001
6.732845370, 6.733023806
6.742845386, 6.743028709
6.752845378, 6.753038156
6.762845375, 6.763031224
6.772845367, 6.772997009
6.782845372, 6.782978751
6.792845370, 6.792993379
6.802845379, 6.802996909
6.812845372, 6.812974761
6.822845381, 6.823015528
6.832845374, 6.832977824
6.842845371, 6.842994768
6.852845365, 6.853028647
6.862845380, 6.862983295
6.872845376, 6.873055047
6.882845366, 6.882976667
6.892845365, 6.893009000
6.902845374, 6.903028328
6.912845383, 6.913008115
6.922845385, 6.923012560
6.932845371, 6.932985622
6.942845372, 6.942985070
6.952845379, 6.952937626
6.962845383, 6.962973965
6.972845376, 6.972964007
6.982845371, 6.982957839
6.992845367, 6.992939995
7.002845385, 7.002990650
7.012845373, 7.013024881
7.022845374, 7.022979645
7.032845367, 7.033018624
7.042845375, 7.043021124
7.052845378, 7.053002331
7.062845368, 7.062982117
7.072845376, 7.073034665
7.082845366, 7.082983347
7.092845373, 7.092943328
7.102845388, 7.103057137
7.112845364, 7.113024035
7.122845372, 7.122982828
7.132845371, 7.132987638
7.142845369, 7.143013811
7.152845378, 7.153023836
7.162845366, 7.162988213
7.172845370, 7.172986948
7.182845386, 7.182986498
7.192845390, 7.193026727
7.202845382, 7.203034852
7.212845367, 7.212986833
7.222845379, 7.223012287
7.232845367, 7.233001793
7.242845377, 7.242983021
7.252845376, 7.253015918
7.262845383, 7.262973077
7.272845379, 7.273062939
7.282845375, 7.282997181
7.292845364, 7.292956414
7.302845393, 7.303013548
7.312845376, 7.313011200
7.322845380, 7.323015470
7.332845371, 7.332979345
7.342845370, 7.343028058
7.352845374, 7.353027691
7.362845388, 7.362981678
7.372845376, 7.372980179
7.382845375, 7.382981980
7.392845370, 7.392984169
7.402845386, 7.403099884
7.412845373, 7.413000563
7.422845390, 7.422965056
7.432845383, 7.433034724
7.442845383, 7.443052705
7.452845371, 7.453044551
7.462845375, 7.462996119
7.472845365, 7.472987250
7.482845371, 7.482986022
7.492845367, 7.493003422
7.502845380, 7.503000740
7.512845384, 7.512988136
7.522845367, 7.522964706
7.532845364, 7.532978817
7.542845386, 7.542990468
7.552845378, 7.552982884
7.562845372, 7.563012599
7.572845383, 7.573039397
7.582845385, 7.583011276
7.592845370, 7.593024363
7.602845368, 7.603009645
7.612845368, 7.612997244
7.622845388, 7.623028278
7.632845384, 7.632945677
7.642845368, 7.642945487
7.652845370, 7.652977187
7.662845377, 7.662968545
7.672845375, 7.673014564
7.682845382, 7.682990956
7.692845387, 7.693012722
7.702845391, 7.703003189
7.712845365, 7.712979672
7.722845393, 7.722967227
7.732845373, 7.732989413
7.742845371, 7.742990847
7.752845367, 7.752988573
7.762845368, 7.763000917
7.772845370, 7.773022255
7.782845394, 7.782982987
7.792845379, 7.792961248
7.802845377, 7.803040803
7.812845373, 7.812983042
7.822845379, 7.823000071
7.832845376, 7.832994932
7.842845374, 7.843014657
7.852845378, 7.852999713
7.862845390, 7.862995985
7.872845378, 7.873018442
7.882845375, 7.882997164
7.892845368, 7.893012354
7.902845368, 7.902983553
7.912845376, 7.913055545
7.922845380, 7.922996822
7.932845371, 7.933055066
7.942845368, 7.942975851
7.952845383, 7.953010287
7.962845374, 7.963028409
7.972845375, 7.973006514
7.982845371, 7.982977951
7.992845375, 7.993006763
8.002845369, 8.003005037
8.012845390, 8.013059212
8.022845379, 8.023007808
8.032845375, 8.032967389
8.042845380, 8.042955852
8.052845392, 8.052990584
8.062845372, 8.062979455
8.072845373, 8.073021300
8.082845379, 8.083028916
8.092845384, 8.093051094
8.102845386, 8.102980791
8.112845387, 8.113043220
8.122845363, 8.122975660
8.132845371, 8.133022625
8.142845374, 8.143038234
8.152845368, 8.153095503
8.162845386, 8.163047108
8.172845375, 8.172990666
8.182845393, 8.182972783
8.192845373, 8.193045746
8.202845375, 8.202979776
8.212845379, 8.213070174
8.222845368, 8.223015929
8.232845368, 8.233052919
8.242845368, 8.242985522
8.252845376, 8.252978535
8.262845385, 8.262993972
8.272845383, 8.272965699
8.282845372, 8.283009265
8.292845373, 8.293003574
8.302845385, 8.302981525
8.312845365, 8.312976974
8.322845369, 8.323022637
8.332845373, 8.332975851
8.342845382, 8.343009175
8.352845381, 8.352978406
8.362845386, 8.363049538
8.372845383, 8.372962113
8.382845372, 8.382986080
8.392845367, 8.392979876
8.402845371, 8.402964988
8.412845365, 8.412976723
8.422845380, 8.423005453
8.432845365, 8.433011102
8.442845374, 8.443002626
8.452845367, 8.452984458
8.462845388, 8.462986670
8.472845378, 8.472964144
8.482845374, 8.483044387
8.492845390, 8.492975095
8.502845368, 8.502963655
8.512845368, 8.512975861
8.522845390, 8.522979290
8.532845371, 8.532998946
8.542845386, 8.542967119
8.552845371, 8.552948428
8.562845394, 8.562945215
8.572845375, 8.572949825
8.582845375, 8.582980433
8.592845389, 8.592971696
8.602845369, 8.602984366
8.612845365, 8.613047735
8.622845371, 8.622940706
8.632845367, 8.632989498
8.642845375, 8.642977174
8.652845378, 8.652941008
8.662845386, 8.662942231
8.672845378, 8.672977487
8.682845380, 8.682982327
8.692845371, 8.692979849
8.702845375, 8.703066228
8.712845373, 8.713029599
8.722845371, 8.723035384
8.732845371, 8.733043652
8.742845377, 8.743023302
8.752845371, 8.753037315
8.762845368, 8.763072848
8.772845378, 8.773008544
8.782845376, 8.783056234
8.792845368, 8.792997838
8.802845371, 8.802994241
8.812845377, 8.812999639
8.822845366, 8.822989117
8.832845375, 8.832969901
8.842845369, 8.842977994
8.852845373, 8.852976625
8.862845394, 8.863028736
8.872845367, 8.872980001
8.882845369, 8.883031240
8.892845373, 8.893086669
8.902845393, 8.903027374
8.912845386, 8.913048337
8.922845398, 8.923071378
8.932845373, 8.933068086
8.942845375, 8.943028653
8.952845371, 8.953122479
8.962845382, 8.963072481
8.972845370, 8.973008139
8.982845401, 8.983030897
8.992845366, 8.993053727
9.002845368, 9.003030914
9.012845369, 9.013023851
9.022845380, 9.023009202
9.032845377, 9.033032794
9.042845379, 9.043094531
9.052845371, 9.053012927
9.062845372, 9.063029303
9.072845379, 9.073007114
9.082845372, 9.082989860
9.092845378, 9.092998040
9.102845398, 9.102995724
9.112845365, 9.113017837
9.122845377, 9.123024663
9.132845379, 9.133020509
9.142845373, 9.142949669
9.152845379, 9.152942740
9.162845377, 9.162946083
9.172845379, 9.172989968
9.182845380, 9.183020811
9.192845387, 9.193018274
9.202845369, 9.203000544
9.212845366, 9.213068313
9.222845386, 9.222988578
9.232845392, 9.232991624
9.242845383, 9.243024431
9.252845376, 9.253078457
9.262845369, 9.262989981
9.272845368, 9.272990093
9.282845381, 9.283062157
9.292845369, 9.292978189
9.302845367, 9.302952656
9.312845376, 9.313031346
9.322845389, 9.322991076
9.332845377, 9.332982020
9.342845370, 9.342952956
9.352845371, 9.352964871
9.362845375, 9.362940597
9.372845381, 9.372942868
9.382845370, 9.382976839
9.392845373, 9.392958235
9.402845369, 9.403009421
9.412845381, 9.413055870
9.422845367, 9.422966072
9.432845374, 9.433039457
9.442845372, 9.442983817
9.452845371, 9.452949903
9.462845400, 9.462951807
9.472845373, 9.472962265
9.482845373, 9.482982859
9.492845379, 9.493021607
9.502845373, 9.502985835
9.512845369, 9.512963777
9.522845388, 9.523050385
9.532845371, 9.533063369
9.542845370, 9.542973049
9.552845376, 9.552990918
9.562845384, 9.563045638
9.572845369, 9.572976442
9.582845394, 9.582971455
9.592845373, 9.592957496
9.602845372, 9.602976131
9.612845374, 9.612992973
9.622845370, 9.623025788
9.632845379, 9.632942301
9.642845383, 9.643028806
9.652845379, 9.653047178
9.662845370, 9.663033668
9.672845373, 9.673066881
9.682845372, 9.683008160
9.692845364, 9.692977236
9.702845371, 9.702987459
9.712845373, 9.713100573
9.722845379, 9.723049301
9.732845367, 9.733020558
9.742845390, 9.743041719
9.752845368, 9.752995278
9.762845382, 9.763031930
9.772845371, 9.773023741
9.782845371, 9.782985160
9.792845367, 9.793026678
9.802845380, 9.803026778
9.812845378, 9.813000375
9.822845398, 9.823032088
9.832845375, 9.833034986
9.842845374, 9.842982337
9.852845371, 9.852941397
9.862845379, 9.862982670
9.872845370, 9.872981981
9.882845383, 9.882961178
9.892845375, 9.892963629
9.902845372, 9.902971995
9.912845371, 9.912972332
9.922845375, 9.923022144
9.932845370, 9.933052760
9.942845369, 9.943061034
9.952845416, 9.953009141
9.962845369, 9.962966466
9.972845375, 9.973002492
9.982845371, 9.983002538
9.992845379, 9.992993684
10.002845386, 10.002999262
10.012845372, 10.013003447
10.022845376, 10.022995131
10.032845374, 10.033001637
10.042845398, 10.042994252
10.052845370, 10.053000933
10.062845366, 10.062991781
10.072845378, 10.073002488
10.082845381, 10.083002245
10.092845380, 10.092998765
10.102845368, 10.102963812
10.112845369, 10.113009594
10.122845382, 10.122969278
10.132845380, 10.132995185
10.142845387, 10.142969141
10.152845373, 10.152997202
10.162845385, 10.162970936
10.172845369, 10.172996763
10.182845368, 10.182962407
10.192845366, 10.193006242
10.202845385, 10.202965465
10.212845370, 10.213002998
10.222845366, 10.222964736
10.232845369, 10.233005744
10.242845371, 10.242963626
10.252845383, 10.252998413
10.262845374, 10.262969809
10.272845369, 10.273005243
10.282845381, 10.282965705
10.292845366, 10.293012239
10.302845379, 10.302965634
10.312845378, 10.312996106
10.322845376, 10.322964211
10.332845367, 10.332999167
10.342845385, 10.342972078
10.352845361, 10.352992694
10.362845374, 10.362938992
10.372845378, 10.372999771
10.382845373, 10.382973661
10.392845386, 10.392997191
10.402845363, 10.402964952
10.412845366, 10.413001743
10.422845373, 10.422964963
10.432845375, 10.432997952
10.442845374, 10.442965707
10.452845367, 10.453003445
10.462845366, 10.462968954
10.472845373, 10.472998511
10.482845366, 10.482966946
10.492845366, 10.493001337
10.502845374, 10.502999853
10.512845378, 10.512997699
10.522845366, 10.522965745
10.532845372, 10.533034047
10.542845373, 10.542966420
10.552845373, 10.552995399
10.562845373, 10.562966769
10.572845372, 10.572999265
10.582845381, 10.582970638
10.592845373, 10.592998078
10.602845374, 10.602963354
10.612845380, 10.612999469
10.622845379, 10.622967717
10.632845375, 10.633008017
10.642845376, 10.642966553
10.652845369, 10.653003844
10.662845371, 10.662970123
10.672845373, 10.673002916
10.682845373, 10.682965983
10.692845380, 10.693003356
10.702845374, 10.702967761
10.712845377, 10.712994819
10.722845374, 10.722962880
10.732845367, 10.733006476
10.742845374, 10.742962691
10.752845378, 10.752996881
10.762845363, 10.762964041
10.772845373, 10.772997851
10.782845373, 10.782960201
10.792845380, 10.792994352
10.802845371, 10.802967281
10.812845366, 10.812996313
10.822845373, 10.822961260
10.832845377, 10.832995064
10.842845379, 10.842961477
10.852845369, 10.852998507
10.862845374, 10.862962516
10.872845370, 10.872996496
10.882845368, 10.882962333
10.892845362, 10.892995495
10.902845371, 10.902963217
10.912845378, 10.913004569
10.922845373, 10.922965443
10.932845369, 10.932995380
10.942845369, 10.942964172
10.952845361, 10.952996220
10.962845381, 10.962962230
10.972845366, 10.972994371
10.982845373, 10.982961434
10.992845383, 10.992994585
11.002845368, 11.002960427
11.012845375, 11.013000798
11.022845369, 11.022992011
11.032845370, 11.032989805
11.042845379, 11.042958820
11.052845372, 11.052999014
11.062845376, 11.062959150
11.072845369, 11.072993179
11.082845369, 11.082956546
11.092845369, 11.092999628
11.102845373, 11.102989460
11.112845367, 11.112998097
11.122845366, 11.122989171
11.132845366, 11.132997287
11.142845374, 11.142987560
11.152845367, 11.152995856
11.162845374, 11.162985842
11.172845370, 11.172997841
11.182845368, 11.182990923
11.192845386, 11.192993867
11.202845373, 11.202990144
11.212845370, 11.212998558
11.222845374, 11.222993165
11.232845366, 11.232988619
11.242845366, 11.242985540
11.252845369, 11.252994987
11.262845367, 11.262993176
11.272845373, 11.272989532
11.282845370, 11.282985704
11.292845365, 11.292998286
11.302845381, 11.302990356
11.312845366, 11.312995973
11.322845364, 11.322987992
11.332845366, 11.332995204
11.342845373, 11.342988766
11.352845369, 11.352989000
11.362845364, 11.362989279
11.372845371, 11.372994256
11.382845369, 11.382991263
11.392845366, 11.392991046
11.402845369, 11.402990387
11.412845376, 11.412991490
11.422845369, 11.422989381
11.432845374, 11.432993479
11.442845377, 11.442988745
11.452845368, 11.452994354
11.462845372, 11.462993021
11.472845388, 11.472990994
11.482845378, 11.482991994
11.492845373, 11.492995928
11.502845383, 11.502990622
11.512845381, 11.512995445
11.522845372, 11.522986465
11.532845374, 11.533001707
11.542845380, 11.542984806
11.552845371, 11.552991367
11.562845373, 11.562991311
11.572845368, 11.573000201
11.582845380, 11.582989888
11.592845366, 11.592992875
11.602845364, 11.602966708
11.612845365, 11.613002552
11.622845366, 11.622984408
11.632845373, 11.632986823
11.642845372, 11.642991994
11.652845369, 11.653002340
11.662845369, 11.662990551
11.672845369, 11.672994073
11.682845378, 11.682986282
11.692845377, 11.693002031
11.702845372, 11.702984081
11.712845368, 11.712985937
11.722845375, 11.722983671
11.732845365, 11.733002185
11.742845370, 11.742985643
11.752845373, 11.752987953
11.762845366, 11.762957879
11.772845365, 11.772999729
11.782845383, 11.782990970
11.792845376, 11.792985328
11.802845370, 11.802985177
11.812845376, 11.813002018
11.822845373, 11.822984432
11.832845373, 11.832989479
11.842845366, 11.842990663
11.852845368, 11.852999476
11.862845367, 11.862990119
11.872845369, 11.872987412
11.882845370, 11.882991462
11.892845377, 11.893002779
11.902845370, 11.902983579
11.912845373, 11.912988280
11.922845380, 11.922985562
11.932845376, 11.932995202
11.942845372, 11.942991447
11.952845388, 11.952987374
11.962845367, 11.962983614
11.972845374, 11.973001979
11.982845372, 11.982991502
11.992845373, 11.992986752
12.002845373, 12.002984312
12.012845414, 12.013003351
12.022845372, 12.022983876
12.032845375, 12.032987676
12.042845371, 12.042983944
12.052845368, 12.053000416
------------------------------
