------------------------------
test was performed using the following parameters: --mps=100 --burst=1 --reply-every=1 --msg-size=12 --time=10
------------------------------
sockperf: [Total Run] RunTime=10.100 sec; SentMessages=1011; ReceivedMessages=1010
sockperf: ========= Printing statistics for Server No: 0
sockperf: [Valid Duration] RunTime=9.990 sec; SentMessages=1000; ReceivedMessages=1000
sockperf: [2;35m====> avg-lat= 86.851 (std-dev=16.985)[0m
sockperf: # dropped messages = 0; # duplicated messages = 0; # out-of-order messages = 0
sockperf: [2;35mTotal 1000 observations[0m; each percentile contains 10.00 observations
sockperf: ---> <MAX> observation =  145.425
sockperf: ---> percentile  99.99 =  145.425
sockperf: ---> percentile  99.90 =  144.004
sockperf: ---> percentile  99.50 =  135.286
sockperf: ---> percentile  99.00 =  129.153
sockperf: ---> percentile  95.00 =  116.123
sockperf: ---> percentile  90.00 =  108.586
sockperf: ---> percentile  75.00 =   94.690
sockperf: ---> percentile  50.00 =   88.605
sockperf: ---> percentile  25.00 =   78.460
sockperf: ---> <MIN> observation =   37.061
------------------------------
txTime, rxTime
2.062984241, 2.063207805
2.072984226, 2.073154121
2.082984243, 2.083206186
2.092984222, 2.093228970
2.102984243, 2.103195422
2.112984241, 2.113169506
2.122984246, 2.123085981
2.132984220, 2.133167661
2.142984246, 2.143191753
2.152984224, 2.153180244
2.162984244, 2.163216491
2.172984247, 2.173170593
2.182984240, 2.183196522
2.192984243, 2.193179931
2.202984244, 2.203205505
2.212984226, 2.213105430
2.222984222, 2.223154657
2.232984249, 2.233229310
2.242984244, 2.243143071
2.252984224, 2.253189056
2.262984229, 2.263203474
2.272984246, 2.273130717
2.282984267, 2.283206833
2.292984246, 2.293197969
2.302984242, 2.303180731
2.312984230, 2.313203155
2.322984241, 2.323177619
2.332984226, 2.333140638
2.342984264, 2.343194652
2.352984243, 2.353176975
2.362984245, 2.363146761
2.372984224, 2.373108164
2.382984217, 2.383139857
2.392984227, 2.393159592
2.402984222, 2.403095397
2.412984226, 2.413169279
2.422984225, 2.423154724
2.432984224, 2.433162709
2.442984263, 2.443205589
2.452984241, 2.453176603
2.462984246, 2.463161123
2.472984219, 2.473104566
2.482984225, 2.483102841
2.492984230, 2.493149393
2.502984248, 2.503124201
2.512984228, 2.513149920
2.522984242, 2.523151663
2.532984241, 2.533094952
2.542984220, 2.543084878
2.552984217, 2.553082202
2.562984223, 2.563131227
2.572984219, 2.573111505
2.582984220, 2.583103082
2.592990121, 2.593104420
2.602984220, 2.603077054
2.612986767, 2.613090856
2.622984216, 2.623097877
2.632986958, 2.633092654
2.642984221, 2.643062220
2.652995525, 2.653081561
2.662984220, 2.663098720
2.672986961, 2.673091876
2.682984224, 2.683100027
2.692987023, 2.693100479
2.702984218, 2.703135331
2.712990039, 2.713088598
2.722984223, 2.723104467
2.732986513, 2.733077543
2.742984216, 2.743093432
2.752986862, 2.753092154
2.762984246, 2.763096741
2.772989732, 2.773081242
2.782984224, 2.783082637
2.792986431, 2.793091848
2.802984220, 2.803084039
2.812987102, 2.813094966
2.822984485, 2.823081453
2.832989704, 2.833096515
2.842984218, 2.843088057
2.852986519, 2.853149747
2.862984218, 2.863109867
2.872986471, 2.873138771
2.882984223, 2.883058346
2.892990003, 2.893097403
2.902984222, 2.903104695
2.912986348, 2.913093853
2.922984217, 2.923080599
2.932986439, 2.933135244
2.942984218, 2.943186987
2.952989393, 2.953155290
2.962984243, 2.963129429
2.972986098, 2.973117830
2.982984217, 2.983147789
2.992986354, 2.993200536
3.002984221, 3.003179523
3.012989385, 3.013147381
3.022984220, 3.023158815
3.032986336, 3.033187739
3.042984223, 3.043133703
3.052987501, 3.053170184
3.062984266, 3.063214129
3.072991264, 3.073227974
3.082984247, 3.083223761
3.092985962, 3.093215225
3.102984227, 3.103217451
3.112986298, 3.113228253
3.122984245, 3.123217483
3.132990952, 3.133225413
3.142984247, 3.143216267
3.152985920, 3.153225522
3.162984234, 3.163212867
3.172986016, 3.173214505
3.182984231, 3.183142048
3.192990014, 3.193152765
3.202984225, 3.203175331
3.212990707, 3.213188577
3.222984221, 3.223146104
3.232986030, 3.233142529
3.242984227, 3.243184842
3.252988953, 3.253183548
3.262984224, 3.263173657
3.272985806, 3.273178028
3.282984231, 3.283068380
3.292985945, 3.293112836
3.302984218, 3.303087549
3.312988932, 3.313138078
3.322984216, 3.323105427
3.332985515, 3.333157276
3.342984217, 3.343116915
3.352985879, 3.353164543
3.362984247, 3.363180639
3.372988960, 3.373142799
3.382984218, 3.383135229
3.392985452, 3.393120908
3.402984226, 3.403123357
3.412985749, 3.413149285
3.422984226, 3.423081863
3.432988889, 3.433135690
3.442984223, 3.443194857
3.452985202, 3.453148336
3.462984220, 3.463191543
3.472985567, 3.473154170
3.482984223, 3.483162504
3.492988654, 3.493162001
3.502984247, 3.503224387
3.512985242, 3.513172070
3.522984226, 3.523137475
3.532985851, 3.533193207
3.542984244, 3.543143105
3.552988245, 3.553185623
3.562984218, 3.563163613
3.572985894, 3.573151232
3.582984223, 3.583188231
3.592985227, 3.593169710
3.602984220, 3.603150044
3.612988297, 3.613163997
3.622984222, 3.623171731
3.632984880, 3.633178884
3.642984226, 3.643175213
3.652986415, 3.653177366
3.662984223, 3.663206778
3.672988199, 3.673159944
3.682984224, 3.683125936
3.692985920, 3.693164982
3.702984262, 3.703222119
3.712984952, 3.713158059
3.722984231, 3.723186969
3.732988073, 3.733169694
3.742984225, 3.743145182
3.752984682, 3.753161514
3.762984296, 3.763149372
3.772984726, 3.773137498
3.782984217, 3.783207416
3.792988706, 3.793171818
3.802984217, 3.803126597
3.812984598, 3.813157186
3.822984269, 3.823167066
3.832984809, 3.833134936
3.842984225, 3.843173576
3.852987783, 3.853153834
3.862984221, 3.863159460
3.872984917, 3.873156464
3.882984216, 3.883164333
3.892985201, 3.893159494
3.902984223, 3.903213369
3.912987792, 3.913153946
3.922984222, 3.923144636
3.932984606, 3.933146554
3.942984228, 3.943163386
3.952984911, 3.953184242
3.962984252, 3.963160739
3.972988026, 3.973140838
3.982984217, 3.983125246
3.992984638, 3.993182947
4.002984220, 4.003146338
4.012984675, 4.013162537
4.022984222, 4.023108314
4.032988076, 4.033136496
4.042984222, 4.043141376
4.052984331, 4.053101797
4.062984217, 4.063135307
4.072985351, 4.073122570
4.082984222, 4.083123662
4.092987413, 4.093125550
4.102984229, 4.103143215
4.112984218, 4.113164752
4.122984220, 4.123186061
4.132984304, 4.133110746
4.142984226, 4.143134314
4.152987187, 4.153144487
4.162984220, 4.163088213
4.172984221, 4.173113563
4.182984220, 4.183106841
4.192984438, 4.193113252
4.202984222, 4.203139442
4.212987363, 4.213066933
4.222984225, 4.223110977
4.232984219, 4.233112959
4.242984222, 4.243135884
4.252984219, 4.253118334
4.262984228, 4.263124857
4.272987186, 4.273177936
4.282984225, 4.283096171
4.292984227, 4.293137540
4.302984222, 4.303139719
4.312984222, 4.313164326
4.322984228, 4.323167743
4.332988433, 4.333139494
4.342984217, 4.343156681
4.352984217, 4.353164775
4.362984226, 4.363129442
4.372984217, 4.373114361
4.382984222, 4.383171789
4.392986786, 4.393144241
4.402984224, 4.403141193
4.412984222, 4.413138768
4.422984225, 4.423124088
4.432984219, 4.433215427
4.442984222, 4.443170246
4.452986942, 4.453149197
4.462984224, 4.463139770
4.472984223, 4.473178060
4.482984221, 4.483135060
4.492984224, 4.493178643
4.502984218, 4.503156622
4.512986717, 4.513189992
4.522984220, 4.523179008
4.532984224, 4.533152553
4.542984224, 4.543161301
4.552984220, 4.553156423
4.562984224, 4.563162712
4.572986769, 4.573140643
4.582984227, 4.583193756
4.592984224, 4.593172592
4.602984224, 4.603166491
4.612984221, 4.613130599
4.622984222, 4.623172549
4.632986379, 4.633144411
4.642984218, 4.643140256
4.652984224, 4.653151156
4.662984223, 4.663134866
4.672984218, 4.673162263
4.682984294, 4.683145061
4.692987053, 4.693177285
4.702984223, 4.703173966
4.712984218, 4.713154611
4.722984223, 4.723165086
4.732984226, 4.733192474
4.742984241, 4.743161893
4.752986698, 4.753174825
4.762984223, 4.763154246
4.772984222, 4.773176836
4.782984217, 4.783153572
4.792984265, 4.793144091
4.802984220, 4.803157311
4.812986246, 4.813179769
4.822984220, 4.823165982
4.832984216, 4.833228386
4.842984226, 4.843217295
4.852984244, 4.853259573
4.862984244, 4.863209552
4.872987829, 4.873227601
4.882984245, 4.883206496
4.892984230, 4.893208769
4.902984225, 4.903205830
4.912984241, 4.913214355
4.922984245, 4.923200815
4.932987761, 4.933216274
4.942984246, 4.943167141
4.952984233, 4.953208719
4.962984225, 4.963240236
4.972984699, 4.973255272
4.982984244, 4.983213457
4.992988447, 4.993197948
5.002984239, 5.003221295
5.012984229, 5.013163749
5.022984226, 5.023230912
5.032984226, 5.033212616
5.042984245, 5.043232297
5.052987454, 5.053229652
5.062984241, 5.063218550
5.072984229, 5.073209414
5.082984226, 5.083194104
5.092984249, 5.093219514
5.102984245, 5.103224907
5.112987595, 5.113221701
5.122984242, 5.123223692
5.132984227, 5.133197018
5.142984227, 5.143194582
5.152984244, 5.153205925
5.162984242, 5.163226148
5.172994864, 5.173194698
5.182984244, 5.183179830
5.192984229, 5.193179117
5.202984242, 5.203246038
5.212984227, 5.213175144
5.222984222, 5.223157501
5.232985599, 5.233156107
5.242984218, 5.243123081
5.252984219, 5.253137926
5.262984220, 5.263146691
5.272984222, 5.273156602
5.282984226, 5.283131369
5.292985234, 5.293149502
5.302984226, 5.303153944
5.312984265, 5.313128322
5.322984261, 5.323128161
5.332984256, 5.333111066
5.342984219, 5.343135056
5.352985087, 5.353105153
5.362984226, 5.363157952
5.372984226, 5.373170802
5.382984231, 5.383253062
5.392987208, 5.393180755
5.402984221, 5.403166781
5.412985064, 5.413147679
5.422984220, 5.423149277
5.432984222, 5.433088205
5.442984222, 5.443141511
5.452984221, 5.453105703
5.462984215, 5.463173281
5.472985092, 5.473114414
5.482984225, 5.483080604
5.492984221, 5.493140956
5.502984231, 5.503131557
5.512984227, 5.513193724
5.522984218, 5.523088974
5.532985045, 5.533151324
5.542984224, 5.543093986
5.552984223, 5.553127358
5.562984219, 5.563134514
5.572984221, 5.573110541
5.582984228, 5.583143871
5.592984717, 5.593078862
5.602984224, 5.603085585
5.612984225, 5.613110946
5.622984223, 5.623143562
5.632984222, 5.633125638
5.642984218, 5.643163789
5.652986513, 5.653182279
5.662984223, 5.663166446
5.672984216, 5.673064206
5.682984218, 5.683168957
5.692984219, 5.693122608
5.702984229, 5.703097087
5.712984863, 5.713099739
5.722984221, 5.723131092
5.732984220, 5.733134558
5.742984226, 5.743130119
5.752984223, 5.753088344
5.762984224, 5.763161580
5.772984782, 5.773124409
5.782984224, 5.783127998
5.792984417, 5.793132757
5.802984269, 5.803141644
5.812984227, 5.813143478
5.822984226, 5.823092545
5.832984544, 5.833116097
5.842984218, 5.843116242
5.852984217, 5.853134379
5.862984225, 5.863163526
5.872984219, 5.873133300
5.882984225, 5.883138022
5.892984867, 5.893124728
5.902984259, 5.903115453
5.912984220, 5.913141493
5.922984221, 5.923196683
5.932984220, 5.933092077
5.942984220, 5.943147210
5.952984647, 5.953106966
5.962984224, 5.963173898
5.972984226, 5.973180344
5.982984225, 5.983151588
5.992984232, 5.993152814
6.002984263, 6.003128767
6.012984420, 6.013175239
6.022984220, 6.023155265
6.032984221, 6.033189327
6.042984225, 6.043147724
6.052984248, 6.053169269
6.062984222, 6.063177182
6.072984254, 6.073162934
6.082984220, 6.083182313
6.092984226, 6.093154563
6.102984221, 6.103173161
6.112984270, 6.113135962
6.122984228, 6.123133960
6.132984261, 6.133160030
6.142984219, 6.143190955
6.152984221, 6.153170883
6.162984226, 6.163115194
6.172984224, 6.173168138
6.182984223, 6.183197067
6.192984278, 6.193166069
6.202984225, 6.203191863
6.212984229, 6.213101094
6.222984218, 6.223175622
6.232984228, 6.233091200
6.242984223, 6.243153972
6.252985359, 6.253127106
6.262984220, 6.263105247
6.272984225, 6.273131765
6.282984230, 6.283124233
6.292984259, 6.293101576
6.302984222, 6.303127086
6.312984724, 6.313114326
6.322984219, 6.323141880
6.332984224, 6.333148482
6.342984217, 6.343105746
6.352984224, 6.353137291
6.362984233, 6.363138456
6.372984220, 6.373063812
6.382984221, 6.383123038
6.392984225, 6.393151662
6.402984227, 6.403103578
6.412984225, 6.413114855
6.422984221, 6.423168575
6.432984216, 6.433207950
6.442984221, 6.443131914
6.452984222, 6.453145784
6.462984222, 6.463134935
6.472984226, 6.473097948
6.482984222, 6.483170194
6.492984216, 6.493137158
6.502984222, 6.503074582
6.512984218, 6.513122286
6.522984226, 6.523122075
6.532984262, 6.533102839
6.542984225, 6.543091366
6.552984213, 6.553059320
6.562984220, 6.563122939
6.572984230, 6.573090639
6.582984228, 6.583109550
6.592984230, 6.593187635
6.602984223, 6.603158031
6.612984214, 6.613098261
6.622984229, 6.623098693
6.632984218, 6.633141436
6.642984222, 6.643085881
6.652984219, 6.653098119
6.662984258, 6.663140679
6.672984219, 6.673098454
6.682984225, 6.683092609
6.692984217, 6.693121340
6.702984226, 6.703100191
6.712984224, 6.713111887
6.722984220, 6.723134182
6.732984221, 6.733114368
6.742984218, 6.743132676
6.752984233, 6.753156771
6.762984237, 6.763173342
6.772984269, 6.773160125
6.782984225, 6.783159018
6.792984213, 6.793192609
6.802984226, 6.803165939
6.812984230, 6.813181311
6.822984218, 6.823166683
6.832984225, 6.833185779
6.842984223, 6.843155240
6.852984216, 6.853145748
6.862984229, 6.863187671
6.872984265, 6.873161490
6.882984233, 6.883169821
6.892984222, 6.893142682
6.902984223, 6.903148568
6.912989227, 6.913184242
6.922984223, 6.923159939
6.932984216, 6.933177251
6.942984228, 6.943142516
6.952984221, 6.953143410
6.962984224, 6.963148468
6.972984218, 6.973202116
6.982984223, 6.983151982
6.992984222, 6.993186232
7.002984221, 7.003171518
7.012984220, 7.013187851
7.022984220, 7.023194835
7.032984221, 7.033180577
7.042984223, 7.043190125
7.052984222, 7.053166189
7.062984266, 7.063171703
7.072984219, 7.073159143
7.082984228, 7.083167716
7.092984213, 7.093130848
7.102984224, 7.103141710
7.112984221, 7.113141141
7.122984220, 7.123151108
7.132984221, 7.133121737
7.142984222, 7.143160012
7.152984216, 7.153142025
7.162984239, 7.163130038
7.172984224, 7.173128196
7.182984228, 7.183124864
7.192984221, 7.193154016
7.202984331, 7.203166351
7.212984221, 7.213151466
7.222984218, 7.223211461
7.232984221, 7.233159486
7.242984233, 7.243259987
7.252984228, 7.253185562
7.262984218, 7.263229249
7.272984220, 7.273139197
7.282984249, 7.283160224
7.292984252, 7.293162235
7.302984230, 7.303156413
7.312984251, 7.313158885
7.322984224, 7.323185566
7.332984267, 7.333148146
7.342984222, 7.343154911
7.352984224, 7.353169048
7.362984218, 7.363187388
7.372984219, 7.373142231
7.382984226, 7.383190905
7.392984217, 7.393166386
7.402984218, 7.403136533
7.412984224, 7.413185118
7.422984225, 7.423198953
7.432984249, 7.433182140
7.442984246, 7.443220649
7.452984226, 7.453182214
7.462984240, 7.463275091
7.472984228, 7.473169505
7.482984228, 7.483182454
7.492984227, 7.493175972
7.502984218, 7.503205758
7.512984215, 7.513180938
7.522984218, 7.523186112
7.532984265, 7.533177495
7.542984220, 7.543151583
7.552984226, 7.553136022
7.562984228, 7.563155069
7.572984213, 7.573181551
7.582984224, 7.583197227
7.592984218, 7.593142334
7.602984222, 7.603163757
7.612984223, 7.613156864
7.622984266, 7.623141931
7.632984214, 7.633173377
7.642984224, 7.643162253
7.652984226, 7.653176426
7.662984226, 7.663142866
7.672984220, 7.673179944
7.682984223, 7.683199904
7.692984216, 7.693162130
7.702984222, 7.703158109
7.712984220, 7.713170962
7.722984223, 7.723177846
7.732984225, 7.733178426
7.742984220, 7.743184297
7.752984216, 7.753162896
7.762984217, 7.763164656
7.772984224, 7.773174985
7.782984223, 7.783181102
7.792984227, 7.793196709
7.802984223, 7.803192420
7.812984221, 7.813189005
7.822984239, 7.823206932
7.832984233, 7.833247278
7.842984229, 7.843171687
7.852984267, 7.853140398
7.862984217, 7.863173551
7.872984217, 7.873153446
7.882984227, 7.883215971
7.892984227, 7.893213345
7.902984228, 7.903217597
7.912984242, 7.913231121
7.922984242, 7.923209360
7.932984222, 7.933160755
7.942984251, 7.943186656
7.952984229, 7.953176919
7.962984231, 7.963201641
7.972984244, 7.973237602
7.982984241, 7.983230295
7.992984229, 7.993212929
8.002984242, 8.003246907
8.012984228, 8.013194494
8.022984223, 8.023185415
8.032984249, 8.033272259
8.042984247, 8.043260870
8.052984228, 8.053228002
8.062984248, 8.063213752
8.072984224, 8.073211448
8.082984225, 8.083220040
8.092984248, 8.093195564
8.102984248, 8.103242556
8.112984224, 8.113212443
8.122984242, 8.123236352
8.132984228, 8.133169393
8.142984229, 8.143229915
8.152984248, 8.153206542
8.162984242, 8.163180463
8.172984226, 8.173155692
8.182984239, 8.183229895
8.192984232, 8.193150856
8.202984225, 8.203152876
8.212984223, 8.213189088
8.222984227, 8.223141182
8.232984250, 8.233127984
8.242984223, 8.243151211
8.252984220, 8.253146753
8.262984220, 8.263148341
8.272984217, 8.273176861
8.282984223, 8.283137668
8.292984219, 8.293103668
8.302984226, 8.303136990
8.312984219, 8.313097387
8.322984226, 8.323165336
8.332984227, 8.333129615
8.342984222, 8.343121690
8.352984221, 8.353136509
8.362984269, 8.363117363
8.372984226, 8.373151451
8.382984218, 8.383154099
8.392984219, 8.393096529
8.402984223, 8.403089861
8.412984216, 8.413120233
8.422984223, 8.423132922
8.432984219, 8.433172569
8.442984223, 8.443170320
8.452984218, 8.453157434
8.462984220, 8.463173601
8.472984213, 8.473154016
8.482984223, 8.483156813
8.492984226, 8.493163550
8.502984219, 8.503160088
8.512984218, 8.513149847
8.522984223, 8.523166565
8.532984224, 8.533204967
8.542984218, 8.543146419
8.552984225, 8.553163141
8.562984221, 8.563188104
8.572984223, 8.573201395
8.582984225, 8.583145145
8.592984260, 8.593198752
8.602984222, 8.603167595
8.612984226, 8.613196879
8.622984218, 8.623154779
8.632984222, 8.633179971
8.642984223, 8.643172720
8.652984216, 8.653155827
8.662984226, 8.663153606
8.672984222, 8.673163399
8.682984226, 8.683162192
8.692984222, 8.693162470
8.702984220, 8.703159766
8.712984216, 8.713134445
8.722984224, 8.723159646
8.732984224, 8.733167443
8.742984222, 8.743164647
8.752984227, 8.753213747
8.762984223, 8.763133766
8.772984212, 8.773176899
8.782984227, 8.783188485
8.792984217, 8.793160279
8.802984226, 8.803168157
8.812984224, 8.813192343
8.822984220, 8.823156319
8.832984221, 8.833175570
8.842984227, 8.843177977
8.852984219, 8.853203019
8.862984221, 8.863133501
8.872984226, 8.873201960
8.882984226, 8.883166785
8.892984221, 8.893144627
8.902984220, 8.903170162
8.912984225, 8.913175197
8.922984219, 8.923159156
8.932984223, 8.933209276
8.942984226, 8.943153123
8.952984219, 8.953178826
8.962984220, 8.963189242
8.972984219, 8.973162805
8.982984227, 8.983157734
8.992984220, 8.993174515
9.002984219, 9.003139042
9.012984218, 9.013160036
9.022984224, 9.023152948
9.032984222, 9.033184716
9.042984223, 9.043156345
9.052984222, 9.053145346
9.062984222, 9.063170471
9.072984230, 9.073151933
9.082984356, 9.083157508
9.092984217, 9.093178689
9.102984223, 9.103189204
9.112984222, 9.113148572
9.122984225, 9.123136742
9.132984229, 9.133145036
9.142984220, 9.143171796
9.152984219, 9.153139453
9.162984225, 9.163151176
9.172984226, 9.173151128
9.182984228, 9.183181712
9.192984216, 9.193154639
9.202984222, 9.203153307
9.212984219, 9.213109047
9.222984225, 9.223174823
9.232984219, 9.233165263
9.242984226, 9.243163671
9.252984216, 9.253155899
9.262984218, 9.263161720
9.272984219, 9.273157740
9.282984220, 9.283148635
9.292984226, 9.293169877
9.302984223, 9.303145699
9.312984214, 9.313168845
9.322984222, 9.323173351
9.332984218, 9.333116636
9.342984265, 9.343153600
9.352984267, 9.353163288
9.362984228, 9.363202343
9.372984218, 9.373108187
9.382984225, 9.383079268
9.392984222, 9.393120353
9.402984226, 9.403148660
9.412984222, 9.413142759
9.422984224, 9.423109724
9.432984217, 9.433101175
9.442984222, 9.443148227
9.452984222, 9.453120109
9.462984218, 9.463154804
9.472984218, 9.473182671
9.482984224, 9.483152802
9.492984219, 9.493197724
9.502984223, 9.503214817
9.512984226, 9.513163942
9.522984226, 9.523182993
9.532984222, 9.533216683
9.542984226, 9.543140987
9.552984219, 9.553198413
9.562984226, 9.563154542
9.572984221, 9.573193240
9.582984226, 9.583179061
9.592984219, 9.593170016
9.602984261, 9.603165092
9.612984261, 9.613146486
9.622984222, 9.623179390
9.632984216, 9.633152973
9.642984263, 9.643186187
9.652984225, 9.653135547
9.662984221, 9.663162300
9.672984214, 9.673181756
9.682984218, 9.683178542
9.692984218, 9.693227453
9.702984220, 9.703176941
9.712984218, 9.713213850
9.722984220, 9.723233582
9.732984215, 9.733156304
9.742984227, 9.743172371
9.752984229, 9.753174348
9.762984224, 9.763151264
9.772984222, 9.773174874
9.782984222, 9.783175933
9.792984219, 9.793157849
9.802984244, 9.803136547
9.812984225, 9.813163436
9.822984219, 9.823149707
9.832984220, 9.833165352
9.842984218, 9.843142517
9.852984214, 9.853159004
9.862984221, 9.863156348
9.872984221, 9.873166669
9.882984263, 9.883129993
9.892984224, 9.893148088
9.902984223, 9.903159504
9.912984222, 9.913180321
9.922984223, 9.923147385
9.932984224, 9.933089643
9.942984221, 9.943078777
9.952984254, 9.953138724
9.962984229, 9.963164672
9.972984216, 9.973158192
9.982984236, 9.983175431
9.992984219, 9.993167060
10.002984222, 10.003167435
10.012984219, 10.013167160
10.022984222, 10.023165386
10.032984214, 10.033168316
10.042984222, 10.043162644
10.052984224, 10.053167054
10.062984225, 10.063165222
10.072984224, 10.073156703
10.082984225, 10.083157166
10.092984218, 10.093153137
10.102984223, 10.103154702
10.112984222, 10.113153220
10.122984218, 10.123152777
10.132984226, 10.133154430
10.142984223, 10.143145494
10.152984214, 10.153151475
10.162984223, 10.163155138
10.172984218, 10.173158533
10.182984225, 10.183152125
10.192984221, 10.193161863
10.202984218, 10.203163068
10.212984216, 10.213163009
10.222984217, 10.223161636
10.232984222, 10.233163464
10.242984222, 10.243163630
10.252984226, 10.253163101
10.262984225, 10.263161505
10.272984214, 10.273166768
10.282984220, 10.283161432
10.292984222, 10.293163868
10.302984223, 10.303163269
10.312984216, 10.313161707
10.322984222, 10.323162751
10.332984222, 10.333130711
10.342984223, 10.343128825
10.352984220, 10.353165480
10.362984258, 10.363163275
10.372984219, 10.373161968
10.382984222, 10.383161439
10.392984214, 10.393160487
10.402984217, 10.403164085
10.412984219, 10.413162428
10.422984226, 10.423160217
10.432984221, 10.433165504
10.442984218, 10.443161459
10.452984213, 10.453161116
10.462984220, 10.463161673
10.472984227, 10.473163879
10.482984220, 10.483158403
10.492984227, 10.493161416
10.502984220, 10.503163640
10.512984222, 10.513168259
10.522984233, 10.523163106
10.532984224, 10.533162666
10.542984217, 10.543161496
10.552984263, 10.553163563
10.562984220, 10.563162271
10.572984214, 10.573160453
10.582984229, 10.583166625
10.592984226, 10.593169078
10.602984225, 10.603161271
10.612984224, 10.613163629
10.622984228, 10.623161965
10.632984221, 10.633160825
10.642984217, 10.643160712
10.652984219, 10.653159976
10.662984261, 10.663161925
10.672984219, 10.673167731
10.682984222, 10.683161118
10.692984219, 10.693163993
10.702984217, 10.703164832
10.712984224, 10.713157293
10.722984218, 10.723162781
10.732984238, 10.733161255
10.742984220, 10.743163669
10.752984254, 10.753166852
10.762984217, 10.763164502
10.772984224, 10.773161961
10.782984220, 10.783162463
10.792984224, 10.793164215
10.802984226, 10.803164251
10.812984219, 10.813160830
10.822984225, 10.823116670
10.832984218, 10.833161189
10.842984217, 10.843155216
10.852984229, 10.853160982
10.862984269, 10.863161516
10.872984214, 10.873161530
10.882984217, 10.883162802
10.892984226, 10.893161978
10.902984220, 10.903161314
10.912984219, 10.913168507
10.922984223, 10.923163858
10.932984221, 10.933161202
10.942984220, 10.943163602
10.952984224, 10.953160753
10.962984225, 10.963119765
10.972984220, 10.973163540
10.982984217, 10.983160789
10.992984218, 10.993169227
11.002984217, 11.003160183
11.012984227, 11.013162902
11.022984218, 11.023164458
11.032984224, 11.033162977
11.042984217, 11.043122432
11.052984214, 11.053160577
11.062984222, 11.063163591
11.072984218, 11.073164323
11.082984225, 11.083162818
11.092984219, 11.093162928
11.102984223, 11.103163971
11.112984214, 11.113163219
11.122984220, 11.123161496
11.132984218, 11.133164137
11.142984226, 11.143161562
11.152984221, 11.153165509
11.162984215, 11.163160658
11.172984216, 11.173161334
11.182984223, 11.183161946
11.192984267, 11.193162095
11.202984220, 11.203162511
11.212984222, 11.213162927
11.222984218, 11.223160880
11.232984227, 11.233168259
11.242984220, 11.243164037
11.252984222, 11.253164226
11.262984218, 11.263160300
11.272984218, 11.273160266
11.282984217, 11.283160724
11.292984213, 11.293161081
11.302984217, 11.303162036
11.312984219, 11.313168941
11.322984223, 11.323161755
11.332984226, 11.333163911
11.342984220, 11.343163219
11.352984213, 11.353161730
11.362984226, 11.363157837
11.372984227, 11.373164185
11.382984220, 11.383112476
11.392984266, 11.393168226
11.402984220, 11.403162269
11.412984221, 11.413163110
11.422984225, 11.423162549
11.432984219, 11.433163710
11.442984217, 11.443113413
11.452984222, 11.453163492
11.462984215, 11.463162223
11.472984214, 11.473166094
11.482984222, 11.483163060
11.492984224, 11.493163955
11.502984225, 11.503161289
11.512984221, 11.513162897
11.522984225, 11.523163180
11.532984221, 11.533162302
11.542984225, 11.543161453
11.552984218, 11.553160236
11.562984226, 11.563161123
11.572984227, 11.573162764
11.582984217, 11.583162500
11.592984221, 11.593160874
11.602984222, 11.603161886
11.612984226, 11.613163599
11.622984217, 11.623162127
11.632984222, 11.633164318
11.642984218, 11.643114768
11.652984223, 11.653164173
11.662984220, 11.663164961
11.672984219, 11.673164804
11.682984225, 11.683160624
11.692984218, 11.693162281
11.702984223, 11.703161860
11.712984218, 11.713165965
11.722984218, 11.723164706
11.732984219, 11.733161905
11.742984217, 11.743161391
11.752984224, 11.753164707
11.762984220, 11.763162443
11.772984219, 11.773160586
11.782984218, 11.783163681
11.792984224, 11.793167583
11.802984225, 11.803162812
11.812984226, 11.813161243
11.822984215, 11.823161291
11.832984214, 11.833162319
11.842984218, 11.843163475
11.852984222, 11.853161079
11.862984223, 11.863135128
11.872984222, 11.873165695
11.882984222, 11.883163485
11.892984262, 11.893152768
11.902984217, 11.903162789
11.912984221, 11.913164155
11.922984225, 11.923159134
11.932984222, 11.933161130
11.942984225, 11.943163621
11.952984221, 11.953166280
11.962984217, 11.963160842
11.972984221, 11.973160799
11.982984217, 11.983161120
11.992984216, 11.993162534
12.002984218, 12.003162908
12.012984216, 12.013160241
12.022984250, 12.023161598
12.032984222, 12.033169580
12.042984217, 12.043164210
12.052984218, 12.053162870
------------------------------
