------------------------------
test was performed using the following parameters: --mps=100 --burst=1 --reply-every=1 --msg-size=12 --time=10
------------------------------
sockperf: [Total Run] RunTime=10.100 sec; SentMessages=1011; ReceivedMessages=1010
sockperf: ========= Printing statistics for Server No: 0
sockperf: [Valid Duration] RunTime=9.990 sec; SentMessages=1000; ReceivedMessages=1000
sockperf: [2;35m====> avg-lat=1393.785 (std-dev=710.372)[0m
sockperf: # dropped messages = 0; # duplicated messages = 0; # out-of-order messages = 0
sockperf: [2;35mTotal 1000 observations[0m; each percentile contains 10.00 observations
sockperf: ---> <MAX> observation = 7740.161
sockperf: ---> percentile  99.99 = 7740.161
sockperf: ---> percentile  99.90 = 1983.659
sockperf: ---> percentile  99.50 = 1965.530
sockperf: ---> percentile  99.00 = 1959.826
sockperf: ---> percentile  95.00 = 1927.237
sockperf: ---> percentile  90.00 = 1906.185
sockperf: ---> percentile  75.00 = 1835.633
sockperf: ---> percentile  50.00 = 1707.809
sockperf: ---> percentile  25.00 = 1405.307
sockperf: ---> <MIN> observation =   61.115
------------------------------
txTime, rxTime
2.066683235, 2.069696758
2.076683244, 2.079651449
2.086683239, 2.089544918
2.096683240, 2.099652564
2.106683252, 2.109598357
2.116683250, 2.119717042
2.126683261, 2.129648621
2.136683241, 2.139773458
2.146683235, 2.149784614
2.156683256, 2.159765717
2.166683231, 2.169780224
2.176683250, 2.179786933
2.186683256, 2.189879443
2.196683254, 2.199760893
2.206683252, 2.209901690
2.216683256, 2.220048071
2.226683260, 2.230020979
2.236683251, 2.240057219
2.246683258, 2.250147841
2.256683253, 2.260071093
2.266683239, 2.270111217
2.276683231, 2.280138507
2.286683235, 2.290232076
2.296683248, 2.300225704
2.306683244, 2.310196334
2.316683234, 2.320213399
2.326683250, 2.330230687
2.336683248, 2.340322815
2.346683233, 2.350213505
2.356683250, 2.360265403
2.366683252, 2.370199862
2.376683232, 2.380342930
2.386683254, 2.390450688
2.396683234, 2.400329049
2.406683239, 2.410359624
2.416683250, 2.420445283
2.426683255, 2.430433399
2.436683256, 2.440519297
2.446683257, 2.450462986
2.456683256, 2.460454233
2.466683257, 2.470439282
2.476683251, 2.480522619
2.486683239, 2.490518080
2.496683252, 2.499363247
2.506683258, 2.509473126
2.516683239, 2.519475316
2.526683235, 2.529454774
2.536683250, 2.539508620
2.546683235, 2.549414998
2.556683253, 2.559488838
2.566683241, 2.569660833
2.576683239, 2.579653138
2.586683241, 2.589584719
2.596683250, 2.599655656
2.606683241, 2.609570012
2.616683261, 2.619527513
2.626683257, 2.629726909
2.636683253, 2.639874810
2.646683238, 2.649664524
2.656683253, 2.659694666
2.666683240, 2.669760236
2.676683256, 2.679834991
2.686683258, 2.689938161
2.696683240, 2.699841267
2.706683236, 2.709862741
2.716683250, 2.719844759
2.726683246, 2.729995502
2.736683238, 2.740032659
2.746683238, 2.749933054
2.756683237, 2.760010107
2.766683239, 2.769969071
2.776683251, 2.779985086
2.786683237, 2.790092855
2.796683265, 2.800067551
2.806683258, 2.810040234
2.816683235, 2.820050549
2.826683233, 2.830068828
2.836683253, 2.840120795
2.846683241, 2.850049839
2.856683240, 2.860245326
2.866683242, 2.870106995
2.876683237, 2.880133798
2.886683257, 2.890235209
2.896683254, 2.900176208
2.906683239, 2.910167124
2.916683235, 2.920429483
2.926683235, 2.930340339
2.936683237, 2.940374582
2.946683231, 2.950373758
2.956683275, 2.960321972
2.966683236, 2.970428384
2.976683235, 2.980421476
2.986683245, 2.990523243
2.996683239, 3.000515686
3.006683255, 3.010515656
3.016683257, 3.020526871
3.026683269, 3.030554268
3.036683235, 3.040612866
3.046683235, 3.050580002
3.056683229, 3.060578198
3.066683228, 3.070595415
3.076683248, 3.079947576
3.086683245, 3.089970508
3.096683249, 3.099905415
3.106683241, 3.109989090
3.116683240, 3.119946991
3.126683236, 3.130052756
3.136683250, 3.140041373
3.146683246, 3.150052247
3.156683254, 3.159991408
3.166683233, 3.170145655
3.176683235, 3.180077288
3.186683254, 3.190190447
3.196683231, 3.200104797
3.206683235, 3.210241363
3.216683242, 3.220185750
3.226683244, 3.230266432
3.236683242, 3.240178955
3.246683247, 3.250289152
3.256683250, 3.260290277
3.266683240, 3.270251393
3.276683232, 3.280386027
3.286683254, 3.290298894
3.296683234, 3.300368542
3.306683236, 3.310375122
3.316683253, 3.320455595
3.326683242, 3.330446960
3.336683231, 3.340413184
3.346683239, 3.350505229
3.356683232, 3.360490569
3.366683236, 3.370508975
3.376683261, 3.380598330
3.386683252, 3.390191567
3.396683243, 3.399844865
3.406683255, 3.409902616
3.416683251, 3.419897617
3.426683235, 3.429771243
3.436683256, 3.439918678
3.446683253, 3.449882554
3.456683236, 3.459994084
3.466683236, 3.469937436
3.476683250, 3.479952572
3.486683252, 3.489967391
3.496683250, 3.500000509
3.506683242, 3.510011672
3.516683254, 3.520129604
3.526683257, 3.530182651
3.536683237, 3.540220258
3.546683254, 3.550205899
3.556683250, 3.560213805
3.566683261, 3.570280146
3.576683251, 3.580246477
3.586683247, 3.590150438
3.596683256, 3.600286703
3.606683249, 3.610127192
3.616683251, 3.620231607
3.626683236, 3.630303476
3.636683257, 3.640375617
3.646683254, 3.650395246
3.656683256, 3.660423941
3.666683241, 3.670392624
3.676683251, 3.680418103
3.686683256, 3.690353791
3.696683237, 3.700500717
3.706683252, 3.710439513
3.716683240, 3.720495211
3.726683255, 3.730481894
3.736683248, 3.740522826
3.746683242, 3.750386235
3.756683250, 3.760567790
3.766683243, 3.770620378
3.776683256, 3.779986331
3.786683236, 3.789697538
3.796683251, 3.799600872
3.806683261, 3.809755786
3.816683241, 3.819671611
3.826683255, 3.829837087
3.836683240, 3.839693146
3.846683239, 3.849756083
3.856683253, 3.859852289
3.866683242, 3.869793801
3.876683244, 3.879792913
3.886683241, 3.889874095
3.896683239, 3.899923542
3.906683260, 3.909940924
3.916683256, 3.919933159
3.926683247, 3.929961711
3.936683246, 3.939957838
3.946683258, 3.950017500
3.956683242, 3.960041994
3.966683238, 3.970036102
3.976683250, 3.980045569
3.986683248, 3.990114755
3.996683258, 4.000174605
4.006683238, 4.010040653
4.016683250, 4.020018323
4.026683233, 4.030222079
4.036683253, 4.040149784
4.046683237, 4.050215523
4.056683235, 4.060215089
4.066683259, 4.070267821
4.076683227, 4.080197753
4.086683239, 4.090280140
4.096683262, 4.100303340
4.106683247, 4.110259952
4.116683234, 4.120373223
4.126683235, 4.130462118
4.136683240, 4.140364501
4.146683230, 4.150481339
4.156683256, 4.160339957
4.166683248, 4.170497993
4.176683251, 4.180551157
4.186683250, 4.190532943
4.196683248, 4.200489893
4.206683231, 4.210603657
4.216683248, 4.220229080
4.226683259, 4.230146457
4.236683258, 4.240112235
4.246683255, 4.250204045
4.256683240, 4.260209797
4.266683260, 4.270252413
4.276683259, 4.280333880
4.286683242, 4.290355359
4.296683237, 4.300383288
4.306683244, 4.310404750
4.316683250, 4.320474055
4.326683233, 4.330403140
4.336683251, 4.340357605
4.346683250, 4.350375088
4.356683237, 4.360524396
4.366683250, 4.370505581
4.376683254, 4.380471119
4.386683260, 4.390442376
4.396683256, 4.400588500
4.406683243, 4.410493872
4.416683261, 4.420548128
4.426683254, 4.430564149
4.436683254, 4.440566826
4.446683256, 4.450391506
4.456683251, 4.460208108
4.466683259, 4.470203992
4.476683237, 4.480169761
4.486683244, 4.490260708
4.496683233, 4.500203220
4.506683247, 4.510210552
4.516683234, 4.520354500
4.526683255, 4.530321231
4.536683239, 4.540347821
4.546683254, 4.550333029
4.556683235, 4.560298505
4.566683255, 4.570432898
4.576683260, 4.580377868
4.586683246, 4.590371167
4.596683250, 4.600495621
4.606683253, 4.610459024
4.616683234, 4.620579268
4.626683252, 4.630556089
4.636683248, 4.640577772
4.646683245, 4.650644087
4.656683248, 4.660614309
4.666683261, 4.670554476
4.676683242, 4.680562830
4.686683234, 4.690650554
4.696683256, 4.700572567
4.706683255, 4.709871384
4.716683252, 4.719971034
4.726683255, 4.729923570
4.736683253, 4.739914023
4.746683235, 4.749890235
4.756683251, 4.760035677
4.766683241, 4.769894254
4.776683253, 4.780126290
4.786683254, 4.790035682
4.796683253, 4.800054641
4.806683239, 4.810062612
4.816683256, 4.820051132
4.826683237, 4.829992750
4.836683237, 4.840052712
4.846683256, 4.850100319
4.856683240, 4.860013974
4.866683236, 4.870181505
4.876683250, 4.880186002
4.886683254, 4.890220509
4.896683234, 4.900266769
4.906683237, 4.910309038
4.916683240, 4.920274067
4.926683234, 4.930245341
4.936683253, 4.940193646
4.946683250, 4.950280550
4.956683234, 4.960247648
4.966683253, 4.970295887
4.976683239, 4.980376542
4.986683239, 4.990379074
4.996683251, 5.000520502
5.006683244, 5.010489774
5.016683232, 5.020476137
5.026683245, 5.030452690
5.036683240, 5.040536715
5.046683261, 5.050429346
5.056683251, 5.060467107
5.066683240, 5.070511268
5.076683254, 5.080619845
5.086683240, 5.090427624
5.096683240, 5.099868016
5.106683249, 5.109440438
5.116683253, 5.119388131
5.126683244, 5.129341860
5.136683235, 5.139500075
5.146683235, 5.149550553
5.156683234, 5.159543263
5.166683233, 5.169629461
5.176683262, 5.179569273
5.186683243, 5.189569708
5.196683242, 5.199575493
5.206683238, 5.209600922
5.216683248, 5.219508815
5.226683228, 5.229617887
5.236683256, 5.239672746
5.246683239, 5.249709647
5.256683255, 5.259727159
5.266683238, 5.269694685
5.276683297, 5.279691077
5.286683236, 5.289751211
5.296683246, 5.299891314
5.306683237, 5.309871582
5.316683259, 5.319914683
5.326683257, 5.329980887
5.336683254, 5.340028278
5.346683233, 5.349954544
5.356683248, 5.360000341
5.366683253, 5.369996284
5.376683252, 5.380013199
5.386683242, 5.389987843
5.396683239, 5.400206889
5.406683241, 5.410167587
5.416683235, 5.420098855
5.426683252, 5.430143388
5.436683238, 5.440165298
5.446683255, 5.450211492
5.456683250, 5.460252382
5.466683247, 5.470180564
5.476683262, 5.480332962
5.486683253, 5.490258592
5.496683235, 5.500378950
5.506683236, 5.510295351
5.516683240, 5.520331194
5.526683239, 5.530441979
5.536683250, 5.540348117
5.546683258, 5.550374699
5.556683240, 5.560454573
5.566683241, 5.570434034
5.576683231, 5.580508423
5.586683255, 5.590481495
5.596683250, 5.600551937
5.606683262, 5.610520560
5.616683229, 5.620528852
5.626683245, 5.630555709
5.636683234, 5.640579151
5.646683241, 5.650078507
5.656683251, 5.660170811
5.666683236, 5.670176534
5.676683229, 5.680173099
5.686683261, 5.690250730
5.696683234, 5.700245381
5.706683249, 5.710344955
5.716683251, 5.720274307
5.726683237, 5.730261916
5.736683229, 5.740388241
5.746683245, 5.750402084
5.756683235, 5.760412708
5.766683236, 5.770585120
5.776683246, 5.780381592
5.786683239, 5.790574768
5.796683234, 5.800485884
5.806683263, 5.810582514
5.816683234, 5.820420342
5.826683235, 5.830438789
5.836683253, 5.840512454
5.846683238, 5.850536083
5.856683234, 5.860336280
5.866683235, 5.870343587
5.876683231, 5.880261504
5.886683235, 5.890412015
5.896683254, 5.900417098
5.906683236, 5.910347613
5.916683232, 5.920450437
5.926683239, 5.930384208
5.936683234, 5.940508770
5.946683254, 5.950471829
5.956683257, 5.960487636
5.966683238, 5.970613557
5.976683232, 5.980522496
5.986683244, 5.990551019
5.996683254, 6.000314162
6.006683252, 6.010426314
6.016683250, 6.020333009
6.026683237, 6.030275163
6.036683253, 6.040257718
6.046683252, 6.050308340
6.056683237, 6.060426517
6.066683235, 6.070412490
6.076683256, 6.080375460
6.086683256, 6.090479078
6.096683253, 6.100461646
6.106683246, 6.110449121
6.116683242, 6.120478306
6.126683231, 6.130490956
6.136683256, 6.140508002
6.146683244, 6.150277545
6.156683248, 6.159996357
6.166683243, 6.170128768
6.176683234, 6.180101991
6.186683233, 6.190039396
6.196683251, 6.200090162
6.206683243, 6.210040651
6.216683252, 6.220098317
6.226683242, 6.230197854
6.236683224, 6.240227593
6.246683233, 6.250277472
6.256683253, 6.260233643
6.266683236, 6.270230134
6.276683240, 6.280225250
6.286683256, 6.290311336
6.296683242, 6.300350790
6.306683233, 6.310325602
6.316683254, 6.320354105
6.326683244, 6.330343111
6.336683250, 6.340408069
6.346683241, 6.350417517
6.356683237, 6.360422022
6.366683235, 6.370536807
6.376683248, 6.380502066
6.386683236, 6.390541305
6.396683253, 6.400542915
6.406683242, 6.410537718
6.416683239, 6.420515192
6.426683249, 6.430532357
6.436683259, 6.440342252
6.446683255, 6.450180512
6.456683239, 6.460207942
6.466683241, 6.470220264
6.476683226, 6.480194167
6.486683235, 6.490203465
6.496683254, 6.500275775
6.506683245, 6.510306027
6.516683239, 6.520210892
6.526683244, 6.530405084
6.536683239, 6.540469847
6.546683236, 6.550406552
6.556683239, 6.560465980
6.566683239, 6.570418001
6.576683234, 6.580564789
6.586683244, 6.590467967
6.596683229, 6.600527953
6.606683228, 6.610521096
6.616683257, 6.620585738
6.626683242, 6.630135026
6.636683240, 6.640181520
6.646683257, 6.650240181
6.656683270, 6.660101623
6.666683260, 6.670174856
6.676683248, 6.680256803
6.686683239, 6.690188380
6.696683235, 6.700230143
6.706683237, 6.710219522
6.716683239, 6.720313054
6.726683239, 6.730357193
6.736683246, 6.740347996
6.746683241, 6.750420724
6.756683242, 6.760384555
6.766683242, 6.770462500
6.776683242, 6.780423469
6.786683233, 6.790392260
6.796683231, 6.800456913
6.806683245, 6.810474742
6.816683257, 6.820530973
6.826683258, 6.830530298
6.836683257, 6.840509800
6.846683235, 6.850594122
6.856683254, 6.860527080
6.866683246, 6.870049255
6.876683236, 6.880046125
6.886683239, 6.890009666
6.896683240, 6.900055141
6.906683238, 6.910061777
6.916683259, 6.920044863
6.926683243, 6.930113525
6.936683239, 6.940117433
6.946683258, 6.950214538
6.956683229, 6.960280953
6.966683233, 6.970234672
6.976683250, 6.980246052
6.986683247, 6.990245705
6.996683242, 7.000230454
7.006683235, 7.010231895
7.016683231, 7.020259850
7.026683239, 7.030303395
7.036683254, 7.040460601
7.046683243, 7.050329949
7.056683242, 7.060327755
7.066683258, 7.070367222
7.076683235, 7.080368042
7.086683257, 7.090450792
7.096683253, 7.100476477
7.106683247, 7.110424290
7.116683253, 7.120420665
7.126683233, 7.130415495
7.136683250, 7.140421779
7.146683230, 7.150504556
7.156683256, 7.160471608
7.166683245, 7.170486877
7.176683240, 7.180447576
7.186683243, 7.190181372
7.196683246, 7.200128754
7.206683238, 7.210123302
7.216683259, 7.220296534
7.226683246, 7.230188320
7.236683232, 7.240293839
7.246683238, 7.250234844
7.256683240, 7.260326171
7.266683236, 7.270198718
7.276683234, 7.280286195
7.286683239, 7.290267513
7.296683259, 7.300272453
7.306683246, 7.310262769
7.316683243, 7.320319727
7.326683238, 7.330341601
7.336683262, 7.340419851
7.346683243, 7.350438236
7.356683237, 7.360493962
7.366683244, 7.370500502
7.376683229, 7.380500025
7.386683242, 7.390576902
7.396683251, 7.400488420
7.406683238, 7.410473208
7.416683254, 7.420602907
7.426683239, 7.430043227
7.436683232, 7.440105283
7.446683241, 7.450111248
7.456683257, 7.460055290
7.466683237, 7.470105901
7.476683241, 7.480099179
7.486683239, 7.490085027
7.496683256, 7.500214505
7.506683233, 7.510260811
7.516683254, 7.520330577
7.526683245, 7.530240997
7.536683254, 7.540305989
7.546683256, 7.550246075
7.556683223, 7.560319950
7.566683241, 7.570273974
7.576683234, 7.580294356
7.586683240, 7.590302916
7.596683249, 7.600426565
7.606683238, 7.610320241
7.616683251, 7.620254268
7.626683230, 7.630306262
7.636683253, 7.640482961
7.646683238, 7.650498423
7.656683250, 7.660429735
7.666683242, 7.670545704
7.676683239, 7.680566654
7.686683239, 7.690473861
7.696683248, 7.700609078
7.706683246, 7.710538211
7.716683232, 7.720585304
7.726683256, 7.730028084
7.736683234, 7.739951174
7.746683230, 7.749855247
7.756683251, 7.759950165
7.766683241, 7.769988654
7.776683243, 7.779955485
7.786683236, 7.789954457
7.796683242, 7.799993094
7.806683238, 7.810014006
7.816683251, 7.820033555
7.826683239, 7.830109556
7.836683239, 7.840061472
7.846683238, 7.850056522
7.856683259, 7.860059501
7.866683231, 7.870185101
7.876683256, 7.880135145
7.886683237, 7.890125276
7.896683246, 7.900215350
7.906683244, 7.910306378
7.916683227, 7.920366421
7.926683236, 7.930261328
7.936683257, 7.940326933
7.946683245, 7.950282038
7.956683257, 7.960298079
7.966683252, 7.970412420
7.976683232, 7.980350902
7.986683241, 7.990461456
7.996683257, 8.000444847
8.006683238, 8.010453827
8.016683256, 8.020444822
8.026683239, 8.030526835
8.036683259, 8.040518121
8.046683242, 8.050537433
8.056683250, 8.060554785
8.066683257, 8.082163579
8.082163981, 8.086025449
8.086683269, 8.090570754
8.096683239, 8.100177556
8.106683250, 8.110267814
8.116683250, 8.120227175
8.126683238, 8.130268184
8.136683232, 8.140281561
8.146683245, 8.150262282
8.156683234, 8.160280249
8.166683241, 8.170306804
8.176683249, 8.180310259
8.186683236, 8.190274830
8.196683256, 8.200241924
8.206683255, 8.210369022
8.216683235, 8.220357273
8.226683254, 8.230516417
8.236683253, 8.239809595
8.246683247, 8.249763052
8.256683243, 8.259753240
8.266683236, 8.269660798
8.276683253, 8.279636292
8.286683257, 8.289691626
8.296683254, 8.299785907
8.306683237, 8.309647012
8.316683238, 8.319786460
8.326683260, 8.329789042
8.336683240, 8.339899226
8.346683231, 8.349857276
8.356683256, 8.359844098
8.366683235, 8.369796498
8.376683243, 8.379804608
8.386683256, 8.389896827
8.396683242, 8.399950160
8.406683236, 8.409996577
8.416683250, 8.419942899
8.426683236, 8.429932172
8.436683255, 8.439982664
8.446683244, 8.450064908
8.456683240, 8.460086079
8.466683253, 8.470008647
8.476683259, 8.480071160
8.486683244, 8.490035477
8.496683235, 8.500068796
8.506683242, 8.510088215
8.516683232, 8.520115022
8.526683236, 8.530195009
8.536683251, 8.540161605
8.546683242, 8.550126742
8.556683249, 8.560176613
8.566683242, 8.570228039
8.576683234, 8.580224089
8.586683255, 8.590249175
8.596683262, 8.600304877
8.606683261, 8.610349317
8.616683239, 8.620351225
8.626683241, 8.630272631
8.636683232, 8.640366483
8.646683230, 8.650403896
8.656683248, 8.660460015
8.666683247, 8.670402980
8.676683256, 8.680345149
8.686683256, 8.690488829
8.696683235, 8.700474987
8.706683241, 8.710372089
8.716683256, 8.720521954
8.726683244, 8.730505062
8.736683250, 8.740457244
8.746683247, 8.750450939
8.756683237, 8.760568367
8.766683255, 8.768904259
8.776683259, 8.779453329
8.786683233, 8.789458569
8.796683256, 8.799494863
8.806683242, 8.809394601
8.816683252, 8.819365512
8.826683236, 8.829384214
8.836683250, 8.839504753
8.846683244, 8.849525773
8.856683259, 8.859460145
8.866683261, 8.869594841
8.876683231, 8.879514996
8.886683228, 8.889521512
8.896683292, 8.899711004
8.906683245, 8.909673480
8.916683244, 8.919706727
8.926683238, 8.929611495
8.936683253, 8.939685019
8.946683252, 8.949741004
8.956683250, 8.959777831
8.966683242, 8.969708141
8.976683251, 8.979738798
8.986683236, 8.989789098
8.996683256, 8.999873751
9.006683252, 9.009814328
9.016683254, 9.019805527
9.026683256, 9.029887655
9.036683244, 9.039955085
9.046683236, 9.049907226
9.056683237, 9.059927182
9.066683236, 9.069946282
9.076683250, 9.080059516
9.086683242, 9.089962150
9.096683247, 9.100039137
9.106683244, 9.110043405
9.116683256, 9.120169925
9.126683231, 9.130081336
9.136683248, 9.140101673
9.146683244, 9.150163079
9.156683234, 9.160094401
9.166683245, 9.170162896
9.176683256, 9.180201733
9.186683254, 9.190104839
9.196683257, 9.200180206
9.206683243, 9.210269898
9.216683242, 9.220223197
9.226683242, 9.230305017
9.236683242, 9.240231150
9.246683237, 9.250302741
9.256683248, 9.260293828
9.266683237, 9.270283352
9.276683257, 9.280267737
9.286683235, 9.290200092
9.296683230, 9.300380881
9.306683242, 9.310406845
9.316683256, 9.320409628
9.326683252, 9.330378092
9.336683240, 9.340426598
9.346683239, 9.350412097
9.356683237, 9.360439805
9.366683236, 9.370452592
9.376683256, 9.380379835
9.386683255, 9.390534457
9.396683256, 9.400518155
9.406683257, 9.410600680
9.416683237, 9.420522641
9.426683249, 9.430445331
9.436683254, 9.439957777
9.446683261, 9.449900006
9.456683237, 9.459870730
9.466683241, 9.469910986
9.476683235, 9.479916522
9.486683238, 9.489938525
9.496683251, 9.499996186
9.506683241, 9.510012188
9.516683241, 9.519982794
9.526683231, 9.530059252
9.536683231, 9.540044015
9.546683236, 9.549339633
9.556683257, 9.559378592
9.566683236, 9.569408708
9.576683250, 9.579393777
9.586683235, 9.589346623
9.596683250, 9.599386618
9.606683233, 9.609415979
9.616683259, 9.619422491
9.626683239, 9.629396540
9.636683256, 9.639493872
9.646683236, 9.649489927
9.656683250, 9.659530928
9.666683233, 9.669532613
9.676683254, 9.679548299
9.686683245, 9.689553343
9.696683258, 9.699554653
9.706683255, 9.709619133
9.716683238, 9.719535765
9.726683238, 9.729665425
9.736683253, 9.739619229
9.746683237, 9.749608884
9.756683242, 9.759729585
9.766683255, 9.769652926
9.776683237, 9.779649401
9.786683231, 9.789705607
9.796683252, 9.799711074
9.806683245, 9.809689532
9.816683235, 9.819794909
9.826683256, 9.829868460
9.836683250, 9.839367931
9.846683242, 9.849191627
9.856683254, 9.859141098
9.866683242, 9.869230693
9.876683234, 9.879237528
9.886683250, 9.889232366
9.896683237, 9.899327578
9.906683271, 9.907788338
9.916683253, 9.917749497
9.926683241, 9.927743529
9.936683250, 9.937742652
9.946683238, 9.947734647
9.956683252, 9.957735145
9.966683230, 9.967737375
9.976683254, 9.977729713
9.986683231, 9.987723063
9.996683250, 9.997722161
10.006683239, 10.007720506
10.016683250, 10.017714616
10.026683269, 10.027719072
10.036683248, 10.037714317
10.046683235, 10.047713687
10.056683254, 10.057713660
10.066683251, 10.067704835
10.076683272, 10.077706148
10.086683256, 10.087707685
10.096683256, 10.097696215
10.106683236, 10.106901281
10.116683237, 10.116922973
10.126683256, 10.126920928
10.136683252, 10.136923481
10.146683230, 10.146919996
10.156683250, 10.156913709
10.166683235, 10.166918286
10.176683248, 10.176915407
10.186683230, 10.186919392
10.196683248, 10.196920357
10.206683232, 10.206916560
10.216683255, 10.216919425
10.226683230, 10.226866604
10.236683228, 10.236859952
10.246683227, 10.246852142
10.256683222, 10.256851667
10.266683224, 10.266852670
10.276683231, 10.276849985
10.286683229, 10.286841558
10.296683228, 10.296854550
10.306683229, 10.306844632
10.316683224, 10.316850628
10.326683227, 10.326847416
10.336683223, 10.336841777
10.346683233, 10.346845598
10.356683223, 10.356846974
10.366683232, 10.366846360
10.376683229, 10.376846432
10.386683257, 10.386847317
10.396683225, 10.396845316
10.406683226, 10.406847134
10.416683233, 10.416843798
10.426683232, 10.426846474
10.436683226, 10.436849353
10.446683233, 10.446843346
10.456683225, 10.456844771
10.466683233, 10.466846378
10.476683223, 10.476846331
10.486683230, 10.486843472
10.496683233, 10.496845368
10.506683233, 10.506846785
10.516683229, 10.516847836
10.526683229, 10.526844892
10.536683226, 10.536848189
10.546683227, 10.546843526
10.556683218, 10.556846846
10.566683222, 10.566843420
10.576683226, 10.576844725
10.586683252, 10.586846941
10.596683228, 10.596846514
10.606683230, 10.606843753
10.616683231, 10.616846760
10.626683230, 10.626842203
10.636683229, 10.636842175
10.646683227, 10.646847110
10.656683225, 10.656843887
10.666683226, 10.666846389
10.676683236, 10.676847732
10.686683230, 10.686843810
10.696683229, 10.696843573
10.706683226, 10.706845042
10.716683225, 10.716843923
10.726683227, 10.726845983
10.736683228, 10.736845883
10.746683219, 10.746847584
10.756683229, 10.756844747
10.766683227, 10.766847593
10.776683228, 10.776845279
10.786683262, 10.786808400
10.796683233, 10.796844362
10.806683233, 10.806843892
10.816683225, 10.816842944
10.826683224, 10.826841543
10.836683231, 10.836845739
10.846683226, 10.846843393
10.856683228, 10.856850048
10.866683232, 10.866843521
10.876683225, 10.876841545
10.886683226, 10.886846845
10.896683226, 10.896843604
10.906683229, 10.906843711
10.916683228, 10.916845561
10.926683226, 10.926844988
10.936683234, 10.936848062
10.946683224, 10.946844005
10.956683231, 10.956844436
10.966683232, 10.966843523
10.976683223, 10.976845009
10.986683224, 10.986841980
10.996683231, 10.996844951
11.006683240, 11.006845996
11.016683229, 11.016847880
11.026683230, 11.026843390
11.036683229, 11.036843896
11.046683229, 11.046843731
11.056683229, 11.056844968
11.066683227, 11.066845244
11.076683231, 11.076844310
11.086683233, 11.086842969
11.096683226, 11.096849473
11.106683226, 11.106845416
11.116683229, 11.116841001
11.126683229, 11.126844865
11.136683229, 11.136847027
11.146683237, 11.146842138
11.156683231, 11.156846434
11.166683227, 11.166845767
11.176683223, 11.176824858
11.186683232, 11.186843365
11.196683233, 11.196840593
11.206683230, 11.206840891
11.216683226, 11.216843570
11.226683226, 11.226843218
11.236683228, 11.236843546
11.246683227, 11.246841903
11.256683255, 11.256843464
11.266683226, 11.266843648
11.276683222, 11.276841065
11.286683219, 11.286816492
11.296683231, 11.296842475
11.306683229, 11.306844840
11.316683231, 11.316846131
11.326683238, 11.326841254
11.336683228, 11.336846221
11.346683227, 11.346846250
11.356683231, 11.356840870
11.366683229, 11.366843340
11.376683231, 11.376840855
11.386683224, 11.386840629
11.396683233, 11.396846369
11.406683229, 11.406842026
11.416683226, 11.416845332
11.426683232, 11.426844576
11.436683231, 11.436841487
11.446683233, 11.446840773
11.456683225, 11.456840421
11.466683222, 11.466840818
11.476683231, 11.476842414
11.486683230, 11.486841889
11.496683233, 11.496844764
11.506683229, 11.506841806
11.516683231, 11.516841869
11.526683220, 11.526840443
11.536683231, 11.536839864
11.546683223, 11.546840457
11.556683230, 11.556843955
11.566683229, 11.566843735
11.576683235, 11.576847808
11.586683232, 11.586842882
11.596683231, 11.596839346
11.606683231, 11.606845787
11.616683224, 11.616841031
11.626683231, 11.626843133
11.636683230, 11.636843750
11.646683227, 11.646844275
11.656683238, 11.656843793
11.666683226, 11.666844537
11.676683228, 11.676842318
11.686683232, 11.686843084
11.696683228, 11.696840068
11.706683253, 11.706843899
11.716683231, 11.716845248
11.726683227, 11.726840530
11.736683227, 11.736843542
11.746683224, 11.746841196
11.756683225, 11.756841775
11.766683227, 11.766844415
11.776683222, 11.776842518
11.786683226, 11.786821681
11.796683228, 11.796845711
11.806683231, 11.806850284
11.816683225, 11.816855047
11.826683221, 11.826849956
11.836683227, 11.836848081
11.846683229, 11.846849661
11.856683231, 11.856849886
11.866683237, 11.866847532
11.876683228, 11.876850552
11.886683224, 11.886849024
11.896683225, 11.896850924
11.906683223, 11.906850554
11.916683225, 11.916848643
11.926683231, 11.926850009
11.936683225, 11.936851575
11.946683224, 11.946852504
11.956683230, 11.956805462
11.966683227, 11.966850033
11.976683233, 11.976851205
11.986683223, 11.986848800
11.996683230, 11.996849319
12.006683220, 12.006848219
12.016683231, 12.016849391
12.026683223, 12.026855313
12.036683227, 12.036852677
12.046683226, 12.046849042
12.056683225, 12.056851597
------------------------------
