------------------------------
test was performed using the following parameters: --mps=100 --burst=1 --reply-every=1 --msg-size=12 --time=10
------------------------------
sockperf: [Total Run] RunTime=10.100 sec; SentMessages=1011; ReceivedMessages=1010
sockperf: ========= Printing statistics for Server No: 0
sockperf: [Valid Duration] RunTime=9.980 sec; SentMessages=999; ReceivedMessages=999
sockperf: [2;35m====> avg-lat= 63.509 (std-dev=18.280)[0m
sockperf: # dropped messages = 0; # duplicated messages = 0; # out-of-order messages = 0
sockperf: [2;35mTotal 999 observations[0m; each percentile contains 9.99 observations
sockperf: ---> <MAX> observation =  124.226
sockperf: ---> percentile  99.99 =  124.226
sockperf: ---> percentile  99.90 =  122.543
sockperf: ---> percentile  99.50 =  109.953
sockperf: ---> percentile  99.00 =  105.717
sockperf: ---> percentile  95.00 =   87.963
sockperf: ---> percentile  90.00 =   86.849
sockperf: ---> percentile  75.00 =   76.141
sockperf: ---> percentile  50.00 =   62.596
sockperf: ---> percentile  25.00 =   52.555
sockperf: ---> <MIN> observation =   23.239
------------------------------
txTime, rxTime
2.063448527, 2.063626770
2.073448520, 2.073523871
2.083448528, 2.083582948
2.093448528, 2.093663371
2.103448541, 2.103639031
2.113448526, 2.113668434
2.123448519, 2.123659394
2.133448542, 2.133683923
2.143448514, 2.143632152
2.153448520, 2.153670702
2.163448523, 2.163635261
2.173448521, 2.173604228
2.183448522, 2.183600443
2.193448521, 2.193604955
2.203448520, 2.203600101
2.213448526, 2.213594440
2.223448514, 2.223594776
2.233448524, 2.233601195
2.243448533, 2.243625427
2.253448526, 2.253601375
2.263448520, 2.263688948
2.273448537, 2.273650866
2.283448542, 2.283636720
2.293448538, 2.293638734
2.303448536, 2.303641640
2.313448539, 2.313667649
2.323448536, 2.323636685
2.333448526, 2.333641959
2.343448541, 2.343596486
2.353448532, 2.353630398
2.363448520, 2.363592684
2.373448526, 2.373626337
2.383448522, 2.383620095
2.393448524, 2.393614353
2.403448523, 2.403594463
2.413448527, 2.413594071
2.423448527, 2.423584868
2.433448531, 2.433592876
2.443448522, 2.443643563
2.453448523, 2.453631325
2.463448538, 2.463633009
2.473448538, 2.473696991
2.483448531, 2.483638236
2.493448542, 2.493645859
2.503448544, 2.503634368
2.513448526, 2.513655696
2.523448536, 2.523588170
2.533448521, 2.533647262
2.543448538, 2.543693625
2.553448520, 2.553622775
2.563448538, 2.563643602
2.573448521, 2.573650532
2.583448539, 2.583638902
2.593448522, 2.593634887
2.603448539, 2.603623891
2.613448524, 2.613595692
2.623448519, 2.623605059
2.633448524, 2.633632388
2.643448542, 2.643610290
2.653448521, 2.653627557
2.663448540, 2.663594741
2.673448525, 2.673659959
2.683448536, 2.683603185
2.693448518, 2.693663647
2.703448542, 2.703624560
2.713448523, 2.713663431
2.723448522, 2.723573666
2.733448521, 2.733616008
2.743448536, 2.743579086
2.753448525, 2.753619073
2.763448536, 2.763568942
2.773448526, 2.773585387
2.783448527, 2.783575371
2.793448520, 2.793552565
2.803448520, 2.803558750
2.813448516, 2.813553627
2.823448542, 2.823512720
2.833448523, 2.833530198
2.843448527, 2.843525471
2.853448521, 2.853567236
2.863448520, 2.863570500
2.873448520, 2.873553790
2.883448523, 2.883550606
2.893448524, 2.893558694
2.903448522, 2.903549193
2.913448554, 2.913582810
2.923448523, 2.923519388
2.933448510, 2.933589257
2.943448527, 2.943590803
2.953448526, 2.953568118
2.963448516, 2.963571973
2.973448518, 2.973570465
2.983448523, 2.983565110
2.993448513, 2.993561735
3.003448536, 3.003562943
3.013448523, 3.013595970
3.023448542, 3.023592027
3.033448521, 3.033585028
3.043448522, 3.043603139
3.053448515, 3.053599390
3.063448523, 3.063606591
3.073448527, 3.073586206
3.083448523, 3.083587786
3.093448523, 3.093605559
3.103448520, 3.103603894
3.113448516, 3.113587763
3.123448530, 3.123595941
3.133448520, 3.133583153
3.143448516, 3.143588037
3.153448521, 3.153576774
3.163448516, 3.163568083
3.173448516, 3.173539807
3.183448519, 3.183560150
3.193448521, 3.193524484
3.203448525, 3.203556481
3.213448515, 3.213542006
3.223448523, 3.223568388
3.233448518, 3.233531065
3.243448536, 3.243533832
3.253448520, 3.253525275
3.263448522, 3.263577187
3.273448523, 3.273536082
3.283448519, 3.283556352
3.293448516, 3.293568442
3.303448528, 3.303574406
3.313448524, 3.313558686
3.323448525, 3.323564044
3.333448529, 3.333535921
3.343448517, 3.343575125
3.353448516, 3.353553414
3.363448525, 3.363527246
3.373448537, 3.373579936
3.383448520, 3.383563283
3.393448520, 3.393550588
3.403448519, 3.403539086
3.413448521, 3.413526784
3.423448519, 3.423569016
3.433448520, 3.433576774
3.443448527, 3.443575519
3.453448521, 3.453572653
3.463448525, 3.463570745
3.473448521, 3.473593515
3.483448522, 3.483599705
3.493448520, 3.493590599
3.503448522, 3.503579250
3.513448526, 3.513559823
3.523448527, 3.523610211
3.533448526, 3.533593015
3.543448535, 3.543587958
3.553448524, 3.553579924
3.563448525, 3.563582784
3.573448526, 3.573593638
3.583448522, 3.583586310
3.593448523, 3.593585164
3.603448536, 3.603609275
3.613448521, 3.613594489
3.623448519, 3.623576917
3.633448521, 3.633526285
3.643448527, 3.643569138
3.653448520, 3.653580590
3.663448520, 3.663526150
3.673448518, 3.673536226
3.683448522, 3.683528926
3.693448523, 3.693568693
3.703448527, 3.703604355
3.713448518, 3.713563626
3.723448523, 3.723555343
3.733448521, 3.733562516
3.743448519, 3.743591818
3.753448526, 3.753525306
3.763448523, 3.763558221
3.773448524, 3.773518084
3.783448533, 3.783526195
3.793448521, 3.793520791
3.803448528, 3.803515673
3.813448523, 3.813511191
3.823448522, 3.823525029
3.833448523, 3.833517947
3.843448525, 3.843525253
3.853448526, 3.853501124
3.863448519, 3.863519997
3.873448523, 3.873511791
3.883448523, 3.883505658
3.893448521, 3.893521929
3.903448527, 3.903510606
3.913448518, 3.913510679
3.923448520, 3.923529183
3.933448526, 3.933506203
3.943448522, 3.943514583
3.953448520, 3.953516771
3.963448522, 3.963506869
3.973448520, 3.973509614
3.983448527, 3.983510772
3.993448527, 3.993502423
4.003448528, 4.003508427
4.013448520, 4.013531875
4.023448519, 4.023624919
4.033448526, 4.033581487
4.043448525, 4.043589786
4.053448523, 4.053594699
4.063448520, 4.063585517
4.073448523, 4.073588793
4.083448522, 4.083592508
4.093448510, 4.093583039
4.103448525, 4.103591215
4.113448524, 4.113599359
4.123448522, 4.123578270
4.133448523, 4.133582319
4.143448522, 4.143595230
4.153448527, 4.153585602
4.163448522, 4.163590227
4.173448521, 4.173588864
4.183448525, 4.183592164
4.193448515, 4.193602516
4.203448514, 4.203581846
4.213448526, 4.213594609
4.223448522, 4.223572641
4.233448515, 4.233586547
4.243448512, 4.243581985
4.253448507, 4.253580514
4.263448519, 4.263587947
4.273448520, 4.273589124
4.283448516, 4.283592780
4.293448513, 4.293586560
4.303448527, 4.303604960
4.313448515, 4.313583683
4.323448517, 4.323590137
4.333448516, 4.333581722
4.343448516, 4.343580532
4.353448515, 4.353592733
4.363448522, 4.363590301
4.373448526, 4.373585848
4.383448531, 4.383579225
4.393448513, 4.393591382
4.403448514, 4.403589382
4.413448515, 4.413604250
4.423448522, 4.423605831
4.433448520, 4.433597885
4.443448522, 4.443596209
4.453448513, 4.453593644
4.463448520, 4.463595771
4.473448512, 4.473591971
4.483448516, 4.483593085
4.493448520, 4.493587362
4.503448516, 4.503582610
4.513448510, 4.513570949
4.523448528, 4.523591083
4.533448518, 4.533593870
4.543448527, 4.543585397
4.553448518, 4.553592037
4.563448536, 4.563601919
4.573448521, 4.573582463
4.583448519, 4.583613901
4.593448521, 4.593603856
4.603448517, 4.603579955
4.613448521, 4.613583402
4.623448520, 4.623584071
4.633448516, 4.633577778
4.643448527, 4.643617643
4.653448521, 4.653581212
4.663448519, 4.663577103
4.673448516, 4.673583710
4.683448512, 4.683587105
4.693448518, 4.693594462
4.703448519, 4.703579492
4.713448521, 4.713583364
4.723448520, 4.723580297
4.733448512, 4.733594379
4.743448520, 4.743588294
4.753448516, 4.753592601
4.763448525, 4.763589441
4.773448520, 4.773589752
4.783448522, 4.783580529
4.793448520, 4.793598354
4.803448525, 4.803594501
4.813448513, 4.813588643
4.823448520, 4.823597618
4.833448518, 4.833584375
4.843448539, 4.843589504
4.853448516, 4.853597909
4.863448523, 4.863613877
4.873448521, 4.873584378
4.883448527, 4.883597649
4.893448523, 4.893533109
4.903448520, 4.903554338
4.913448519, 4.913571634
4.923448512, 4.923583206
4.933448520, 4.933564354
4.943448520, 4.943566417
4.953448531, 4.953575228
4.963448527, 4.963586929
4.973448521, 4.973572565
4.983448527, 4.983579151
4.993448521, 4.993532031
5.003448512, 5.003586266
5.013448519, 5.013557092
5.023448517, 5.023600799
5.033448507, 5.033589536
5.043448520, 5.043589301
5.053448518, 5.053579396
5.063448525, 5.063582880
5.073448519, 5.073570625
5.083448514, 5.083586521
5.093448518, 5.093568120
5.103448518, 5.103563125
5.113448527, 5.113566867
5.123448531, 5.123566333
5.133448519, 5.133568814
5.143448528, 5.143569273
5.153448525, 5.153554434
5.163448523, 5.163511063
5.173448524, 5.173559311
5.183448526, 5.183555415
5.193448537, 5.193527363
5.203448526, 5.203529251
5.213448521, 5.213560219
5.223448523, 5.223563974
5.233448518, 5.233576532
5.243448512, 5.243513204
5.253448527, 5.253561569
5.263448515, 5.263546057
5.273448516, 5.273572525
5.283448523, 5.283561940
5.293448519, 5.293530723
5.303448522, 5.303535832
5.313448518, 5.313565339
5.323448520, 5.323559531
5.333448524, 5.333569841
5.343448522, 5.343564579
5.353448518, 5.353574549
5.363448526, 5.363567358
5.373448522, 5.373517446
5.383448515, 5.383553217
5.393448519, 5.393565939
5.403448528, 5.403551029
5.413448524, 5.413573366
5.423448522, 5.423533332
5.433448519, 5.433533663
5.443448522, 5.443530585
5.453448514, 5.453520907
5.463448522, 5.463521756
5.473448521, 5.473517874
5.483448518, 5.483518679
5.493448530, 5.493524948
5.503448518, 5.503527023
5.513448513, 5.513520939
5.523448522, 5.523516918
5.533448511, 5.533507892
5.543448518, 5.543515945
5.553448522, 5.553511656
5.563448522, 5.563505119
5.573448518, 5.573508851
5.583448520, 5.583593252
5.593448513, 5.593550141
5.603448529, 5.603570579
5.613448521, 5.613562889
5.623448528, 5.623559136
5.633448524, 5.633576273
5.643448512, 5.643567493
5.653448522, 5.653554017
5.663448526, 5.663523494
5.673448532, 5.673511063
5.683448515, 5.683560185
5.693448513, 5.693584043
5.703448518, 5.703524953
5.713448514, 5.713608975
5.723448526, 5.723577737
5.733448519, 5.733570030
5.743448520, 5.743551741
5.753448511, 5.753558603
5.763448537, 5.763568349
5.773448518, 5.773532588
5.783448522, 5.783547342
5.793448519, 5.793584870
5.803448517, 5.803563908
5.813448524, 5.813561698
5.823448525, 5.823569677
5.833448524, 5.833570966
5.843448518, 5.843511592
5.853448519, 5.853565050
5.863448518, 5.863522392
5.873448518, 5.873545352
5.883448536, 5.883563390
5.893448518, 5.893526373
5.903448522, 5.903512758
5.913448525, 5.913551470
5.923448525, 5.923558330
5.933448525, 5.933563645
5.943448526, 5.943556956
5.953448514, 5.953511178
5.963448514, 5.963627487
5.973448522, 5.973567913
5.983448515, 5.983544490
5.993448519, 5.993560576
6.003448525, 6.003556567
6.013448514, 6.013561029
6.023448514, 6.023589963
6.033448533, 6.033583980
6.043448523, 6.043589712
6.053448519, 6.053603880
6.063448510, 6.063587729
6.073448518, 6.073575930
6.083448522, 6.083572405
6.093448524, 6.093580924
6.103448522, 6.103590443
6.113448511, 6.113570275
6.123448512, 6.123573886
6.133448518, 6.133581578
6.143448518, 6.143568128
6.153448513, 6.153588798
6.163448537, 6.163601555
6.173448510, 6.173586468
6.183448518, 6.183593127
6.193448522, 6.193597574
6.203448520, 6.203532364
6.213448519, 6.213532217
6.223448531, 6.223560270
6.233448524, 6.233555128
6.243448518, 6.243582226
6.253448521, 6.253598937
6.263448518, 6.263595071
6.273448518, 6.273591004
6.283448518, 6.283580114
6.293448514, 6.293586275
6.303448520, 6.303598394
6.313448521, 6.313589354
6.323448520, 6.323589131
6.333448514, 6.333595359
6.343448520, 6.343566612
6.353448514, 6.353611847
6.363448520, 6.363606361
6.373448525, 6.373574029
6.383448528, 6.383612237
6.393448520, 6.393584299
6.403448520, 6.403595420
6.413448521, 6.413621432
6.423448519, 6.423596438
6.433448516, 6.433599930
6.443448516, 6.443608648
6.453448520, 6.453602360
6.463448525, 6.463579885
6.473448515, 6.473589546
6.483448517, 6.483619107
6.493448526, 6.493586760
6.503448525, 6.503584050
6.513448521, 6.513592006
6.523448520, 6.523534320
6.533448518, 6.533610368
6.543448525, 6.543595783
6.553448513, 6.553583142
6.563448522, 6.563582766
6.573448515, 6.573592273
6.583448521, 6.583582185
6.593448514, 6.593571470
6.603448529, 6.603558561
6.613448523, 6.613534596
6.623448523, 6.623572129
6.633448516, 6.633516254
6.643448518, 6.643564348
6.653448525, 6.653527489
6.663448523, 6.663536007
6.673448525, 6.673548135
6.683448518, 6.683534074
6.693448525, 6.693558159
6.703448521, 6.703562467
6.713448519, 6.713574135
6.723448526, 6.723574432
6.733448525, 6.733539865
6.743448520, 6.743527046
6.753448531, 6.753513860
6.763448520, 6.763533864
6.773448523, 6.773586100
6.783448532, 6.783576542
6.793448520, 6.793569300
6.803448513, 6.803572334
6.813448517, 6.813565429
6.823448515, 6.823563832
6.833448519, 6.833566835
6.843448532, 6.843572031
6.853448522, 6.853573732
6.863448516, 6.863562725
6.873448516, 6.873559326
6.883448532, 6.883540186
6.893448508, 6.893569333
6.903448515, 6.903561031
6.913448522, 6.913535805
6.923448516, 6.923579804
6.933448520, 6.933564524
6.943448515, 6.943519303
6.953448517, 6.953576675
6.963448512, 6.963531537
6.973448516, 6.973534525
6.983448521, 6.983516461
6.993448519, 6.993521998
7.003448513, 7.003571684
7.013448523, 7.013601748
7.023448527, 7.023603088
7.033448519, 7.033590949
7.043448521, 7.043587067
7.053448525, 7.053588432
7.063448520, 7.063609700
7.073448517, 7.073628840
7.083448517, 7.083588861
7.093448526, 7.093597278
7.103448516, 7.103639933
7.113448537, 7.113602242
7.123448520, 7.123583907
7.133448523, 7.133589230
7.143448523, 7.143596334
7.153448521, 7.153592435
7.163448525, 7.163594825
7.173448521, 7.173594181
7.183448514, 7.183571334
7.193448512, 7.193545035
7.203448517, 7.203533731
7.213448518, 7.213560707
7.223448527, 7.223561935
7.233448527, 7.233544395
7.243448527, 7.243582512
7.253448521, 7.253566977
7.263448531, 7.263523398
7.273448524, 7.273553772
7.283448527, 7.283519172
7.293448526, 7.293569039
7.303448525, 7.303570854
7.313448520, 7.313559363
7.323448525, 7.323578496
7.333448524, 7.333529228
7.343448530, 7.343525361
7.353448557, 7.353566132
7.363448519, 7.363585683
7.373448521, 7.373560306
7.383448522, 7.383567055
7.393448521, 7.393570283
7.403448528, 7.403544936
7.413448515, 7.413561452
7.423448522, 7.423572824
7.433448516, 7.433577893
7.443448541, 7.443514730
7.453448521, 7.453570458
7.463448553, 7.463532794
7.473448527, 7.473565557
7.483448522, 7.483527502
7.493448520, 7.493521779
7.503448538, 7.503571678
7.513448553, 7.513542816
7.523448530, 7.523518279
7.533448521, 7.533522445
7.543448525, 7.543526826
7.553448526, 7.553521482
7.563448527, 7.563522727
7.573448513, 7.573529700
7.583448520, 7.583511937
7.593448523, 7.593528843
7.603448535, 7.603522326
7.613448516, 7.613510449
7.623448535, 7.623513849
7.633448523, 7.633520890
7.643448525, 7.643519273
7.653448527, 7.653518729
7.663448533, 7.663513702
7.673448523, 7.673543282
7.683448531, 7.683515532
7.693448513, 7.693512205
7.703448527, 7.703521330
7.713448513, 7.713512830
7.723448523, 7.723520252
7.733448521, 7.733495001
7.743448527, 7.743547183
7.753448521, 7.753510144
7.763448527, 7.763577038
7.773448526, 7.773529197
7.783448539, 7.783532248
7.793448520, 7.793531969
7.803448520, 7.803575442
7.813448524, 7.813520355
7.823448555, 7.823579738
7.833448521, 7.833580026
7.843448522, 7.843594523
7.853448508, 7.853605425
7.863448530, 7.863593800
7.873448526, 7.873597855
7.883448527, 7.883600136
7.893448524, 7.893602365
7.903448520, 7.903607375
7.913448515, 7.913621223
7.923448519, 7.923590532
7.933448521, 7.933654464
7.943448549, 7.943573633
7.953448523, 7.953573603
7.963448527, 7.963577095
7.973448520, 7.973570787
7.983448514, 7.983567593
7.993448559, 7.993586197
8.003448525, 8.003539328
8.013448516, 8.013586712
8.023448519, 8.023565251
8.033448510, 8.033584689
8.043448519, 8.043519925
8.053448522, 8.053549106
8.063448519, 8.063538545
8.073448522, 8.073535795
8.083448538, 8.083568606
8.093448512, 8.093527560
8.103448532, 8.103558218
8.113448518, 8.113573561
8.123448519, 8.123576466
8.133448526, 8.133578639
8.143448519, 8.143547510
8.153448507, 8.153567481
8.163448527, 8.163534513
8.173448553, 8.173534101
8.183448521, 8.183564690
8.193448528, 8.193555601
8.203448524, 8.203577072
8.213448525, 8.213570353
8.223448522, 8.223544696
8.233448520, 8.233523617
8.243448519, 8.243570459
8.253448514, 8.253574011
8.263448522, 8.263541283
8.273448514, 8.273573801
8.283448519, 8.283560779
8.293448518, 8.293581426
8.303448524, 8.303570939
8.313448520, 8.313575740
8.323448522, 8.323562593
8.333448539, 8.333541551
8.343448521, 8.343580261
8.353448522, 8.353598191
8.363448527, 8.363537805
8.373448522, 8.373525536
8.383448521, 8.383534633
8.393448514, 8.393522965
8.403448527, 8.403576732
8.413448522, 8.413562665
8.423448527, 8.423578711
8.433448520, 8.433572530
8.443448518, 8.443575218
8.453448531, 8.453576588
8.463448522, 8.463526702
8.473448523, 8.473542203
8.483448513, 8.483549812
8.493448525, 8.493554018
8.503448522, 8.503532727
8.513448523, 8.513589750
8.523448527, 8.523588271
8.533448520, 8.533524937
8.543448519, 8.543554966
8.553448518, 8.553538791
8.563448530, 8.563551541
8.573448509, 8.573555105
8.583448527, 8.583550553
8.593448526, 8.593580752
8.603448522, 8.603572968
8.613448526, 8.613513861
8.623448519, 8.623549177
8.633448523, 8.633514261
8.643448541, 8.643527112
8.653448518, 8.653536762
8.663448518, 8.663531939
8.673448518, 8.673538846
8.683448522, 8.683532646
8.693448522, 8.693529333
8.703448524, 8.703526323
8.713448528, 8.713532319
8.723448519, 8.723534814
8.733448520, 8.733524015
8.743448530, 8.743513936
8.753448523, 8.753526380
8.763448519, 8.763507603
8.773448523, 8.773528005
8.783448518, 8.783512703
8.793448517, 8.793514979
8.803448516, 8.803519360
8.813448525, 8.813525002
8.823448519, 8.823525200
8.833448522, 8.833517711
8.843448527, 8.843508233
8.853448517, 8.853506928
8.863448525, 8.863514442
8.873448523, 8.873514411
8.883448524, 8.883513235
8.893448518, 8.893528251
8.903448516, 8.903500214
8.913448523, 8.913514802
8.923448527, 8.923507299
8.933448518, 8.933501770
8.943448516, 8.943507966
8.953448514, 8.953500527
8.963448519, 8.963519167
8.973448529, 8.973514963
8.983448519, 8.983509291
8.993448518, 8.993515390
9.003448529, 9.003495114
9.013448517, 9.013562923
9.023448530, 9.023604096
9.033448518, 9.033536605
9.043448513, 9.043573035
9.053448522, 9.053562542
9.063448525, 9.063569586
9.073448525, 9.073556939
9.083448519, 9.083561630
9.093448526, 9.093565870
9.103448519, 9.103543451
9.113448523, 9.113560306
9.123448522, 9.123577309
9.133448515, 9.133572364
9.143448522, 9.143563752
9.153448518, 9.153537622
9.163448514, 9.163527810
9.173448522, 9.173553863
9.183448527, 9.183556246
9.193448517, 9.193568321
9.203448514, 9.203579020
9.213448515, 9.213558645
9.223448519, 9.223566796
9.233448512, 9.233568212
9.243448511, 9.243561764
9.253448522, 9.253527438
9.263448519, 9.263539845
9.273448523, 9.273550127
9.283448524, 9.283588727
9.293448517, 9.293557389
9.303448524, 9.303553936
9.313448522, 9.313561713
9.323448533, 9.323574490
9.333448526, 9.333573059
9.343448516, 9.343537386
9.353448507, 9.353551359
9.363448513, 9.363564684
9.373448517, 9.373545670
9.383448518, 9.383556385
9.393448523, 9.393517302
9.403448522, 9.403559862
9.413448517, 9.413572132
9.423448519, 9.423514269
9.433448514, 9.433540002
9.443448524, 9.443567864
9.453448526, 9.453559428
9.463448521, 9.463559417
9.473448522, 9.473561078
9.483448518, 9.483557921
9.493448531, 9.493562103
9.503448519, 9.503562838
9.513448523, 9.513576282
9.523448524, 9.523551663
9.533448523, 9.533527467
9.543448524, 9.543560991
9.553448518, 9.553527571
9.563448527, 9.563567172
9.573448536, 9.573577434
9.583448510, 9.583561807
9.593448516, 9.593563990
9.603448512, 9.603556571
9.613448513, 9.613547905
9.623448520, 9.623582047
9.633448518, 9.633571671
9.643448520, 9.643562640
9.653448523, 9.653534483
9.663448527, 9.663556896
9.673448521, 9.673553705
9.683448527, 9.683567912
9.693448520, 9.693569503
9.703448522, 9.703509826
9.713448512, 9.713558408
9.723448542, 9.723568651
9.733448526, 9.733522335
9.743448522, 9.743573374
9.753448518, 9.753557832
9.763448517, 9.763541322
9.773448520, 9.773534415
9.783448520, 9.783564342
9.793448512, 9.793563044
9.803448522, 9.803562236
9.813448526, 9.813514227
9.823448520, 9.823569246
9.833448531, 9.833576763
9.843448520, 9.843570923
9.853448523, 9.853550758
9.863448527, 9.863532889
9.873448526, 9.873565687
9.883448523, 9.883517848
9.893448520, 9.893556032
9.903448528, 9.903566258
9.913448526, 9.913538735
9.923448527, 9.923539393
9.933448524, 9.933577167
9.943448531, 9.943560533
9.953448505, 9.953564348
9.963448520, 9.963537323
9.973448513, 9.973559235
9.983448520, 9.983563897
9.993448523, 9.993574663
10.003448520, 10.003565729
10.013448516, 10.013563858
10.023448516, 10.023564076
10.033448541, 10.033618860
10.043448528, 10.043610955
10.053448535, 10.053617340
10.063448539, 10.063620700
10.073448537, 10.073576892
10.083448531, 10.083572592
10.093448526, 10.093576199
10.103448552, 10.103572494
10.113448527, 10.113573400
10.123448519, 10.123573630
10.133448526, 10.133573719
10.143448527, 10.143573047
10.153448524, 10.153570738
10.163448517, 10.163572414
10.173448527, 10.173576401
10.183448520, 10.183573082
10.193448508, 10.193572427
10.203448519, 10.203570100
10.213448514, 10.213569801
10.223448520, 10.223569882
10.233448519, 10.233573116
10.243448525, 10.243570053
10.253448515, 10.253569445
10.263448522, 10.263570429
10.273448523, 10.273572826
10.283448523, 10.283569862
10.293448513, 10.293571143
10.303448523, 10.303572399
10.313448518, 10.313571505
10.323448528, 10.323567651
10.333448527, 10.333570579
10.343448524, 10.343575070
10.353448523, 10.353570922
10.363448519, 10.363572729
10.373448508, 10.373572724
10.383448517, 10.383571959
10.393448518, 10.393572937
10.403448517, 10.403570426
10.413448515, 10.413572446
10.423448522, 10.423572425
10.433448510, 10.433570220
10.443448519, 10.443567949
10.453448515, 10.453571660
10.463448512, 10.463569379
10.473448529, 10.473570002
10.483448525, 10.483572093
10.493448508, 10.493570385
10.503448534, 10.503571708
10.513448514, 10.513570492
10.523448515, 10.523614637
10.533448515, 10.533613675
10.543448517, 10.543614364
10.553448512, 10.553613624
10.563448522, 10.563615887
10.573448512, 10.573612110
10.583448519, 10.583622045
10.593448526, 10.593621870
10.603448517, 10.603622668
10.613448515, 10.613622982
10.623448522, 10.623613763
10.633448518, 10.633624190
10.643448514, 10.643621413
10.653448521, 10.653622763
10.663448514, 10.663620929
10.673448507, 10.673620217
10.683448530, 10.683621699
10.693448516, 10.693621553
10.703448516, 10.703615624
10.713448520, 10.713623587
10.723448527, 10.723622086
10.733448508, 10.733621460
10.743448517, 10.743622924
10.753448518, 10.753621831
10.763448522, 10.763622220
10.773448518, 10.773621236
10.783448522, 10.783621679
10.793448515, 10.793622150
10.803448527, 10.803621705
10.813448527, 10.813625257
10.823448511, 10.823614591
10.833448561, 10.833623260
10.843448520, 10.843623168
10.853448516, 10.853616712
10.863448527, 10.863623395
10.873448526, 10.873622715
10.883448520, 10.883624030
10.893448512, 10.893623383
10.903448516, 10.903616738
10.913448508, 10.913622041
10.923448531, 10.923622255
10.933448527, 10.933621867
10.943448517, 10.943623495
10.953448526, 10.953620836
10.963448522, 10.963622244
10.973448521, 10.973626150
10.983448533, 10.983619575
10.993448526, 10.993621695
11.003448527, 11.003594211
11.013448534, 11.013628006
11.023448530, 11.023622939
11.033448508, 11.033621597
11.043448512, 11.043621398
11.053448543, 11.053623342
11.063448516, 11.063623716
11.073448518, 11.073621870
11.083448522, 11.083622962
11.093448507, 11.093620601
11.103448520, 11.103620870
11.113448520, 11.113623756
11.123448519, 11.123622206
11.133448512, 11.133622677
11.143448520, 11.143621173
11.153448534, 11.153625567
11.163448519, 11.163623978
11.173448520, 11.173623039
11.183448528, 11.183622860
11.193448521, 11.193622013
11.203448523, 11.203621503
11.213448520, 11.213615309
11.223448522, 11.223621413
11.233448524, 11.233623140
11.243448519, 11.243621765
11.253448510, 11.253622638
11.263448528, 11.263622801
11.273448516, 11.273621245
11.283448531, 11.283620483
11.293448516, 11.293623170
11.303448561, 11.303621098
11.313448526, 11.313622085
11.323448519, 11.323621066
11.333448508, 11.333616895
11.343448530, 11.343623815
11.353448513, 11.353616853
11.363448517, 11.363622332
11.373448521, 11.373622701
11.383448525, 11.383620873
11.393448515, 11.393622374
11.403448525, 11.403621265
11.413448513, 11.413621507
11.423448520, 11.423621435
11.433448518, 11.433620870
11.443448514, 11.443623560
11.453448505, 11.453622163
11.463448512, 11.463618762
11.473448516, 11.473620903
11.483448519, 11.483622831
11.493448527, 11.493620727
11.503448519, 11.503621663
11.513448510, 11.513615388
11.523448522, 11.523620237
11.533448524, 11.533616714
11.543448522, 11.543622408
11.553448526, 11.553622189
11.563448519, 11.563620483
11.573448516, 11.573621675
11.583448519, 11.583622225
11.593448526, 11.593621548
11.603448519, 11.603622986
11.613448516, 11.613622595
11.623448519, 11.623621715
11.633448512, 11.633622043
11.643448511, 11.643620922
11.653448516, 11.653622504
11.663448522, 11.663621327
11.673448520, 11.673621460
11.683448516, 11.683620515
11.693448507, 11.693621422
11.703448520, 11.703622255
11.713448516, 11.713623725
11.723448517, 11.723621255
11.733448520, 11.733624114
11.743448530, 11.743622343
11.753448507, 11.753621105
11.763448517, 11.763621155
11.773448518, 11.773621975
11.783448514, 11.783621145
11.793448513, 11.793620655
11.803448523, 11.803620982
11.813448513, 11.813623001
11.823448525, 11.823621786
11.833448518, 11.833621050
11.843448525, 11.843620825
11.853448520, 11.853621934
11.863448517, 11.863623261
11.873448515, 11.873614781
11.883448527, 11.883620232
11.893448526, 11.893621470
11.903448520, 11.903621985
11.913448520, 11.913621535
11.923448522, 11.923623567
11.933448521, 11.933620034
11.943448525, 11.943621560
11.953448513, 11.953621533
11.963448520, 11.963621987
11.973448521, 11.973620950
11.983448527, 11.983621170
11.993448510, 11.993621528
12.003448514, 12.003624050
12.013448523, 12.013621730
12.023448519, 12.023625547
12.033448515, 12.033624443
12.043448519, 12.043619750
------------------------------
