------------------------------
test was performed using the following parameters: --mps=100 --burst=1 --reply-every=1 --msg-size=12 --time=10
------------------------------
sockperf: [Total Run] RunTime=10.100 sec; SentMessages=1011; ReceivedMessages=1010
sockperf: ========= Printing statistics for Server No: 0
sockperf: [Valid Duration] RunTime=9.990 sec; SentMessages=1000; ReceivedMessages=1000
sockperf: [2;35m====> avg-lat= 89.408 (std-dev=19.127)[0m
sockperf: # dropped messages = 0; # duplicated messages = 0; # out-of-order messages = 0
sockperf: [2;35mTotal 1000 observations[0m; each percentile contains 10.00 observations
sockperf: ---> <MAX> observation =  159.594
sockperf: ---> percentile  99.99 =  159.594
sockperf: ---> percentile  99.90 =  153.225
sockperf: ---> percentile  99.50 =  142.226
sockperf: ---> percentile  99.00 =  134.864
sockperf: ---> percentile  95.00 =  121.380
sockperf: ---> percentile  90.00 =  110.704
sockperf: ---> percentile  75.00 =   99.447
sockperf: ---> percentile  50.00 =   89.702
sockperf: ---> percentile  25.00 =   81.665
sockperf: ---> <MIN> observation =   26.917
------------------------------
txTime, rxTime
2.063461555, 2.063654329
2.073461539, 2.073596340
2.083461536, 2.083530555
2.093461538, 2.093625025
2.103461541, 2.103529888
2.113461547, 2.113567266
2.123461569, 2.123560797
2.133461539, 2.133656868
2.143461576, 2.143642275
2.153461546, 2.153687398
2.163461552, 2.163643879
2.173461551, 2.173629174
2.183461552, 2.183702865
2.193461543, 2.193668044
2.203461539, 2.203632526
2.213461546, 2.213685317
2.223461532, 2.223627251
2.233461541, 2.233649588
2.243461544, 2.243615673
2.253461554, 2.253681786
2.263461544, 2.263646866
2.273461552, 2.273650748
2.283461533, 2.283675302
2.293461857, 2.293658403
2.303461565, 2.303642276
2.313461538, 2.313666072
2.323461528, 2.323664779
2.333461593, 2.333595915
2.343461544, 2.343614184
2.353461547, 2.353633382
2.363461551, 2.363627210
2.373461539, 2.373652837
2.383461541, 2.383637592
2.393461538, 2.393618518
2.403461546, 2.403651844
2.413461541, 2.413646416
2.423461541, 2.423682571
2.433461533, 2.433675011
2.443461547, 2.443561119
2.453461530, 2.453557039
2.463461538, 2.463534682
2.473461912, 2.473580983
2.483461536, 2.483623452
2.493461530, 2.493636172
2.503461543, 2.503640190
2.513461547, 2.513667047
2.523461546, 2.523635428
2.533461539, 2.533603746
2.543461538, 2.543661416
2.553461535, 2.553624940
2.563461546, 2.563653079
2.573461532, 2.573658251
2.583461533, 2.583643047
2.593461539, 2.593709776
2.603461547, 2.603644297
2.613461543, 2.613616962
2.623461546, 2.623645980
2.633461532, 2.633682941
2.643461562, 2.643740978
2.653461555, 2.653622379
2.663461547, 2.663667463
2.673461547, 2.673665606
2.683461547, 2.683663103
2.693461549, 2.693628432
2.703461535, 2.703647657
2.713461546, 2.713597917
2.723461539, 2.723630363
2.733461541, 2.733714024
2.743461535, 2.743699630
2.753461536, 2.753654287
2.763461533, 2.763655730
2.773461547, 2.773632099
2.783461535, 2.783622950
2.793461598, 2.793672411
2.803461557, 2.803682409
2.813461543, 2.813625305
2.823461543, 2.823650658
2.833461543, 2.833666819
2.843461552, 2.843641777
2.853461552, 2.853624537
2.863461552, 2.863644689
2.873461535, 2.873648082
2.883461536, 2.883643261
2.893461543, 2.893617538
2.903461532, 2.903626310
2.913461581, 2.913632073
2.923461552, 2.923637691
2.933461536, 2.933660493
2.943461539, 2.943685974
2.953461560, 2.953652424
2.963461547, 2.963633317
2.973461546, 2.973644294
2.983461552, 2.983635067
2.993461544, 2.993627471
3.003461541, 3.003659395
3.013461544, 3.013652537
3.023461532, 3.023627100
3.033461555, 3.033658176
3.043461543, 3.043645972
3.053461549, 3.053647210
3.063462964, 3.063667927
3.073461546, 3.073638215
3.083461549, 3.083637956
3.093461538, 3.093703932
3.103461551, 3.103683358
3.113461533, 3.113635855
3.123461551, 3.123634290
3.133461527, 3.133645221
3.143461551, 3.143658442
3.153461555, 3.153653249
3.163461549, 3.163622300
3.173461546, 3.173635498
3.183461533, 3.183646691
3.193461539, 3.193668143
3.203461527, 3.203647346
3.213461541, 3.213649501
3.223461530, 3.223651410
3.233461544, 3.233644163
3.243461536, 3.243644531
3.253461551, 3.253678540
3.263461547, 3.263667526
3.273461539, 3.273644682
3.283461641, 3.283631156
3.293461535, 3.293616864
3.303461544, 3.303678308
3.313461527, 3.313658136
3.323461544, 3.323613673
3.333461533, 3.333634911
3.343461533, 3.343627962
3.353461551, 3.353647210
3.363461584, 3.363623257
3.373461546, 3.373645522
3.383461541, 3.383613755
3.393461551, 3.393633003
3.403461546, 3.403626135
3.413461543, 3.413633112
3.423461532, 3.423649669
3.433461546, 3.433642723
3.443461535, 3.443625402
3.453461555, 3.453643983
3.463462128, 3.463630163
3.473461549, 3.473634298
3.483461533, 3.483642563
3.493461576, 3.493550195
3.503461551, 3.503630456
3.513461532, 3.513535021
3.523461552, 3.523607645
3.533461538, 3.533654989
3.543461530, 3.543588462
3.553461552, 3.553670524
3.563461544, 3.563640599
3.573461538, 3.573629984
3.583461538, 3.583745991
3.593461536, 3.593649738
3.603461528, 3.603631025
3.613461546, 3.613648042
3.623461547, 3.623615065
3.633461543, 3.633684011
3.643461541, 3.643658446
3.653461551, 3.653675703
3.663461538, 3.663726425
3.673461549, 3.673723307
3.683461552, 3.683639666
3.693461552, 3.693639643
3.703461541, 3.703679867
3.713461541, 3.713642090
3.723461525, 3.723621575
3.733461536, 3.733670902
3.743461650, 3.743634914
3.753461551, 3.753679055
3.763461532, 3.763663653
3.773461549, 3.773615678
3.783461554, 3.783637892
3.793463035, 3.793662098
3.803461554, 3.803627780
3.813461547, 3.813638611
3.823461535, 3.823644030
3.833461546, 3.833626452
3.843461533, 3.843650311
3.853461558, 3.853642188
3.863461555, 3.863645889
3.873461533, 3.873659039
3.883461552, 3.883615893
3.893461533, 3.893661853
3.903461530, 3.903646574
3.913461539, 3.913629171
3.923461535, 3.923663800
3.933461528, 3.933648082
3.943461528, 3.943635239
3.953461547, 3.953637547
3.963461524, 3.963621623
3.973461546, 3.973662183
3.983461538, 3.983664829
3.993461533, 3.993603022
4.003461535, 4.003664534
4.013461530, 4.013678294
4.023461543, 4.023615612
4.033461539, 4.033617539
4.043461535, 4.043652614
4.053461540, 4.053617461
4.063461529, 4.063568042
4.073461543, 4.073515378
4.083461529, 4.083530634
4.093461529, 4.093664088
4.103461532, 4.103614949
4.113461529, 4.113624817
4.123461534, 4.123642345
4.133461540, 4.133620108
4.143461539, 4.143656880
4.153461559, 4.153652031
4.163461534, 4.163648916
4.173461537, 4.173667948
4.183461526, 4.183667265
4.193461547, 4.193660442
4.203461531, 4.203662078
4.213461548, 4.213666366
4.223461526, 4.223659436
4.233461531, 4.233659204
4.243461526, 4.243641235
4.253461537, 4.253643253
4.263461532, 4.263682940
4.273461548, 4.273636699
4.283461540, 4.283681827
4.293461538, 4.293685151
4.303461530, 4.303647005
4.313461531, 4.313712172
4.323461536, 4.323669539
4.333461532, 4.333626236
4.343461527, 4.343620483
4.353461549, 4.353660517
4.363461527, 4.363626389
4.373461547, 4.373618662
4.383461524, 4.383623847
4.393461530, 4.393608213
4.403461532, 4.403608363
4.413461533, 4.413638149
4.423461532, 4.423633804
4.433461547, 4.433628497
4.443461543, 4.443657797
4.453461555, 4.453655916
4.463461533, 4.463650523
4.473461536, 4.473650521
4.483461551, 4.483608459
4.493461535, 4.493652356
4.503461536, 4.503623839
4.513461555, 4.513658840
4.523461546, 4.523653722
4.533461528, 4.533651334
4.543461541, 4.543660099
4.553461528, 4.553637408
4.563461528, 4.563678641
4.573461532, 4.573659562
4.583461527, 4.583628832
4.593461528, 4.593663823
4.603461527, 4.603611522
4.613461528, 4.613647128
4.623461528, 4.623668870
4.633461528, 4.633648672
4.643461527, 4.643675346
4.653461527, 4.653643493
4.663461530, 4.663616415
4.673461533, 4.673617399
4.683461524, 4.683650055
4.693461525, 4.693649711
4.703461532, 4.703621466
4.713461544, 4.713619193
4.723461544, 4.723661943
4.733461524, 4.733657211
4.743461527, 4.743639723
4.753461525, 4.753602747
4.763461530, 4.763673431
4.773461528, 4.773660986
4.783461532, 4.783651464
4.793461530, 4.793633889
4.803461535, 4.803659227
4.813461538, 4.813629673
4.823461530, 4.823632717
4.833461539, 4.833609489
4.843461541, 4.843618326
4.853461549, 4.853620448
4.863461524, 4.863612482
4.873461530, 4.873684801
4.883461535, 4.883637776
4.893461533, 4.893627340
4.903461539, 4.903614895
4.913461532, 4.913637397
4.923461532, 4.923636963
4.933461530, 4.933631034
4.943461538, 4.943655855
4.953461543, 4.953632553
4.963461535, 4.963675082
4.973461535, 4.973625755
4.983461525, 4.983676055
4.993461527, 4.993650324
5.003461549, 5.003663220
5.013461532, 5.013649297
5.023461528, 5.023635416
5.033461541, 5.033606056
5.043461539, 5.043614217
5.053461552, 5.053672845
5.063461533, 5.063635446
5.073461528, 5.073670501
5.083461528, 5.083613891
5.093461530, 5.093640669
5.103461527, 5.103648803
5.113461527, 5.113646067
5.123461525, 5.123688112
5.133461528, 5.133617426
5.143461530, 5.143644982
5.153461539, 5.153656368
5.163461539, 5.163609508
5.173461532, 5.173636560
5.183461530, 5.183613786
5.193461533, 5.193615149
5.203461582, 5.203614306
5.213461530, 5.213659573
5.223461530, 5.223686242
5.233461532, 5.233644031
5.243461530, 5.243615796
5.253461547, 5.253631061
5.263461538, 5.263634936
5.273461543, 5.273640110
5.283461522, 5.283641330
5.293461527, 5.293628947
5.303461530, 5.303651041
5.313461527, 5.313656729
5.323461539, 5.323633889
5.333461541, 5.333657624
5.343461530, 5.343635349
5.353461553, 5.353661084
5.363461533, 5.363649771
5.373461533, 5.373619780
5.383461525, 5.383642944
5.393461538, 5.393645455
5.403461532, 5.403628837
5.413461534, 5.413677962
5.423461527, 5.423628543
5.433461530, 5.433635446
5.443461532, 5.443620965
5.453461554, 5.453625829
5.463461549, 5.463637791
5.473461534, 5.473630035
5.483461535, 5.483643030
5.493461534, 5.493655187
5.503461553, 5.503714295
5.513461545, 5.513628167
5.523461538, 5.523650942
5.533461535, 5.533681708
5.543461528, 5.543648449
5.553461540, 5.553650702
5.563461542, 5.563633823
5.573461547, 5.573692123
5.583461529, 5.583644424
5.593461537, 5.593619845
5.603461531, 5.603656522
5.613461534, 5.613640586
5.623461532, 5.623669518
5.633461534, 5.633629999
5.643461539, 5.643641386
5.653461540, 5.653668435
5.663461526, 5.663654847
5.673461536, 5.673625634
5.683461534, 5.683639762
5.693461532, 5.693693624
5.703461547, 5.703644104
5.713461528, 5.713615701
5.723461523, 5.723651414
5.733461534, 5.733670983
5.743461532, 5.743683928
5.753461548, 5.753652740
5.763461524, 5.763655170
5.773461543, 5.773649668
5.783461537, 5.783691338
5.793461529, 5.793699824
5.803461539, 5.803654288
5.813461536, 5.813712776
5.823461536, 5.823670461
5.833461544, 5.833619635
5.843461532, 5.843629685
5.853461551, 5.853641260
5.863461551, 5.863653127
5.873461536, 5.873690836
5.883461527, 5.883636714
5.893461530, 5.893672520
5.903461528, 5.903625390
5.913461527, 5.913647329
5.923461532, 5.923679996
5.933461532, 5.933561320
5.943461538, 5.943563849
5.953461555, 5.953568559
5.963461535, 5.963560991
5.973461533, 5.973548417
5.983461533, 5.983670418
5.993461533, 5.993710357
6.003461544, 6.003615732
6.013461535, 6.013549702
6.023461527, 6.023657516
6.033461547, 6.033713859
6.043461541, 6.043717718
6.053461547, 6.053596992
6.063461527, 6.063710892
6.073461548, 6.073672283
6.083461532, 6.083680667
6.093461532, 6.093622419
6.103461529, 6.103618630
6.113461535, 6.113670548
6.123461527, 6.123640481
6.133461544, 6.133677083
6.143461536, 6.143637889
6.153461557, 6.153670532
6.163461530, 6.163655968
6.173461539, 6.173657290
6.183461530, 6.183615026
6.193461536, 6.193632574
6.203461532, 6.203629419
6.213461535, 6.213613733
6.223461525, 6.223635280
6.233461536, 6.233656371
6.243461533, 6.243659661
6.253461541, 6.253639802
6.263461535, 6.263649909
6.273461547, 6.273620052
6.283461536, 6.283677986
6.293461535, 6.293670706
6.303461538, 6.303661450
6.313461525, 6.313656598
6.323461530, 6.323632365
6.333461532, 6.333696884
6.343461532, 6.343675648
6.353461554, 6.353638954
6.363461535, 6.363678737
6.373461528, 6.373661520
6.383461527, 6.383639921
6.393461539, 6.393701959
6.403461530, 6.403641703
6.413461530, 6.413646257
6.423461532, 6.423641447
6.433461526, 6.433554316
6.443461531, 6.443542093
6.453461551, 6.453540405
6.463461531, 6.463542666
6.473461545, 6.473727689
6.483461537, 6.483665038
6.493461540, 6.493631005
6.503461551, 6.503651839
6.513461545, 6.513635036
6.523461548, 6.523706813
6.533461529, 6.533605181
6.543461536, 6.543617392
6.553461542, 6.553693777
6.563461532, 6.563609614
6.573461539, 6.573622493
6.583461536, 6.583622995
6.593461526, 6.593713487
6.603461540, 6.603702652
6.613461526, 6.613708096
6.623461533, 6.623699528
6.633461533, 6.633706253
6.643461536, 6.643717037
6.653461551, 6.653721043
6.663461546, 6.663721753
6.673461530, 6.673709752
6.683461533, 6.683728444
6.693461528, 6.693686120
6.703461530, 6.703718770
6.713461533, 6.713747710
6.723461528, 6.723704412
6.733461530, 6.733702660
6.743461536, 6.743723885
6.753461544, 6.753672083
6.763461527, 6.763605352
6.773461546, 6.773642646
6.783461529, 6.783614964
6.793461576, 6.793628721
6.803461547, 6.803634959
6.813461530, 6.813637778
6.823461552, 6.823645620
6.833461527, 6.833606936
6.843461535, 6.843611188
6.853461552, 6.853602895
6.863461533, 6.863561607
6.873461525, 6.873667269
6.883461547, 6.883604512
6.893461544, 6.893574330
6.903461535, 6.903605069
6.913461525, 6.913601372
6.923461528, 6.923600874
6.933461538, 6.933674430
6.943461536, 6.943647071
6.953461549, 6.953626643
6.963461522, 6.963574642
6.973461525, 6.973599538
6.983461527, 6.983574331
6.993461530, 6.993605128
7.003461547, 7.003621089
7.013461533, 7.013619935
7.023461536, 7.023613003
7.033461528, 7.033575492
7.043461532, 7.043548153
7.053461551, 7.053560901
7.063461539, 7.063545730
7.073461530, 7.073574093
7.083461533, 7.083560786
7.093461532, 7.093543663
7.103461525, 7.103552757
7.113461532, 7.113545359
7.123461528, 7.123544700
7.133461539, 7.133585619
7.143461541, 7.143570484
7.153461539, 7.153549997
7.163461532, 7.163548011
7.173461532, 7.173609285
7.183461530, 7.183539079
7.193461554, 7.193597630
7.203461538, 7.203547323
7.213461528, 7.213572457
7.223461528, 7.223582024
7.233461530, 7.233593992
7.243461535, 7.243646879
7.253461552, 7.253639223
7.263461525, 7.263676679
7.273461544, 7.273650167
7.283461538, 7.283680315
7.293461532, 7.293683932
7.303461527, 7.303710761
7.313461533, 7.313685835
7.323461536, 7.323705423
7.333461535, 7.333685404
7.343461524, 7.343678434
7.353461539, 7.353699554
7.363461527, 7.363608173
7.373461549, 7.373621038
7.383461551, 7.383768002
7.393461549, 7.393672820
7.403461538, 7.403627457
7.413461533, 7.413724317
7.423461533, 7.423645244
7.433461532, 7.433642072
7.443461534, 7.443627783
7.453461539, 7.453657692
7.463461536, 7.463655083
7.473461539, 7.473631283
7.483461534, 7.483658333
7.493461528, 7.493650397
7.503461539, 7.503634019
7.513461532, 7.513661317
7.523461526, 7.523609602
7.533461537, 7.533627637
7.543461526, 7.543717818
7.553461542, 7.553636353
7.563461536, 7.563704296
7.573461532, 7.573700420
7.583461532, 7.583673143
7.593461536, 7.593684789
7.603461537, 7.603648218
7.613461532, 7.613637134
7.623461539, 7.623723046
7.633461529, 7.633648810
7.643461537, 7.643620283
7.653461550, 7.653620453
7.663461532, 7.663667541
7.673461529, 7.673590660
7.683461537, 7.683643788
7.693461530, 7.693642791
7.703461544, 7.703636338
7.713461533, 7.713669956
7.723461530, 7.723615441
7.733461527, 7.733638659
7.743461533, 7.743644678
7.753461541, 7.753724622
7.763461539, 7.763645143
7.773461533, 7.773640806
7.783461525, 7.783679104
7.793461525, 7.793677781
7.803461530, 7.803675150
7.813461528, 7.813635362
7.823461532, 7.823629722
7.833461530, 7.833683973
7.843461533, 7.843645294
7.853461552, 7.853633186
7.863461524, 7.863633741
7.873461528, 7.873625887
7.883461773, 7.883661824
7.893461528, 7.893654694
7.903461549, 7.903616205
7.913461527, 7.913664043
7.923461538, 7.923692499
7.933461544, 7.933660719
7.943461530, 7.943663129
7.953461533, 7.953662415
7.963461541, 7.963703537
7.973461547, 7.973626157
7.983461535, 7.983624086
7.993461527, 7.993714517
8.003461549, 8.003634740
8.013461535, 8.013605207
8.023461530, 8.023676442
8.033461542, 8.033652676
8.043461533, 8.043737963
8.053461536, 8.053646598
8.063461536, 8.063721881
8.073461536, 8.073611852
8.083461536, 8.083674922
8.093461549, 8.093671004
8.103461533, 8.103705618
8.113461552, 8.113621858
8.123461538, 8.123701903
8.133461533, 8.133624864
8.143461532, 8.143622285
8.153461557, 8.153606612
8.163461547, 8.163688781
8.173461551, 8.173605924
8.183461533, 8.183715047
8.193461547, 8.193625241
8.203461527, 8.203669956
8.213461544, 8.213608483
8.223461543, 8.223648619
8.233461544, 8.233530346
8.243461528, 8.243572373
8.253461557, 8.253588857
8.263461544, 8.263622058
8.273461535, 8.273626798
8.283461530, 8.283629416
8.293461527, 8.293574279
8.303461533, 8.303541313
8.313461539, 8.313534570
8.323461532, 8.323536264
8.333461533, 8.333572012
8.343461544, 8.343679194
8.353461560, 8.353651074
8.363461535, 8.363624959
8.373461530, 8.373679382
8.383461541, 8.383603806
8.393461532, 8.393614159
8.403461536, 8.403652056
8.413461530, 8.413731260
8.423461532, 8.423595365
8.433461527, 8.433658447
8.443461533, 8.443645270
8.453461541, 8.453671265
8.463461524, 8.463633812
8.473461530, 8.473614527
8.483461530, 8.483639996
8.493461533, 8.493616322
8.503461551, 8.503594134
8.513461541, 8.513608473
8.523461533, 8.523581747
8.533461533, 8.533555852
8.543461532, 8.543622617
8.553461538, 8.553624667
8.563461538, 8.563607060
8.573461530, 8.573582147
8.583461524, 8.583591402
8.593461524, 8.593594609
8.603461530, 8.603780719
8.613461569, 8.613653911
8.623461530, 8.623634011
8.633461533, 8.633640552
8.643461533, 8.643532334
8.653461555, 8.653543262
8.663461543, 8.663563543
8.673461532, 8.673549849
8.683461551, 8.683555366
8.693461533, 8.693527830
8.703461522, 8.703574426
8.713461525, 8.713552503
8.723461541, 8.723566209
8.733461541, 8.733561703
8.743461536, 8.743546023
8.753461546, 8.753560963
8.763461543, 8.763531159
8.773461533, 8.773572735
8.783461532, 8.783593930
8.793461539, 8.793636684
8.803461527, 8.803741284
8.813461541, 8.813629503
8.823461527, 8.823666334
8.833461547, 8.833665506
8.843461528, 8.843611712
8.853461541, 8.853726313
8.863461562, 8.863647149
8.873461549, 8.873650947
8.883461532, 8.883671841
8.893461535, 8.893755917
8.903461539, 8.903670126
8.913461535, 8.913670737
8.923461532, 8.923616142
8.933461533, 8.933675744
8.943461532, 8.943652140
8.953461552, 8.953668527
8.963461528, 8.963656084
8.973461532, 8.973701636
8.983461541, 8.983641375
8.993461532, 8.993639590
9.003461546, 9.003710024
9.013461530, 9.013683946
9.023461546, 9.023646787
9.033461524, 9.033741325
9.043461527, 9.043617683
9.053461557, 9.053703644
9.063461544, 9.063616658
9.073461528, 9.073595759
9.083461533, 9.083571185
9.093461533, 9.093604561
9.103461533, 9.103626609
9.113461527, 9.113595635
9.123461535, 9.123601828
9.133461541, 9.133607731
9.143461535, 9.143579989
9.153461528, 9.153699129
9.163461538, 9.163649100
9.173461524, 9.173635744
9.183461533, 9.183585295
9.193461530, 9.193664411
9.203461532, 9.203632978
9.213461535, 9.213625519
9.223461528, 9.223598286
9.233461528, 9.233606330
9.243461522, 9.243623839
9.253461531, 9.253614776
9.263461558, 9.263629929
9.273461526, 9.273614654
9.283461526, 9.283616387
9.293461538, 9.293621070
9.303461538, 9.303649739
9.313461526, 9.313644707
9.323461531, 9.323643381
9.333461530, 9.333607556
9.343461542, 9.343590665
9.353461564, 9.353631073
9.363461545, 9.363668441
9.373461531, 9.373557317
9.383461533, 9.383522069
9.393461530, 9.393577656
9.403461526, 9.403694278
9.413461533, 9.413643960
9.423461530, 9.423620223
9.433461536, 9.433597972
9.443461531, 9.443552793
9.453461552, 9.453532664
9.463461533, 9.463681388
9.473461520, 9.473561747
9.483461534, 9.483557359
9.493461531, 9.493613170
9.503461547, 9.503596267
9.513461541, 9.513653390
9.523461530, 9.523629532
9.533461538, 9.533583613
9.543461528, 9.543583095
9.553461547, 9.553615226
9.563461538, 9.563599224
9.573461528, 9.573670702
9.583461536, 9.583586241
9.593461528, 9.593632572
9.603461525, 9.603686355
9.613461555, 9.613601932
9.623461530, 9.623594882
9.633461533, 9.633548892
9.643461530, 9.643573497
9.653461526, 9.653581398
9.663461525, 9.663566676
9.673461539, 9.673695049
9.683461530, 9.683644158
9.693461534, 9.693634880
9.703461528, 9.703669403
9.713461533, 9.713656582
9.723461547, 9.723666142
9.733461533, 9.733679231
9.743461533, 9.743670540
9.753461528, 9.753668103
9.763461525, 9.763666866
9.773461530, 9.773669809
9.783461525, 9.783651555
9.793461544, 9.793653520
9.803461532, 9.803668505
9.813461543, 9.813645423
9.823461535, 9.823693365
9.833461525, 9.833633234
9.843461533, 9.843642815
9.853461555, 9.853649082
9.863461533, 9.863649122
9.873461533, 9.873633647
9.883461538, 9.883654175
9.893461533, 9.893668225
9.903461528, 9.903646131
9.913461529, 9.913649472
9.923461534, 9.923611264
9.933461540, 9.933623253
9.943461532, 9.943642230
9.953461534, 9.953625078
9.963461558, 9.963618409
9.973461531, 9.973586933
9.983461537, 9.983566671
9.993461540, 9.993600079
10.003461548, 10.003677891
10.013461531, 10.013660036
10.023461526, 10.023645425
10.033461547, 10.033617471
10.043461621, 10.043645949
10.053461540, 10.053651468
10.063461548, 10.063655140
10.073461550, 10.073667408
10.083461524, 10.083656838
10.093461529, 10.093672358
10.103461539, 10.103656530
10.113461529, 10.113630988
10.123461548, 10.123641620
10.133461545, 10.133630282
10.143461528, 10.143668378
10.153461545, 10.153637605
10.163461551, 10.163661547
10.173461539, 10.173642018
10.183461547, 10.183656234
10.193461529, 10.193664173
10.203461536, 10.203669467
10.213461529, 10.213643229
10.223461524, 10.223635139
10.233461526, 10.233641612
10.243461537, 10.243646472
10.253461543, 10.253643584
10.263461532, 10.263673879
10.273461526, 10.273630440
10.283461562, 10.283643734
10.293461526, 10.293659428
10.303461532, 10.303645176
10.313461531, 10.313637848
10.323461537, 10.323638914
10.333461539, 10.333673076
10.343461529, 10.343644675
10.353461532, 10.353673343
10.363461551, 10.363657529
10.373461528, 10.373627974
10.383461534, 10.383636776
10.393461528, 10.393670124
10.403461528, 10.403666619
10.413461528, 10.413652914
10.423461529, 10.423651264
10.433461524, 10.433625316
10.443461536, 10.443666838
10.453461542, 10.453677104
10.463461534, 10.463648247
10.473461524, 10.473652693
10.483461550, 10.483653097
10.493461528, 10.493660595
10.503461548, 10.503648937
10.513461534, 10.513645357
10.523461532, 10.523637362
10.533461532, 10.533649954
10.543461532, 10.543631357
10.553461526, 10.553646278
10.563461548, 10.563646155
10.573461547, 10.573635090
10.583461545, 10.583652093
10.593461526, 10.593633468
10.603461534, 10.603630249
10.613461534, 10.613666275
10.623461529, 10.623637952
10.633461526, 10.633633422
10.643461539, 10.643630105
10.653461536, 10.653659544
10.663461550, 10.663660186
10.673461529, 10.673646189
10.683461540, 10.683656826
10.693461526, 10.693673869
10.703461537, 10.703648938
10.713461534, 10.713643178
10.723461534, 10.723650806
10.733461532, 10.733661022
10.743461529, 10.743649884
10.753461532, 10.753650134
10.763461537, 10.763667105
10.773461532, 10.773643808
10.783461531, 10.783677605
10.793461537, 10.793639144
10.803461524, 10.803649796
10.813461532, 10.813650866
10.823461532, 10.823634381
10.833461532, 10.833639751
10.843461531, 10.843636179
10.853461529, 10.853640428
10.863461532, 10.863667244
10.873461534, 10.873656757
10.883461536, 10.883647183
10.893461529, 10.893643932
10.903461531, 10.903666794
10.913461531, 10.913672786
10.923461523, 10.923654103
10.933461528, 10.933645834
10.943461531, 10.943665836
10.953461529, 10.953630184
10.963461550, 10.963658202
10.973461548, 10.973656084
10.983461526, 10.983659162
10.993461529, 10.993652233
11.003461551, 11.003657783
11.013461532, 11.013613727
11.023461524, 11.023659904
11.033461550, 11.033679934
11.043461532, 11.043654785
11.053461524, 11.053650372
11.063461550, 11.063669972
11.073461523, 11.073626973
11.083461578, 11.083634632
11.093461532, 11.093640079
11.103461524, 11.103625826
11.113461539, 11.113631791
11.123461536, 11.123632954
11.133461540, 11.133635638
11.143461528, 11.143632267
11.153461536, 11.153631057
11.163461536, 11.163641454
11.173461526, 11.173635923
11.183461526, 11.183633140
11.193461534, 11.193631965
11.203461524, 11.203633501
11.213461524, 11.213643284
11.223461525, 11.223631263
11.233461527, 11.233593520
11.243461530, 11.243630193
11.253461535, 11.253641404
11.263461535, 11.263639391
11.273461525, 11.273634579
11.283461530, 11.283635118
11.293461529, 11.293634794
11.303461525, 11.303632495
11.313461524, 11.313631559
11.323461530, 11.323632713
11.333461525, 11.333634140
11.343461527, 11.343631573
11.353461530, 11.353632937
11.363461554, 11.363640700
11.373461538, 11.373637723
11.383461530, 11.383635206
11.393461535, 11.393633338
11.403461538, 11.403632296
11.413461528, 11.413637708
11.423461533, 11.423632462
11.433461536, 11.433634653
11.443461535, 11.443631323
11.453461530, 11.453634446
11.463461533, 11.463643337
11.473461532, 11.473633130
11.483461525, 11.483635367
11.493461532, 11.493636283
11.503461551, 11.503640955
11.513461547, 11.513634866
11.523461527, 11.523632296
11.533461544, 11.533635151
11.543461527, 11.543631014
11.553461528, 11.553631096
11.563461552, 11.563641466
11.573461541, 11.573609517
11.583461552, 11.583633513
11.593461527, 11.593631072
11.603461535, 11.603593981
11.613461539, 11.613637167
11.623461528, 11.623634538
11.633461535, 11.633631879
11.643461535, 11.643629272
11.653461536, 11.653633035
11.663461552, 11.663640233
11.673461533, 11.673635544
11.683461530, 11.683633701
11.693461530, 11.693635315
11.703461519, 11.703633880
11.713461525, 11.713631615
11.723461525, 11.723623198
11.733461528, 11.733636259
11.743461528, 11.743630943
11.753461533, 11.753603451
11.763461536, 11.763639739
11.773461532, 11.773638679
11.783461546, 11.783633245
11.793461528, 11.793634360
11.803461614, 11.803716637
11.813461547, 11.813753013
11.823461536, 11.823641547
11.833461543, 11.833701017
11.843461539, 11.843635062
11.853461533, 11.853702857
11.863461539, 11.863640752
11.873461547, 11.873688902
11.883461530, 11.883638855
11.893461533, 11.893704616
11.903461532, 11.903636687
11.913461538, 11.913646898
11.923461538, 11.923634745
11.933461547, 11.933703426
11.943461533, 11.943635056
11.953461533, 11.953685311
11.963461538, 11.963640396
11.973461535, 11.973704913
11.983461547, 11.983639159
11.993461525, 11.993646289
12.003461521, 12.003635280
12.013461539, 12.013650096
12.023461532, 12.023632059
12.033461525, 12.033640114
12.043461527, 12.043632959
12.053461527, 12.053637728
------------------------------
