------------------------------
test was performed using the following parameters: --mps=100 --burst=1 --reply-every=1 --msg-size=12 --time=10
------------------------------
sockperf: [Total Run] RunTime=10.100 sec; SentMessages=1011; ReceivedMessages=1010
sockperf: ========= Printing statistics for Server No: 0
sockperf: [Valid Duration] RunTime=9.990 sec; SentMessages=1000; ReceivedMessages=1000
sockperf: [2;35m====> avg-lat= 78.490 (std-dev=19.229)[0m
sockperf: # dropped messages = 0; # duplicated messages = 0; # out-of-order messages = 0
sockperf: [2;35mTotal 1000 observations[0m; each percentile contains 10.00 observations
sockperf: ---> <MAX> observation =  148.006
sockperf: ---> percentile  99.99 =  148.006
sockperf: ---> percentile  99.90 =  142.995
sockperf: ---> percentile  99.50 =  131.723
sockperf: ---> percentile  99.00 =  127.611
sockperf: ---> percentile  95.00 =  110.953
sockperf: ---> percentile  90.00 =  103.909
sockperf: ---> percentile  75.00 =   90.004
sockperf: ---> percentile  50.00 =   78.875
sockperf: ---> percentile  25.00 =   64.963
sockperf: ---> <MIN> observation =   29.739
------------------------------
txTime, rxTime
2.063878807, 2.064049188
2.073878818, 2.074124738
2.083878816, 2.084072789
2.093878804, 2.094033441
2.103878799, 2.103973568
2.113878807, 2.114022909
2.123878810, 2.124124158
2.133878819, 2.134127477
2.143878818, 2.144111389
2.153878805, 2.154040753
2.163878815, 2.164018362
2.173878808, 2.174042292
2.183878810, 2.184116180
2.193878819, 2.194134293
2.203878821, 2.204072009
2.213878807, 2.214058061
2.223878822, 2.224059381
2.233878813, 2.234052168
2.243878807, 2.244101711
2.253878819, 2.254037882
2.263878816, 2.264046518
2.273878807, 2.274067984
2.283878821, 2.283997063
2.293878796, 2.294053299
2.303878804, 2.304019501
2.313878800, 2.314018173
2.323878796, 2.324069417
2.333878791, 2.333982164
2.343878807, 2.344034455
2.353878802, 2.354042061
2.363878805, 2.364000326
2.373878804, 2.374024276
2.383878816, 2.384033807
2.393878807, 2.394019396
2.403878796, 2.404020760
2.413878796, 2.414063067
2.423878800, 2.424041444
2.433878799, 2.434055078
2.443878799, 2.444060185
2.453878868, 2.454001757
2.463878802, 2.464023123
2.473878800, 2.474006175
2.483878804, 2.484025278
2.493878796, 2.494018824
2.503878810, 2.504016892
2.513878799, 2.514061421
2.523878800, 2.524033728
2.533878803, 2.534000749
2.543878803, 2.544033259
2.553878802, 2.553999981
2.563878802, 2.564004174
2.573878791, 2.574012233
2.583878815, 2.584026355
2.593878802, 2.594048149
2.603878802, 2.604055359
2.613878805, 2.614055063
2.623878792, 2.624100230
2.633878799, 2.634097913
2.643878822, 2.644043492
2.653878802, 2.653983570
2.663878804, 2.664063210
2.673878797, 2.674054360
2.683878824, 2.684000870
2.693878800, 2.694069208
2.703878811, 2.703941934
2.713878804, 2.713976329
2.723878804, 2.724073373
2.733878801, 2.734027568
2.743878809, 2.743993758
2.753878806, 2.754027766
2.763878802, 2.763979070
2.773878810, 2.774034587
2.783878796, 2.784032530
2.793878802, 2.794030466
2.803878802, 2.804082519
2.813878800, 2.814060706
2.823878802, 2.824065157
2.833878794, 2.834066061
2.843878802, 2.844054801
2.853878802, 2.854041434
2.863878800, 2.864011287
2.873878797, 2.874015375
2.883878796, 2.884014010
2.893878804, 2.894057285
2.903878808, 2.904003623
2.913878802, 2.914063467
2.923878804, 2.924039286
2.933878797, 2.934000652
2.943878802, 2.944024229
2.953878800, 2.954046676
2.963878808, 2.964026896
2.973878808, 2.974100716
2.983878807, 2.984029450
2.993878800, 2.993975566
3.003878796, 3.004016331
3.013878808, 3.014039575
3.023878802, 3.024033454
3.033878804, 3.034001055
3.043878804, 3.044071015
3.053878800, 3.054008947
3.063878802, 3.064123508
3.073878799, 3.074025513
3.083878802, 3.084027723
3.093878804, 3.094049029
3.103878802, 3.104025411
3.113878791, 3.114024292
3.123878808, 3.124048912
3.133878808, 3.134081904
3.143878800, 3.143974980
3.153878811, 3.154023293
3.163878796, 3.164025415
3.173878792, 3.174016018
3.183878799, 3.184001124
3.193878799, 3.194007013
3.203878802, 3.204109375
3.213878796, 3.214045469
3.223878807, 3.224037599
3.233878804, 3.234064983
3.243878802, 3.244038225
3.253878799, 3.254014989
3.263878802, 3.264038682
3.273878800, 3.274047431
3.283878795, 3.284042889
3.293878797, 3.294050600
3.303878802, 3.304029152
3.313878802, 3.314023355
3.323878796, 3.324007827
3.333878800, 3.333990690
3.343878794, 3.344000862
3.353878802, 3.354011890
3.363878800, 3.364026620
3.373878804, 3.373981311
3.383878802, 3.383991117
3.393878800, 3.394075478
3.403878808, 3.403996299
3.413878807, 3.413979662
3.423878804, 3.424027764
3.433878802, 3.434016877
3.443878800, 3.443976863
3.453878797, 3.453995680
3.463878804, 3.464076823
3.473878796, 3.474052942
3.483878807, 3.484031103
3.493878803, 3.494018884
3.503878798, 3.504014031
3.513878795, 3.514020563
3.523878796, 3.524053649
3.533878805, 3.534010569
3.543878822, 3.544030144
3.553878799, 3.553995873
3.563878800, 3.564023867
3.573878802, 3.574011416
3.583878803, 3.584033636
3.593878805, 3.593979702
3.603878808, 3.604039963
3.613878819, 3.614022076
3.623878800, 3.623994259
3.633878810, 3.633998131
3.643878799, 3.644012483
3.653878796, 3.654034025
3.663878808, 3.664084910
3.673878796, 3.674049390
3.683878797, 3.683997506
3.693878794, 3.694029203
3.703878796, 3.704041548
3.713878810, 3.714083800
3.723878807, 3.724028001
3.733878796, 3.734041772
3.743878799, 3.744057114
3.753878799, 3.754071017
3.763879059, 3.764093768
3.773878796, 3.774054005
3.783878796, 3.784045557
3.793878807, 3.794032673
3.803878804, 3.804025748
3.813878799, 3.814017543
3.823878804, 3.824024422
3.833878804, 3.834041254
3.843878794, 3.844032486
3.853878800, 3.854071725
3.863878802, 3.864091217
3.873878803, 3.873993226
3.883878797, 3.884015051
3.893878796, 3.894034511
3.903878804, 3.904063853
3.913878796, 3.914011964
3.923878802, 3.924015830
3.933878802, 3.934041548
3.943878804, 3.944022823
3.953878797, 3.954038147
3.963878804, 3.964090711
3.973878800, 3.974083422
3.983878805, 3.984025192
3.993878796, 3.994002637
4.003878797, 4.004054542
4.013878800, 4.014038283
4.023878800, 4.024030671
4.033878804, 4.034016731
4.043878797, 4.044062183
4.053878802, 4.054006173
4.063878802, 4.064013810
4.073878791, 4.073991654
4.083878796, 4.084032727
4.093878804, 4.094021588
4.103878802, 4.104043665
4.113878794, 4.114013813
4.123878794, 4.124061767
4.133878796, 4.134014775
4.143878800, 4.144101137
4.153878802, 4.154094228
4.163878797, 4.164078062
4.173878796, 4.174056740
4.183878794, 4.184079333
4.193878805, 4.194115107
4.203878800, 4.204141974
4.213878796, 4.214080308
4.223878804, 4.224036554
4.233878804, 4.234084557
4.243878801, 4.243960884
4.253878791, 4.254055703
4.263878813, 4.264045885
4.273878804, 4.274031684
4.283878808, 4.283995389
4.293878799, 4.293977899
4.303878797, 4.304021835
4.313878796, 4.314009325
4.323878794, 4.324026866
4.333878804, 4.334058649
4.343878800, 4.344026479
4.353878797, 4.353967052
4.363878797, 4.363983126
4.373878805, 4.373960727
4.383878811, 4.383971765
4.393878804, 4.394007545
4.403878803, 4.403993800
4.413878804, 4.414021150
4.423878798, 4.423997002
4.433878792, 4.434025740
4.443878793, 4.444037758
4.453878801, 4.454015032
4.463878801, 4.464051238
4.473878804, 4.474028554
4.483878802, 4.484048693
4.493878794, 4.494032092
4.503878802, 4.504012936
4.513878802, 4.514018907
4.523878800, 4.524012001
4.533878805, 4.534033769
4.543878804, 4.543988859
4.553878808, 4.553998635
4.563878799, 4.564001928
4.573878800, 4.574063621
4.583878807, 4.584054140
4.593878796, 4.594009440
4.603878794, 4.603995576
4.613878796, 4.614040037
4.623878799, 4.624037530
4.633878802, 4.634066065
4.643878808, 4.644026574
4.653878798, 4.654009076
4.663878808, 4.664005252
4.673878797, 4.674045695
4.683878803, 4.684044996
4.693878796, 4.694012892
4.703878798, 4.703994636
4.713878800, 4.714056437
4.723878799, 4.724091284
4.733878807, 4.734098529
4.743878804, 4.744029939
4.753878799, 4.754058471
4.763878796, 4.764036416
4.773878800, 4.774063997
4.783878802, 4.784029148
4.793878794, 4.794011433
4.803878810, 4.804006813
4.813878799, 4.814024261
4.823878800, 4.824059174
4.833878798, 4.834036671
4.843878803, 4.844058886
4.853878792, 4.854013776
4.863878799, 4.863999344
4.873878805, 4.873993605
4.883878800, 4.884042435
4.893878792, 4.894034066
4.903878796, 4.904017126
4.913878797, 4.914023624
4.923878809, 4.924008666
4.933878810, 4.934013995
4.943878800, 4.944040013
4.953878798, 4.954017572
4.963878800, 4.964036391
4.973878799, 4.974014504
4.983878803, 4.983983675
4.993878797, 4.994017183
5.003878804, 5.003985452
5.013878796, 5.014003372
5.023878800, 5.024004796
5.033878802, 5.034039181
5.043878810, 5.044059361
5.053878794, 5.054039811
5.063878797, 5.064027976
5.073878800, 5.074042545
5.083878808, 5.084027883
5.093878808, 5.094058409
5.103878795, 5.104026935
5.113878798, 5.114010450
5.123878800, 5.123980791
5.133878804, 5.134087428
5.143878803, 5.144006075
5.153878793, 5.154032364
5.163878802, 5.164043059
5.173878804, 5.174033248
5.183878796, 5.184043724
5.193878800, 5.194063929
5.203878796, 5.204054796
5.213878791, 5.214086903
5.223878807, 5.224066222
5.233878802, 5.234035514
5.243878799, 5.243995925
5.253878796, 5.254015242
5.263878800, 5.264049664
5.273878800, 5.274049476
5.283878792, 5.284024190
5.293878810, 5.294002627
5.303878797, 5.304049526
5.313878802, 5.314024611
5.323878797, 5.324019250
5.333878801, 5.334005642
5.343878798, 5.344014438
5.353878802, 5.354049521
5.363878796, 5.364029124
5.373878804, 5.374020727
5.383878796, 5.384018639
5.393878799, 5.393994659
5.403878792, 5.404001966
5.413878808, 5.414045858
5.423878797, 5.424035060
5.433878805, 5.433991320
5.443878800, 5.443985241
5.453878796, 5.454019804
5.463878810, 5.463997194
5.473878800, 5.474026430
5.483878797, 5.483998770
5.493878797, 5.494043917
5.503878802, 5.504072694
5.513878797, 5.513995401
5.523878799, 5.524055469
5.533878802, 5.533983676
5.543878800, 5.544034160
5.553878805, 5.554017951
5.563878799, 5.564028252
5.573878802, 5.574041331
5.583878812, 5.584020249
5.593878796, 5.594069716
5.603878802, 5.604003303
5.613878804, 5.614022742
5.623878802, 5.624045418
5.633878804, 5.634019275
5.643878802, 5.644031216
5.653878804, 5.654070892
5.663878797, 5.664009738
5.673878796, 5.674041661
5.683878805, 5.684017673
5.693878800, 5.694058744
5.703878807, 5.704033929
5.713878799, 5.714023113
5.723878796, 5.724055848
5.733878828, 5.734074564
5.743878802, 5.744091468
5.753878797, 5.753992334
5.763878800, 5.764034393
5.773878799, 5.774090864
5.783878800, 5.784037885
5.793878800, 5.794016127
5.803878797, 5.804042657
5.813878799, 5.814082858
5.823878818, 5.823972218
5.833878802, 5.834015589
5.843878805, 5.844027277
5.853878797, 5.854076249
5.863878807, 5.864019436
5.873878794, 5.874025727
5.883878800, 5.884026459
5.893878808, 5.894025762
5.903878807, 5.904015619
5.913878796, 5.914041181
5.923878798, 5.923997977
5.933878794, 5.934014002
5.943878818, 5.943998003
5.953878797, 5.954038403
5.963878802, 5.964026666
5.973878800, 5.974068648
5.983878796, 5.984081326
5.993878826, 5.994029590
6.003878811, 6.004010019
6.013878799, 6.014030821
6.023878810, 6.024096376
6.033878800, 6.034014602
6.043878797, 6.044038497
6.053878802, 6.054023540
6.063878807, 6.064053906
6.073878804, 6.073985697
6.083878801, 6.084047264
6.093878804, 6.094041443
6.103878798, 6.104030485
6.113878800, 6.114016715
6.123878802, 6.124052635
6.133878808, 6.134066400
6.143878797, 6.144050554
6.153878802, 6.154091071
6.163878803, 6.164052797
6.173878803, 6.173999258
6.183878804, 6.184005243
6.193878802, 6.194007214
6.203878792, 6.203948759
6.213878794, 6.214035529
6.223878800, 6.224045366
6.233878796, 6.234019180
6.243878805, 6.244049073
6.253878796, 6.254064461
6.263878808, 6.264062958
6.273878802, 6.274062900
6.283878799, 6.284001152
6.293878807, 6.294016227
6.303878796, 6.304019990
6.313878800, 6.314029316
6.323878804, 6.324015398
6.333878804, 6.334084410
6.343878802, 6.344003580
6.353878803, 6.354059461
6.363878804, 6.364041633
6.373878797, 6.374030185
6.383878794, 6.384027556
6.393878804, 6.394038112
6.403878795, 6.403984377
6.413878799, 6.414008887
6.423878799, 6.423996607
6.433878810, 6.434008174
6.443878808, 6.444040587
6.453878804, 6.454051662
6.463878802, 6.464032667
6.473878800, 6.474049337
6.483878794, 6.484081942
6.493878794, 6.494043512
6.503878807, 6.504046635
6.513878800, 6.514063526
6.523878800, 6.524063352
6.533878807, 6.534034301
6.543878797, 6.543964783
6.553878800, 6.553961324
6.563878800, 6.563986429
6.573878797, 6.574055669
6.583878806, 6.584055099
6.593878803, 6.594050148
6.603878820, 6.604141457
6.613878802, 6.614146435
6.623878797, 6.624094703
6.633878859, 6.634095394
6.643878798, 6.644127554
6.653878800, 6.654079264
6.663878816, 6.664066294
6.673878802, 6.674060954
6.683878796, 6.684106873
6.693878798, 6.694034900
6.703878801, 6.704036277
6.713878800, 6.714127419
6.723878813, 6.724090036
6.733878804, 6.734068648
6.743878801, 6.744095701
6.753878797, 6.754064173
6.763878799, 6.764048874
6.773878804, 6.774041781
6.783878802, 6.784100025
6.793878797, 6.794074360
6.803878804, 6.804082631
6.813878797, 6.814097905
6.823878802, 6.824093007
6.833878802, 6.833999468
6.843878799, 6.843993143
6.853878805, 6.854002174
6.863878794, 6.864127771
6.873878862, 6.874088371
6.883878797, 6.884134020
6.893878799, 6.894071533
6.903878804, 6.904111093
6.913878807, 6.914104982
6.923878802, 6.924174815
6.933878818, 6.934087587
6.943878797, 6.944049996
6.953878802, 6.954106238
6.963878800, 6.964054536
6.973878802, 6.974121197
6.983878797, 6.984044316
6.993878799, 6.994060247
7.003878792, 7.004090289
7.013878796, 7.014060501
7.023878796, 7.024100498
7.033878805, 7.034104693
7.043878802, 7.044098925
7.053878802, 7.054024379
7.063878808, 7.064004212
7.073878792, 7.074022282
7.083878798, 7.084112538
7.093878800, 7.094013788
7.103878799, 7.104060065
7.113878804, 7.114043781
7.123878798, 7.123993586
7.133878806, 7.134059354
7.143878809, 7.144074702
7.153878801, 7.154129822
7.163878794, 7.164039429
7.173878797, 7.174061715
7.183878797, 7.184064938
7.193878797, 7.194090414
7.203878802, 7.204073288
7.213878802, 7.214111530
7.223878797, 7.224057325
7.233878799, 7.234054349
7.243878799, 7.244164791
7.253878789, 7.254139533
7.263878810, 7.264086642
7.273878795, 7.274053526
7.283878796, 7.284075444
7.293878796, 7.294065835
7.303878799, 7.304098417
7.313878791, 7.314113978
7.323878799, 7.324045364
7.333878797, 7.334086709
7.343878802, 7.344097457
7.353878794, 7.354111074
7.363878799, 7.364047881
7.373878799, 7.374094100
7.383878811, 7.384059910
7.393878794, 7.394064355
7.403878802, 7.404028939
7.413878797, 7.414065415
7.423878796, 7.424077506
7.433878796, 7.434054780
7.443878794, 7.444052921
7.453878802, 7.454044560
7.463878797, 7.464060471
7.473878809, 7.474020721
7.483878805, 7.484055693
7.493878799, 7.494044207
7.503878796, 7.504058805
7.513878805, 7.514037421
7.523878807, 7.524068294
7.533878802, 7.534015252
7.543878797, 7.544007639
7.553878796, 7.554014272
7.563878808, 7.563957225
7.573878802, 7.573990235
7.583878796, 7.583970137
7.593878804, 7.593968018
7.603878802, 7.603993249
7.613878802, 7.613968748
7.623878805, 7.624008731
7.633878794, 7.633994070
7.643878797, 7.643949300
7.653878802, 7.653949436
7.663878796, 7.663998108
7.673878799, 7.673973611
7.683878797, 7.683959498
7.693878804, 7.693969024
7.703878800, 7.703972238
7.713878819, 7.713963337
7.723878808, 7.723946692
7.733878796, 7.733992871
7.743878810, 7.743993593
7.753878821, 7.753975551
7.763878810, 7.764024013
7.773878819, 7.774047090
7.783878796, 7.784022322
7.793878796, 7.793957119
7.803878797, 7.803979583
7.813878805, 7.813972954
7.823878805, 7.823961153
7.833878810, 7.833972458
7.843878799, 7.843938278
7.853878797, 7.854008546
7.863878802, 7.863987612
7.873878805, 7.873967495
7.883878808, 7.883976618
7.893878807, 7.893988155
7.903878810, 7.903977573
7.913878797, 7.913978117
7.923878813, 7.923962419
7.933878804, 7.933992274
7.943878802, 7.943953884
7.953878802, 7.953961261
7.963878802, 7.963954103
7.973878802, 7.973978881
7.983878797, 7.983978533
7.993878818, 7.994021297
8.003878800, 8.003979296
8.013878818, 8.013946402
8.023878807, 8.023997832
8.033878805, 8.033958490
8.043878802, 8.043973917
8.053878802, 8.053965636
8.063878807, 8.063984424
8.073878808, 8.074015604
8.083878804, 8.083976064
8.093878807, 8.093972092
8.103878810, 8.103949255
8.113878808, 8.113993504
8.123878805, 8.123985694
8.133878805, 8.134003440
8.143878808, 8.144017137
8.153878794, 8.154063142
8.163878807, 8.164024946
8.173878810, 8.174049671
8.183878799, 8.184060449
8.193878800, 8.194060850
8.203878824, 8.204060679
8.213878800, 8.214048513
8.223878822, 8.224086483
8.233878804, 8.234036331
8.243878826, 8.244037950
8.253879168, 8.254037361
8.263878818, 8.264035368
8.273878794, 8.274038479
8.283878807, 8.284044537
8.293878805, 8.294042999
8.303879096, 8.304061966
8.313878796, 8.314052742
8.323878807, 8.324038569
8.333878792, 8.334048404
8.343878815, 8.344047973
8.353878804, 8.354041381
8.363878802, 8.364077326
8.373878807, 8.374049922
8.383878804, 8.384070964
8.393878808, 8.394063645
8.403878822, 8.404037978
8.413878805, 8.414057752
8.423878810, 8.424031175
8.433878808, 8.433997501
8.443878807, 8.444024623
8.453878799, 8.453963447
8.463878813, 8.463940009
8.473878807, 8.473980741
8.483878808, 8.484049608
8.493878813, 8.493985803
8.503878972, 8.504008551
8.513878802, 8.514115083
8.523878800, 8.524050485
8.533878813, 8.534064745
8.543878797, 8.544042251
8.553878805, 8.554043675
8.563878791, 8.564049664
8.573878797, 8.574095885
8.583878813, 8.584084258
8.593878822, 8.594067458
8.603878805, 8.604093792
8.613878819, 8.614060763
8.623878802, 8.624106563
8.633878804, 8.634045467
8.643879350, 8.644055411
8.653878807, 8.654052640
8.663878797, 8.664057035
8.673878811, 8.674133516
8.683878804, 8.684084397
8.693878804, 8.694086622
8.703878802, 8.704048380
8.713878805, 8.714027706
8.723878804, 8.724133404
8.733878802, 8.734066957
8.743878797, 8.744018759
8.753878802, 8.754066041
8.763878808, 8.764067592
8.773878822, 8.774118184
8.783878794, 8.784051661
8.793878807, 8.794090841
8.803878811, 8.804053788
8.813878808, 8.814040667
8.823878826, 8.824023243
8.833878802, 8.833970847
8.843880079, 8.844044971
8.853878802, 8.854069420
8.863878821, 8.864056341
8.873878799, 8.874043844
8.883878808, 8.884066742
8.893878813, 8.894060102
8.903878802, 8.904055049
8.913878824, 8.914061944
8.923878794, 8.924052087
8.933878802, 8.934073822
8.943878804, 8.944077052
8.953878816, 8.954074804
8.963878808, 8.964047696
8.973878797, 8.974066119
8.983878792, 8.984065328
8.993878796, 8.994099029
9.003878808, 9.004063686
9.013878816, 9.014039358
9.023878808, 9.024082779
9.033878804, 9.034059352
9.043878805, 9.044054124
9.053878808, 9.054110383
9.063878822, 9.064057795
9.073878810, 9.074077760
9.083878805, 9.084077854
9.093878810, 9.094040042
9.103878797, 9.104037323
9.113878799, 9.114063213
9.123880062, 9.124034143
9.133878808, 9.134091747
9.143878816, 9.144049078
9.153878818, 9.154142265
9.163878800, 9.164073781
9.173878807, 9.174085354
9.183878805, 9.184055520
9.193878835, 9.194097439
9.203878821, 9.204034399
9.213878794, 9.214084415
9.223878805, 9.224096861
9.233878792, 9.234123625
9.243878808, 9.244104512
9.253878804, 9.254072556
9.263878797, 9.264087967
9.273878822, 9.274088787
9.283878807, 9.284083916
9.293878804, 9.294103445
9.303878800, 9.304107206
9.313878799, 9.314059751
9.323878802, 9.324163012
9.333878805, 9.334092800
9.343878796, 9.344056883
9.353878806, 9.354047986
9.363878813, 9.364128850
9.373878824, 9.374105819
9.383878824, 9.384070110
9.393878803, 9.394089909
9.403878811, 9.404070937
9.413878819, 9.414071826
9.423878803, 9.424038466
9.433878802, 9.434056388
9.443878814, 9.444065043
9.453878802, 9.454074764
9.463878795, 9.464074238
9.473878797, 9.474031107
9.483878805, 9.484045964
9.493878802, 9.494109711
9.503878803, 9.504104833
9.513878808, 9.514053439
9.523878802, 9.524035514
9.533878797, 9.534098036
9.543878808, 9.544047060
9.553878811, 9.554069770
9.563878808, 9.564063249
9.573878808, 9.574083382
9.583878820, 9.584074032
9.593878806, 9.594052971
9.603878824, 9.604151474
9.613879379, 9.614097732
9.623878803, 9.624037422
9.633878806, 9.634037691
9.643878813, 9.644088188
9.653878806, 9.654012935
9.663878816, 9.664054562
9.673878805, 9.674041248
9.683878808, 9.684039536
9.693878798, 9.694019161
9.703879471, 9.704063633
9.713878824, 9.714044524
9.723878819, 9.724091008
9.733878816, 9.734088805
9.743878813, 9.744044308
9.753878800, 9.754103800
9.763878806, 9.764045058
9.773878839, 9.774044252
9.783878827, 9.784041791
9.793879195, 9.794034236
9.803878803, 9.803985859
9.813878800, 9.813974070
9.823878802, 9.823997128
9.833878809, 9.834037659
9.843878806, 9.843955372
9.853878808, 9.853975263
9.863878809, 9.863986675
9.873878822, 9.874027142
9.883878803, 9.884024995
9.893878813, 9.894007537
9.903878817, 9.903986462
9.913878809, 9.914025582
9.923878798, 9.924063804
9.933878811, 9.934025089
9.943878803, 9.943996696
9.953878803, 9.954044503
9.963878802, 9.963987942
9.973878817, 9.974010428
9.983878852, 9.984028009
9.993878855, 9.994026463
10.003878798, 10.004029131
10.013878849, 10.014030028
10.023878816, 10.024009209
10.033878824, 10.033995746
10.043878806, 10.044041099
10.053878797, 10.054011492
10.063878814, 10.063980259
10.073878803, 10.074041486
10.083878819, 10.083998425
10.093878805, 10.094038395
10.103878808, 10.104041301
10.113878805, 10.113996753
10.123878802, 10.124089800
10.133878802, 10.133989012
10.143878809, 10.144016031
10.153878803, 10.154029090
10.163878820, 10.164007603
10.173878825, 10.174041966
10.183878803, 10.184041480
10.193878795, 10.194043613
10.203878805, 10.203983887
10.213878806, 10.214038076
10.223878814, 10.224033405
10.233878803, 10.234008649
10.243878822, 10.244026754
10.253878858, 10.254012346
10.263878820, 10.264044739
10.273878813, 10.274007093
10.283878819, 10.284003220
10.293878805, 10.294021826
10.303878820, 10.304027055
10.313878808, 10.314003606
10.323878809, 10.323983705
10.333878817, 10.334068908
10.343878822, 10.344062798
10.353878806, 10.354024058
10.363878825, 10.364010853
10.373878809, 10.374023421
10.383878825, 10.384000491
10.393878806, 10.394039143
10.403878798, 10.404045509
10.413878808, 10.414011546
10.423878803, 10.424037280
10.433878805, 10.434004793
10.443878811, 10.444015405
10.453878805, 10.454004785
10.463878819, 10.464015965
10.473878809, 10.474033057
10.483878803, 10.484042268
10.493878798, 10.494016522
10.503878819, 10.504038380
10.513878813, 10.514002368
10.523878800, 10.524009926
10.533878798, 10.534007201
10.543878802, 10.544072148
10.553878825, 10.554013723
10.563878805, 10.563988891
10.573878811, 10.574017530
10.583878813, 10.584022775
10.593878802, 10.593997988
10.603878820, 10.604027611
10.613878800, 10.614043296
10.623878805, 10.624085750
10.633878820, 10.633977428
10.643878802, 10.644027687
10.653878822, 10.654004139
10.663878805, 10.664027226
10.673878803, 10.673972587
10.683878813, 10.684032837
10.693878808, 10.694045774
10.703878805, 10.703978165
10.713878824, 10.714000443
10.723878794, 10.723979562
10.733878808, 10.733993954
10.743878797, 10.744015851
10.753878817, 10.754031970
10.763878803, 10.763994454
10.773878806, 10.774040381
10.783878822, 10.784021758
10.793878798, 10.794008293
10.803878820, 10.803985398
10.813878814, 10.813978366
10.823878802, 10.824075494
10.833878802, 10.833980639
10.843878805, 10.844001510
10.853878814, 10.853997131
10.863878811, 10.863991472
10.873878797, 10.874009964
10.883878805, 10.883995552
10.893878802, 10.894001111
10.903878803, 10.903987645
10.913878806, 10.913999652
10.923878825, 10.923951989
10.933879482, 10.934038221
10.943878819, 10.944052031
10.953878806, 10.954028233
10.963878822, 10.963989580
10.973878817, 10.974028571
10.983878802, 10.983981482
10.993878811, 10.993980750
11.003878809, 11.003981721
11.013878798, 11.013985483
11.023878798, 11.023979450
11.033878802, 11.033980679
11.043878805, 11.043980295
11.053878797, 11.053982245
11.063878808, 11.063977319
11.073878808, 11.073983145
11.083878800, 11.083976678
11.093878794, 11.093985458
11.103878802, 11.103982446
11.113878809, 11.113980901
11.123878802, 11.123978576
11.133878798, 11.134016295
11.143878803, 11.144008780
11.153878797, 11.154010107
11.163878808, 11.164009526
11.173878803, 11.174010744
11.183878803, 11.184008180
11.193878803, 11.193998462
11.203878792, 11.204016591
11.213878789, 11.214009610
11.223878796, 11.224006440
11.233878797, 11.234009554
11.243878802, 11.244005619
11.253878794, 11.254012245
11.263878801, 11.264008439
11.273878794, 11.274008002
11.283878802, 11.284009901
11.293878805, 11.294010790
11.303878792, 11.304006446
11.313878792, 11.313995181
11.323878796, 11.324007033
11.333878806, 11.334013664
11.343878802, 11.344008658
11.353878796, 11.354007409
11.363878800, 11.363994349
11.373878800, 11.373991240
11.383878807, 11.383991289
11.393878797, 11.393986182
11.403878794, 11.403994338
11.413878796, 11.413987014
11.423878796, 11.423990992
11.433878800, 11.433989136
11.443878804, 11.443985484
11.453878800, 11.453987697
11.463878805, 11.463988311
11.473878799, 11.474004377
11.483878808, 11.484004910
11.493878802, 11.494048743
11.503878802, 11.504054516
11.513878792, 11.514055690
11.523878796, 11.524055938
11.533878805, 11.534059547
11.543878794, 11.544050625
11.553878799, 11.554050928
11.563878796, 11.564059027
11.573878800, 11.574056639
11.583878805, 11.584052033
11.593878792, 11.594056713
11.603878792, 11.604054034
11.613878792, 11.614059634
11.623878805, 11.624049588
11.633878796, 11.634055787
11.643878804, 11.644057771
11.653878800, 11.654060484
11.663878799, 11.664051438
11.673878797, 11.674060027
11.683878804, 11.684056928
11.693878789, 11.694059451
11.703878821, 11.704057407
11.713878805, 11.714059256
11.723878797, 11.724059707
11.733878797, 11.734054822
11.743878805, 11.744057241
11.753878791, 11.754056347
11.763878802, 11.764056436
11.773878797, 11.774059099
11.783878808, 11.784051200
11.793878796, 11.794051040
11.803878799, 11.804059057
11.813878797, 11.814057499
11.823878796, 11.824054729
11.833878800, 11.834056761
11.843878794, 11.844048795
11.853878800, 11.854052243
11.863878799, 11.864056495
11.873878789, 11.874055959
11.883878808, 11.884061616
11.893878797, 11.894056432
11.903878800, 11.904057776
11.913878797, 11.914055527
11.923878799, 11.924056960
11.933878802, 11.934057830
11.943878800, 11.944045328
11.953878807, 11.954056279
11.963878796, 11.964058737
11.973878810, 11.974057913
11.983878799, 11.984054211
11.993878791, 11.994056098
12.003878792, 12.004056593
12.013878805, 12.014059722
12.023878799, 12.024056748
12.033878794, 12.034057095
12.043878800, 12.044058330
12.053878794, 12.054056764
------------------------------
