------------------------------
test was performed using the following parameters: --mps=100 --burst=1 --reply-every=1 --msg-size=12 --time=10
------------------------------
sockperf: [Total Run] RunTime=10.100 sec; SentMessages=1011; ReceivedMessages=1010
sockperf: ========= Printing statistics for Server No: 0
sockperf: [Valid Duration] RunTime=9.990 sec; SentMessages=1000; ReceivedMessages=1000
sockperf: [2;35m====> avg-lat= 68.138 (std-dev=16.487)[0m
sockperf: # dropped messages = 0; # duplicated messages = 0; # out-of-order messages = 0
sockperf: [2;35mTotal 1000 observations[0m; each percentile contains 10.00 observations
sockperf: ---> <MAX> observation =  138.862
sockperf: ---> percentile  99.99 =  138.862
sockperf: ---> percentile  99.90 =  133.812
sockperf: ---> percentile  99.50 =  120.433
sockperf: ---> percentile  99.00 =  112.616
sockperf: ---> percentile  95.00 =   91.614
sockperf: ---> percentile  90.00 =   89.805
sockperf: ---> percentile  75.00 =   82.177
sockperf: ---> percentile  50.00 =   65.075
sockperf: ---> percentile  25.00 =   54.983
sockperf: ---> <MIN> observation =   31.619
------------------------------
txTime, rxTime
2.063056344, 2.063213165
2.073056323, 2.073213504
2.083056343, 2.083171698
2.093056332, 2.093153504
2.103056325, 2.103216030
2.113056342, 2.113203674
2.123056327, 2.123171419
2.133056318, 2.133184685
2.143056317, 2.143174135
2.153056317, 2.153160488
2.163056324, 2.163203248
2.173056347, 2.173220615
2.183056322, 2.183207988
2.193056324, 2.193197613
2.203056343, 2.203211354
2.213056323, 2.213175249
2.223056324, 2.223164239
2.233056345, 2.233151025
2.243056325, 2.243235269
2.253056329, 2.253248011
2.263056343, 2.263323969
2.273056328, 2.273334053
2.283056325, 2.283296576
2.293056326, 2.293320533
2.303056322, 2.303286888
2.313056326, 2.313238577
2.323056327, 2.323224864
2.333056330, 2.333254113
2.343056330, 2.343250255
2.353056324, 2.353314700
2.363056338, 2.363260884
2.373056324, 2.373249933
2.383056319, 2.383267325
2.393056328, 2.393195469
2.403056324, 2.403274839
2.413056322, 2.413249760
2.423056321, 2.423247079
2.433056317, 2.433223589
2.443056318, 2.443289315
2.453056332, 2.453311807
2.463056324, 2.463246881
2.473056330, 2.473251763
2.483056321, 2.483229947
2.493056326, 2.493228602
2.503056316, 2.503248689
2.513056319, 2.513236047
2.523056323, 2.523119561
2.533056326, 2.533178682
2.543056323, 2.543195275
2.553056325, 2.553216365
2.563056322, 2.563207251
2.573056326, 2.573272155
2.583056326, 2.583230166
2.593056327, 2.593244891
2.603056314, 2.603281547
2.613056322, 2.613162237
2.623056321, 2.623164842
2.633056317, 2.633146758
2.643056319, 2.643175963
2.653056323, 2.653234281
2.663056326, 2.663188828
2.673056350, 2.673274905
2.683056317, 2.683243703
2.693056318, 2.693216842
2.703056323, 2.703229705
2.713056319, 2.713227323
2.723056316, 2.723222051
2.733056318, 2.733294701
2.743056330, 2.743204348
2.753056319, 2.753171588
2.763056317, 2.763146923
2.773056317, 2.773185607
2.783056311, 2.783167608
2.793056318, 2.793162510
2.803056321, 2.803184843
2.813056317, 2.813155197
2.823056325, 2.823182426
2.833056324, 2.833146704
2.843056352, 2.843155266
2.853056320, 2.853177854
2.863056330, 2.863175866
2.873056321, 2.873163718
2.883056322, 2.883148292
2.893056323, 2.893178646
2.903056320, 2.903170767
2.913056313, 2.913208324
2.923056333, 2.923175845
2.933056324, 2.933194115
2.943056328, 2.943157751
2.953056318, 2.953150907
2.963056322, 2.963119560
2.973056313, 2.973186464
2.983056333, 2.983172463
2.993056317, 2.993166965
3.003056327, 3.003163219
3.013056329, 3.013154351
3.023056346, 3.023138120
3.033056313, 3.033160557
3.043056317, 3.043170136
3.053056317, 3.053200335
3.063056324, 3.063166236
3.073056328, 3.073191734
3.083056324, 3.083176369
3.093056323, 3.093130099
3.103056322, 3.103166102
3.113056326, 3.113187050
3.123056349, 3.123176134
3.133056315, 3.133171348
3.143056321, 3.143162930
3.153056320, 3.153168360
3.163056324, 3.163206602
3.173056317, 3.173186303
3.183056325, 3.183215082
3.193056329, 3.193204195
3.203056314, 3.203180332
3.213056317, 3.213202431
3.223056321, 3.223153253
3.233056351, 3.233196357
3.243056325, 3.243164788
3.253056320, 3.253159340
3.263056316, 3.263150123
3.273056324, 3.273196954
3.283056319, 3.283196183
3.293056321, 3.293163838
3.303056327, 3.303153556
3.313056320, 3.313153760
3.323056314, 3.323163264
3.333056318, 3.333146968
3.343056322, 3.343150865
3.353056318, 3.353150141
3.363056319, 3.363165349
3.373056321, 3.373170271
3.383056325, 3.383158987
3.393056317, 3.393166260
3.403056317, 3.403164090
3.413056321, 3.413169503
3.423056327, 3.423164065
3.433056324, 3.433200805
3.443056316, 3.443140201
3.453056313, 3.453191471
3.463056324, 3.463193330
3.473056318, 3.473135352
3.483056319, 3.483165802
3.493056347, 3.493170558
3.503056322, 3.503253404
3.513056312, 3.513250586
3.523056317, 3.523176595
3.533056321, 3.533161342
3.543056324, 3.543214481
3.553056320, 3.553226780
3.563056327, 3.563258052
3.573056317, 3.573238762
3.583056325, 3.583224287
3.593056350, 3.593297218
3.603056324, 3.603226777
3.613056317, 3.613162545
3.623056321, 3.623186626
3.633056317, 3.633136863
3.643056330, 3.643178757
3.653056320, 3.653130094
3.663056316, 3.663179908
3.673056362, 3.673152033
3.683056325, 3.683158722
3.693056343, 3.693171951
3.703056330, 3.703179210
3.713056324, 3.713218239
3.723056322, 3.723164011
3.733056323, 3.733143682
3.743056316, 3.743174293
3.753056313, 3.753149322
3.763056322, 3.763164499
3.773056318, 3.773175783
3.783056322, 3.783159454
3.793056321, 3.793155508
3.803056317, 3.803131565
3.813056315, 3.813161765
3.823056321, 3.823139867
3.833056323, 3.833179626
3.843056349, 3.843194645
3.853056318, 3.853163611
3.863056319, 3.863161862
3.873056318, 3.873132589
3.883056319, 3.883168159
3.893056318, 3.893138982
3.903056327, 3.903146313
3.913056323, 3.913161767
3.923056319, 3.923150548
3.933056323, 3.933178557
3.943056336, 3.943185780
3.953056324, 3.953161255
3.963056324, 3.963185753
3.973056347, 3.973189620
3.983056317, 3.983181452
3.993056315, 3.993174017
4.003056328, 4.003168048
4.013056324, 4.013198423
4.023056324, 4.023179710
4.033056351, 4.033165804
4.043056317, 4.043205123
4.053056315, 4.053201416
4.063056319, 4.063175362
4.073056324, 4.073199307
4.083056324, 4.083200632
4.093056324, 4.093204784
4.103056322, 4.103165273
4.113056317, 4.113145458
4.123056332, 4.123187461
4.133056321, 4.133175645
4.143056324, 4.143193678
4.153056320, 4.153154209
4.163056319, 4.163192122
4.173056321, 4.173195364
4.183056324, 4.183185157
4.193056319, 4.193159535
4.203056319, 4.203160675
4.213056324, 4.213176035
4.223056320, 4.223160510
4.233056329, 4.233179864
4.243056322, 4.243180649
4.253056321, 4.253189667
4.263056325, 4.263163318
4.273056330, 4.273143628
4.283056319, 4.283175380
4.293056316, 4.293158059
4.303056323, 4.303191758
4.313056323, 4.313203969
4.323056328, 4.323210582
4.333056323, 4.333180045
4.343056322, 4.343202763
4.353056318, 4.353183247
4.363056341, 4.363196176
4.373056326, 4.373188483
4.383056322, 4.383175714
4.393056332, 4.393183535
4.403056317, 4.403185667
4.413056315, 4.413158669
4.423056321, 4.423151486
4.433056324, 4.433199422
4.443056354, 4.443186792
4.453056323, 4.453172191
4.463056322, 4.463173582
4.473056312, 4.473240455
4.483056319, 4.483174719
4.493056323, 4.493208851
4.503056316, 4.503214917
4.513056347, 4.513163524
4.523056317, 4.523176036
4.533056320, 4.533132401
4.543056321, 4.543180860
4.553056324, 4.553187465
4.563056316, 4.563162298
4.573056323, 4.573167643
4.583056317, 4.583224423
4.593056317, 4.593219902
4.603056324, 4.603184494
4.613056323, 4.613135465
4.623056381, 4.623187602
4.633056320, 4.633201407
4.643056324, 4.643162423
4.653056318, 4.653176763
4.663056317, 4.663240239
4.673056324, 4.673182084
4.683056322, 4.683175168
4.693056324, 4.693183395
4.703056319, 4.703170169
4.713056320, 4.713213427
4.723056324, 4.723188959
4.733056323, 4.733138429
4.743056352, 4.743169656
4.753056324, 4.753150459
4.763056317, 4.763156440
4.773056313, 4.773171324
4.783056321, 4.783163983
4.793056318, 4.793197876
4.803056349, 4.803158858
4.813056318, 4.813159179
4.823056322, 4.823192084
4.833056323, 4.833193934
4.843056324, 4.843154749
4.853056315, 4.853146489
4.863056354, 4.863157397
4.873056317, 4.873186693
4.883056321, 4.883154383
4.893056317, 4.893158675
4.903056322, 4.903179652
4.913056317, 4.913162731
4.923056324, 4.923183160
4.933056321, 4.933237624
4.943056333, 4.943145124
4.953056347, 4.953160568
4.963056324, 4.963172604
4.973056318, 4.973161467
4.983056321, 4.983207688
4.993056321, 4.993189592
5.003056321, 5.003182248
5.013056315, 5.013169412
5.023056332, 5.023143400
5.033056315, 5.033185280
5.043056319, 5.043225265
5.053056364, 5.053211619
5.063056321, 5.063181820
5.073056317, 5.073195345
5.083056325, 5.083182235
5.093056317, 5.093211765
5.103056323, 5.103203125
5.113056321, 5.113122608
5.123056317, 5.123172864
5.133056319, 5.133177354
5.143056320, 5.143163873
5.153056323, 5.153163734
5.163056325, 5.163204890
5.173056323, 5.173213245
5.183056319, 5.183198882
5.193056323, 5.193222708
5.203056317, 5.203197611
5.213056318, 5.213163656
5.223056317, 5.223157368
5.233056324, 5.233200075
5.243056315, 5.243204470
5.253056313, 5.253185840
5.263056321, 5.263158646
5.273056326, 5.273165634
5.283056322, 5.283201215
5.293056326, 5.293187209
5.303056322, 5.303171789
5.313056315, 5.313168848
5.323056339, 5.323188334
5.333056323, 5.333155241
5.343056316, 5.343168412
5.353056320, 5.353206649
5.363056316, 5.363192166
5.373056318, 5.373161749
5.383056324, 5.383157710
5.393056328, 5.393161686
5.403056347, 5.403199330
5.413056320, 5.413197161
5.423056321, 5.423167614
5.433056317, 5.433201069
5.443056322, 5.443170270
5.453056320, 5.453142869
5.463056319, 5.463154273
5.473056321, 5.473192375
5.483056330, 5.483190835
5.493056329, 5.493231133
5.503056321, 5.503168258
5.513056318, 5.513180071
5.523056324, 5.523186236
5.533056323, 5.533174772
5.543056319, 5.543200939
5.553056318, 5.553163949
5.563056324, 5.563176434
5.573056318, 5.573202597
5.583056351, 5.583176950
5.593056317, 5.593204970
5.603056324, 5.603184873
5.613056318, 5.613176792
5.623056330, 5.623183351
5.633056317, 5.633154164
5.643056317, 5.643160064
5.653056323, 5.653191657
5.663056327, 5.663193102
5.673056312, 5.673169600
5.683056325, 5.683162192
5.693056318, 5.693214761
5.703056321, 5.703169743
5.713056318, 5.713177295
5.723056316, 5.723157585
5.733056315, 5.733155339
5.743056325, 5.743182961
5.753056317, 5.753158279
5.763056346, 5.763164488
5.773056321, 5.773187590
5.783056314, 5.783154609
5.793056328, 5.793167282
5.803056330, 5.803155212
5.813056320, 5.813172754
5.823056324, 5.823200441
5.833056317, 5.833235806
5.843056319, 5.843231669
5.853056340, 5.853158598
5.863056322, 5.863182729
5.873056321, 5.873186571
5.883056316, 5.883177872
5.893056318, 5.893137782
5.903056322, 5.903185266
5.913056317, 5.913166538
5.923056317, 5.923202085
5.933056323, 5.933169557
5.943056325, 5.943164993
5.953056323, 5.953189514
5.963056322, 5.963227409
5.973056312, 5.973142623
5.983056316, 5.983217448
5.993056350, 5.993192944
6.003056319, 6.003167403
6.013056325, 6.013190427
6.023056324, 6.023196766
6.033056315, 6.033232841
6.043056315, 6.043133681
6.053056319, 6.053211318
6.063056315, 6.063171979
6.073056317, 6.073259932
6.083056318, 6.083233114
6.093056317, 6.093159130
6.103056323, 6.103232853
6.113056319, 6.113141161
6.123056321, 6.123179092
6.133056322, 6.133206191
6.143056315, 6.143190011
6.153056319, 6.153177821
6.163056326, 6.163160219
6.173056322, 6.173130502
6.183056324, 6.183168665
6.193056349, 6.193156462
6.203056323, 6.203163667
6.213056317, 6.213173246
6.223056321, 6.223183333
6.233056319, 6.233188395
6.243056330, 6.243211417
6.253056325, 6.253189478
6.263056326, 6.263189212
6.273056314, 6.273154395
6.283056323, 6.283172396
6.293056320, 6.293193978
6.303056327, 6.303223265
6.313056314, 6.313165500
6.323056329, 6.323199910
6.333056317, 6.333170806
6.343056324, 6.343198719
6.353056324, 6.353186470
6.363056327, 6.363176630
6.373056317, 6.373223049
6.383056321, 6.383178180
6.393056321, 6.393172295
6.403056325, 6.403230429
6.413056315, 6.413166243
6.423056354, 6.423172491
6.433056317, 6.433180325
6.443056319, 6.443174483
6.453056323, 6.453213776
6.463056319, 6.463162950
6.473056324, 6.473180999
6.483056317, 6.483175436
6.493056350, 6.493154089
6.503056324, 6.503170137
6.513056317, 6.513187978
6.523056319, 6.523146468
6.533056317, 6.533186274
6.543056317, 6.543175289
6.553056320, 6.553203035
6.563056316, 6.563173860
6.573056312, 6.573153708
6.583056324, 6.583183550
6.593056317, 6.593175634
6.603056324, 6.603160711
6.613056318, 6.613159638
6.623056322, 6.623155258
6.633056320, 6.633189979
6.643056319, 6.643183861
6.653056324, 6.653166657
6.663056322, 6.663221799
6.673056345, 6.673194426
6.683056316, 6.683201147
6.693056318, 6.693161293
6.703056317, 6.703202696
6.713056320, 6.713164588
6.723056327, 6.723167058
6.733056317, 6.733207727
6.743056316, 6.743156475
6.753056320, 6.753146993
6.763056321, 6.763188885
6.773056318, 6.773169770
6.783056325, 6.783197825
6.793056320, 6.793196803
6.803056324, 6.803153028
6.813056318, 6.813211273
6.823056317, 6.823172632
6.833056320, 6.833160123
6.843056321, 6.843172550
6.853056323, 6.853153942
6.863056346, 6.863186132
6.873056318, 6.873159217
6.883056325, 6.883173175
6.893056323, 6.893174125
6.903056317, 6.903195255
6.913056331, 6.913200052
6.923056325, 6.923160487
6.933056317, 6.933197872
6.943056325, 6.943136652
6.953056326, 6.953153959
6.963056321, 6.963167287
6.973056318, 6.973188057
6.983056358, 6.983187406
6.993056320, 6.993186724
7.003056322, 7.003181640
7.013056326, 7.013206224
7.023056317, 7.023203757
7.033056315, 7.033164800
7.043056317, 7.043189381
7.053056326, 7.053180960
7.063056319, 7.063200517
7.073056323, 7.073176594
7.083056319, 7.083168251
7.093056324, 7.093180129
7.103056314, 7.103215536
7.113056324, 7.113138222
7.123056322, 7.123177061
7.133056323, 7.133185829
7.143056322, 7.143174577
7.153056324, 7.153141786
7.163056319, 7.163170538
7.173056323, 7.173159918
7.183056316, 7.183162925
7.193056315, 7.193180946
7.203056319, 7.203151929
7.213056317, 7.213176054
7.223056321, 7.223182595
7.233056324, 7.233195906
7.243056325, 7.243168473
7.253056321, 7.253211265
7.263056325, 7.263161297
7.273056323, 7.273147288
7.283056321, 7.283172018
7.293056321, 7.293143834
7.303056321, 7.303161373
7.313056315, 7.313208438
7.323056319, 7.323200566
7.333056326, 7.333183335
7.343056322, 7.343150919
7.353056315, 7.353175830
7.363056319, 7.363168014
7.373056345, 7.373186843
7.383056344, 7.383175262
7.393056329, 7.393153645
7.403056316, 7.403164134
7.413056318, 7.413170077
7.423056321, 7.423184744
7.433056321, 7.433195440
7.443056317, 7.443233093
7.453056351, 7.453180703
7.463056317, 7.463234740
7.473056320, 7.473143196
7.483056330, 7.483176701
7.493056324, 7.493154614
7.503056325, 7.503129364
7.513056318, 7.513201825
7.523056319, 7.523190961
7.533056343, 7.533179747
7.543056321, 7.543209660
7.553056317, 7.553165512
7.563056325, 7.563185296
7.573056317, 7.573206279
7.583056322, 7.583230396
7.593056321, 7.593202124
7.603056328, 7.603171800
7.613056323, 7.613199840
7.623056316, 7.623154400
7.633056320, 7.633224249
7.643056314, 7.643221221
7.653056313, 7.653171575
7.663056330, 7.663200765
7.673056323, 7.673165138
7.683056322, 7.683160604
7.693056324, 7.693162209
7.703056319, 7.703150178
7.713056318, 7.713155655
7.723056321, 7.723183902
7.733056321, 7.733176260
7.743056322, 7.743175717
7.753056320, 7.753187309
7.763056319, 7.763177929
7.773056317, 7.773194602
7.783056321, 7.783210679
7.793056318, 7.793148043
7.803056330, 7.803177143
7.813056321, 7.813169298
7.823056321, 7.823157678
7.833056320, 7.833186747
7.843056322, 7.843178204
7.853056321, 7.853201092
7.863056324, 7.863171549
7.873056324, 7.873184655
7.883056325, 7.883190317
7.893056328, 7.893221244
7.903056332, 7.903179424
7.913056331, 7.913203063
7.923056327, 7.923206967
7.933056328, 7.933185793
7.943056325, 7.943202892
7.953056318, 7.953178606
7.963056321, 7.963196076
7.973056326, 7.973163099
7.983056324, 7.983162636
7.993056317, 7.993203794
8.003056319, 8.003177291
8.013056321, 8.013161753
8.023056314, 8.023173054
8.033056321, 8.033179188
8.043056325, 8.043162522
8.053056354, 8.053185338
8.063056319, 8.063190876
8.073056312, 8.073182442
8.083056325, 8.083203083
8.093056318, 8.093214455
8.103056319, 8.103181523
8.113056320, 8.113176166
8.123056319, 8.123157934
8.133056321, 8.133149770
8.143056324, 8.143184535
8.153056320, 8.153182343
8.163056319, 8.163154587
8.173056318, 8.173206702
8.183056330, 8.183182784
8.193056318, 8.193163669
8.203056319, 8.203165776
8.213056321, 8.213176215
8.223056317, 8.223162960
8.233056332, 8.233184828
8.243056333, 8.243174688
8.253056324, 8.253182869
8.263056327, 8.263185702
8.273056329, 8.273179822
8.283056325, 8.283188945
8.293056321, 8.293179575
8.303056322, 8.303192629
8.313056315, 8.313197556
8.323056330, 8.323168153
8.333056317, 8.333226333
8.343056317, 8.343217414
8.353056321, 8.353220191
8.363056319, 8.363141097
8.373056320, 8.373203238
8.383056317, 8.383228375
8.393056328, 8.393206697
8.403056319, 8.403189280
8.413056321, 8.413155007
8.423056317, 8.423209488
8.433056313, 8.433165577
8.443056322, 8.443157535
8.453056318, 8.453153088
8.463056354, 8.463153313
8.473056317, 8.473182408
8.483056322, 8.483168503
8.493056313, 8.493172213
8.503056322, 8.503217127
8.513056326, 8.513203238
8.523056321, 8.523193903
8.533056321, 8.533173291
8.543056328, 8.543206364
8.553056324, 8.553166292
8.563056321, 8.563213175
8.573056323, 8.573180207
8.583056322, 8.583187606
8.593056350, 8.593135480
8.603056317, 8.603162647
8.613056318, 8.613168554
8.623056319, 8.623198288
8.633056324, 8.633185160
8.643056324, 8.643187178
8.653056317, 8.653185766
8.663056324, 8.663176339
8.673056312, 8.673197265
8.683056316, 8.683173641
8.693056318, 8.693169017
8.703056347, 8.703156311
8.713056318, 8.713197636
8.723056317, 8.723190025
8.733056318, 8.733193751
8.743056324, 8.743153450
8.753056320, 8.753193534
8.763056322, 8.763180414
8.773056317, 8.773143559
8.783056324, 8.783152580
8.793056318, 8.793258576
8.803056325, 8.803165137
8.813056323, 8.813190607
8.823056325, 8.823184407
8.833056348, 8.833201576
8.843056321, 8.843185390
8.853056317, 8.853182575
8.863056319, 8.863203934
8.873056317, 8.873182962
8.883056332, 8.883164471
8.893056328, 8.893206357
8.903056321, 8.903192180
8.913056318, 8.913175732
8.923056317, 8.923191568
8.933056317, 8.933164735
8.943056317, 8.943139524
8.953056347, 8.953170086
8.963056317, 8.963162718
8.973056312, 8.973180905
8.983056322, 8.983182386
8.993056315, 8.993166276
9.003056324, 9.003151453
9.013056326, 9.013147167
9.023056332, 9.023190505
9.033056321, 9.033165139
9.043056325, 9.043180124
9.053056324, 9.053150623
9.063056325, 9.063197935
9.073056324, 9.073162207
9.083056325, 9.083164518
9.093056312, 9.093144623
9.103056324, 9.103195368
9.113056323, 9.113163862
9.123056347, 9.123169932
9.133056321, 9.133178989
9.143056313, 9.143193254
9.153056320, 9.153145662
9.163056316, 9.163155634
9.173056317, 9.173160508
9.183056322, 9.183213511
9.193056315, 9.193165330
9.203056324, 9.203184583
9.213056317, 9.213171119
9.223056324, 9.223204445
9.233056315, 9.233179199
9.243056322, 9.243232010
9.253056317, 9.253162340
9.263056322, 9.263172237
9.273056378, 9.273172661
9.283056316, 9.283206915
9.293056321, 9.293201839
9.303056322, 9.303181504
9.313056323, 9.313219967
9.323056319, 9.323173319
9.333056323, 9.333182231
9.343056325, 9.343160849
9.353056318, 9.353176582
9.363056325, 9.363191655
9.373056320, 9.373220674
9.383056352, 9.383188370
9.393056312, 9.393154780
9.403056322, 9.403162919
9.413056328, 9.413171180
9.423056332, 9.423135935
9.433056318, 9.433183827
9.443056321, 9.443174217
9.453056320, 9.453138023
9.463056321, 9.463162263
9.473056317, 9.473149663
9.483056325, 9.483161076
9.493056324, 9.493148215
9.503056321, 9.503153074
9.513056313, 9.513199929
9.523056324, 9.523176556
9.533056318, 9.533179588
9.543056330, 9.543218172
9.553056323, 9.553140602
9.563056324, 9.563193305
9.573056317, 9.573168965
9.583056321, 9.583218981
9.593056318, 9.593202705
9.603056319, 9.603192997
9.613056318, 9.613227953
9.623056322, 9.623135662
9.633056313, 9.633163852
9.643056325, 9.643191115
9.653056323, 9.653181467
9.663056327, 9.663191983
9.673056320, 9.673199670
9.683056325, 9.683150608
9.693056317, 9.693160614
9.703056317, 9.703183160
9.713056317, 9.713193076
9.723056322, 9.723172531
9.733056320, 9.733170077
9.743056322, 9.743170505
9.753056312, 9.753151231
9.763056324, 9.763173508
9.773056320, 9.773168526
9.783056330, 9.783163959
9.793056321, 9.793197219
9.803056316, 9.803164914
9.813056317, 9.813155306
9.823056321, 9.823186597
9.833056323, 9.833204793
9.843056319, 9.843237975
9.853056320, 9.853159883
9.863056327, 9.863195526
9.873056321, 9.873170797
9.883056316, 9.883170545
9.893056317, 9.893178178
9.903056324, 9.903181243
9.913056350, 9.913178350
9.923056316, 9.923173551
9.933056315, 9.933181127
9.943056316, 9.943240218
9.953056348, 9.953187328
9.963056322, 9.963153960
9.973056323, 9.973159837
9.983056321, 9.983156786
9.993056321, 9.993144423
10.003056319, 10.003143436
10.013056320, 10.013141582
10.023056325, 10.023203686
10.033056320, 10.033211565
10.043056316, 10.043191817
10.053056310, 10.053192734
10.063056322, 10.063189883
10.073056321, 10.073190065
10.083056321, 10.083190136
10.093056321, 10.093209583
10.103056319, 10.103194371
10.113056316, 10.113191586
10.123056323, 10.123209189
10.133056320, 10.133214419
10.143056322, 10.143210591
10.153056320, 10.153214591
10.163056324, 10.163216645
10.173056317, 10.173221599
10.183056322, 10.183207787
10.193056347, 10.193214419
10.203056317, 10.203211146
10.213056313, 10.213212176
10.223056316, 10.223209045
10.233056318, 10.233207407
10.243056332, 10.243209465
10.253056321, 10.253216697
10.263056317, 10.263212831
10.273056315, 10.273214478
10.283056313, 10.283237917
10.293056310, 10.293229342
10.303056322, 10.303234146
10.313056347, 10.313237956
10.323056322, 10.323237033
10.333056318, 10.333237908
10.343056316, 10.343234630
10.353056315, 10.353240717
10.363056319, 10.363228966
10.373056324, 10.373239196
10.383056317, 10.383234001
10.393056321, 10.393235343
10.403056322, 10.403235483
10.413056313, 10.413231935
10.423056321, 10.423235706
10.433056320, 10.433239206
10.443056322, 10.443228604
10.453056343, 10.453234296
10.463056319, 10.463238240
10.473056315, 10.473230225
10.483056316, 10.483233314
10.493056323, 10.493237721
10.503056314, 10.503235502
10.513056317, 10.513238373
10.523056321, 10.523238103
10.533056315, 10.533236555
10.543056317, 10.543226785
10.553056315, 10.553230524
10.563056324, 10.563235251
10.573056317, 10.573239913
10.583056332, 10.583235278
10.593056315, 10.593238200
10.603056314, 10.603227906
10.613056321, 10.613234564
10.623056321, 10.623234494
10.633056315, 10.633229145
10.643056322, 10.643228734
10.653056310, 10.653237888
10.663056332, 10.663239965
10.673056321, 10.673240204
10.683056322, 10.683230707
10.693056323, 10.693235933
10.703056324, 10.703228367
10.713056315, 10.713237845
10.723056324, 10.723234075
10.733056324, 10.733240914
10.743056319, 10.743234369
10.753056323, 10.753240093
10.763056321, 10.763234933
10.773056313, 10.773230567
10.783056317, 10.783233707
10.793056317, 10.793228100
10.803056316, 10.803232229
10.813056315, 10.813239536
10.823056316, 10.823238676
10.833056321, 10.833218308
10.843056321, 10.843213568
10.853056343, 10.853230610
10.863056317, 10.863228102
10.873056320, 10.873228914
10.883056317, 10.883227895
10.893056310, 10.893234000
10.903056321, 10.903228575
10.913056320, 10.913231065
10.923056316, 10.923226556
10.933056315, 10.933229270
10.943056324, 10.943237438
10.953056317, 10.953230825
10.963056316, 10.963234083
10.973056318, 10.973239547
10.983056322, 10.983231427
10.993056317, 10.993214535
11.003056322, 11.003238296
11.013056320, 11.013235463
11.023056336, 11.023233796
11.033056313, 11.033234515
11.043056324, 11.043229608
11.053056332, 11.053230234
11.063056327, 11.063236519
11.073056312, 11.073240308
11.083056316, 11.083234626
11.093056318, 11.093232215
11.103056341, 11.103236772
11.113056321, 11.113235532
11.123056316, 11.123233552
11.133056310, 11.133237333
11.143056324, 11.143233733
11.153056323, 11.153238585
11.163056321, 11.163237157
11.173056321, 11.173236004
11.183056317, 11.183231045
11.193056310, 11.193236546
11.203056321, 11.203234356
11.213056320, 11.213238308
11.223056322, 11.223227594
11.233056318, 11.233228780
11.243056317, 11.243233199
11.253056312, 11.253235809
11.263056322, 11.263228764
11.273056318, 11.273239038
11.283056317, 11.283234328
11.293056315, 11.293238902
11.303056324, 11.303228113
11.313056317, 11.313233627
11.323056336, 11.323234904
11.333056320, 11.333229148
11.343056314, 11.343234645
11.353056321, 11.353234557
11.363056317, 11.363239627
11.373056312, 11.373241011
11.383056319, 11.383235549
11.393056321, 11.393233236
11.403056324, 11.403229959
11.413056343, 11.413228448
11.423056321, 11.423233682
11.433056312, 11.433235607
11.443056316, 11.443227676
11.453056321, 11.453239454
11.463056321, 11.463229431
11.473056321, 11.473238227
11.483056317, 11.483193636
11.493056315, 11.493188451
11.503056313, 11.503234504
11.513056317, 11.513228324
11.523056319, 11.523239043
11.533056323, 11.533230935
11.543056319, 11.543237140
11.553056312, 11.553237314
11.563056316, 11.563233286
11.573056317, 11.573231493
11.583056322, 11.583235516
11.593056321, 11.593235408
11.603056321, 11.603228558
11.613056317, 11.613240014
11.623056336, 11.623233859
11.633056320, 11.633233327
11.643056319, 11.643234589
11.653056321, 11.653234226
11.663056322, 11.663235328
11.673056313, 11.673235705
11.683056319, 11.683226825
11.693056324, 11.693239437
11.703056316, 11.703234979
11.713056321, 11.713239263
11.723056321, 11.723238813
11.733056317, 11.733158487
11.743056324, 11.743234127
11.753056321, 11.753234707
11.763056316, 11.763234604
11.773056323, 11.773232371
11.783056319, 11.783238753
11.793056318, 11.793232650
11.803056316, 11.803234242
11.813056315, 11.813240429
11.823056314, 11.823234917
11.833056318, 11.833229192
11.843056314, 11.843227311
11.853056318, 11.853238180
11.863056333, 11.863233670
11.873056317, 11.873242502
11.883056347, 11.883236576
11.893056313, 11.893235533
11.903056321, 11.903237993
11.913056318, 11.913236545
11.923056328, 11.923230003
11.933056318, 11.933238022
11.943056321, 11.943230737
11.953056317, 11.953240604
11.963056319, 11.963228738
11.973056310, 11.973238108
11.983056314, 11.983227523
11.993056318, 11.993240247
12.003056324, 12.003235417
12.013056317, 12.013239344
12.023056317, 12.023227889
12.033056320, 12.033241270
12.043056319, 12.043233590
12.053056320, 12.053228532
------------------------------
