------------------------------
test was performed using the following parameters: --mps=100 --burst=1 --reply-every=1 --msg-size=12 --time=10
------------------------------
sockperf: [Total Run] RunTime=10.100 sec; SentMessages=1011; ReceivedMessages=1010
sockperf: ========= Printing statistics for Server No: 0
sockperf: [Valid Duration] RunTime=9.990 sec; SentMessages=1000; ReceivedMessages=1000
sockperf: [2;35m====> avg-lat= 56.814 (std-dev=17.409)[0m
sockperf: # dropped messages = 0; # duplicated messages = 0; # out-of-order messages = 0
sockperf: [2;35mTotal 1000 observations[0m; each percentile contains 10.00 observations
sockperf: ---> <MAX> observation =  198.045
sockperf: ---> percentile  99.99 =  198.045
sockperf: ---> percentile  99.90 =  190.614
sockperf: ---> percentile  99.50 =  122.158
sockperf: ---> percentile  99.00 =  113.154
sockperf: ---> percentile  95.00 =   86.052
sockperf: ---> percentile  90.00 =   78.428
sockperf: ---> percentile  75.00 =   64.409
sockperf: ---> percentile  50.00 =   53.598
sockperf: ---> percentile  25.00 =   45.272
sockperf: ---> <MIN> observation =   25.129
------------------------------
txTime, rxTime
2.063471312, 2.063645316
2.073471306, 2.073641113
2.083471293, 2.083592429
2.093471298, 2.093575307
2.103471301, 2.103576692
2.113471301, 2.113647425
2.123471308, 2.123650189
2.133471306, 2.133673359
2.143471300, 2.143657729
2.153471306, 2.153604284
2.163471328, 2.163610550
2.173471308, 2.173583311
2.183471306, 2.183578028
2.193471300, 2.193574472
2.203471297, 2.203578194
2.213471301, 2.213589967
2.223471301, 2.223606651
2.233471303, 2.233634118
2.243471306, 2.243579075
2.253471304, 2.253574907
2.263471304, 2.263602766
2.273471298, 2.273590390
2.283471308, 2.283600126
2.293471295, 2.293581719
2.303471301, 2.303571703
2.313471311, 2.313573470
2.323471304, 2.323584754
2.333471306, 2.333576306
2.343471303, 2.343593815
2.353471303, 2.353627536
2.363471306, 2.363615073
2.373471306, 2.373580935
2.383471303, 2.383599894
2.393471300, 2.393573981
2.403471300, 2.403615941
2.413471298, 2.413592046
2.423471304, 2.423564434
2.433471306, 2.433580573
2.443471308, 2.443577867
2.453471306, 2.453620662
2.463471303, 2.463598137
2.473471300, 2.473573832
2.483471297, 2.483577479
2.493471298, 2.493580235
2.503471300, 2.503580120
2.513471297, 2.513587619
2.523471300, 2.523595037
2.533471311, 2.533604546
2.543471336, 2.543579767
2.553471309, 2.553581401
2.563471300, 2.563574976
2.573471295, 2.573649846
2.583471297, 2.583574906
2.593471298, 2.593587822
2.603471301, 2.603571433
2.613471309, 2.613580638
2.623471303, 2.623605036
2.633471306, 2.633574155
2.643471308, 2.643576858
2.653471314, 2.653566774
2.663471304, 2.663571638
2.673471303, 2.673580101
2.683471300, 2.683562501
2.693471311, 2.693566330
2.703471308, 2.703638262
2.713471308, 2.713627243
2.723471301, 2.723562356
2.733471304, 2.733599361
2.743471298, 2.743624301
2.753471300, 2.753600156
2.763471319, 2.763590934
2.773471314, 2.773622586
2.783471303, 2.783673673
2.793471303, 2.793599573
2.803471298, 2.803601578
2.813471306, 2.813567811
2.823471301, 2.823578457
2.833471295, 2.833570536
2.843471306, 2.843586887
2.853471306, 2.853595443
2.863471311, 2.863588403
2.873471295, 2.873574453
2.883471298, 2.883607789
2.893471306, 2.893596177
2.903471306, 2.903576674
2.913471311, 2.913571335
2.923471306, 2.923641209
2.933471290, 2.933644474
2.943471304, 2.943599175
2.953471298, 2.953590112
2.963471295, 2.963567233
2.973471309, 2.973595665
2.983471322, 2.983562989
2.993471298, 2.993567115
3.003471303, 3.003568966
3.013471300, 3.013579682
3.023471297, 3.023577366
3.033471304, 3.033575390
3.043471292, 3.043577643
3.053471306, 3.053621598
3.063471308, 3.063590589
3.073471303, 3.073614212
3.083471297, 3.083559093
3.093471309, 3.093569854
3.103471309, 3.103560581
3.113471298, 3.113597399
3.123471295, 3.123616934
3.133471301, 3.133654148
3.143471298, 3.143565511
3.153471297, 3.153588819
3.163471312, 3.163591208
3.173471300, 3.173621347
3.183471300, 3.183653943
3.193471303, 3.193621575
3.203471295, 3.203561859
3.213471350, 3.213630049
3.223471304, 3.223589882
3.233471298, 3.233606534
3.243471298, 3.243620617
3.253471297, 3.253581688
3.263471300, 3.263589565
3.273471303, 3.273572079
3.283471298, 3.283569377
3.293471298, 3.293563895
3.303471301, 3.303562872
3.313471301, 3.313560081
3.323471303, 3.323561041
3.333471301, 3.333562280
3.343471301, 3.343563899
3.353471297, 3.353562365
3.363471301, 3.363559771
3.373471295, 3.373577183
3.383471297, 3.383562470
3.393471304, 3.393636184
3.403471312, 3.403632353
3.413471298, 3.413604886
3.423471301, 3.423565986
3.433471312, 3.433599403
3.443471300, 3.443641509
3.453471309, 3.453585352
3.463471303, 3.463629392
3.473471295, 3.473595931
3.483471297, 3.483636640
3.493471297, 3.493577704
3.503471303, 3.503617542
3.513471301, 3.513582200
3.523471336, 3.523575692
3.533471300, 3.533700425
3.543471297, 3.543605091
3.553471298, 3.553563537
3.563471311, 3.563563114
3.573471298, 3.573661791
3.583471303, 3.583626156
3.593471297, 3.593605885
3.603471300, 3.603558333
3.613471301, 3.613612974
3.623471297, 3.623577587
3.633471293, 3.633561005
3.643471298, 3.643610848
3.653471293, 3.653633585
3.663471303, 3.663590026
3.673471301, 3.673627481
3.683471297, 3.683562432
3.693471298, 3.693587220
3.703471308, 3.703591112
3.713471300, 3.713625335
3.723471297, 3.723611863
3.733471298, 3.733599967
3.743471309, 3.743591806
3.753471303, 3.753585251
3.763471293, 3.763582450
3.773471301, 3.773606331
3.783471315, 3.783578046
3.793471309, 3.793561458
3.803471306, 3.803558243
3.813471314, 3.813615221
3.823471301, 3.823630773
3.833471308, 3.833595010
3.843471306, 3.843560978
3.853471308, 3.853567066
3.863471306, 3.863571676
3.873471304, 3.873571362
3.883471306, 3.883579531
3.893471293, 3.893614307
3.903471308, 3.903593842
3.913471311, 3.913571537
3.923471298, 3.923623630
3.933471297, 3.933628466
3.943471298, 3.943610497
3.953471297, 3.953608019
3.963471299, 3.963589814
3.973471303, 3.973582751
3.983471298, 3.983622012
3.993471301, 3.993643406
4.003471297, 4.003633882
4.013471290, 4.013603976
4.023471304, 4.023578680
4.033471311, 4.033583655
4.043471300, 4.043567059
4.053471297, 4.053622953
4.063471300, 4.063600828
4.073471295, 4.073614449
4.083471297, 4.083635670
4.093471297, 4.093603359
4.103471308, 4.103582501
4.113471295, 4.113591335
4.123471303, 4.123600271
4.133471298, 4.133578509
4.143471309, 4.143549760
4.153471301, 4.153622182
4.163471309, 4.163563632
4.173471295, 4.173567047
4.183471298, 4.183634935
4.193471290, 4.193561960
4.203471304, 4.203581209
4.213471300, 4.213562116
4.223471306, 4.223563059
4.233471309, 4.233588505
4.243471306, 4.243562457
4.253471298, 4.253568465
4.263471339, 4.263560697
4.273471301, 4.273563501
4.283471304, 4.283602860
4.293471301, 4.293604147
4.303471297, 4.303563284
4.313471297, 4.313563384
4.323471298, 4.323648837
4.333471300, 4.333563183
4.343471300, 4.343559640
4.353471304, 4.353614495
4.363471304, 4.363556997
4.373471293, 4.373602860
4.383471308, 4.383585256
4.393471295, 4.393625454
4.403471300, 4.403580451
4.413471306, 4.413587836
4.423471303, 4.423589089
4.433471303, 4.433586462
4.443471303, 4.443601011
4.453471303, 4.453621969
4.463471308, 4.463596009
4.473471306, 4.473569133
4.483471304, 4.483586334
4.493471300, 4.493563381
4.503471303, 4.503560547
4.513471309, 4.513560813
4.523471301, 4.523565237
4.533471303, 4.533570795
4.543471303, 4.543619366
4.553471300, 4.553569415
4.563471309, 4.563561470
4.573471311, 4.573581612
4.583471304, 4.583558537
4.593471300, 4.593603468
4.603471311, 4.603631760
4.613471300, 4.613563041
4.623471306, 4.623618728
4.633471304, 4.633562659
4.643471309, 4.643596954
4.653471300, 4.653584822
4.663471298, 4.663561584
4.673471293, 4.673630980
4.683471297, 4.683628154
4.693471298, 4.693587670
4.703471304, 4.703563867
4.713471304, 4.713599598
4.723471304, 4.723589857
4.733471293, 4.733597053
4.743471303, 4.743559704
4.753471301, 4.753610483
4.763471297, 4.763576426
4.773471334, 4.773564530
4.783471293, 4.783570746
4.793471292, 4.793596745
4.803471298, 4.803564724
4.813471317, 4.813590116
4.823471297, 4.823591575
4.833471298, 4.833593207
4.843471298, 4.843560648
4.853471295, 4.853615957
4.863471300, 4.863591232
4.873471303, 4.873657656
4.883471304, 4.883561671
4.893471308, 4.893618453
4.903471301, 4.903605174
4.913471295, 4.913626167
4.923471295, 4.923591570
4.933471301, 4.933641501
4.943471301, 4.943574572
4.953471295, 4.953570399
4.963471301, 4.963567437
4.973471297, 4.973563359
4.983471300, 4.983571198
4.993471300, 4.993560523
5.003471309, 5.003561998
5.013471303, 5.013625643
5.023471306, 5.023589145
5.033471306, 5.033586631
5.043471325, 5.043562058
5.053471309, 5.053599049
5.063471308, 5.063619792
5.073471303, 5.073572304
5.083471309, 5.083583922
5.093471303, 5.093578886
5.103471309, 5.103619396
5.113471309, 5.113589009
5.123471309, 5.123596087
5.133471308, 5.133582566
5.143471304, 5.143579011
5.153471304, 5.153562972
5.163471298, 5.163623613
5.173471304, 5.173623570
5.183471301, 5.183618194
5.193471295, 5.193561260
5.203471293, 5.203571725
5.213471295, 5.213564843
5.223471297, 5.223591680
5.233471298, 5.233593264
5.243471297, 5.243604861
5.253471295, 5.253583282
5.263471297, 5.263568893
5.273471290, 5.273562733
5.283471298, 5.283605483
5.293471295, 5.293561393
5.303471334, 5.303648213
5.313471303, 5.313602786
5.323471301, 5.323562233
5.333471293, 5.333627830
5.343471303, 5.343603956
5.353471298, 5.353592315
5.363471303, 5.363602584
5.373471295, 5.373566335
5.383471297, 5.383596508
5.393471298, 5.393612725
5.403471303, 5.403581581
5.413471304, 5.413607613
5.423471300, 5.423634837
5.433471300, 5.433572124
5.443471300, 5.443603560
5.453471295, 5.453595531
5.463471301, 5.463589451
5.473471300, 5.473576856
5.483471311, 5.483606162
5.493471300, 5.493641422
5.503471308, 5.503565187
5.513471309, 5.513558876
5.523471309, 5.523610087
5.533471303, 5.533607163
5.543471295, 5.543592501
5.553471303, 5.553556271
5.563471298, 5.563550702
5.573471295, 5.573592091
5.583471312, 5.583558936
5.593471300, 5.593593272
5.603471301, 5.603587305
5.613471304, 5.613633471
5.623471306, 5.623574940
5.633471306, 5.633561016
5.643471295, 5.643558257
5.653471300, 5.653573189
5.663471304, 5.663603759
5.673471297, 5.673589858
5.683471295, 5.683560799
5.693471293, 5.693563085
5.703471300, 5.703586862
5.713471300, 5.713611877
5.723471298, 5.723567449
5.733471295, 5.733611383
5.743471308, 5.743579245
5.753471292, 5.753607849
5.763471301, 5.763566998
5.773471304, 5.773605751
5.783471303, 5.783574919
5.793471304, 5.793595583
5.803471303, 5.803564028
5.813471306, 5.813601376
5.823471308, 5.823643230
5.833471345, 5.833648231
5.843471309, 5.843609499
5.853471306, 5.853602137
5.863471303, 5.863571307
5.873471297, 5.873560727
5.883471295, 5.883567655
5.893471304, 5.893565245
5.903471308, 5.903564901
5.913471308, 5.913539393
5.923471308, 5.923565373
5.933471306, 5.933582506
5.943471319, 5.943563758
5.953471306, 5.953553596
5.963471308, 5.963571703
5.973471298, 5.973558868
5.983471331, 5.983581896
5.993471312, 5.993561443
6.003471295, 6.003600852
6.013471317, 6.013552862
6.023471295, 6.023556715
6.033471309, 6.033637172
6.043471309, 6.043553961
6.053471303, 6.053537592
6.063471304, 6.063603610
6.073471311, 6.073581572
6.083471300, 6.083550372
6.093471344, 6.093571973
6.103471327, 6.103577717
6.113471303, 6.113583818
6.123471303, 6.123539624
6.133471304, 6.133538832
6.143471361, 6.143619917
6.153471306, 6.153602244
6.163471300, 6.163567683
6.173471300, 6.173550868
6.183471319, 6.183591388
6.193471303, 6.193538188
6.203471311, 6.203583211
6.213471306, 6.213623409
6.223471301, 6.223554867
6.233471353, 6.233566467
6.243471306, 6.243659647
6.253471319, 6.253572865
6.263471298, 6.263559617
6.273471312, 6.273591366
6.283471783, 6.283599114
6.293471338, 6.293595056
6.303471309, 6.303568880
6.313471308, 6.313553260
6.323471303, 6.323581268
6.333471315, 6.333562617
6.343471306, 6.343588628
6.353471327, 6.353568908
6.363471308, 6.363530243
6.373471304, 6.373564671
6.383471301, 6.383549610
6.393471306, 6.393550432
6.403471309, 6.403591991
6.413471308, 6.413567803
6.423471306, 6.423585153
6.433471314, 6.433575317
6.443471304, 6.443650893
6.453471311, 6.453566374
6.463471308, 6.463547625
6.473471311, 6.473583129
6.483471301, 6.483583928
6.493471308, 6.493570825
6.503471312, 6.503547092
6.513471295, 6.513568049
6.523471298, 6.523566715
6.533471304, 6.533581697
6.543471298, 6.543581883
6.553471297, 6.553585688
6.563471293, 6.563625737
6.573471302, 6.573622682
6.583471315, 6.583568896
6.593471299, 6.593543077
6.603471307, 6.603595071
6.613471304, 6.613591833
6.623471306, 6.623561916
6.633471302, 6.633554925
6.643471351, 6.643561863
6.653471298, 6.653618611
6.663471306, 6.663584512
6.673471312, 6.673555312
6.683471293, 6.683592130
6.693471317, 6.693554089
6.703471299, 6.703599980
6.713471295, 6.713635879
6.723471298, 6.723542756
6.733471304, 6.733549667
6.743471306, 6.743568152
6.753471304, 6.753591027
6.763471315, 6.763554442
6.773471332, 6.773620636
6.783471318, 6.783544200
6.793471300, 6.793527450
6.803471307, 6.803586179
6.813471308, 6.813543789
6.823471307, 6.823569804
6.833471300, 6.833555272
6.843471305, 6.843587832
6.853471319, 6.853545927
6.863471305, 6.863555032
6.873471308, 6.873592816
6.883471304, 6.883579126
6.893471297, 6.893540044
6.903471299, 6.903588024
6.913471318, 6.913560911
6.923471300, 6.923551144
6.933471310, 6.933549650
6.943471307, 6.943600122
6.953471293, 6.953568435
6.963471308, 6.963613185
6.973471296, 6.973560558
6.983471302, 6.983544478
6.993471296, 6.993562134
7.003471297, 7.003566438
7.013471301, 7.013521560
7.023471309, 7.023559835
7.033471350, 7.033557517
7.043471317, 7.043534115
7.053471303, 7.053583786
7.063471314, 7.063561480
7.073471300, 7.073570817
7.083471311, 7.083561856
7.093471311, 7.093569456
7.103471311, 7.103559501
7.113471309, 7.113536824
7.123471317, 7.123574761
7.133471304, 7.133550704
7.143471303, 7.143574156
7.153471304, 7.153631572
7.163471309, 7.163590858
7.173471353, 7.173585401
7.183471295, 7.183561178
7.193471295, 7.193538574
7.203471297, 7.203533843
7.213471308, 7.213571804
7.223471300, 7.223545797
7.233471317, 7.233628784
7.243471327, 7.243538992
7.253471298, 7.253550385
7.263471303, 7.263586228
7.273471303, 7.273540752
7.283471300, 7.283575420
7.293471301, 7.293605044
7.303471303, 7.303583445
7.313471292, 7.313537318
7.323471314, 7.323579138
7.333471309, 7.333586795
7.343471306, 7.343545968
7.353471307, 7.353584674
7.363471300, 7.363594398
7.373471310, 7.373571028
7.383471294, 7.383579374
7.393471319, 7.393549251
7.403471310, 7.403578925
7.413471318, 7.413540594
7.423471304, 7.423564008
7.433471299, 7.433546502
7.443471304, 7.443581876
7.453471300, 7.453602492
7.463471307, 7.463586907
7.473471308, 7.473556982
7.483471302, 7.483573485
7.493471304, 7.493566342
7.503471302, 7.503541475
7.513471312, 7.513567742
7.523471310, 7.523555917
7.533471307, 7.533564302
7.543471323, 7.543568195
7.553471297, 7.553557694
7.563471340, 7.563567199
7.573471312, 7.573610623
7.583471312, 7.583586313
7.593471310, 7.593603044
7.603471300, 7.603537346
7.613471297, 7.613552168
7.623471308, 7.623555239
7.633471305, 7.633551578
7.643471304, 7.643545755
7.653471310, 7.653559444
7.663471302, 7.663561294
7.673471323, 7.673551990
7.683471305, 7.683557480
7.693471300, 7.693554543
7.703471307, 7.703595693
7.713471305, 7.713523458
7.723471319, 7.723590374
7.733471304, 7.733588214
7.743471304, 7.743582945
7.753471300, 7.753558305
7.763471310, 7.763557273
7.773471304, 7.773598250
7.783471303, 7.783644069
7.793471298, 7.793540696
7.803471309, 7.803574922
7.813471295, 7.813593071
7.823471301, 7.823547722
7.833471300, 7.833541221
7.843471314, 7.843540820
7.853471300, 7.853556423
7.863471297, 7.863591657
7.873471319, 7.873564985
7.883471301, 7.883541363
7.893471325, 7.893560337
7.903471306, 7.903569336
7.913472099, 7.913597798
7.923471304, 7.923554806
7.933471306, 7.933605977
7.943471319, 7.943580556
7.953471303, 7.953543274
7.963471306, 7.963637141
7.973471297, 7.973633336
7.983471301, 7.983546496
7.993471306, 7.993585804
8.003471308, 8.003576213
8.013471309, 8.013579018
8.023471320, 8.023560022
8.033471303, 8.033596627
8.043471303, 8.043589255
8.053471301, 8.053566332
8.063471306, 8.063559713
8.073471301, 8.073567134
8.083471304, 8.083589606
8.093471302, 8.093571184
8.103471296, 8.103554753
8.113471315, 8.113571132
8.123471305, 8.123564826
8.133471304, 8.133539296
8.143471308, 8.143598214
8.153471294, 8.153576614
8.163471297, 8.163567338
8.173471300, 8.173544329
8.183471327, 8.183564739
8.193471302, 8.193567202
8.203471300, 8.203544623
8.213471305, 8.213535387
8.223471315, 8.223626044
8.233471305, 8.233596440
8.243471300, 8.243539867
8.253471296, 8.253552775
8.263471308, 8.263576963
8.273471300, 8.273567663
8.283471299, 8.283608505
8.293471297, 8.293548753
8.303471323, 8.303580762
8.313471307, 8.313588152
8.323471296, 8.323539487
8.333471308, 8.333561111
8.343471315, 8.343550029
8.353471308, 8.353562330
8.363471300, 8.363575365
8.373471307, 8.373639696
8.383471308, 8.383602141
8.393471319, 8.393590652
8.403471323, 8.403593964
8.413471297, 8.413560737
8.423471311, 8.423555253
8.433471303, 8.433559781
8.443471300, 8.443577407
8.453471303, 8.453569317
8.463471304, 8.463598536
8.473471315, 8.473538951
8.483471303, 8.483547961
8.493471304, 8.493536848
8.503471308, 8.503573801
8.513471300, 8.513562677
8.523471319, 8.523560719
8.533471297, 8.533550927
8.543471341, 8.543537244
8.553471303, 8.553582810
8.563471303, 8.563607354
8.573471314, 8.573558816
8.583471295, 8.583578088
8.593471298, 8.593611031
8.603471306, 8.603578421
8.613471308, 8.613543334
8.623471308, 8.623574630
8.633471306, 8.633587845
8.643471308, 8.643579375
8.653471306, 8.653575285
8.663471306, 8.663568796
8.673471309, 8.673563251
8.683471300, 8.683550701
8.693471304, 8.693543995
8.703471306, 8.703597312
8.713471306, 8.713583563
8.723471306, 8.723550854
8.733471311, 8.733554623
8.743471330, 8.743648197
8.753472847, 8.753562757
8.763471306, 8.763576037
8.773471309, 8.773625234
8.783471308, 8.783572218
8.793471301, 8.793548934
8.803471306, 8.803603959
8.813471301, 8.813552450
8.823471319, 8.823625245
8.833471352, 8.833590574
8.843471306, 8.843572522
8.853471312, 8.853548396
8.863471304, 8.863567304
8.873471300, 8.873547639
8.883471303, 8.883539136
8.893471300, 8.893539322
8.903471301, 8.903538989
8.913471314, 8.913584512
8.923471315, 8.923558380
8.933471336, 8.933558895
8.943471311, 8.943656516
8.953471300, 8.953651442
8.963471323, 8.963673485
8.973471298, 8.973573362
8.983471309, 8.983590111
8.993471328, 8.993595406
9.003471304, 9.003573615
9.013471331, 9.013632646
9.023471301, 9.023556414
9.033471313, 9.033568041
9.043471312, 9.043595762
9.053471304, 9.053551132
9.063471297, 9.063580245
9.073471304, 9.073581454
9.083471300, 9.083638320
9.093471312, 9.093605098
9.103471323, 9.103531830
9.113471303, 9.113591317
9.123471295, 9.123608988
9.133471317, 9.133561813
9.143471306, 9.143625455
9.153471301, 9.153580248
9.163471303, 9.163567756
9.173471300, 9.173594683
9.183471315, 9.183616538
9.193471334, 9.193555880
9.203471300, 9.203589246
9.213471311, 9.213587714
9.223471301, 9.223664929
9.233471306, 9.233625132
9.243471295, 9.243549962
9.253471304, 9.253610396
9.263471304, 9.263595863
9.273471304, 9.273603517
9.283471308, 9.283637554
9.293471309, 9.293590185
9.303471309, 9.303561483
9.313471366, 9.313559710
9.323471306, 9.323598503
9.333471306, 9.333557503
9.343471304, 9.343640169
9.353471301, 9.353606291
9.363471303, 9.363578500
9.373471349, 9.373651534
9.383471303, 9.383606585
9.393471304, 9.393569590
9.403472913, 9.403641012
9.413471293, 9.413563444
9.423471297, 9.423684003
9.433471308, 9.433576267
9.443471303, 9.443585011
9.453471338, 9.453573298
9.463471306, 9.463559260
9.473471303, 9.473618622
9.483471300, 9.483604245
9.493471311, 9.493576559
9.503471319, 9.503571948
9.513471301, 9.513650964
9.523471319, 9.523578558
9.533471304, 9.533556044
9.543471320, 9.543534090
9.553471309, 9.553584255
9.563471304, 9.563624169
9.573471300, 9.573633958
9.583471300, 9.583656385
9.593471311, 9.593641259
9.603471306, 9.603613386
9.613471340, 9.613584512
9.623471304, 9.623583838
9.633471301, 9.633611880
9.643471308, 9.643589500
9.653471300, 9.653619389
9.663471303, 9.663589438
9.673471308, 9.673629904
9.683471308, 9.683593685
9.693471341, 9.693571082
9.703471309, 9.703590736
9.713471311, 9.713570546
9.723471315, 9.723581206
9.733471304, 9.733543453
9.743471312, 9.743605934
9.753471302, 9.753573800
9.763471308, 9.763591196
9.773471308, 9.773567544
9.783471303, 9.783594562
9.793471311, 9.793578112
9.803471303, 9.803579515
9.813471323, 9.813577969
9.823471303, 9.823547793
9.833471295, 9.833550132
9.843471298, 9.843550047
9.853471298, 9.853558895
9.863471298, 9.863531623
9.873471298, 9.873627050
9.883471298, 9.883585101
9.893471311, 9.893577362
9.903471306, 9.903625738
9.913471304, 9.913584389
9.923471306, 9.923604807
9.933471309, 9.933548328
9.943471328, 9.943580788
9.953471330, 9.953544932
9.963471311, 9.963612616
9.973471308, 9.973557807
9.983471293, 9.983584699
9.993471304, 9.993560739
10.003471304, 10.003583630
10.013471303, 10.013538730
10.023471300, 10.023583664
10.033471303, 10.033548831
10.043471304, 10.043588177
10.053471301, 10.053599796
10.063471301, 10.063578711
10.073471308, 10.073556408
10.083471306, 10.083629669
10.093471311, 10.093566429
10.103471300, 10.103598027
10.113471322, 10.113585723
10.123471308, 10.123535468
10.133471301, 10.133568889
10.143471304, 10.143554260
10.153471295, 10.153559135
10.163471311, 10.163547586
10.173471309, 10.173587102
10.183471306, 10.183555270
10.193471312, 10.193566456
10.203471311, 10.203564210
10.213471312, 10.213574351
10.223471309, 10.223573872
10.233471304, 10.233594391
10.243471311, 10.243619370
10.253471325, 10.253675783
10.263471309, 10.263563112
10.273471303, 10.273553631
10.283471301, 10.283589393
10.293471303, 10.293549630
10.303471306, 10.303580432
10.313471303, 10.313578355
10.323471304, 10.323598659
10.333471309, 10.333559197
10.343471303, 10.343560444
10.353471303, 10.353594506
10.363471303, 10.363615600
10.373471309, 10.373579174
10.383471338, 10.383595100
10.393471298, 10.393570039
10.403471292, 10.403541731
10.413471298, 10.413559593
10.423471311, 10.423529604
10.433471298, 10.433548015
10.443471297, 10.443542530
10.453471306, 10.453590532
10.463471300, 10.463586060
10.473471298, 10.473545453
10.483471309, 10.483631971
10.493471306, 10.493551754
10.503471315, 10.503537546
10.513471303, 10.513543531
10.523471308, 10.523598668
10.533471311, 10.533580584
10.543471295, 10.543598512
10.553471308, 10.553655174
10.563471306, 10.563538141
10.573471325, 10.573556301
10.583471308, 10.583541723
10.593471309, 10.593572878
10.603471304, 10.603554058
10.613472228, 10.613554335
10.623471304, 10.623614676
10.633471306, 10.633567437
10.643471303, 10.643594780
10.653471303, 10.653587269
10.663471306, 10.663558947
10.673471312, 10.673540516
10.683471301, 10.683545382
10.693471304, 10.693580082
10.703471306, 10.703633842
10.713471311, 10.713603051
10.723471303, 10.723550638
10.733471309, 10.733541738
10.743471309, 10.743530465
10.753471303, 10.753521722
10.763471308, 10.763578315
10.773471311, 10.773544595
10.783471740, 10.783675332
10.793471292, 10.793600501
10.803471308, 10.803563726
10.813471308, 10.813601806
10.823471357, 10.823593050
10.833471302, 10.833525404
10.843471310, 10.843600230
10.853471308, 10.853545213
10.863471301, 10.863558800
10.873471341, 10.873567105
10.883471303, 10.883652999
10.893471304, 10.893534315
10.903471325, 10.903525197
10.913471293, 10.913551621
10.923471300, 10.923568525
10.933471300, 10.933581162
10.943471300, 10.943642488
10.953471298, 10.953634371
10.963471300, 10.963867390
10.973471292, 10.973766372
10.983471303, 10.983573776
10.993471295, 10.993606725
11.003471303, 11.003574807
11.013471301, 11.013561923
11.023471297, 11.023572173
11.033471293, 11.033559517
11.043471304, 11.043568697
11.053471308, 11.053588819
11.063471301, 11.063582757
11.073471306, 11.073620878
11.083471303, 11.083600722
11.093471297, 11.093643361
11.103471295, 11.103628158
11.113471297, 11.113573029
11.123471303, 11.123596243
11.133471295, 11.133597838
11.143471303, 11.143590337
11.153471300, 11.153573812
11.163471300, 11.163558739
11.173471297, 11.173561958
11.183471295, 11.183566842
11.193471304, 11.193559430
11.203471298, 11.203660096
11.213471298, 11.213602581
11.223471303, 11.223715620
11.233471297, 11.233604982
11.243471298, 11.243634529
11.253471297, 11.253643560
11.263471301, 11.263610073
11.273471290, 11.273686822
11.283471300, 11.283688396
11.293471295, 11.293624396
11.303471295, 11.303658859
11.313471303, 11.313611971
11.323471296, 11.323574514
11.333471297, 11.333577210
11.343471300, 11.343580928
11.353471301, 11.353570719
11.363471297, 11.363576383
11.373471300, 11.373556677
11.383471297, 11.383558057
11.393471290, 11.393577753
11.403471301, 11.403572320
11.413471295, 11.413560270
11.423471300, 11.423567407
11.433471300, 11.433558960
11.443471301, 11.443559418
11.453471298, 11.453559353
11.463471295, 11.463577862
11.473471301, 11.473560081
11.483471297, 11.483580616
11.493471293, 11.493578956
11.503471300, 11.503559618
11.513471293, 11.513560450
11.523471297, 11.523560013
11.533471304, 11.533561814
11.543471298, 11.543562702
11.553471298, 11.553562031
11.563471301, 11.563557943
11.573471300, 11.573557169
11.583471301, 11.583559438
11.593471298, 11.593558966
11.603471297, 11.603567483
11.613471303, 11.613563060
11.623471303, 11.623577908
11.633471297, 11.633572854
11.643471300, 11.643557468
11.653471298, 11.653558361
11.663471293, 11.663562078
11.673471298, 11.673583255
11.683471292, 11.683561027
11.693471297, 11.693555297
11.703471301, 11.703570547
11.713471298, 11.713566100
11.723471306, 11.723580811
11.733471295, 11.733576062
11.743471298, 11.743633165
11.753471295, 11.753852523
11.763471317, 11.763557293
11.773471301, 11.773610912
11.783471301, 11.783538130
11.793471300, 11.793579637
11.803471308, 11.803562746
11.813471300, 11.813569125
11.823471300, 11.823585100
11.833471303, 11.833556574
11.843471303, 11.843562890
11.853471298, 11.853559115
11.863471301, 11.863561003
11.873471297, 11.873562111
11.883471298, 11.883564164
11.893471303, 11.893570326
11.903471301, 11.903615196
11.913471303, 11.913555594
11.923471298, 11.923633077
11.933471295, 11.933642051
11.943471297, 11.943599156
11.953471297, 11.953579630
11.963471298, 11.963604357
11.973471297, 11.973698900
11.983471300, 11.983696312
11.993471292, 11.993701869
12.003471298, 12.003710705
12.013471303, 12.013697246
12.023471297, 12.023697605
12.033471295, 12.033696954
12.043471297, 12.043760627
12.053471303, 12.053763204
------------------------------
