------------------------------
test was performed using the following parameters: --mps=100 --burst=1 --reply-every=1 --msg-size=12 --time=10
------------------------------
sockperf: [Total Run] RunTime=10.100 sec; SentMessages=1011; ReceivedMessages=1010
sockperf: ========= Printing statistics for Server No: 0
sockperf: [Valid Duration] RunTime=9.990 sec; SentMessages=1000; ReceivedMessages=1000
sockperf: [2;35m====> avg-lat= 55.977 (std-dev=20.381)[0m
sockperf: # dropped messages = 0; # duplicated messages = 0; # out-of-order messages = 0
sockperf: [2;35mTotal 1000 observations[0m; each percentile contains 10.00 observations
sockperf: ---> <MAX> observation =  113.819
sockperf: ---> percentile  99.99 =  113.819
sockperf: ---> percentile  99.90 =  102.111
sockperf: ---> percentile  99.50 =  101.279
sockperf: ---> percentile  99.00 =   98.843
sockperf: ---> percentile  95.00 =   87.609
sockperf: ---> percentile  90.00 =   86.785
sockperf: ---> percentile  75.00 =   77.646
sockperf: ---> percentile  50.00 =   45.098
sockperf: ---> percentile  25.00 =   41.261
sockperf: ---> <MIN> observation =   25.672
------------------------------
txTime, rxTime
2.063357575, 2.063559698
2.073357581, 2.073554336
2.083357598, 2.083554217
2.093357595, 2.093548555
2.103357576, 2.103550290
2.113357601, 2.113535491
2.123357576, 2.123493305
2.133357581, 2.133513803
2.143357601, 2.143542180
2.153357592, 2.153548167
2.163357571, 2.163546086
2.173357590, 2.173549836
2.183357582, 2.183530762
2.193357582, 2.193545122
2.203357597, 2.203537528
2.213357596, 2.213561470
2.223357573, 2.223487596
2.233357568, 2.233502009
2.243357601, 2.243482149
2.253357581, 2.253496358
2.263357577, 2.263502193
2.273357576, 2.273560134
2.283357577, 2.283542548
2.293357595, 2.293541918
2.303357590, 2.303551742
2.313357577, 2.313530171
2.323357588, 2.323537741
2.333357596, 2.333555284
2.343357573, 2.343544511
2.353357595, 2.353514311
2.363357577, 2.363506987
2.373357595, 2.373560987
2.383357595, 2.383514474
2.393357582, 2.393550509
2.403357575, 2.403555773
2.413357629, 2.413528373
2.423357574, 2.423487953
2.433357590, 2.433548502
2.443357582, 2.443502318
2.453357579, 2.453522839
2.463357577, 2.463506523
2.473357574, 2.473493661
2.483357576, 2.483505116
2.493357581, 2.493506769
2.503357593, 2.503507473
2.513357581, 2.513545285
2.523357574, 2.523501955
2.533357585, 2.533561808
2.543357581, 2.543496880
2.553357573, 2.553559155
2.563357592, 2.563556912
2.573357585, 2.573482221
2.583357574, 2.583434777
2.593357586, 2.593434054
2.603357575, 2.603460359
2.613357573, 2.613470831
2.623357594, 2.623450984
2.633357570, 2.633431151
2.643357573, 2.643426648
2.653357579, 2.653435651
2.663357579, 2.663436651
2.673357575, 2.673431453
2.683357573, 2.683438566
2.693357597, 2.693438630
2.703357571, 2.703431240
2.713357575, 2.713464592
2.723357578, 2.723440639
2.733357573, 2.733424193
2.743357575, 2.743429242
2.753357576, 2.753428893
2.763357575, 2.763422046
2.773357571, 2.773431615
2.783357595, 2.783433608
2.793357581, 2.793432217
2.803357575, 2.803452823
2.813357581, 2.813463345
2.823357570, 2.823433782
2.833357568, 2.833433444
2.843357568, 2.843443838
2.853357571, 2.853431630
2.863357568, 2.863423285
2.873357575, 2.873441731
2.883357571, 2.883463558
2.893357576, 2.893440183
2.903357576, 2.903439963
2.913357576, 2.913427572
2.923357578, 2.923431892
2.933357581, 2.933430471
2.943357567, 2.943441308
2.953357571, 2.953438015
2.963357573, 2.963427420
2.973357568, 2.973431746
2.983357576, 2.983440588
2.993357578, 2.993433330
3.003357571, 3.003474189
3.013357568, 3.013433627
3.023357576, 3.023423129
3.033357586, 3.033426703
3.043357584, 3.043449228
3.053357592, 3.053424659
3.063357568, 3.063446678
3.073357584, 3.073425121
3.083357576, 3.083445323
3.093357575, 3.093446943
3.103357570, 3.103443511
3.113357568, 3.113447676
3.123357575, 3.123443321
3.133357570, 3.133447449
3.143357575, 3.143442954
3.153357576, 3.153448068
3.163357568, 3.163440620
3.173357581, 3.173452659
3.183357568, 3.183444869
3.193357576, 3.193446239
3.203357575, 3.203447092
3.213357578, 3.213448124
3.223357584, 3.223446773
3.233357616, 3.233444967
3.243357565, 3.243445368
3.253357605, 3.253445112
3.263357579, 3.263449741
3.273357584, 3.273446103
3.283357578, 3.283443298
3.293357570, 3.293448281
3.303357570, 3.303445996
3.313357576, 3.313443249
3.323357600, 3.323447101
3.333357571, 3.333438272
3.343357576, 3.343422543
3.353357590, 3.353414172
3.363357571, 3.363427082
3.373357575, 3.373425098
3.383357578, 3.383408922
3.393357578, 3.393427765
3.403357575, 3.403428000
3.413357579, 3.413420821
3.423357576, 3.423418485
3.433357582, 3.433417311
3.443357578, 3.443417540
3.453357584, 3.453418078
3.463357578, 3.463433529
3.473357579, 3.473434015
3.483357578, 3.483425770
3.493357576, 3.493422799
3.503357575, 3.503421089
3.513357570, 3.513513440
3.523357573, 3.523492826
3.533357570, 3.533510074
3.543357567, 3.543497568
3.553357589, 3.553500089
3.563357575, 3.563490264
3.573357582, 3.573492941
3.583357581, 3.583486981
3.593357573, 3.593520351
3.603357573, 3.603484276
3.613357579, 3.613499345
3.623357576, 3.623505502
3.633357576, 3.633529836
3.643357578, 3.643496000
3.653357578, 3.653498761
3.663357570, 3.663512528
3.673357590, 3.673503714
3.683357570, 3.683512133
3.693357575, 3.693507530
3.703357576, 3.703501840
3.713357575, 3.713509365
3.723357576, 3.723505576
3.733357581, 3.733496006
3.743357573, 3.743492548
3.753357578, 3.753541393
3.763357575, 3.763484158
3.773357575, 3.773487245
3.783357581, 3.783513388
3.793357575, 3.793485727
3.803357581, 3.803502105
3.813357581, 3.813536603
3.823357568, 3.823509681
3.833357571, 3.833523008
3.843357570, 3.843515927
3.853357573, 3.853497094
3.863357567, 3.863504429
3.873357571, 3.873498605
3.883357570, 3.883509795
3.893357571, 3.893503610
3.903357573, 3.903502570
3.913357579, 3.913488596
3.923357578, 3.923488816
3.933357581, 3.933543815
3.943357592, 3.943499936
3.953357573, 3.953499942
3.963357571, 3.963499258
3.973357566, 3.973511681
3.983357569, 3.983491801
3.993357593, 3.993438276
4.003357577, 4.003448328
4.013357569, 4.013474362
4.023357573, 4.023433650
4.033357576, 4.033471785
4.043357574, 4.043435507
4.053357582, 4.053445896
4.063357577, 4.063445328
4.073357579, 4.073429338
4.083357568, 4.083445040
4.093357566, 4.093448685
4.103357577, 4.103444330
4.113357576, 4.113448835
4.123357579, 4.123446007
4.133357573, 4.133446518
4.143357576, 4.143448405
4.153357568, 4.153442565
4.163357573, 4.163450287
4.173357582, 4.173451271
4.183357574, 4.183467507
4.193357579, 4.193451923
4.203357569, 4.203446228
4.213357568, 4.213447169
4.223357574, 4.223444736
4.233357573, 4.233445427
4.243357584, 4.243456606
4.253357576, 4.253445882
4.263357569, 4.263444420
4.273357587, 4.273464241
4.283357582, 4.283446660
4.293357573, 4.293445715
4.303357574, 4.303448452
4.313357581, 4.313442514
4.323357577, 4.323450481
4.333357569, 4.333442385
4.343357579, 4.343447535
4.353357581, 4.353442352
4.363357573, 4.363453142
4.373357568, 4.373445978
4.383357574, 4.383442576
4.393357576, 4.393439764
4.403357569, 4.403444518
4.413357576, 4.413448132
4.423357582, 4.423445353
4.433357576, 4.433447597
4.443357576, 4.443447876
4.453357582, 4.453445689
4.463357574, 4.463443414
4.473357579, 4.473446128
4.483357582, 4.483443866
4.493357582, 4.493445419
4.503357574, 4.503446776
4.513357576, 4.513448593
4.523357574, 4.523446477
4.533357566, 4.533441287
4.543357574, 4.543440957
4.553357576, 4.553431907
4.563357563, 4.563424392
4.573357576, 4.573426449
4.583357574, 4.583438005
4.593357574, 4.593444055
4.603357579, 4.603445426
4.613357569, 4.613442312
4.623357566, 4.623432003
4.633357581, 4.633440569
4.643357571, 4.643425115
4.653357566, 4.653436148
4.663357579, 4.663429472
4.673357574, 4.673442066
4.683357573, 4.683437725
4.693357581, 4.693442369
4.703357582, 4.703424712
4.713357581, 4.713461982
4.723357569, 4.723444881
4.733357579, 4.733432932
4.743357581, 4.743451324
4.753357573, 4.753446741
4.763357571, 4.763438057
4.773357569, 4.773441763
4.783357566, 4.783454517
4.793357576, 4.793432291
4.803357573, 4.803446502
4.813357574, 4.813441973
4.823357579, 4.823437716
4.833357574, 4.833438412
4.843357574, 4.843429832
4.853357574, 4.853428347
4.863357584, 4.863434575
4.873357579, 4.873460769
4.883357574, 4.883430369
4.893357574, 4.893465708
4.903357582, 4.903426856
4.913357574, 4.913426323
4.923357577, 4.923433876
4.933357598, 4.933430175
4.943357571, 4.943424303
4.953357566, 4.953434239
4.963357574, 4.963426722
4.973357585, 4.973424878
4.983357566, 4.983467346
4.993357574, 4.993434740
5.003357576, 5.003428197
5.013357584, 5.013436885
5.023357571, 5.023440631
5.033357581, 5.033428404
5.043357574, 5.043440364
5.053357576, 5.053452103
5.063357577, 5.063447027
5.073357576, 5.073444775
5.083357576, 5.083442612
5.093357582, 5.093442614
5.103357569, 5.103446146
5.113357568, 5.113449084
5.123357574, 5.123447208
5.133357571, 5.133449536
5.143357574, 5.143446834
5.153357574, 5.153442996
5.163357576, 5.163451236
5.173357581, 5.173448778
5.183357582, 5.183456874
5.193357571, 5.193445899
5.203357582, 5.203446056
5.213357579, 5.213443242
5.223357576, 5.223443381
5.233357571, 5.233446904
5.243357574, 5.243450273
5.253357581, 5.253445983
5.263357590, 5.263449427
5.273357577, 5.273444540
5.283357579, 5.283446812
5.293357579, 5.293446930
5.303357585, 5.303447783
5.313357568, 5.313444796
5.323357577, 5.323449180
5.333357582, 5.333442969
5.343357569, 5.343444254
5.353357592, 5.353443888
5.363357577, 5.363444993
5.373357577, 5.373444950
5.383357581, 5.383447380
5.393357579, 5.393444221
5.403357573, 5.403448642
5.413357568, 5.413445217
5.423357577, 5.423446223
5.433357576, 5.433461586
5.443357568, 5.443451328
5.453357577, 5.453446190
5.463357577, 5.463452610
5.473357579, 5.473465550
5.483357581, 5.483447102
5.493357574, 5.493446870
5.503357577, 5.503445367
5.513357569, 5.513450696
5.523357568, 5.523447571
5.533357593, 5.533444147
5.543357576, 5.543449065
5.553357571, 5.553442407
5.563357569, 5.563446302
5.573357576, 5.573446480
5.583357576, 5.583420485
5.593357569, 5.593427578
5.603357577, 5.603428584
5.613357574, 5.613428203
5.623357577, 5.623423215
5.633357573, 5.633438501
5.643357573, 5.643435706
5.653357573, 5.653438605
5.663357579, 5.663432599
5.673357577, 5.673439860
5.683357574, 5.683427832
5.693357569, 5.693436761
5.703357571, 5.703450612
5.713357568, 5.713430579
5.723357576, 5.723425467
5.733357571, 5.733429022
5.743357569, 5.743435978
5.753357573, 5.753438062
5.763357566, 5.763427294
5.773357592, 5.773425383
5.783357574, 5.783462441
5.793357574, 5.793446619
5.803357568, 5.803430925
5.813357576, 5.813428557
5.823357571, 5.823437329
5.833357576, 5.833427117
5.843357569, 5.843435316
5.853357573, 5.853424150
5.863357569, 5.863437987
5.873357565, 5.873430535
5.883357568, 5.883441085
5.893357568, 5.893435706
5.903357587, 5.903434602
5.913357581, 5.913440558
5.923357577, 5.923424669
5.933357574, 5.933428389
5.943357573, 5.943440320
5.953357573, 5.953435837
5.963357573, 5.963425137
5.973357566, 5.973463214
5.983357577, 5.983429698
5.993357579, 5.993444429
6.003357581, 6.003452973
6.013357568, 6.013429967
6.023357568, 6.023440967
6.033357568, 6.033438040
6.043357571, 6.043427860
6.053357573, 6.053453732
6.063357566, 6.063438188
6.073357569, 6.073430750
6.083357573, 6.083424804
6.093357571, 6.093434909
6.103357568, 6.103420174
6.113357568, 6.113428143
6.123357569, 6.123420315
6.133357565, 6.133421851
6.143357593, 6.143436132
6.153357648, 6.153425659
6.163357569, 6.163426720
6.173357573, 6.173425986
6.183357568, 6.183424196
6.193357576, 6.193423389
6.203357569, 6.203425936
6.213357574, 6.213423507
6.223357576, 6.223433792
6.233357595, 6.233449640
6.243357569, 6.243425598
6.253357587, 6.253422200
6.263357568, 6.263445364
6.273357574, 6.273427740
6.283357587, 6.283441392
6.293357569, 6.293427415
6.303357569, 6.303438382
6.313357569, 6.313438785
6.323357571, 6.323426891
6.333357571, 6.333424415
6.343357574, 6.343445304
6.353357571, 6.353427330
6.363357568, 6.363447897
6.373357576, 6.373424289
6.383357568, 6.383437092
6.393357574, 6.393432386
6.403357579, 6.403431538
6.413357571, 6.413440094
6.423357581, 6.423435003
6.433357569, 6.433449971
6.443357574, 6.443429878
6.453357577, 6.453448367
6.463357576, 6.463433339
6.473357571, 6.473431127
6.483357571, 6.483430402
6.493357574, 6.493498413
6.503357571, 6.503458883
6.513357569, 6.513425408
6.523357573, 6.523429604
6.533357573, 6.533435003
6.543357569, 6.543435055
6.553357576, 6.553428454
6.563357566, 6.563440078
6.573357565, 6.573437596
6.583357588, 6.583430466
6.593357576, 6.593443293
6.603357573, 6.603434874
6.613357568, 6.613434231
6.623357574, 6.623435684
6.633357577, 6.633428637
6.643357588, 6.643452406
6.653357581, 6.653452903
6.663357577, 6.663448219
6.673357574, 6.673444914
6.683357577, 6.683441489
6.693357577, 6.693452464
6.703357582, 6.703446823
6.713357569, 6.713448787
6.723357577, 6.723449356
6.733357569, 6.733445446
6.743357576, 6.743447044
6.753357568, 6.753446291
6.763357581, 6.763445075
6.773357582, 6.773453017
6.783357585, 6.783449602
6.793357576, 6.793447074
6.803357573, 6.803452180
6.813357598, 6.813450914
6.823357581, 6.823446526
6.833357577, 6.833449243
6.843357620, 6.843452063
6.853357588, 6.853445367
6.863357577, 6.863448844
6.873357582, 6.873443867
6.883357573, 6.883447286
6.893357612, 6.893444265
6.903357574, 6.903447030
6.913357617, 6.913443000
6.923357603, 6.923449815
6.933357582, 6.933450057
6.943357612, 6.943449736
6.953357612, 6.953445342
6.963357581, 6.963447396
6.973357581, 6.973447478
6.983357574, 6.983450282
6.993357581, 6.993464380
7.003357577, 7.003440272
7.013357579, 7.013498066
7.023357577, 7.023442527
7.033357569, 7.033451566
7.043357574, 7.043443574
7.053357576, 7.053450312
7.063357595, 7.063442609
7.073357571, 7.073448255
7.083357565, 7.083446141
7.093357569, 7.093447628
7.103357571, 7.103444167
7.113357574, 7.113430033
7.123357588, 7.123436950
7.133357582, 7.133440596
7.143357581, 7.143444022
7.153357577, 7.153419925
7.163357576, 7.163438014
7.173357581, 7.173431992
7.183357569, 7.183439907
7.193357585, 7.193426605
7.203357573, 7.203425315
7.213357574, 7.213478136
7.223357579, 7.223429796
7.233357566, 7.233431364
7.243357574, 7.243421022
7.253357579, 7.253447091
7.263357577, 7.263427076
7.273357576, 7.273434827
7.283357568, 7.283433620
7.293357582, 7.293444504
7.303357573, 7.303462437
7.313357579, 7.313430939
7.323357577, 7.323458957
7.333357571, 7.333442225
7.343357573, 7.343434902
7.353357568, 7.353439457
7.363357581, 7.363428811
7.373357568, 7.373434585
7.383357574, 7.383431476
7.393357587, 7.393441216
7.403357568, 7.403427461
7.413357577, 7.413432147
7.423357576, 7.423419644
7.433357596, 7.433421546
7.443357574, 7.443447960
7.453357582, 7.453442230
7.463357579, 7.463458535
7.473357574, 7.473446154
7.483357579, 7.483432348
7.493357584, 7.493440116
7.503357571, 7.503431247
7.513357577, 7.513435223
7.523357573, 7.523429215
7.533357577, 7.533440962
7.543357579, 7.543433898
7.553357577, 7.553469906
7.563357573, 7.563433301
7.573357577, 7.573431081
7.583357581, 7.583434642
7.593357574, 7.593427235
7.603357584, 7.603427076
7.613357579, 7.613448839
7.623357581, 7.623452408
7.633357587, 7.633447464
7.643357592, 7.643448778
7.653357582, 7.653445235
7.663357582, 7.663447391
7.673357568, 7.673453178
7.683357573, 7.683445099
7.693357581, 7.693447385
7.703357568, 7.703445402
7.713357576, 7.713449024
7.723357571, 7.723450619
7.733357581, 7.733447180
7.743357576, 7.743445926
7.753357573, 7.753445091
7.763357569, 7.763443195
7.773357569, 7.773444663
7.783357574, 7.783449217
7.793357574, 7.793443414
7.803357577, 7.803443774
7.813357568, 7.813450162
7.823357574, 7.823448468
7.833357574, 7.833446995
7.843357582, 7.843441981
7.853357582, 7.853450083
7.863357571, 7.863449607
7.873357574, 7.873445633
7.883357576, 7.883444032
7.893357577, 7.893446994
7.903357568, 7.903451468
7.913357582, 7.913444374
7.923357577, 7.923448631
7.933357587, 7.933444766
7.943357576, 7.943448757
7.953357569, 7.953449564
7.963357576, 7.963444884
7.973357574, 7.973452679
7.983357569, 7.983448036
7.993357577, 7.993446812
8.003357566, 8.003448271
8.013357576, 8.013449168
8.023357587, 8.023422457
8.033357576, 8.033446837
8.043357569, 8.043444256
8.053357584, 8.053446059
8.063357574, 8.063443291
8.073357577, 8.073430832
8.083357576, 8.083449638
8.093357576, 8.093444781
8.103357569, 8.103444477
8.113357573, 8.113451697
8.123357573, 8.123444115
8.133357574, 8.133446973
8.143357592, 8.143447118
8.153357579, 8.153447436
8.163357571, 8.163449856
8.173357576, 8.173442732
8.183357574, 8.183439761
8.193357599, 8.193443924
8.203357577, 8.203442530
8.213357581, 8.213443234
8.223357574, 8.223447169
8.233357576, 8.233437215
8.243357576, 8.243442844
8.253357581, 8.253444076
8.263357573, 8.263445847
8.273357573, 8.273439727
8.283357574, 8.283442075
8.293357568, 8.293444758
8.303357576, 8.303446739
8.313357574, 8.313441450
8.323357569, 8.323443735
8.333357574, 8.333446749
8.343357566, 8.343427961
8.353357566, 8.353425211
8.363357574, 8.363425543
8.373357574, 8.373424477
8.383357579, 8.383434116
8.393357574, 8.393422473
8.403357573, 8.403425191
8.413357574, 8.413422143
8.423357571, 8.423420777
8.433357568, 8.433426539
8.443357568, 8.443418169
8.453357576, 8.453420400
8.463357569, 8.463425645
8.473357573, 8.473431364
8.483357577, 8.483422803
8.493357581, 8.493423211
8.503357582, 8.503472485
8.513357568, 8.513480667
8.523357573, 8.523466079
8.533357576, 8.533475373
8.543357573, 8.543464095
8.553357568, 8.553474272
8.563357584, 8.563443384
8.573357593, 8.573473330
8.583357562, 8.583471473
8.593357571, 8.593462293
8.603357581, 8.603467972
8.613357576, 8.613467957
8.623357576, 8.623435384
8.633357571, 8.633447927
8.643357571, 8.643477635
8.653357576, 8.653491754
8.663357576, 8.663445625
8.673357566, 8.673480619
8.683357569, 8.683487628
8.693357574, 8.693515966
8.703357563, 8.703487483
8.713357573, 8.713509887
8.723357566, 8.723513129
8.733357574, 8.733499013
8.743357573, 8.743543418
8.753357579, 8.753560176
8.763357578, 8.763436816
8.773357579, 8.773434271
8.783357575, 8.783418563
8.793357575, 8.793474249
8.803357573, 8.803443580
8.813357575, 8.813432476
8.823357575, 8.823438244
8.833357576, 8.833425543
8.843357582, 8.843449763
8.853357573, 8.853441648
8.863357578, 8.863424062
8.873357576, 8.873422431
8.883357581, 8.883430479
8.893357575, 8.893435040
8.903357570, 8.903438856
8.913357575, 8.913482208
8.923357571, 8.923426419
8.933357568, 8.933474760
8.943357576, 8.943444997
8.953357575, 8.953438755
8.963357575, 8.963438845
8.973357576, 8.973436224
8.983357576, 8.983433145
8.993357571, 8.993426323
9.003357567, 9.003432789
9.013357578, 9.013417798
9.023357573, 9.023484398
9.033357578, 9.033471876
9.043357571, 9.043434355
9.053357579, 9.053447916
9.063357573, 9.063450573
9.073357586, 9.073465661
9.083357568, 9.083444744
9.093357571, 9.093449334
9.103357573, 9.103453376
9.113357587, 9.113445923
9.123357565, 9.123457983
9.133357573, 9.133448312
9.143357575, 9.143445867
9.153357573, 9.153473341
9.163357582, 9.163443835
9.173357578, 9.173445584
9.183357567, 9.183447155
9.193357575, 9.193445241
9.203357568, 9.203449763
9.213357576, 9.213444831
9.223357579, 9.223446544
9.233357576, 9.233449042
9.243357565, 9.243447164
9.253357590, 9.253443020
9.263357579, 9.263449381
9.273357576, 9.273447589
9.283357570, 9.283446784
9.293357575, 9.293447633
9.303357568, 9.303449825
9.313357575, 9.313445729
9.323357575, 9.323447303
9.333357576, 9.333446324
9.343357575, 9.343445328
9.353357573, 9.353446582
9.363357568, 9.363447464
9.373357576, 9.373447769
9.383357575, 9.383446591
9.393357582, 9.393444212
9.403357575, 9.403447101
9.413357575, 9.413446328
9.423357570, 9.423448260
9.433357576, 9.433447191
9.443357571, 9.443446910
9.453357570, 9.453445218
9.463357576, 9.463447520
9.473357581, 9.473446838
9.483357584, 9.483450873
9.493357586, 9.493446092
9.503357579, 9.503447897
9.513357575, 9.513442972
9.523357570, 9.523443694
9.533357576, 9.533444436
9.543357579, 9.543442229
9.553357576, 9.553446830
9.563357576, 9.563443770
9.573357581, 9.573447635
9.583357575, 9.583443465
9.593357578, 9.593448475
9.603357565, 9.603451110
9.613357578, 9.613456679
9.623357578, 9.623446456
9.633357579, 9.633453114
9.643357578, 9.643448658
9.653357579, 9.653442109
9.663357575, 9.663446178
9.673357590, 9.673449564
9.683357571, 9.683443628
9.693357575, 9.693453240
9.703357579, 9.703509386
9.713357578, 9.713509010
9.723357568, 9.723494814
9.733357568, 9.733505961
9.743357571, 9.743513657
9.753357571, 9.753508317
9.763357598, 9.763516510
9.773357570, 9.773486613
9.783357571, 9.783512637
9.793357573, 9.793497901
9.803357570, 9.803506100
9.813357578, 9.813507794
9.823357568, 9.823498033
9.833357565, 9.833500034
9.843357570, 9.843512862
9.853357573, 9.853492984
9.863357573, 9.863507845
9.873357581, 9.873501322
9.883357582, 9.883509892
9.893357597, 9.893502915
9.903357578, 9.903484603
9.913357576, 9.913507676
9.923357601, 9.923496257
9.933357575, 9.933494775
9.943357579, 9.943506240
9.953357734, 9.953510505
9.963357571, 9.963509285
9.973357573, 9.973506408
9.983357581, 9.983518774
9.993357573, 9.993501733
10.003357575, 10.003425999
10.013357568, 10.013498540
10.023357570, 10.023455264
10.033357573, 10.033443962
10.043357575, 10.043489823
10.053357568, 10.053536292
10.063357578, 10.063538384
10.073357568, 10.073516113
10.083357571, 10.083518373
10.093357567, 10.093521921
10.103357573, 10.103524306
10.113357565, 10.113514850
10.123357576, 10.123522920
10.133357581, 10.133523127
10.143357581, 10.143525926
10.153357579, 10.153526918
10.163357578, 10.163525503
10.173357581, 10.173525705
10.183357573, 10.183526617
10.193357579, 10.193523611
10.203357576, 10.203522546
10.213357571, 10.213526757
10.223357603, 10.223523422
10.233357571, 10.233524442
10.243357571, 10.243523518
10.253357576, 10.253525020
10.263357581, 10.263524847
10.273357568, 10.273522302
10.283357575, 10.283523014
10.293357567, 10.293523286
10.303357581, 10.303525503
10.313357570, 10.313523725
10.323357564, 10.323524377
10.333357575, 10.333522366
10.343357578, 10.343525818
10.353357571, 10.353522338
10.363357584, 10.363526270
10.373357581, 10.373525482
10.383357571, 10.383523511
10.393357576, 10.393521723
10.403357582, 10.403524832
10.413357579, 10.413523072
10.423357565, 10.423526319
10.433357568, 10.433523131
10.443357564, 10.443522886
10.453357587, 10.453522108
10.463357565, 10.463522569
10.473357568, 10.473524542
10.483357582, 10.483525251
10.493357568, 10.493525893
10.503357571, 10.503522375
10.513357579, 10.513524847
10.523357568, 10.523527446
10.533357571, 10.533523908
10.543357570, 10.543525670
10.553357578, 10.553527310
10.563357571, 10.563523167
10.573357570, 10.573533438
10.583357575, 10.583531265
10.593357575, 10.593530840
10.603357570, 10.603531297
10.613357578, 10.613524697
10.623357567, 10.623531271
10.633357571, 10.633531293
10.643357570, 10.643531207
10.653357576, 10.653535147
10.663357570, 10.663525394
10.673357573, 10.673524448
10.683357567, 10.683531755
10.693357584, 10.693530259
10.703357581, 10.703531689
10.713357578, 10.713530664
10.723357589, 10.723531473
10.733357571, 10.733531337
10.743357578, 10.743524822
10.753357582, 10.753530312
10.763357575, 10.763531146
10.773357575, 10.773530805
10.783357573, 10.783533975
10.793357579, 10.793531034
10.803357584, 10.803531296
10.813357567, 10.813529848
10.823357575, 10.823530675
10.833357568, 10.833523255
10.843357573, 10.843532302
10.853357567, 10.853530754
10.863357576, 10.863530788
10.873357568, 10.873529608
10.883357570, 10.883531307
10.893357571, 10.893525554
10.903357573, 10.903524931
10.913357567, 10.913522908
10.923357573, 10.923531210
10.933357565, 10.933522912
10.943357570, 10.943532641
10.953357570, 10.953524464
10.963357579, 10.963532298
10.973357571, 10.973530395
10.983357564, 10.983530622
10.993357570, 10.993531549
11.003357582, 11.003505352
11.013357575, 11.013521833
11.023357565, 11.023523975
11.033357571, 11.033522999
11.043357571, 11.043523429
11.053357570, 11.053530156
11.063357600, 11.063532290
11.073357576, 11.073524055
11.083357568, 11.083530977
11.093357575, 11.093530586
11.103357567, 11.103529738
11.113357582, 11.113530402
11.123357568, 11.123531492
11.133357571, 11.133530704
11.143357576, 11.143531436
11.153357579, 11.153532050
11.163357581, 11.163531297
11.173357571, 11.173533217
11.183357576, 11.183531044
11.193357581, 11.193531623
11.203357576, 11.203540015
11.213357570, 11.213532600
11.223357565, 11.223542014
11.233357568, 11.233531239
11.243357581, 11.243548270
11.253357582, 11.253524590
11.263357573, 11.263548737
11.273357575, 11.273530917
11.283357573, 11.283585212
11.293357567, 11.293530340
11.303357571, 11.303532555
11.313357570, 11.313525230
11.323357565, 11.323531336
11.333357570, 11.333529813
11.343357568, 11.343531450
11.353357584, 11.353527875
11.363357598, 11.363532947
11.373357582, 11.373531229
11.383357589, 11.383531681
11.393357571, 11.393530843
11.403357567, 11.403531992
11.413357573, 11.413532039
11.423357603, 11.423525219
11.433357573, 11.433530686
11.443357590, 11.443530195
11.453357568, 11.453531312
11.463357567, 11.463530987
11.473357573, 11.473523974
11.483357565, 11.483531503
11.493357575, 11.493530720
11.503357570, 11.503525782
11.513357570, 11.513530484
11.523357567, 11.523532528
11.533357573, 11.533530363
11.543357573, 11.543531167
11.553357568, 11.553523272
11.563357587, 11.563524806
11.573357568, 11.573532108
11.583357568, 11.583531505
11.593357573, 11.593529200
11.603357570, 11.603524477
11.613357568, 11.613530366
11.623357581, 11.623526066
11.633357576, 11.633530355
11.643357575, 11.643531051
11.653357575, 11.653526155
11.663357568, 11.663532853
11.673357571, 11.673527102
11.683357595, 11.683553529
11.693357567, 11.693530764
11.703357564, 11.703531691
11.713357573, 11.713531493
11.723357568, 11.723535580
11.733357573, 11.733532180
11.743357568, 11.743531132
11.753357567, 11.753530141
11.763357570, 11.763530783
11.773357568, 11.773531159
11.783357581, 11.783527627
11.793357579, 11.793531464
11.803357576, 11.803530871
11.813357576, 11.813531056
11.823357568, 11.823532168
11.833357579, 11.833532057
11.843357573, 11.843527030
11.853357578, 11.853532101
11.863357573, 11.863532300
11.873357581, 11.873527164
11.883357578, 11.883532745
11.893357570, 11.893522885
11.903357600, 11.903548565
11.913357570, 11.913530290
11.923357570, 11.923530974
11.933357576, 11.933532794
11.943357564, 11.943532114
11.953357567, 11.953529662
11.963357568, 11.963530622
11.973357573, 11.973530547
11.983357581, 11.983531050
11.993357568, 11.993531582
12.003357567, 12.003516016
12.013357568, 12.013523355
12.023357571, 12.023492404
12.033357568, 12.033530207
12.043357568, 12.043532941
12.053357567, 12.053527093
------------------------------
