------------------------------
test was performed using the following parameters: --mps=100 --burst=1 --reply-every=1 --msg-size=12 --time=10
------------------------------
sockperf: [Total Run] RunTime=10.100 sec; SentMessages=1011; ReceivedMessages=1010
sockperf: ========= Printing statistics for Server No: 0
sockperf: [Valid Duration] RunTime=9.990 sec; SentMessages=1000; ReceivedMessages=1000
sockperf: [2;35m====> avg-lat= 76.574 (std-dev=19.437)[0m
sockperf: # dropped messages = 0; # duplicated messages = 0; # out-of-order messages = 0
sockperf: [2;35mTotal 1000 observations[0m; each percentile contains 10.00 observations
sockperf: ---> <MAX> observation =  181.709
sockperf: ---> percentile  99.99 =  181.709
sockperf: ---> percentile  99.90 =  149.141
sockperf: ---> percentile  99.50 =  140.414
sockperf: ---> percentile  99.00 =  122.946
sockperf: ---> percentile  95.00 =  106.137
sockperf: ---> percentile  90.00 =   96.042
sockperf: ---> percentile  75.00 =   88.920
sockperf: ---> percentile  50.00 =   80.387
sockperf: ---> percentile  25.00 =   62.976
sockperf: ---> <MIN> observation =   29.821
------------------------------
txTime, rxTime
2.062588952, 2.062761350
2.072588930, 2.072687193
2.082588932, 2.082726850
2.092588941, 2.092724763
2.102588925, 2.102681737
2.112588933, 2.112682627
2.122588925, 2.122681647
2.132589001, 2.132734491
2.142588933, 2.142687506
2.152588933, 2.152679032
2.162588935, 2.162759368
2.172588932, 2.172690658
2.182588932, 2.182681332
2.192588932, 2.192685303
2.202588932, 2.202705311
2.212588930, 2.212687313
2.222588935, 2.222755517
2.232588932, 2.232723990
2.242588930, 2.242701820
2.252588933, 2.252704034
2.262588927, 2.262711766
2.272588935, 2.272718489
2.282588935, 2.282727411
2.292588922, 2.292712979
2.302588932, 2.302727508
2.312588927, 2.312755069
2.322588935, 2.322706316
2.332588929, 2.332712328
2.342588932, 2.342728217
2.352588921, 2.352765870
2.362588930, 2.362759893
2.372588935, 2.372717005
2.382588937, 2.382730796
2.392588933, 2.392697409
2.402588930, 2.402805891
2.412588929, 2.412734368
2.422588929, 2.422750879
2.432588932, 2.432756801
2.442588932, 2.442685853
2.452589000, 2.452734272
2.462588927, 2.462720136
2.472588930, 2.472720022
2.482588990, 2.482758645
2.492588932, 2.492725676
2.502588989, 2.502736915
2.512589003, 2.512722689
2.522588937, 2.522735874
2.532588989, 2.532693021
2.542588930, 2.542720726
2.552588930, 2.552716345
2.562588933, 2.562718806
2.572588933, 2.572716289
2.582588925, 2.582743871
2.592588927, 2.592776323
2.602588997, 2.602722417
2.612588940, 2.612725753
2.622588932, 2.622733533
2.632588951, 2.632713088
2.642588989, 2.642699667
2.652588929, 2.652681961
2.662589058, 2.662679752
2.672588929, 2.672689673
2.682588992, 2.682725686
2.692588932, 2.692752131
2.702588927, 2.702704366
2.712588989, 2.712744326
2.722588992, 2.722717016
2.732588937, 2.732741595
2.742588925, 2.742738359
2.752588938, 2.752741454
2.762588932, 2.762748721
2.772589029, 2.772705725
2.782588928, 2.782713300
2.792588990, 2.792704522
2.802588985, 2.802727695
2.812589000, 2.812749538
2.822588955, 2.822731215
2.832588930, 2.832702700
2.842588987, 2.842733174
2.852588927, 2.852736092
2.862588932, 2.862719564
2.872588933, 2.872710334
2.882588929, 2.882708641
2.892588932, 2.892700960
2.902588929, 2.902723363
2.912588940, 2.912652210
2.922588929, 2.922719288
2.932588927, 2.932674736
2.942588929, 2.942690020
2.952588982, 2.952671509
2.962588935, 2.962682487
2.972588940, 2.972681083
2.982588963, 2.982690201
2.992588933, 2.992687260
3.002588937, 3.002686964
3.012588924, 3.012684416
3.022588932, 3.022696026
3.032589011, 3.032700271
3.042588937, 3.042689582
3.052588997, 3.052682436
3.062588932, 3.062680085
3.072588927, 3.072681899
3.082589006, 3.082683592
3.092588985, 3.092684362
3.102588938, 3.102729709
3.112588941, 3.112688318
3.122588938, 3.122677295
3.132588924, 3.132699064
3.142589004, 3.142679286
3.152588927, 3.152683545
3.162588930, 3.162689311
3.172588940, 3.172686882
3.182588984, 3.182686630
3.192588924, 3.192688153
3.202588997, 3.202705567
3.212588940, 3.212724067
3.222588933, 3.222705051
3.232589006, 3.232684253
3.242588989, 3.242721980
3.252588932, 3.252683614
3.262588932, 3.262706177
3.272588933, 3.272786248
3.282588937, 3.282757526
3.292588932, 3.292686938
3.302588932, 3.302688512
3.312588933, 3.312648577
3.322588933, 3.322666246
3.332588935, 3.332769743
3.342588927, 3.342761062
3.352588930, 3.352766882
3.362588921, 3.362732181
3.372588932, 3.372720704
3.382589000, 3.382729712
3.392588992, 3.392752519
3.402588927, 3.402743725
3.412588938, 3.412754035
3.422588927, 3.422756809
3.432588929, 3.432754806
3.442588932, 3.442770394
3.452588940, 3.452762102
3.462588933, 3.462765746
3.472588935, 3.472766725
3.482588929, 3.482749262
3.492588937, 3.492791191
3.502588935, 3.502768532
3.512588940, 3.512770362
3.522589019, 3.522737044
3.532589003, 3.532782995
3.542588930, 3.542775044
3.552588929, 3.552735389
3.562588933, 3.562813307
3.572589004, 3.572742354
3.582589004, 3.582754928
3.592589060, 3.592721126
3.602588937, 3.602740548
3.612588932, 3.612741967
3.622588938, 3.622781127
3.632588937, 3.632777592
3.642588935, 3.642771669
3.652588932, 3.652747509
3.662588935, 3.662799227
3.672588932, 3.672752118
3.682588995, 3.682736222
3.692588938, 3.692794652
3.702588938, 3.702803040
3.712588937, 3.712869767
3.722588931, 3.722870451
3.732588931, 3.732875560
3.742588948, 3.742841193
3.752588933, 3.752807840
3.762588948, 3.762796955
3.772588935, 3.772809414
3.782588948, 3.782818411
3.792588936, 3.792792403
3.802588931, 3.802782193
3.812588937, 3.812801832
3.822588937, 3.822803724
3.832588952, 3.832805782
3.842588952, 3.842813271
3.852588934, 3.852794454
3.862588948, 3.862887231
3.872588937, 3.872852017
3.882588933, 3.882786143
3.892588952, 3.892798120
3.902588953, 3.902804532
3.912588935, 3.912822260
3.922588955, 3.922803511
3.932588939, 3.932816714
3.942588932, 3.942834426
3.952588954, 3.952834847
3.962588950, 3.962782244
3.972588937, 3.972828518
3.982588957, 3.982796177
3.992588937, 3.992798450
4.002588945, 4.002760528
4.012588937, 4.012805479
4.022588934, 4.022781411
4.032588933, 4.032814807
4.042588946, 4.042806424
4.052588935, 4.052799636
4.062588942, 4.062799042
4.072588934, 4.072790714
4.082588949, 4.082755021
4.092588936, 4.092800707
4.102588949, 4.102819837
4.112588932, 4.112800170
4.122588947, 4.122792123
4.132588944, 4.132870235
4.142588948, 4.142760881
4.152588937, 4.152743806
4.162588929, 4.162740034
4.172588928, 4.172737122
4.182588991, 4.182777305
4.192589027, 4.192746642
4.202588928, 4.202799800
4.212588945, 4.212756626
4.222588931, 4.222750909
4.232589128, 4.232733350
4.242588932, 4.242729305
4.252588931, 4.252749895
4.262588988, 4.262739532
4.272588926, 4.272769474
4.282588935, 4.282733705
4.292588938, 4.292767969
4.302588929, 4.302741644
4.312588935, 4.312789435
4.322588938, 4.322734579
4.332588925, 4.332743898
4.342588990, 4.342737879
4.352588988, 4.352738692
4.362588930, 4.362746769
4.372589001, 4.372731750
4.382588929, 4.382726642
4.392588940, 4.392771684
4.402588930, 4.402755753
4.412589009, 4.412771850
4.422588932, 4.422776115
4.432588936, 4.432766776
4.442588927, 4.442758983
4.452588985, 4.452733509
4.462589000, 4.462740875
4.472588943, 4.472796103
4.482588940, 4.482743175
4.492589003, 4.492783185
4.502589008, 4.502755258
4.512588930, 4.512782756
4.522588944, 4.522780596
4.532588938, 4.532754415
4.542588995, 4.542730024
4.552589026, 4.552738275
4.562588927, 4.562730269
4.572588927, 4.572745753
4.582588930, 4.582738675
4.592588938, 4.592742400
4.602588941, 4.602747986
4.612588933, 4.612747703
4.622589004, 4.622757627
4.632588933, 4.632759245
4.642588932, 4.642758835
4.652588930, 4.652767228
4.662588940, 4.662759866
4.672588929, 4.672733733
4.682588940, 4.682768355
4.692588933, 4.692745408
4.702589001, 4.702746359
4.712588930, 4.712767364
4.722588938, 4.722801227
4.732588937, 4.732753481
4.742588929, 4.742774832
4.752588932, 4.752754739
4.762588930, 4.762775053
4.772589314, 4.772766227
4.782588933, 4.782738685
4.792588924, 4.792752672
4.802588989, 4.802761075
4.812588925, 4.812728387
4.822588932, 4.822767779
4.832588990, 4.832750092
4.842588930, 4.842750069
4.852588932, 4.852775557
4.862588932, 4.862734441
4.872588930, 4.872752712
4.882588992, 4.882760330
4.892588940, 4.892741032
4.902588930, 4.902758680
4.912588938, 4.912743557
4.922588932, 4.922755471
4.932588936, 4.932765604
4.942589005, 4.942753192
4.952589113, 4.952740648
4.962588997, 4.962739741
4.972588931, 4.972737366
4.982588960, 4.982758429
4.992588931, 4.992780198
5.002588929, 5.002726178
5.012589000, 5.012740147
5.022588933, 5.022776693
5.032589026, 5.032734299
5.042588929, 5.042681002
5.052588928, 5.052681946
5.062588933, 5.062677686
5.072588931, 5.072682623
5.082588999, 5.082682415
5.092588931, 5.092682645
5.102589004, 5.102693586
5.112588937, 5.112684535
5.122588926, 5.122698010
5.132588994, 5.132684693
5.142588926, 5.142681092
5.152588989, 5.152679066
5.162588922, 5.162706001
5.172588985, 5.172694580
5.182588929, 5.182685344
5.192589045, 5.192693069
5.202588929, 5.202679001
5.212588989, 5.212684856
5.222588928, 5.222679505
5.232588928, 5.232694179
5.242588988, 5.242681163
5.252588928, 5.252677474
5.262588933, 5.262684455
5.272588933, 5.272686509
5.282588929, 5.282690420
5.292588923, 5.292682609
5.302588931, 5.302680640
5.312589163, 5.312682476
5.322588928, 5.322731988
5.332589059, 5.332718307
5.342588936, 5.342685167
5.352588929, 5.352707278
5.362588931, 5.362677863
5.372588989, 5.372684456
5.382588928, 5.382679113
5.392588926, 5.392682077
5.402588926, 5.402680166
5.412588933, 5.412685772
5.422588922, 5.422689468
5.432588934, 5.432679614
5.442588934, 5.442675679
5.452588933, 5.452695008
5.462588931, 5.462734366
5.472588931, 5.472744663
5.482588928, 5.482718180
5.492589000, 5.492682358
5.502588983, 5.502694465
5.512588926, 5.512729855
5.522588933, 5.522683479
5.532588923, 5.532713042
5.542588989, 5.542744742
5.552588936, 5.552683965
5.562588933, 5.562682536
5.572588986, 5.572732926
5.582588934, 5.582690455
5.592588982, 5.592681202
5.602588923, 5.602689730
5.612588926, 5.612685431
5.622588929, 5.622683405
5.632588929, 5.632775870
5.642588931, 5.642708121
5.652588983, 5.652679737
5.662588934, 5.662693143
5.672588928, 5.672700752
5.682588934, 5.682729645
5.692588929, 5.692679511
5.702588940, 5.702682254
5.712588926, 5.712801125
5.722588928, 5.722803394
5.732588933, 5.732768614
5.742588931, 5.742737531
5.752588933, 5.752769123
5.762589026, 5.762751804
5.772588922, 5.772736632
5.782588932, 5.782762675
5.792588929, 5.792759559
5.802588935, 5.802754310
5.812588944, 5.812752846
5.822589003, 5.822832052
5.832588926, 5.832688160
5.842588929, 5.842681784
5.852589027, 5.852684017
5.862589008, 5.862706835
5.872588935, 5.872744538
5.882588931, 5.882698552
5.892588931, 5.892709730
5.902588927, 5.902700580
5.912588932, 5.912734979
5.922588931, 5.922688068
5.932588927, 5.932704425
5.942588932, 5.942712772
5.952588925, 5.952688286
5.962588925, 5.962704501
5.972589033, 5.972706246
5.982589020, 5.982741495
5.992588990, 5.992753386
6.002588933, 6.002746840
6.012588925, 6.012766563
6.022588924, 6.022734756
6.032588927, 6.032771548
6.042588933, 6.042731081
6.052588937, 6.052767324
6.062588924, 6.062724001
6.072588993, 6.072760905
6.082589025, 6.082743639
6.092588932, 6.092758811
6.102588933, 6.102747206
6.112588929, 6.112752797
6.122588930, 6.122815442
6.132588987, 6.132814208
6.142588944, 6.142756626
6.152589001, 6.152738208
6.162588985, 6.162746604
6.172588935, 6.172748187
6.182588929, 6.182752816
6.192588943, 6.192801217
6.202588933, 6.202952353
6.212588943, 6.212790147
6.222588932, 6.222768125
6.232588927, 6.232780308
6.242588987, 6.242713692
6.252588924, 6.252683718
6.262589001, 6.262727085
6.272588933, 6.272715732
6.282588933, 6.282724296
6.292588951, 6.292730613
6.302588998, 6.302717000
6.312588924, 6.312747304
6.322588927, 6.322770574
6.332588990, 6.332761036
6.342588941, 6.342746074
6.352588933, 6.352707176
6.362588992, 6.362728753
6.372588924, 6.372766955
6.382588985, 6.382729901
6.392588929, 6.392729682
6.402588997, 6.402727972
6.412588987, 6.412727195
6.422589000, 6.422791717
6.432588990, 6.432728224
6.442588929, 6.442733018
6.452589164, 6.452718082
6.462588937, 6.462710639
6.472588937, 6.472751291
6.482588935, 6.482703276
6.492589058, 6.492705097
6.502589004, 6.502696894
6.512588937, 6.512731096
6.522588927, 6.522710206
6.532589009, 6.532722744
6.542588938, 6.542722215
6.552588922, 6.552719837
6.562588929, 6.562762187
6.572588935, 6.572731125
6.582589230, 6.582720216
6.592588932, 6.592716564
6.602588930, 6.602746953
6.612588924, 6.612729936
6.622588933, 6.622731149
6.632588940, 6.632710195
6.642588929, 6.642733260
6.652588933, 6.652703551
6.662588937, 6.662745679
6.672588937, 6.672722461
6.682588930, 6.682723175
6.692588932, 6.692724288
6.702589091, 6.702788275
6.712588933, 6.712742610
6.722589019, 6.722719108
6.732589006, 6.732733684
6.742588927, 6.742709060
6.752588933, 6.752732885
6.762588933, 6.762743570
6.772588930, 6.772722046
6.782588992, 6.782729833
6.792588932, 6.792731502
6.802588929, 6.802728580
6.812588932, 6.812716520
6.822589056, 6.822717698
6.832588930, 6.832695388
6.842588933, 6.842682321
6.852588924, 6.852675554
6.862588992, 6.862672060
6.872588933, 6.872798702
6.882588997, 6.882704473
6.892588932, 6.892729282
6.902588935, 6.902702712
6.912589004, 6.912705521
6.922588997, 6.922721950
6.932589102, 6.932735454
6.942588982, 6.942719613
6.952589003, 6.952696389
6.962588933, 6.962699763
6.972588924, 6.972725654
6.982589009, 6.982719521
6.992588933, 6.992764628
7.002588933, 7.002711234
7.012588935, 7.012733072
7.022588930, 7.022713777
7.032588933, 7.032719143
7.042588993, 7.042722400
7.052588937, 7.052760011
7.062588933, 7.062746737
7.072588938, 7.072771815
7.082588935, 7.082749467
7.092588927, 7.092782386
7.102588933, 7.102749491
7.112588930, 7.112759888
7.122588927, 7.122748580
7.132588938, 7.132762311
7.142588928, 7.142757946
7.152588932, 7.152731379
7.162588937, 7.162795564
7.172588931, 7.172698293
7.182588935, 7.182680521
7.192589025, 7.192681596
7.202588933, 7.202684736
7.212588936, 7.212769075
7.222588930, 7.222786149
7.232588938, 7.232751478
7.242588927, 7.242764574
7.252588939, 7.252751521
7.262589028, 7.262746697
7.272588935, 7.272742853
7.282588923, 7.282737116
7.292588936, 7.292749085
7.302588929, 7.302780224
7.312588932, 7.312736574
7.322588933, 7.322809391
7.332589053, 7.332745968
7.342588935, 7.342745326
7.352589044, 7.352811325
7.362588924, 7.362764026
7.372588932, 7.372770879
7.382589004, 7.382749596
7.392589003, 7.392744255
7.402588998, 7.402754013
7.412588933, 7.412741049
7.422588932, 7.422753351
7.432588927, 7.432749188
7.442588927, 7.442771890
7.452588926, 7.452783816
7.462588940, 7.462733075
7.472588929, 7.472768650
7.482588925, 7.482749780
7.492588929, 7.492762124
7.502588930, 7.502761486
7.512588927, 7.512757243
7.522588935, 7.522771906
7.532588932, 7.532779755
7.542588990, 7.542747779
7.552588995, 7.552776362
7.562588998, 7.562762959
7.572588924, 7.572762504
7.582588930, 7.582810684
7.592588938, 7.592744535
7.602588937, 7.602701978
7.612589000, 7.612681590
7.622588930, 7.622683767
7.632589060, 7.632756355
7.642589038, 7.642781733
7.652588938, 7.652779910
7.662588930, 7.662767350
7.672588935, 7.672750778
7.682589003, 7.682757303
7.692588929, 7.692781015
7.702589001, 7.702737958
7.712588985, 7.712758298
7.722588929, 7.722738506
7.732588933, 7.732741306
7.742589000, 7.742747167
7.752588930, 7.752730609
7.762588927, 7.762754051
7.772589041, 7.772788737
7.782588922, 7.782748795
7.792588924, 7.792762703
7.802588921, 7.802738730
7.812588924, 7.812753470
7.822588932, 7.822738931
7.832588927, 7.832733642
7.842588929, 7.842782392
7.852588927, 7.852756151
7.862589001, 7.862771642
7.872588924, 7.872751000
7.882588927, 7.882760995
7.892589093, 7.892753727
7.902588929, 7.902731665
7.912588933, 7.912759222
7.922588932, 7.922733217
7.932588931, 7.932781687
7.942588929, 7.942740493
7.952588930, 7.952769405
7.962588932, 7.962749319
7.972588930, 7.972768586
7.982588937, 7.982733624
7.992588937, 7.992758174
8.002588928, 8.002780705
8.012588933, 8.012719601
8.022588926, 8.022678139
8.032589094, 8.032689196
8.042588936, 8.042682693
8.052588926, 8.052686098
8.062588989, 8.062690194
8.072588934, 8.072686144
8.082589005, 8.082773366
8.092589046, 8.092778610
8.102588926, 8.102737059
8.112589007, 8.112701022
8.122588936, 8.122749968
8.132588932, 8.132746366
8.142588935, 8.142747296
8.152588927, 8.152759509
8.162588930, 8.162789529
8.172588932, 8.172765089
8.182588927, 8.182739019
8.192588927, 8.192764148
8.202588929, 8.202750558
8.212588931, 8.212768438
8.222588932, 8.222741677
8.232588934, 8.232758715
8.242588932, 8.242769714
8.252589000, 8.252765766
8.262588990, 8.262755377
8.272588933, 8.272741533
8.282588937, 8.282756361
8.292588927, 8.292764963
8.302588937, 8.302738410
8.312588940, 8.312755339
8.322588930, 8.322739253
8.332588930, 8.332756753
8.342589004, 8.342796845
8.352588925, 8.352778123
8.362588940, 8.362761985
8.372588935, 8.372755511
8.382588937, 8.382807792
8.392588941, 8.392852920
8.402588952, 8.402761787
8.412588924, 8.412806417
8.422588940, 8.422810091
8.432588995, 8.432798928
8.442588937, 8.442859364
8.452588943, 8.452804563
8.462588952, 8.462824551
8.472588937, 8.472827238
8.482588955, 8.482772564
8.492588938, 8.492811399
8.502588932, 8.502820893
8.512588949, 8.512730336
8.522588935, 8.522785183
8.532588933, 8.532691363
8.542588923, 8.542721150
8.552588937, 8.552731621
8.562589015, 8.562680385
8.572588940, 8.572730034
8.582588932, 8.582748359
8.592588925, 8.592756070
8.602588935, 8.602771833
8.612588930, 8.612746964
8.622588927, 8.622731193
8.632588933, 8.632753498
8.642588935, 8.642739627
8.652588938, 8.652739991
8.662588927, 8.662810628
8.672589003, 8.672756874
8.682588928, 8.682749893
8.692588930, 8.692742209
8.702589030, 8.702757226
8.712588929, 8.712724932
8.722588929, 8.722749703
8.732588927, 8.732763206
8.742588931, 8.742736422
8.752588935, 8.752752764
8.762589006, 8.762746358
8.772588997, 8.772745883
8.782588932, 8.782756806
8.792588935, 8.792756376
8.802588930, 8.802749420
8.812588932, 8.812756848
8.822594065, 8.822790635
8.832589197, 8.832768755
8.842589004, 8.842756932
8.852588952, 8.852758052
8.862595819, 8.862766164
8.872589015, 8.872775143
8.882589320, 8.882723276
8.892588946, 8.892750294
8.902588963, 8.902779665
8.912588962, 8.912747181
8.922588955, 8.922759964
8.932589006, 8.932774393
8.942588955, 8.942746704
8.952594578, 8.952789879
8.962588965, 8.962773962
8.972594993, 8.972781969
8.982600985, 8.982800845
8.992594030, 8.992822894
9.002588960, 9.002759024
9.012588955, 9.012758863
9.022588963, 9.022834857
9.032588959, 9.032760191
9.042588944, 9.042799081
9.052602819, 9.052698875
9.062591519, 9.062725202
9.072590340, 9.072703458
9.082588949, 9.082682801
9.092588946, 9.092669593
9.102588959, 9.102657597
9.112588940, 9.112666679
9.122588957, 9.122669754
9.132588946, 9.132688310
9.142588957, 9.142757346
9.152588948, 9.152693062
9.162588954, 9.162687599
9.172589205, 9.172677950
9.182588952, 9.182679460
9.192597627, 9.192688526
9.202589033, 9.202671594
9.212588952, 9.212659577
9.222588957, 9.222708065
9.232588937, 9.232707569
9.242589093, 9.242674663
9.252588957, 9.252676507
9.262589034, 9.262671472
9.272589041, 9.272681539
9.282589003, 9.282704672
9.292588963, 9.292689977
9.302588962, 9.302669303
9.312588943, 9.312663952
9.322588960, 9.322689530
9.332592142, 9.332699155
9.342588962, 9.342689020
9.352588944, 9.352742114
9.362588938, 9.362665468
9.372588941, 9.372711242
9.382597853, 9.382740366
9.392588957, 9.392697191
9.402589030, 9.402700704
9.412589012, 9.412673758
9.422588960, 9.422746514
9.432588943, 9.432670010
9.442589038, 9.442694365
9.452588960, 9.452686387
9.462588952, 9.462654347
9.472589093, 9.472746674
9.482588955, 9.482687432
9.492594905, 9.492740665
9.502589012, 9.502721505
9.512588940, 9.512740052
9.522588957, 9.522683750
9.532588962, 9.532694152
9.542596476, 9.542689961
9.552605896, 9.552752721
9.562593144, 9.562686922
9.572588959, 9.572648970
9.582588932, 9.582704059
9.592592742, 9.592709813
9.602589031, 9.602696716
9.612588940, 9.612757818
9.622588935, 9.622673484
9.632588933, 9.632680679
9.642588949, 9.642676913
9.652588948, 9.652671571
9.662588929, 9.662682832
9.672588937, 9.672672235
9.682588952, 9.682694024
9.692588941, 9.692696957
9.702588943, 9.702739431
9.712588962, 9.712668828
9.722588955, 9.722695467
9.732588941, 9.732728389
9.742588951, 9.742780535
9.752589098, 9.752667001
9.762588959, 9.762675693
9.772588938, 9.772709405
9.782588951, 9.782695907
9.792588967, 9.792709712
9.802588940, 9.802686816
9.812588955, 9.812665384
9.822588957, 9.822719225
9.832589835, 9.832694494
9.842591979, 9.842761827
9.852588962, 9.852674436
9.862588955, 9.862682136
9.872595764, 9.872734815
9.882601805, 9.882727757
9.892589668, 9.892690043
9.902588963, 9.902725458
9.912588954, 9.912728228
9.922588944, 9.922686505
9.932588938, 9.932728903
9.942589014, 9.942680297
9.952588955, 9.952725363
9.962588951, 9.962787932
9.972588962, 9.972740068
9.982589071, 9.982775281
9.992589026, 9.992664386
10.002588941, 10.002761325
10.012588944, 10.012754928
10.022588932, 10.022753263
10.032588935, 10.032762431
10.042588957, 10.042762414
10.052588930, 10.052755704
10.062588933, 10.062756018
10.072588929, 10.072755164
10.082589026, 10.082773288
10.092588925, 10.092772776
10.102588933, 10.102767882
10.112588932, 10.112760929
10.122588933, 10.122761910
10.132588940, 10.132760272
10.142588932, 10.142759552
10.152588921, 10.152757726
10.162588932, 10.162759885
10.172588933, 10.172758080
10.182588933, 10.182758807
10.192588930, 10.192762668
10.202588932, 10.202764955
10.212588921, 10.212765384
10.222588927, 10.222757587
10.232588933, 10.232758571
10.242588929, 10.242757848
10.252588930, 10.252761147
10.262588929, 10.262696503
10.272588930, 10.272694435
10.282588927, 10.282760450
10.292588927, 10.292761067
10.302588927, 10.302760899
10.312588929, 10.312761013
10.322588927, 10.322757572
10.332588921, 10.332757229
10.342588927, 10.342757166
10.352588927, 10.352761301
10.362588929, 10.362763790
10.372588930, 10.372766491
10.382588930, 10.382760618
10.392588921, 10.392761973
10.402588930, 10.402755802
10.412588957, 10.412757877
10.422588924, 10.422759341
10.432588929, 10.432768910
10.442588938, 10.442764434
10.452588921, 10.452760576
10.462588927, 10.462761596
10.472588937, 10.472760675
10.482588938, 10.482764939
10.492588933, 10.492761201
10.502588927, 10.502759960
10.512588924, 10.512763300
10.522588930, 10.522765798
10.532588937, 10.532759566
10.542588932, 10.542761860
10.552588932, 10.552760885
10.562588933, 10.562758262
10.572588927, 10.572759919
10.582588929, 10.582759700
10.592588925, 10.592761147
10.602588930, 10.602761672
10.612588933, 10.612762109
10.622588930, 10.622760435
10.632588921, 10.632760442
10.642588933, 10.642759939
10.652588937, 10.652765783
10.662588929, 10.662763585
10.672588930, 10.672765379
10.682588935, 10.682766930
10.692588925, 10.692762446
10.702588932, 10.702762902
10.712588932, 10.712761674
10.722588933, 10.722765073
10.732588933, 10.732765678
10.742588929, 10.742763397
10.752588924, 10.752762802
10.762588925, 10.762760703
10.772588927, 10.772764835
10.782588929, 10.782759875
10.792588932, 10.792761351
10.802588929, 10.802759833
10.812588921, 10.812760220
10.822588929, 10.822759085
10.832588935, 10.832766159
10.842588933, 10.842763846
10.852588927, 10.852760955
10.862588925, 10.862760634
10.872588921, 10.872760824
10.882588933, 10.882758943
10.892588929, 10.892760855
10.902588930, 10.902762367
10.912588930, 10.912764184
10.922588933, 10.922765620
10.932588922, 10.932760937
10.942588925, 10.942760087
10.952588932, 10.952760551
10.962588929, 10.962760618
10.972588932, 10.972761644
10.982588929, 10.982761025
10.992588932, 10.992762363
11.002588927, 11.002763106
11.012588930, 11.012762615
11.022588929, 11.022762106
11.032588924, 11.032769416
11.042588927, 11.042768333
11.052588925, 11.052758677
11.062588924, 11.062765296
11.072588932, 11.072770983
11.082588932, 11.082764095
11.092588940, 11.092769742
11.102588935, 11.102773334
11.112588927, 11.112762985
11.122588924, 11.122769480
11.132588933, 11.132768389
11.142588929, 11.142770266
11.152588924, 11.152771463
11.162588932, 11.162771046
11.172588924, 11.172767997
11.182588924, 11.182768513
11.192588927, 11.192761368
11.202588927, 11.202769636
11.212588930, 11.212768831
11.222588933, 11.222767234
11.232588921, 11.232773226
11.242588927, 11.242770910
11.252588925, 11.252759116
11.262588954, 11.262765953
11.272588935, 11.272772157
11.282588940, 11.282769180
11.292588922, 11.292769150
11.302588930, 11.302757483
11.312588925, 11.312770037
11.322588930, 11.322771324
11.332588932, 11.332761323
11.342588932, 11.342766758
11.352588922, 11.352763554
11.362588925, 11.362768376
11.372588927, 11.372760988
11.382588927, 11.382768693
11.392588933, 11.392772259
11.402588932, 11.402771265
11.412588924, 11.412768959
11.422588929, 11.422767279
11.432588933, 11.432758999
11.442588930, 11.442768783
11.452588929, 11.452769382
11.462588929, 11.462769961
11.472588930, 11.472773830
11.482588957, 11.482768897
11.492588925, 11.492767792
11.502588924, 11.502767294
11.512588927, 11.512768534
11.522588933, 11.522768681
11.532588921, 11.532759840
11.542588925, 11.542759642
11.552588921, 11.552764964
11.562588929, 11.562772369
11.572588933, 11.572769112
11.582588925, 11.582768247
11.592588924, 11.592769615
11.602588925, 11.602767667
11.612588933, 11.612764155
11.622588933, 11.622768092
11.632588930, 11.632771490
11.642588929, 11.642773428
11.652588932, 11.652760300
11.662588929, 11.662767220
11.672588929, 11.672759156
11.682588930, 11.682768114
11.692588932, 11.692768291
11.702588932, 11.702768439
11.712588924, 11.712769143
11.722588929, 11.722764800
11.732588929, 11.732771227
11.742588925, 11.742769551
11.752588927, 11.752767686
11.762588932, 11.762768294
11.772588924, 11.772770106
11.782588929, 11.782767395
11.792588959, 11.792766810
11.802588927, 11.802769810
11.812588932, 11.812761509
11.822588925, 11.822768332
11.832588929, 11.832768278
11.842588932, 11.842768409
11.852588932, 11.852771283
11.862588929, 11.862768629
11.872588925, 11.872769931
11.882588938, 11.882770937
11.892588922, 11.892770108
11.902588927, 11.902767836
11.912588941, 11.912771044
11.922588933, 11.922771486
11.932588925, 11.932771346
11.942588929, 11.942770512
11.952588922, 11.952769917
11.962588930, 11.962763134
11.972588927, 11.972767261
11.982588932, 11.982771527
11.992588930, 11.992769126
12.002588929, 12.002769814
12.012588925, 12.012768414
12.022588929, 12.022765416
12.032588932, 12.032770086
12.042588932, 12.042769064
12.052588929, 12.052768867
------------------------------
