------------------------------
test was performed using the following parameters: --mps=100 --burst=1 --reply-every=1 --msg-size=12 --time=10
------------------------------
sockperf: [Total Run] RunTime=10.100 sec; SentMessages=1011; ReceivedMessages=1010
sockperf: ========= Printing statistics for Server No: 0
sockperf: [Valid Duration] RunTime=9.990 sec; SentMessages=1000; ReceivedMessages=1000
sockperf: [2;35m====> avg-lat= 77.712 (std-dev=20.251)[0m
sockperf: # dropped messages = 0; # duplicated messages = 0; # out-of-order messages = 0
sockperf: [2;35mTotal 1000 observations[0m; each percentile contains 10.00 observations
sockperf: ---> <MAX> observation =  139.178
sockperf: ---> percentile  99.99 =  139.178
sockperf: ---> percentile  99.90 =  133.535
sockperf: ---> percentile  99.50 =  124.649
sockperf: ---> percentile  99.00 =  121.702
sockperf: ---> percentile  95.00 =  111.632
sockperf: ---> percentile  90.00 =   98.874
sockperf: ---> percentile  75.00 =   89.246
sockperf: ---> percentile  50.00 =   82.003
sockperf: ---> percentile  25.00 =   65.654
sockperf: ---> <MIN> observation =   28.263
------------------------------
txTime, rxTime
2.062845124, 2.062984073
2.072845123, 2.072987726
2.082845122, 2.083008783
2.092845107, 2.092984476
2.102845103, 2.102946485
2.112845107, 2.112935953
2.122845103, 2.122940550
2.132845104, 2.132949154
2.142845114, 2.142943335
2.152845109, 2.152941100
2.162845102, 2.162922497
2.172845115, 2.172941856
2.182845108, 2.182946117
2.192845107, 2.192942174
2.202845110, 2.202942575
2.212845102, 2.212947223
2.222845100, 2.222938933
2.232845109, 2.232940198
2.242845106, 2.242946651
2.252845120, 2.252944730
2.262845108, 2.262938947
2.272845107, 2.272940868
2.282845129, 2.282937845
2.292845117, 2.292984834
2.302845192, 2.302945716
2.312845106, 2.312950365
2.322845111, 2.322995617
2.332845101, 2.332941951
2.342845102, 2.342933959
2.352845117, 2.352938995
2.362845103, 2.362937981
2.372845107, 2.372936523
2.382845099, 2.382941936
2.392845102, 2.392941425
2.402845121, 2.402942719
2.412845106, 2.412936925
2.422845105, 2.422933914
2.432845107, 2.432941787
2.442845108, 2.442943308
2.452845106, 2.452933543
2.462845100, 2.462935169
2.472845109, 2.472941487
2.482845105, 2.482934695
2.492845107, 2.492940124
2.502845117, 2.502923906
2.512845098, 2.512923948
2.522845106, 2.522915028
2.532845115, 2.532916499
2.542845102, 2.542920646
2.552845117, 2.552911805
2.562845111, 2.562936792
2.572845109, 2.572925947
2.582845095, 2.582931346
2.592845107, 2.592918313
2.602845106, 2.602920861
2.612845104, 2.612943426
2.622845114, 2.622902517
2.632845109, 2.632925867
2.642845195, 2.642901721
2.652845120, 2.652946342
2.662845113, 2.662937840
2.672845101, 2.672946776
2.682845111, 2.682938181
2.692845112, 2.692964302
2.702845100, 2.702931247
2.712845102, 2.712937522
2.722845108, 2.722935581
2.732845101, 2.732937776
2.742845103, 2.742937136
2.752845112, 2.752951996
2.762845103, 2.762979613
2.772845102, 2.772940942
2.782845105, 2.782945746
2.792845099, 2.792942429
2.802845108, 2.802939943
2.812845106, 2.812940467
2.822845105, 2.822941612
2.832845121, 2.832943209
2.842845105, 2.842938822
2.852845106, 2.852942699
2.862845097, 2.862966957
2.872845110, 2.872939720
2.882845095, 2.882936209
2.892845102, 2.892935196
2.902845111, 2.903001552
2.912845109, 2.912935719
2.922845105, 2.922983823
2.932845106, 2.932951557
2.942845111, 2.942966071
2.952845114, 2.952946288
2.962845106, 2.962983051
2.972845106, 2.972942316
2.982845100, 2.982952849
2.992845102, 2.992950313
3.002845113, 3.002946321
3.012845118, 3.012938752
3.022845110, 3.022989139
3.032845101, 3.032959052
3.042845110, 3.042936151
3.052845107, 3.052997686
3.062845097, 3.063029633
3.072845101, 3.072944425
3.082845097, 3.082935890
3.092845106, 3.092941457
3.102845102, 3.102942695
3.112845107, 3.112937448
3.122845106, 3.122996595
3.132845104, 3.132947065
3.142845100, 3.142942247
3.152845101, 3.152978275
3.162845111, 3.162939942
3.172845107, 3.172936930
3.182845099, 3.183012262
3.192845110, 3.192940513
3.202845113, 3.202947808
3.212845107, 3.212925933
3.222845204, 3.222952628
3.232845107, 3.232936809
3.242845116, 3.242943008
3.252845110, 3.252963933
3.262845099, 3.262939713
3.272845110, 3.272945554
3.282845105, 3.282943799
3.292845109, 3.292940314
3.302845103, 3.302979509
3.312845110, 3.312944580
3.322845099, 3.322935717
3.332845107, 3.332948635
3.342845099, 3.342938949
3.352845104, 3.352937546
3.362845103, 3.362964437
3.372845106, 3.372938440
3.382845114, 3.382928668
3.392845107, 3.392930746
3.402845105, 3.402942549
3.412845112, 3.412933513
3.422845095, 3.422960370
3.432845404, 3.432930095
3.442845103, 3.442942277
3.452845099, 3.452947480
3.462845108, 3.462936884
3.472845098, 3.472937205
3.482845108, 3.482920403
3.492845110, 3.492941046
3.502845113, 3.502937190
3.512845112, 3.512942842
3.522845105, 3.522949423
3.532845109, 3.532937418
3.542845192, 3.542943100
3.552845118, 3.552989643
3.562845113, 3.563002261
3.572845101, 3.572987782
3.582845106, 3.582938447
3.592845107, 3.592938855
3.602845105, 3.602937446
3.612845101, 3.612943383
3.622845099, 3.622973018
3.632845104, 3.632944425
3.642845103, 3.642974251
3.652845109, 3.652934647
3.662845102, 3.662936342
3.672845106, 3.672941327
3.682845106, 3.682960899
3.692845106, 3.692937999
3.702845097, 3.702934359
3.712845102, 3.712935920
3.722845094, 3.722940313
3.732845102, 3.732935566
3.742845105, 3.742944642
3.752845106, 3.752986028
3.762845111, 3.763002482
3.772845109, 3.773018249
3.782845203, 3.783014501
3.792845099, 3.793009058
3.802845116, 3.803009758
3.812845115, 3.813006644
3.822845105, 3.823033176
3.832845110, 3.833022595
3.842845103, 3.843015177
3.852845112, 3.853019349
3.862845102, 3.863013972
3.872845106, 3.873036692
3.882845102, 3.883008602
3.892845098, 3.893010630
3.902845105, 3.903005451
3.912845117, 3.913017450
3.922845102, 3.922986652
3.932845098, 3.933022641
3.942845108, 3.942979924
3.952845104, 3.953008605
3.962845105, 3.963004889
3.972845109, 3.973026370
3.982845105, 3.983004039
3.992845102, 3.993012860
4.002845110, 4.003013462
4.012845102, 4.013000890
4.022845106, 4.023008031
4.032845109, 4.033010686
4.042845108, 4.042994409
4.052845115, 4.053044953
4.062845102, 4.062994343
4.072845109, 4.073013701
4.082845105, 4.083001244
4.092845123, 4.093019123
4.102845103, 4.103018592
4.112845109, 4.113001037
4.122845103, 4.123030869
4.132845109, 4.133031696
4.142845110, 4.143077415
4.152845120, 4.153056260
4.162845106, 4.163032336
4.172845115, 4.173057650
4.182845114, 4.183066364
4.192845128, 4.193053080
4.202845110, 4.203052548
4.212845123, 4.213056501
4.222845110, 4.223048084
4.232845114, 4.233064188
4.242845124, 4.243034577
4.252845123, 4.253071013
4.262845127, 4.263019823
4.272845125, 4.273062504
4.282845111, 4.283051602
4.292845114, 4.293061962
4.302845121, 4.303024761
4.312845216, 4.313076244
4.322845105, 4.323017178
4.332845118, 4.333056376
4.342845105, 4.343009392
4.352845106, 4.353024641
4.362845110, 4.362986130
4.372845112, 4.373005731
4.382845099, 4.383018402
4.392845120, 4.393023948
4.402845113, 4.403004956
4.412845102, 4.413018087
4.422845105, 4.423007626
4.432845109, 4.433008557
4.442845108, 4.443018860
4.452845106, 4.453008349
4.462845103, 4.462995049
4.472845099, 4.473007545
4.482845114, 4.482983253
4.492845104, 4.493011418
4.502845105, 4.502998353
4.512845120, 4.512979925
4.522845099, 4.522999242
4.532845107, 4.533005156
4.542845239, 4.542999370
4.552845107, 4.553002014
4.562845111, 4.563024936
4.572845109, 4.573020622
4.582845108, 4.583017231
4.592845114, 4.593002300
4.602845106, 4.603006875
4.612845101, 4.613008352
4.622845095, 4.623001036
4.632845102, 4.633010910
4.642845102, 4.643028923
4.652845099, 4.653022897
4.662845108, 4.663023149
4.672845109, 4.672989628
4.682845108, 4.683004972
4.692845114, 4.693032478
4.702845113, 4.702991866
4.712845104, 4.713021119
4.722845105, 4.723034297
4.732845109, 4.733010438
4.742845095, 4.743092699
4.752845102, 4.753036456
4.762845110, 4.762997045
4.772845109, 4.773035811
4.782845099, 4.783008196
4.792845110, 4.793008912
4.802845106, 4.802999917
4.812845104, 4.813017229
4.822845111, 4.822999726
4.832845109, 4.833015800
4.842845102, 4.843068632
4.852845120, 4.853082988
4.862845108, 4.863087014
4.872845121, 4.873058435
4.882845110, 4.883033744
4.892845115, 4.893068962
4.902845121, 4.903065028
4.912845125, 4.913068698
4.922845125, 4.923065579
4.932845120, 4.933009127
4.942845106, 4.943057124
4.952845110, 4.953037988
4.962845124, 4.963088529
4.972845104, 4.973070234
4.982845130, 4.983042880
4.992845118, 4.993065539
5.002845108, 5.003067463
5.012845120, 5.013062397
5.022845125, 5.023036863
5.032845123, 5.033105726
5.042845129, 5.043071110
5.052845132, 5.053064121
5.062845111, 5.063042258
5.072845112, 5.073062249
5.082845117, 5.083075562
5.092845128, 5.093061403
5.102845102, 5.103089673
5.112845118, 5.113123475
5.122845106, 5.123067152
5.132845110, 5.133029199
5.142845127, 5.143074714
5.152845120, 5.153044478
5.162845125, 5.163059917
5.172845125, 5.173063965
5.182845108, 5.183036431
5.192845117, 5.193078421
5.202845105, 5.203073978
5.212845107, 5.213094407
5.222845102, 5.223078073
5.232845131, 5.233063513
5.242845113, 5.243076340
5.252845107, 5.253087083
5.262845122, 5.263059900
5.272845125, 5.273081249
5.282845100, 5.283076038
5.292845125, 5.293079120
5.302845108, 5.303041943
5.312845114, 5.313009807
5.322845113, 5.323017201
5.332845102, 5.333030483
5.342845103, 5.343018835
5.352845112, 5.353008183
5.362845105, 5.363018551
5.372845109, 5.373000528
5.382845106, 5.383001972
5.392845102, 5.393018716
5.402845097, 5.403007202
5.412845106, 5.413001945
5.422845103, 5.422992545
5.432845104, 5.433024979
5.442845105, 5.443037021
5.452845107, 5.453026490
5.462845103, 5.463025923
5.472845101, 5.473017281
5.482845114, 5.483007538
5.492845106, 5.493010684
5.502845108, 5.502996441
5.512845101, 5.513036805
5.522845108, 5.523022640
5.532845109, 5.532997851
5.542845108, 5.543028795
5.552845104, 5.553023183
5.562845099, 5.562998609
5.572845102, 5.572998488
5.582845097, 5.583006161
5.592845118, 5.593031835
5.602845111, 5.603020596
5.612845101, 5.612992830
5.622845105, 5.622993498
5.632845112, 5.633032582
5.642845099, 5.643024421
5.652845112, 5.653034098
5.662845103, 5.662987615
5.672845101, 5.673014598
5.682845100, 5.683017400
5.692845115, 5.692999401
5.702845106, 5.703038027
5.712845104, 5.712987307
5.722845113, 5.722992789
5.732845109, 5.733041345
5.742845105, 5.743002279
5.752845114, 5.753026637
5.762845100, 5.763029196
5.772845104, 5.773000552
5.782845099, 5.782997261
5.792845102, 5.793026451
5.802845105, 5.803046411
5.812845110, 5.813006116
5.822845103, 5.823021191
5.832845106, 5.833031142
5.842845103, 5.842985803
5.852845109, 5.853017192
5.862845113, 5.863030745
5.872845099, 5.873000069
5.882845100, 5.882982710
5.892845106, 5.893008995
5.902845113, 5.903002429
5.912845109, 5.912993205
5.922845110, 5.923051807
5.932845107, 5.933040468
5.942845095, 5.942995560
5.952845099, 5.953002425
5.962845110, 5.962991749
5.972845114, 5.972999632
5.982845113, 5.982976422
5.992845104, 5.992997530
6.002845102, 6.003006603
6.012845109, 6.012993992
6.022845106, 6.022979765
6.032845102, 6.032993910
6.042845106, 6.043021529
6.052845107, 6.053009730
6.062845102, 6.063015303
6.072845101, 6.072979846
6.082845108, 6.083000153
6.092845104, 6.092987166
6.102845110, 6.102999039
6.112845098, 6.112980617
6.122845106, 6.123025667
6.132845101, 6.133012413
6.142845102, 6.143079548
6.152845112, 6.153091649
6.162845129, 6.162991714
6.172845107, 6.173004386
6.182845099, 6.183029088
6.192845109, 6.192998195
6.202845106, 6.203006025
6.212845109, 6.213058631
6.222845122, 6.223074362
6.232845104, 6.233068822
6.242845108, 6.243069685
6.252845123, 6.253068389
6.262845103, 6.263078837
6.272845112, 6.273069772
6.282845124, 6.283071719
6.292845120, 6.293061698
6.302845111, 6.303059391
6.312845123, 6.313057492
6.322845111, 6.323071769
6.332845109, 6.333039854
6.342845127, 6.343097401
6.352845110, 6.353058665
6.362845105, 6.363061488
6.372845125, 6.373074360
6.382845108, 6.383025635
6.392845112, 6.393112184
6.402845127, 6.403041823
6.412845121, 6.413052118
6.422845108, 6.423057323
6.432845125, 6.433087152
6.442845111, 6.443037428
6.452845107, 6.453053967
6.462845129, 6.463058370
6.472845120, 6.473107348
6.482845108, 6.483082692
6.492845120, 6.493086613
6.502845113, 6.503077737
6.512845114, 6.513037463
6.522845129, 6.523094351
6.532845125, 6.533072180
6.542845110, 6.543078284
6.552845117, 6.553071734
6.562845111, 6.563037757
6.572845112, 6.573047040
6.582845121, 6.583077546
6.592845120, 6.593084540
6.602845102, 6.603064000
6.612845126, 6.612994416
6.622845117, 6.622960020
6.632845107, 6.633008404
6.642845125, 6.642957488
6.652845099, 6.653005827
6.662845110, 6.662930612
6.672845101, 6.672996011
6.682845110, 6.682954465
6.692845101, 6.692951604
6.702845102, 6.702938608
6.712845110, 6.712932849
6.722845110, 6.722981164
6.732845106, 6.732950398
6.742845114, 6.742951019
6.752845106, 6.752935511
6.762845111, 6.762943812
6.772845110, 6.772967997
6.782845106, 6.782946584
6.792845104, 6.792977551
6.802845103, 6.802940704
6.812845102, 6.812950425
6.822845099, 6.822938407
6.832845099, 6.832917923
6.842845100, 6.842942468
6.852845101, 6.852948552
6.862845106, 6.862945681
6.872845099, 6.872939178
6.882845106, 6.882916320
6.892845106, 6.892926651
6.902845102, 6.902920174
6.912845125, 6.912967970
6.922845102, 6.922919383
6.932845112, 6.932939043
6.942845106, 6.942948872
6.952845104, 6.952933807
6.962845121, 6.962913219
6.972845107, 6.972955196
6.982845103, 6.982928267
6.992845109, 6.992962718
7.002845105, 7.002940035
7.012845109, 7.012958642
7.022845102, 7.022946431
7.032845109, 7.032959155
7.042845113, 7.042927622
7.052845102, 7.052949970
7.062845106, 7.062917656
7.072845114, 7.072924844
7.082845097, 7.082935810
7.092845107, 7.092934478
7.102845095, 7.102923456
7.112845114, 7.112925822
7.122845103, 7.122920886
7.132845104, 7.132925687
7.142845106, 7.142929649
7.152845101, 7.152936684
7.162845103, 7.162951435
7.172845106, 7.172935542
7.182845108, 7.182935783
7.192845107, 7.192937194
7.202845105, 7.202903430
7.212845110, 7.212959278
7.222845105, 7.222944341
7.232845102, 7.232916763
7.242845113, 7.242945111
7.252845102, 7.252929231
7.262845105, 7.262944322
7.272845107, 7.273012506
7.282845103, 7.282976411
7.292845106, 7.293016679
7.302845105, 7.302986412
7.312845107, 7.312991240
7.322845106, 7.323005833
7.332845114, 7.332994131
7.342845116, 7.343001401
7.352845112, 7.353012830
7.362845102, 7.362991954
7.372845101, 7.373025729
7.382845100, 7.383003586
7.392845102, 7.393016134
7.402845105, 7.402991062
7.412845112, 7.413042339
7.422845108, 7.423005383
7.432845107, 7.433013295
7.442845102, 7.443014417
7.452845117, 7.453008197
7.462845114, 7.463028515
7.472845110, 7.473025973
7.482845108, 7.482975608
7.492845114, 7.492974563
7.502845102, 7.502997607
7.512845115, 7.512999474
7.522845105, 7.523013625
7.532845104, 7.533012962
7.542845110, 7.543008264
7.552845106, 7.553008087
7.562845097, 7.563029635
7.572845099, 7.573035072
7.582845102, 7.583018254
7.592845107, 7.593013815
7.602845105, 7.602998020
7.612845106, 7.613005354
7.622845097, 7.622992729
7.632845110, 7.633030332
7.642845110, 7.643015313
7.652845109, 7.653014345
7.662845102, 7.663002024
7.672845102, 7.673005091
7.682845108, 7.683023335
7.692845102, 7.693030011
7.702845106, 7.703003231
7.712845107, 7.713030867
7.722845103, 7.722994479
7.732845099, 7.733015457
7.742845103, 7.743013953
7.752845101, 7.752984124
7.762845105, 7.763044991
7.772845107, 7.772992838
7.782845106, 7.783043234
7.792845114, 7.792999516
7.802845190, 7.803031348
7.812845102, 7.813005504
7.822845103, 7.822996449
7.832845110, 7.833030123
7.842845102, 7.843007397
7.852845107, 7.852993835
7.862845105, 7.863072459
7.872845128, 7.873022276
7.882845108, 7.882998889
7.892845109, 7.892995113
7.902845106, 7.903006929
7.912845106, 7.912947242
7.922845105, 7.922947064
7.932845112, 7.932934829
7.942845105, 7.942930958
7.952845112, 7.952937562
7.962845132, 7.962948038
7.972845117, 7.972949910
7.982845114, 7.982977703
7.992845118, 7.992951849
8.002845106, 8.002915467
8.012845106, 8.012954563
8.022845100, 8.022932766
8.032845104, 8.032943044
8.042845110, 8.042944723
8.052845104, 8.052958877
8.062845119, 8.062947082
8.072845109, 8.072941072
8.082845103, 8.082955380
8.092845098, 8.092944995
8.102845099, 8.102931499
8.112845106, 8.112951244
8.122845111, 8.122938707
8.132845109, 8.132944487
8.142845103, 8.142954166
8.152845104, 8.152931251
8.162845105, 8.162959130
8.172845109, 8.172954000
8.182845106, 8.182976503
8.192845107, 8.192992332
8.202845117, 8.202991798
8.212845114, 8.213026967
8.222845103, 8.222987221
8.232845123, 8.233015050
8.242845100, 8.243019405
8.252845109, 8.253020982
8.262845113, 8.263024830
8.272845102, 8.273002993
8.282845111, 8.282991781
8.292845110, 8.292991219
8.302845102, 8.303006423
8.312845101, 8.312999584
8.322845113, 8.323012242
8.332845095, 8.332993930
8.342845105, 8.342955600
8.352845118, 8.352982448
8.362845110, 8.362979759
8.372845107, 8.372966841
8.382845100, 8.382961726
8.392845100, 8.392987705
8.402845107, 8.402950402
8.412845100, 8.412954982
8.422845105, 8.422991877
8.432845106, 8.432973839
8.442845104, 8.442972812
8.452845108, 8.452958370
8.462845100, 8.462962366
8.472845101, 8.473021222
8.482845104, 8.483040198
8.492845106, 8.493007395
8.502845100, 8.503020389
8.512845106, 8.512990820
8.522845100, 8.523025375
8.532845101, 8.533009720
8.542845107, 8.542990685
8.552845114, 8.553039493
8.562845104, 8.563007485
8.572845104, 8.573007591
8.582845097, 8.583029893
8.592845169, 8.593028144
8.602845115, 8.603014879
8.612845098, 8.612993773
8.622845107, 8.622996436
8.632845106, 8.633049718
8.642845116, 8.643019634
8.652845100, 8.653000107
8.662845107, 8.663004627
8.672845109, 8.673019535
8.682845107, 8.682986386
8.692845105, 8.693005372
8.702845128, 8.702995154
8.712845117, 8.713011673
8.722845110, 8.723014109
8.732845108, 8.733007462
8.742845107, 8.743013232
8.752845108, 8.752979482
8.762845104, 8.763016172
8.772845105, 8.772984390
8.782845107, 8.783036927
8.792845102, 8.793004184
8.802845103, 8.802986359
8.812845102, 8.813013787
8.822845106, 8.823037403
8.832845110, 8.832982627
8.842845100, 8.842999511
8.852845114, 8.852990397
8.862845105, 8.862993803
8.872845107, 8.873020292
8.882845102, 8.883005375
8.892845114, 8.893025080
8.902845106, 8.903012325
8.912845204, 8.912995482
8.922845111, 8.923002227
8.932845107, 8.933020311
8.942845099, 8.943006614
8.952845118, 8.953041945
8.962845097, 8.963032030
8.972845102, 8.973009040
8.982845112, 8.983003751
8.992845110, 8.993007639
9.002845101, 9.003002038
9.012845107, 9.012998562
9.022845103, 9.022984149
9.032845099, 9.032990951
9.042845106, 9.042990345
9.052845109, 9.052986623
9.062845106, 9.062982864
9.072845102, 9.073000620
9.082845105, 9.083014185
9.092845107, 9.092984880
9.102845100, 9.102995548
9.112845109, 9.112997835
9.122845102, 9.123020228
9.132845107, 9.133005164
9.142845097, 9.142988501
9.152845104, 9.153020776
9.162845103, 9.162996508
9.172845189, 9.172992179
9.182845100, 9.182996711
9.192845114, 9.192986808
9.202845117, 9.203021802
9.212845102, 9.212989015
9.222845111, 9.222994299
9.232845109, 9.232991328
9.242845099, 9.243021306
9.252845107, 9.253015920
9.262845113, 9.262990517
9.272845112, 9.272995700
9.282845110, 9.283010914
9.292845114, 9.293028789
9.302845111, 9.302987620
9.312845104, 9.313005562
9.322845111, 9.323027871
9.332845099, 9.333004749
9.342845106, 9.342978944
9.352845114, 9.353018807
9.362845103, 9.363033326
9.372845102, 9.373008595
9.382845103, 9.383043163
9.392845106, 9.392992847
9.402845100, 9.403011151
9.412845114, 9.412975740
9.422845097, 9.422994493
9.432845114, 9.433026184
9.442845105, 9.442978095
9.452845115, 9.453034633
9.462845106, 9.462997782
9.472845112, 9.472990266
9.482845100, 9.482998425
9.492845112, 9.492979524
9.502845103, 9.502988260
9.512845107, 9.513021619
9.522845106, 9.523003665
9.532845109, 9.532996463
9.542845105, 9.543018573
9.552845107, 9.552999947
9.562845113, 9.563005748
9.572845104, 9.573000056
9.582845105, 9.582996727
9.592845099, 9.593015574
9.602845099, 9.603059018
9.612845104, 9.613006656
9.622845106, 9.623023127
9.632845106, 9.633003511
9.642845114, 9.643017270
9.652845102, 9.652988573
9.662845100, 9.662999241
9.672845106, 9.673008357
9.682845116, 9.683016162
9.692845114, 9.692999456
9.702845100, 9.703030031
9.712845114, 9.713030076
9.722845111, 9.723017574
9.732845107, 9.733009105
9.742845114, 9.743007273
9.752845101, 9.753011957
9.762845114, 9.763058312
9.772845102, 9.773005939
9.782845102, 9.783027773
9.792845110, 9.793016805
9.802845105, 9.803037916
9.812845107, 9.812964275
9.822845108, 9.823016364
9.832845110, 9.833032473
9.842845099, 9.843030696
9.852845114, 9.853010638
9.862845110, 9.863016039
9.872845112, 9.873026010
9.882845108, 9.883008735
9.892845115, 9.893008971
9.902845111, 9.902990221
9.912845115, 9.912983483
9.922845117, 9.922984336
9.932845102, 9.933018459
9.942845108, 9.943025759
9.952845102, 9.953014765
9.962845102, 9.963018256
9.972845121, 9.973018024
9.982845106, 9.983016360
9.992845114, 9.993020581
10.002845105, 10.003018209
10.012845095, 10.013002043
10.022845095, 10.023014781
10.032845121, 10.033025151
10.042845110, 10.043015780
10.052845106, 10.053020623
10.062845108, 10.063015982
10.072845112, 10.073020655
10.082845108, 10.083010423
10.092845112, 10.093018266
10.102845095, 10.103014307
10.112845104, 10.113016126
10.122845113, 10.123015554
10.132845109, 10.133018205
10.142845106, 10.143017318
10.152845104, 10.153019706
10.162845108, 10.163015902
10.172845107, 10.173019495
10.182845106, 10.183016601
10.192845114, 10.193023122
10.202845103, 10.203016840
10.212845110, 10.213015141
10.222845117, 10.223018562
10.232845106, 10.233018740
10.242845103, 10.243018231
10.252845098, 10.253016651
10.262845097, 10.263013048
10.272845101, 10.272999214
10.282845114, 10.283019636
10.292845101, 10.293023117
10.302845099, 10.303022268
10.312845114, 10.313016759
10.322845105, 10.323016094
10.332845118, 10.333014630
10.342845099, 10.343014744
10.352845107, 10.353018455
10.362845106, 10.363016958
10.372845104, 10.373016263
10.382845114, 10.383019384
10.392845112, 10.393018863
10.402845108, 10.403015858
10.412845098, 10.413020192
10.422845111, 10.423013978
10.432845104, 10.433013058
10.442845111, 10.443018719
10.452845110, 10.453018405
10.462845114, 10.463019923
10.472845104, 10.473019984
10.482845097, 10.483017720
10.492845109, 10.493014855
10.502845099, 10.503003949
10.512845102, 10.512991475
10.522845106, 10.523013415
10.532845104, 10.533014641
10.542845106, 10.543018125
10.552845102, 10.553017740
10.562845103, 10.563013587
10.572845131, 10.573020429
10.582845103, 10.583015939
10.592845107, 10.593016488
10.602845108, 10.603016171
10.612845137, 10.613020399
10.622845111, 10.623020158
10.632845115, 10.633021733
10.642845110, 10.643016222
10.652845106, 10.653019053
10.662845108, 10.663020971
10.672845099, 10.673025762
10.682845108, 10.683030262
10.692845104, 10.693022101
10.702845102, 10.703022060
10.712845106, 10.713033095
10.722845106, 10.723023211
10.732845106, 10.733027869
10.742845094, 10.743014106
10.752845106, 10.753016741
10.762845110, 10.763014223
10.772845107, 10.773015312
10.782845103, 10.783016669
10.792845102, 10.793011876
10.802845102, 10.803013982
10.812845104, 10.813017797
10.822845105, 10.823006477
10.832845107, 10.833018252
10.842845113, 10.843016858
10.852845106, 10.853014540
10.862845097, 10.863028987
10.872845102, 10.873018288
10.882845108, 10.883030333
10.892845102, 10.893028824
10.902845103, 10.903017752
10.912845114, 10.913022686
10.922845102, 10.923027232
10.932845114, 10.933028393
10.942845113, 10.943026663
10.952845104, 10.953025301
10.962845111, 10.963025623
10.972845104, 10.973026721
10.982845110, 10.983020679
10.992845106, 10.993022812
11.002845111, 11.003023310
11.012845104, 11.013022849
11.022845110, 11.023024640
11.032845104, 11.033027218
11.042845103, 11.043018835
11.052845101, 11.053028260
11.062845103, 11.063016287
11.072845104, 11.073023269
11.082845102, 11.083023665
11.092845101, 11.093021853
11.102845106, 11.103019285
11.112845104, 11.113025112
11.122845105, 11.123021493
11.132845099, 11.133030588
11.142845099, 11.143022102
11.152845093, 11.153024547
11.162845099, 11.163024461
11.172845104, 11.173016692
11.182845113, 11.183022541
11.192845115, 11.193027529
11.202845103, 11.203023562
11.212845112, 11.213027515
11.222845103, 11.223018631
11.232845117, 11.233016480
11.242845103, 11.243021907
11.252845101, 11.252994259
11.262845099, 11.263023862
11.272845099, 11.273026524
11.282845108, 11.283016903
11.292845099, 11.293029391
11.302845111, 11.303026722
11.312845112, 11.313022287
11.322845113, 11.323024950
11.332845102, 11.333022892
11.342845097, 11.343022718
11.352845120, 11.353027336
11.362845100, 11.363023099
11.372845102, 11.373026032
11.382845099, 11.383022222
11.392845102, 11.393021351
11.402845097, 11.403022902
11.412845098, 11.413018086
11.422845113, 11.423023149
11.432845106, 11.433030303
11.442845103, 11.443024191
11.452845114, 11.453024571
11.462845105, 11.463027934
11.472845109, 11.473022082
11.482845103, 11.483025978
11.492845112, 11.493023319
11.502845103, 11.503021724
11.512845106, 11.513026511
11.522845105, 11.523022434
11.532845114, 11.533024218
11.542845113, 11.543021238
11.552845117, 11.553018640
11.562845103, 11.563024220
11.572845106, 11.573015334
11.582845094, 11.583024464
11.592845102, 11.593026097
11.602845108, 11.603023643
11.612845106, 11.613026156
11.622845110, 11.623021262
11.632845101, 11.633016568
11.642845102, 11.643024371
11.652845101, 11.653023027
11.662845106, 11.663023202
11.672845104, 11.673026996
11.682845113, 11.683028822
11.692845098, 11.693028025
11.702845119, 11.703025039
11.712845109, 11.713025942
11.722845105, 11.723021672
11.732845098, 11.733021460
11.742845108, 11.743017154
11.752845104, 11.753025714
11.762845108, 11.763026413
11.772845104, 11.773022251
11.782845099, 11.783020165
11.792845106, 11.793021912
11.802845102, 11.803024421
11.812845098, 11.813021555
11.822845102, 11.823023007
11.832845126, 11.833025938
11.842845110, 11.843021625
11.852845101, 11.853028213
11.862845105, 11.863023159
11.872845112, 11.873026477
11.882845102, 11.883027947
11.892845110, 11.893026503
11.902845100, 11.903023019
11.912845106, 11.913027695
11.922845110, 11.923030413
11.932845099, 11.933030059
11.942845099, 11.943025327
11.952845120, 11.953023612
11.962845100, 11.963022704
11.972845107, 11.973018918
11.982845103, 11.983013831
11.992845112, 11.993021774
12.002845106, 12.003022942
12.012845107, 12.013026230
12.022845108, 12.023020246
12.032845107, 12.033023429
12.042845106, 12.043022613
12.052845101, 12.053023303
------------------------------
