------------------------------
test was performed using the following parameters: --mps=100 --burst=1 --reply-every=1 --msg-size=12 --time=10
------------------------------
sockperf: [Total Run] RunTime=10.100 sec; SentMessages=1011; ReceivedMessages=1010
sockperf: ========= Printing statistics for Server No: 0
sockperf: [Valid Duration] RunTime=9.990 sec; SentMessages=1000; ReceivedMessages=1000
sockperf: [2;35m====> avg-lat= 74.395 (std-dev=17.597)[0m
sockperf: # dropped messages = 0; # duplicated messages = 0; # out-of-order messages = 0
sockperf: [2;35mTotal 1000 observations[0m; each percentile contains 10.00 observations
sockperf: ---> <MAX> observation =  154.975
sockperf: ---> percentile  99.99 =  154.975
sockperf: ---> percentile  99.90 =  145.051
sockperf: ---> percentile  99.50 =  125.549
sockperf: ---> percentile  99.00 =  122.334
sockperf: ---> percentile  95.00 =  102.832
sockperf: ---> percentile  90.00 =   94.331
sockperf: ---> percentile  75.00 =   88.388
sockperf: ---> percentile  50.00 =   71.530
sockperf: ---> percentile  25.00 =   60.157
sockperf: ---> <MIN> observation =   38.172
------------------------------
txTime, rxTime
2.063795066, 2.063952918
2.073795062, 2.073943558
2.083795083, 2.083917169
2.093795051, 2.093958396
2.103795084, 2.103997392
2.113795059, 2.113956822
2.123795058, 2.123925739
2.133795052, 2.133907229
2.143795056, 2.143893880
2.153795065, 2.153918723
2.163795055, 2.163907666
2.173795057, 2.173931869
2.183795064, 2.183918754
2.193795054, 2.193889578
2.203795056, 2.203908177
2.213795054, 2.213903997
2.223795063, 2.223923331
2.233795056, 2.233923279
2.243795058, 2.243900191
2.253795060, 2.253917313
2.263795064, 2.263897676
2.273795059, 2.273918149
2.283795055, 2.283904094
2.293795059, 2.293968862
2.303795061, 2.303958457
2.313795060, 2.313904284
2.323795060, 2.323929195
2.333795059, 2.334029118
2.343795055, 2.343919771
2.353795054, 2.353922578
2.363795062, 2.363906783
2.373795061, 2.373888439
2.383795057, 2.383926228
2.393795058, 2.393917061
2.403795063, 2.403975063
2.413795066, 2.413892127
2.423795058, 2.423890729
2.433795054, 2.433904460
2.443795060, 2.443892147
2.453795059, 2.453884891
2.463795058, 2.463899900
2.473795060, 2.473926627
2.483795065, 2.483913372
2.493795056, 2.493916220
2.503795080, 2.503908391
2.513795056, 2.513912141
2.523795052, 2.523936785
2.533795065, 2.533938482
2.543795056, 2.543967529
2.553795060, 2.553909072
2.563795059, 2.563928824
2.573795052, 2.573930458
2.583795063, 2.583873724
2.593795057, 2.593910022
2.603795061, 2.603956054
2.613795058, 2.613984791
2.623795080, 2.623966347
2.633795084, 2.633955245
2.643795079, 2.644041904
2.653795071, 2.654001712
2.663795066, 2.663986030
2.673795060, 2.673927322
2.683795063, 2.683890347
2.693795060, 2.693885086
2.703795056, 2.703962660
2.713795065, 2.713893819
2.723795064, 2.723927021
2.733795070, 2.733939672
2.743795058, 2.743905406
2.753795049, 2.753892397
2.763795056, 2.763885471
2.773795054, 2.773914302
2.783795062, 2.783883008
2.793795054, 2.793937696
2.803795057, 2.803914180
2.813795089, 2.813905985
2.823795057, 2.823881846
2.833795058, 2.833927319
2.843795059, 2.843930870
2.853795060, 2.853902762
2.863795064, 2.863913166
2.873795052, 2.873931638
2.883795061, 2.883914082
2.893795062, 2.893924469
2.903795061, 2.903887613
2.913795066, 2.913917033
2.923795060, 2.923904567
2.933795062, 2.933894659
2.943795056, 2.943934597
2.953795054, 2.953929298
2.963795064, 2.963920653
2.973795063, 2.973920389
2.983795058, 2.983917261
2.993795058, 2.993901269
3.003795065, 3.003903788
3.013795056, 3.013952890
3.023795079, 3.023984083
3.033795078, 3.033938754
3.043795073, 3.043927715
3.053795084, 3.053906880
3.063795071, 3.063922634
3.073795070, 3.073957753
3.083795077, 3.083912614
3.093795067, 3.093889122
3.103795063, 3.103918535
3.113795064, 3.113954489
3.123795074, 3.124015698
3.133795059, 3.133944118
3.143795062, 3.143960476
3.153795069, 3.153999838
3.163795079, 3.163999140
3.173795080, 3.173950194
3.183795073, 3.183976025
3.193795077, 3.193910474
3.203795068, 3.203964843
3.213795079, 3.213971377
3.223795079, 3.223923052
3.233795081, 3.233996316
3.243795077, 3.243975013
3.253795084, 3.253943919
3.263795069, 3.263954909
3.273795080, 3.273966435
3.283795067, 3.283909462
3.293795059, 3.293913607
3.303795058, 3.303919604
3.313795061, 3.313922219
3.323795063, 3.323913430
3.333795061, 3.333899908
3.343795060, 3.343913975
3.353795051, 3.353966467
3.363795058, 3.363946813
3.373795062, 3.373898040
3.383795058, 3.383915373
3.393795069, 3.393887293
3.403795054, 3.403935077
3.413795080, 3.413955426
3.423795062, 3.424045909
3.433795075, 3.434042311
3.443795066, 3.443986170
3.453795059, 3.453949996
3.463795074, 3.463922076
3.473795064, 3.473918854
3.483795057, 3.483934750
3.493795094, 3.493912709
3.503795058, 3.504001384
3.513795064, 3.513949786
3.523795054, 3.523933069
3.533795062, 3.533962328
3.543795057, 3.543966032
3.553795066, 3.553958073
3.563795055, 3.563943388
3.573795060, 3.573883037
3.583795057, 3.584044151
3.593795075, 3.593943289
3.603795056, 3.603994190
3.613795075, 3.613963026
3.623795058, 3.623964880
3.633795066, 3.633955032
3.643795060, 3.644037511
3.653795070, 3.653960215
3.663795069, 3.663977105
3.673795062, 3.673969633
3.683795082, 3.684004813
3.693795083, 3.693953727
3.703795079, 3.703961420
3.713795066, 3.713925019
3.723795057, 3.723901419
3.733795062, 3.733908535
3.743795057, 3.743994670
3.753795081, 3.753905611
3.763795054, 3.763907385
3.773795064, 3.773925889
3.783795068, 3.783955823
3.793795064, 3.793969268
3.803795058, 3.803975545
3.813795058, 3.813923304
3.823795065, 3.824105016
3.833795081, 3.833916786
3.843795057, 3.843927487
3.853795056, 3.853915254
3.863795054, 3.863920400
3.873795058, 3.873890491
3.883795058, 3.883889181
3.893795059, 3.893925543
3.903795058, 3.903928909
3.913795056, 3.913907297
3.923795058, 3.923925332
3.933795061, 3.933917721
3.943795060, 3.943932172
3.953795058, 3.953939505
3.963795057, 3.963949178
3.973795056, 3.973943050
3.983795058, 3.983924462
3.993795086, 3.993893379
4.003795085, 4.003909471
4.013795080, 4.013935740
4.023795075, 4.023906205
4.033795112, 4.033918476
4.043795088, 4.043952065
4.053795078, 4.053907550
4.063795092, 4.063911307
4.073795069, 4.073908715
4.083795092, 4.083928914
4.093795090, 4.093911600
4.103795086, 4.103927381
4.113795080, 4.113895571
4.123795082, 4.123911698
4.133795054, 4.133898994
4.143795110, 4.143917449
4.153795062, 4.153889037
4.163795058, 4.163921297
4.173795067, 4.173900410
4.183795063, 4.183897926
4.193795067, 4.193905564
4.203795066, 4.203909873
4.213795066, 4.213944375
4.223795066, 4.223927204
4.233795069, 4.233931352
4.243795066, 4.243935074
4.253795064, 4.253897925
4.263795063, 4.263909179
4.273795067, 4.273905921
4.283795144, 4.283888651
4.293795061, 4.293916785
4.303795152, 4.303894057
4.313795061, 4.313937432
4.323795069, 4.323984193
4.333795061, 4.333961364
4.343795065, 4.343941620
4.353795058, 4.353908966
4.363795060, 4.363938249
4.373795068, 4.373919705
4.383795056, 4.383921743
4.393795062, 4.393929575
4.403795060, 4.403914229
4.413795056, 4.413907550
4.423795058, 4.423888957
4.433795054, 4.433930582
4.443795058, 4.443889278
4.453795064, 4.453889113
4.463795060, 4.463915024
4.473795054, 4.473898250
4.483795060, 4.483918028
4.493795061, 4.493901844
4.503795060, 4.503906717
4.513795059, 4.513895362
4.523795058, 4.523891575
4.533795054, 4.533902490
4.543795058, 4.543923746
4.553795078, 4.553909942
4.563795058, 4.563894214
4.573795054, 4.573908191
4.583795058, 4.583939477
4.593795051, 4.593975226
4.603795062, 4.603969583
4.613795054, 4.613937813
4.623795054, 4.623929403
4.633795061, 4.633957524
4.643795058, 4.643973299
4.653795064, 4.653975564
4.663795096, 4.663969970
4.673795091, 4.673958247
4.683795074, 4.683946436
4.693795059, 4.693994191
4.703795088, 4.703955243
4.713795066, 4.713914238
4.723795058, 4.723924819
4.733795061, 4.733959500
4.743795055, 4.743957554
4.753795062, 4.753943185
4.763795062, 4.763916378
4.773795058, 4.773907584
4.783795054, 4.783933853
4.793795054, 4.793913775
4.803795055, 4.803927890
4.813795058, 4.813950442
4.823795060, 4.823991263
4.833795064, 4.833955412
4.843795055, 4.843918979
4.853795053, 4.853955868
4.863795055, 4.863952954
4.873795058, 4.873958482
4.883795058, 4.883947876
4.893795056, 4.893888387
4.903795060, 4.903888127
4.913795056, 4.913907783
4.923795059, 4.923953145
4.933795061, 4.933884845
4.943795054, 4.943972351
4.953795055, 4.953926500
4.963795055, 4.963918140
4.973795058, 4.973952744
4.983795058, 4.983974499
4.993795116, 4.993934226
5.003795098, 5.003908897
5.013795069, 5.013925195
5.023795071, 5.023944510
5.033795069, 5.033914671
5.043804126, 5.043959678
5.053798395, 5.053980397
5.063795068, 5.063972818
5.073795069, 5.073941739
5.083795066, 5.083918551
5.093795078, 5.093908388
5.103795077, 5.103920709
5.113795075, 5.113892776
5.123795066, 5.123913948
5.133795078, 5.133970673
5.143795082, 5.143933089
5.153795081, 5.153911025
5.163795062, 5.163918494
5.173795067, 5.173908377
5.183795079, 5.183942744
5.193795078, 5.193927630
5.203795063, 5.203908596
5.213795061, 5.213887184
5.223797277, 5.223909055
5.233795078, 5.233880012
5.243795080, 5.243970808
5.253795073, 5.253909760
5.263795066, 5.263912245
5.273795077, 5.273932102
5.283795074, 5.283953137
5.293795061, 5.293926198
5.303795058, 5.303910284
5.313795083, 5.313917251
5.323795069, 5.323972897
5.333795080, 5.333937109
5.343795065, 5.343920127
5.353795067, 5.353920026
5.363802332, 5.363992941
5.373795070, 5.373899674
5.383795302, 5.383927180
5.393802718, 5.393945114
5.403795066, 5.403958273
5.413799452, 5.413995358
5.423795068, 5.423960626
5.433795069, 5.433940037
5.443795063, 5.443952499
5.453795069, 5.453943819
5.463795076, 5.464003996
5.473795070, 5.473896185
5.483795080, 5.483946706
5.493795070, 5.493952242
5.503795080, 5.503984576
5.513795070, 5.513929337
5.523795076, 5.523955576
5.533795083, 5.533972752
5.543795077, 5.543942552
5.553799649, 5.553998856
5.563795080, 5.563938974
5.573795070, 5.573884113
5.583795068, 5.583962121
5.593795077, 5.593952040
5.603795069, 5.603955669
5.613795084, 5.613940506
5.623795082, 5.624008620
5.633795056, 5.633956303
5.643795076, 5.643937905
5.653795086, 5.653967281
5.663802724, 5.663973653
5.673795077, 5.673986951
5.683797013, 5.683971277
5.693795066, 5.693925079
5.703795080, 5.703958581
5.713795069, 5.713913128
5.723795085, 5.723922852
5.733795080, 5.733913532
5.743795069, 5.743905549
5.753795069, 5.753893717
5.763799899, 5.763922400
5.773795066, 5.773913998
5.783795065, 5.783908411
5.793795064, 5.793908564
5.803795076, 5.803944175
5.813799906, 5.813922092
5.823795068, 5.823899268
5.833795078, 5.833929102
5.843795080, 5.843913658
5.853795064, 5.853919128
5.863795065, 5.863918654
5.873804076, 5.873941443
5.883795082, 5.883909778
5.893800480, 5.893937415
5.903795076, 5.903949068
5.913796022, 5.913932996
5.923795080, 5.923973262
5.933795070, 5.933897707
5.943795079, 5.943928233
5.953795067, 5.953891462
5.963795077, 5.963954166
5.973795080, 5.973973957
5.983800490, 5.984017873
5.993795069, 5.993896343
6.003802430, 6.003945226
6.013795064, 6.013920884
6.023795063, 6.023907175
6.033803879, 6.033930461
6.043800368, 6.043913213
6.053795086, 6.053933348
6.063799149, 6.064000922
6.073795078, 6.073977470
6.083795074, 6.083969418
6.093795075, 6.093914260
6.103795077, 6.103899288
6.113795062, 6.113925534
6.123795084, 6.123896781
6.133795067, 6.133967461
6.143795065, 6.143918137
6.153795072, 6.153912943
6.163795082, 6.163906267
6.173795075, 6.173949135
6.183795068, 6.183932793
6.193795081, 6.193925093
6.203795060, 6.203939370
6.213795070, 6.213899441
6.223795079, 6.223907813
6.233795067, 6.233901452
6.243795058, 6.243923164
6.253797211, 6.253930382
6.263795077, 6.263967499
6.273795080, 6.273903775
6.283795063, 6.283933146
6.293795069, 6.293892760
6.303795065, 6.303899934
6.313795069, 6.313948753
6.323795071, 6.323982275
6.333799539, 6.333954191
6.343795084, 6.343929450
6.353796183, 6.353925999
6.363795073, 6.363954696
6.373795066, 6.373922981
6.383795086, 6.383938147
6.393795080, 6.393943713
6.403800627, 6.403924716
6.413795070, 6.413914302
6.423795077, 6.423933520
6.433798401, 6.434023876
6.443795079, 6.444008368
6.453795071, 6.454013072
6.463795069, 6.463913511
6.473795060, 6.473964363
6.483795085, 6.483951745
6.493795087, 6.493933570
6.503795067, 6.503918795
6.513795081, 6.513910545
6.523795080, 6.523936942
6.533795060, 6.533935051
6.543795075, 6.543944370
6.553795060, 6.553933870
6.563798557, 6.563947782
6.573797986, 6.573934375
6.583795061, 6.583940200
6.593795067, 6.593949356
6.603795067, 6.603914245
6.613796407, 6.613926878
6.623800163, 6.624022225
6.633795075, 6.633913451
6.643795072, 6.644012407
6.653795071, 6.653965625
6.663795085, 6.663913883
6.673795082, 6.673904303
6.683795077, 6.683880883
6.693795067, 6.693921532
6.703795075, 6.703927103
6.713795082, 6.713927177
6.723795066, 6.723892085
6.733795071, 6.733911595
6.743797572, 6.743938037
6.753795073, 6.753923070
6.763795079, 6.763927045
6.773801602, 6.773925056
6.783795083, 6.783893283
6.793796104, 6.793938839
6.803795082, 6.803965283
6.813795078, 6.813917157
6.823795066, 6.823935914
6.833795084, 6.833937988
6.843795083, 6.843913927
6.853795082, 6.853917239
6.863795088, 6.863908753
6.873795079, 6.873935341
6.883795082, 6.883905932
6.893796203, 6.893895379
6.903795082, 6.903936758
6.913795079, 6.913913625
6.923795552, 6.923910021
6.933795070, 6.933931355
6.943795074, 6.943922428
6.953795070, 6.953906376
6.963795083, 6.963991685
6.973799186, 6.973959251
6.983800739, 6.983967640
6.993795084, 6.993905833
7.003799383, 7.003903818
7.013795070, 7.013942574
7.023795077, 7.023968210
7.033795081, 7.033926781
7.043798827, 7.043972214
7.053798570, 7.053954569
7.063795055, 7.063942795
7.073795073, 7.073940331
7.083795085, 7.083970430
7.093795081, 7.093895930
7.103795080, 7.103965321
7.113795071, 7.114049978
7.123795071, 7.124036182
7.133795062, 7.133921404
7.143795058, 7.143914914
7.153795073, 7.153953837
7.163796181, 7.163993198
7.173795068, 7.173886271
7.183809952, 7.183958637
7.193795067, 7.193946130
7.203795077, 7.203971599
7.213795071, 7.213931730
7.223795063, 7.223907437
7.233795071, 7.233926730
7.243795066, 7.243916515
7.253795062, 7.253931471
7.263795072, 7.263912402
7.273795068, 7.273967512
7.283795075, 7.283968731
7.293795079, 7.293911801
7.303795080, 7.303930329
7.313797484, 7.313943305
7.323795077, 7.323924334
7.333795065, 7.333880463
7.343802626, 7.343965916
7.353795094, 7.353914817
7.363795080, 7.363915328
7.373795084, 7.373904774
7.383795064, 7.383893007
7.393804483, 7.393952285
7.403795061, 7.403913550
7.413795067, 7.413943468
7.423795053, 7.423903654
7.433802112, 7.433960481
7.443795069, 7.443926904
7.453795090, 7.454017171
7.463795061, 7.463996008
7.473795078, 7.473966703
7.483795064, 7.483982817
7.493795070, 7.493964568
7.503795067, 7.503949608
7.513795081, 7.513965604
7.523798694, 7.524029877
7.533795068, 7.533979812
7.543796520, 7.543937054
7.553795075, 7.553964123
7.563796541, 7.563969330
7.573804630, 7.573954555
7.583795069, 7.583966723
7.593795062, 7.593964916
7.603795152, 7.603929739
7.613795086, 7.614085189
7.623795080, 7.623975071
7.633795069, 7.634017090
7.643795275, 7.643963907
7.653795077, 7.653965371
7.663795139, 7.663973636
7.673795072, 7.673914208
7.683795068, 7.683964375
7.693795130, 7.693931256
7.703795084, 7.703935669
7.713795078, 7.713968909
7.723795082, 7.723980245
7.733803162, 7.733997737
7.743795068, 7.743959288
7.753795089, 7.753967935
7.763795065, 7.763972060
7.773795141, 7.773993144
7.783804715, 7.784011517
7.793795070, 7.793938901
7.803795069, 7.803911443
7.813795148, 7.813919160
7.823796026, 7.823947396
7.833795091, 7.833911327
7.843795068, 7.844009935
7.853795062, 7.853932471
7.863795170, 7.863916861
7.873795089, 7.873962712
7.883795090, 7.883974430
7.893795078, 7.893900138
7.903795166, 7.903910573
7.913795073, 7.913893951
7.923795066, 7.923889126
7.933795088, 7.933917653
7.943795077, 7.943917517
7.953795062, 7.953919868
7.963795167, 7.963933937
7.973795148, 7.973925781
7.983795096, 7.983930004
7.993795070, 7.993907608
8.003795125, 8.003921200
8.013799381, 8.014037254
8.023795142, 8.023920319
8.033795062, 8.033962085
8.043804609, 8.043937041
8.053795370, 8.053923238
8.063795426, 8.063942989
8.073795144, 8.073925704
8.083795148, 8.083942078
8.093795618, 8.093933769
8.103795069, 8.103923864
8.113795088, 8.113892332
8.123795313, 8.123895995
8.133795397, 8.133926876
8.143795155, 8.143915245
8.153795148, 8.153916504
8.163795090, 8.163959964
8.173800364, 8.173910275
8.183795159, 8.183938721
8.193795160, 8.193910905
8.203804930, 8.204015044
8.213795160, 8.213897552
8.223796669, 8.223933539
8.233795075, 8.233891131
8.243797670, 8.243914934
8.253795081, 8.253930310
8.263795234, 8.263908694
8.273802952, 8.273974028
8.283795144, 8.283907322
8.293795168, 8.293904719
8.303795069, 8.303933549
8.313795075, 8.313922227
8.323795069, 8.323917714
8.333795148, 8.333909598
8.343795158, 8.343919034
8.353799647, 8.353951439
8.363795148, 8.363912568
8.373795587, 8.373987243
8.383795061, 8.383971071
8.393795081, 8.393959889
8.403806965, 8.403973388
8.413795070, 8.413916905
8.423795147, 8.423961284
8.433795067, 8.433992953
8.443795073, 8.443949275
8.453795094, 8.453982960
8.463802283, 8.464023155
8.473801793, 8.473991167
8.483795085, 8.483968853
8.493795089, 8.493923508
8.503801766, 8.503954582
8.513798021, 8.513953450
8.523795152, 8.523918232
8.533795066, 8.533935563
8.543795144, 8.543871488
8.553795129, 8.553935261
8.563795068, 8.563932542
8.573795070, 8.573988192
8.583800239, 8.583943927
8.593795072, 8.593974421
8.603795093, 8.603921199
8.613795078, 8.613925823
8.623795087, 8.623943035
8.633798923, 8.633900810
8.643795084, 8.643908386
8.653795067, 8.653920061
8.663799577, 8.663930860
8.673795560, 8.673903558
8.683795155, 8.683928470
8.693795152, 8.693916456
8.703804009, 8.703899732
8.713803596, 8.713921171
8.723795074, 8.723933547
8.733795143, 8.733963910
8.743795076, 8.743938087
8.753795081, 8.753945567
8.763795068, 8.763963237
8.773795073, 8.773943953
8.783795068, 8.783902966
8.793795154, 8.793910580
8.803795090, 8.803905684
8.813795064, 8.813927812
8.823802025, 8.823930600
8.833799096, 8.833904139
8.843795088, 8.843904458
8.853795080, 8.853928961
8.863795131, 8.863934635
8.873795144, 8.873912588
8.883801456, 8.883927259
8.893795132, 8.893983546
8.903795076, 8.903903799
8.913795067, 8.913915457
8.923795133, 8.923909968
8.933795078, 8.933909231
8.943795088, 8.943940873
8.953795088, 8.953895347
8.963795071, 8.963917757
8.973795072, 8.973945486
8.983795088, 8.983936097
8.993795157, 8.993945797
9.003795084, 9.003924511
9.013795181, 9.013916404
9.023795144, 9.023942814
9.033807141, 9.033929263
9.043795148, 9.043920378
9.053795405, 9.053938471
9.063795125, 9.063929150
9.073795148, 9.073935375
9.083802778, 9.083941739
9.093795129, 9.093953805
9.103795142, 9.103934127
9.113795069, 9.113971949
9.123795069, 9.123958006
9.133795162, 9.133925551
9.143795140, 9.143952434
9.153795148, 9.153962041
9.163795144, 9.163948924
9.173795149, 9.173931766
9.183795144, 9.183969112
9.193795152, 9.193929451
9.203800641, 9.203917242
9.213795157, 9.213952929
9.223795144, 9.223928526
9.233795083, 9.233926274
9.243795096, 9.243900746
9.253795141, 9.253905213
9.263800504, 9.263922948
9.273808526, 9.274018694
9.283807255, 9.283969723
9.293795144, 9.293927414
9.303809714, 9.303931834
9.313795091, 9.313895795
9.323796568, 9.323916525
9.333795149, 9.333968275
9.343795189, 9.343956094
9.353795162, 9.353944970
9.363795131, 9.363990284
9.373795087, 9.373919493
9.383795071, 9.383955523
9.393797265, 9.393915915
9.403795314, 9.403939009
9.413795072, 9.413945434
9.423795077, 9.423922673
9.433795073, 9.433924229
9.443801252, 9.443914882
9.453795070, 9.453962379
9.463795142, 9.463898551
9.473801604, 9.473928428
9.483801663, 9.483952046
9.493799529, 9.493949522
9.503803005, 9.503994198
9.513795151, 9.513941327
9.523795074, 9.524000257
9.533795064, 9.533935325
9.543795095, 9.543938037
9.553795088, 9.553900988
9.563797368, 9.563942539
9.573800121, 9.573928562
9.583795071, 9.583927127
9.593800012, 9.593903419
9.603795066, 9.603903722
9.613795155, 9.613926377
9.623795140, 9.623913847
9.633795149, 9.633938015
9.643795066, 9.643931462
9.653795062, 9.653912841
9.663795079, 9.663948031
9.673795091, 9.673949806
9.683799356, 9.683960981
9.693795073, 9.693947308
9.703800832, 9.703971545
9.713799985, 9.713925305
9.723795071, 9.723976482
9.733795080, 9.733924766
9.743795268, 9.744007281
9.753795083, 9.753959058
9.763795148, 9.763974773
9.773795148, 9.773925794
9.783795253, 9.783913789
9.793795144, 9.793906539
9.803795145, 9.803901818
9.813795159, 9.813940577
9.823801256, 9.823967020
9.833795135, 9.833992135
9.843795066, 9.843926223
9.853795163, 9.853897625
9.863803889, 9.863941745
9.873795070, 9.873875969
9.883795074, 9.883945855
9.893795066, 9.893905679
9.903796950, 9.903947230
9.913797975, 9.913947551
9.923795358, 9.923917479
9.933795066, 9.933962905
9.943808152, 9.943973640
9.953795089, 9.953916976
9.963795071, 9.963918110
9.973795089, 9.973923419
9.983795158, 9.983961082
9.993795162, 9.993893698
10.003795071, 10.003904257
10.013795064, 10.013882597
10.023795065, 10.023901003
10.033795054, 10.033931483
10.043795087, 10.043907132
10.053795053, 10.053915282
10.063795057, 10.063907421
10.073795050, 10.073904089
10.083795055, 10.083901685
10.093795084, 10.093935343
10.103795058, 10.103932279
10.113795069, 10.113932051
10.123795060, 10.123935991
10.133795064, 10.133936674
10.143795063, 10.144000727
10.153795069, 10.153982881
10.163795071, 10.164021518
10.173795066, 10.173986532
10.183795063, 10.184000782
10.193795067, 10.193984948
10.203795088, 10.204017002
10.213795063, 10.213986551
10.223795080, 10.224055890
10.233795062, 10.233994081
10.243795074, 10.244029111
10.253795058, 10.253985355
10.263795079, 10.264022225
10.273795083, 10.273986696
10.283795060, 10.284030562
10.293795061, 10.293987077
10.303795077, 10.303990772
10.313795081, 10.313982240
10.323795077, 10.323983740
10.333795066, 10.334039734
10.343795060, 10.343984859
10.353795066, 10.353977967
10.363795060, 10.363982489
10.373795059, 10.373980395
10.383795060, 10.383980080
10.393795059, 10.393969596
10.403795058, 10.403973246
10.413795059, 10.413962886
10.423795065, 10.423974907
10.433795062, 10.433974362
10.443795060, 10.443976070
10.453795066, 10.453978886
10.463795065, 10.463951847
10.473795066, 10.473980004
10.483795068, 10.483981672
10.493795059, 10.493970595
10.503795068, 10.503971845
10.513795069, 10.513970228
10.523795057, 10.523984306
10.533795062, 10.533972604
10.543795058, 10.544039193
10.553795062, 10.553982240
10.563795060, 10.564038496
10.573795066, 10.573983048
10.583795058, 10.584046156
10.593795070, 10.593982346
10.603795065, 10.604051150
10.613795086, 10.613982872
10.623795060, 10.623978020
10.633795069, 10.633971223
10.643795058, 10.643984490
10.653795069, 10.653979068
10.663795071, 10.663974162
10.673795061, 10.673973972
10.683795055, 10.683983937
10.693795062, 10.693970575
10.703795062, 10.703972823
10.713795061, 10.713969697
10.723795057, 10.723981701
10.733795066, 10.733979971
10.743795063, 10.743979675
10.753795062, 10.753976422
10.763795065, 10.763984658
10.773795062, 10.773971368
10.783795063, 10.783977599
10.793795062, 10.793978864
10.803795068, 10.803973305
10.813795066, 10.813969613
10.823795065, 10.824028621
10.833795069, 10.833977440
10.843795063, 10.843982844
10.853795059, 10.853973792
10.863795065, 10.863978947
10.873795061, 10.873977872
10.883795065, 10.883976835
10.893795061, 10.893971416
10.903795063, 10.903970569
10.913795058, 10.913970041
10.923795065, 10.924027125
10.933795080, 10.933982817
10.943795060, 10.943973612
10.953795062, 10.953978338
10.963795054, 10.963973093
10.973795064, 10.973972514
10.983795060, 10.983971729
10.993795062, 10.993970310
11.003795065, 11.003981392
11.013795067, 11.013978858
11.023795058, 11.024026957
11.033795058, 11.033977756
11.043795063, 11.043982631
11.053795061, 11.053978652
11.063795055, 11.063981240
11.073795059, 11.073971635
11.083795060, 11.083975785
11.093795061, 11.093976081
11.103795054, 11.103973071
11.113795054, 11.113977647
11.123795060, 11.124022036
11.133795073, 11.133984085
11.143795062, 11.143981273
11.153795066, 11.153980161
11.163795058, 11.163966593
11.173795058, 11.173977864
11.183795055, 11.183972517
11.193795059, 11.193978310
11.203795060, 11.203980705
11.213795062, 11.213982153
11.223795055, 11.223971375
11.233795066, 11.233971199
11.243795058, 11.243975397
11.253795056, 11.253977310
11.263795063, 11.263977105
11.273795066, 11.273976771
11.283795065, 11.283979857
11.293795064, 11.293977291
11.303795060, 11.303972429
11.313795061, 11.313971432
11.323795068, 11.324025026
11.333795075, 11.333984230
11.343795066, 11.343978876
11.353795053, 11.353977204
11.363795066, 11.363982399
11.373795061, 11.373980589
11.383795062, 11.383972255
11.393795064, 11.393971328
11.403795062, 11.403981978
11.413795069, 11.413977504
11.423795060, 11.424001091
11.433795080, 11.433982044
11.443795060, 11.443981670
11.453795059, 11.453978567
11.463795060, 11.463891763
11.473795091, 11.473977806
11.483795062, 11.483985779
11.493795062, 11.493971674
11.503795060, 11.503977999
11.513795058, 11.513971645
11.523795060, 11.523969018
11.533795055, 11.533972004
11.543795060, 11.543980161
11.553795056, 11.553977656
11.563795054, 11.563975407
11.573795061, 11.573980335
11.583795062, 11.583974703
11.593795066, 11.593978893
11.603795068, 11.603978519
11.613795058, 11.613971004
11.623795062, 11.623978274
11.633795061, 11.633980127
11.643795062, 11.643983490
11.653795062, 11.653979998
11.663795063, 11.663973704
11.673795067, 11.673979569
11.683795062, 11.683980924
11.693795058, 11.693972345
11.703795065, 11.703970750
11.713795064, 11.713970458
11.723795060, 11.723973441
11.733795065, 11.733973584
11.743795065, 11.743980316
11.753795056, 11.753977904
11.763795065, 11.763975420
11.773795069, 11.773970720
11.783795068, 11.783983481
11.793795053, 11.793971631
11.803795066, 11.803981686
11.813795062, 11.813976974
11.823795068, 11.823970688
11.833795061, 11.833979635
11.843795065, 11.843984503
11.853795059, 11.853979498
11.863795060, 11.863978969
11.873795058, 11.873979574
11.883795066, 11.883982069
11.893795062, 11.893970920
11.903795063, 11.903978265
11.913795064, 11.913977468
11.923795062, 11.923973963
11.933795058, 11.933971197
11.943795066, 11.943974870
11.953795066, 11.953978395
11.963795063, 11.963971233
11.973795069, 11.973979120
11.983795062, 11.983978856
11.993795058, 11.993978556
12.003795069, 12.003974147
12.013795066, 12.013969440
12.023795063, 12.023972796
12.033795063, 12.033971691
12.043795066, 12.043978363
12.053795061, 12.053975324
------------------------------
