------------------------------
test was performed using the following parameters: --mps=100 --burst=1 --reply-every=1 --msg-size=12 --time=10
------------------------------
sockperf: [Total Run] RunTime=10.100 sec; SentMessages=1011; ReceivedMessages=1010
sockperf: ========= Printing statistics for Server No: 0
sockperf: [Valid Duration] RunTime=9.990 sec; SentMessages=1000; ReceivedMessages=1000
sockperf: [2;35m====> avg-lat= 77.846 (std-dev=24.493)[0m
sockperf: # dropped messages = 0; # duplicated messages = 0; # out-of-order messages = 0
sockperf: [2;35mTotal 1000 observations[0m; each percentile contains 10.00 observations
sockperf: ---> <MAX> observation =  176.056
sockperf: ---> percentile  99.99 =  176.056
sockperf: ---> percentile  99.90 =  173.213
sockperf: ---> percentile  99.50 =  163.147
sockperf: ---> percentile  99.00 =  154.565
sockperf: ---> percentile  95.00 =  124.782
sockperf: ---> percentile  90.00 =  108.975
sockperf: ---> percentile  75.00 =   90.750
sockperf: ---> percentile  50.00 =   74.064
sockperf: ---> percentile  25.00 =   62.820
sockperf: ---> <MIN> observation =   27.098
------------------------------
txTime, rxTime
2.063039801, 2.063196366
2.073039823, 2.073171228
2.083039816, 2.083216519
2.093039812, 2.093242773
2.103039801, 2.103235132
2.113039825, 2.113281239
2.123039808, 2.123209522
2.133039792, 2.133227668
2.143039816, 2.143222894
2.153039794, 2.153257715
2.163039832, 2.163155935
2.173039793, 2.173277146
2.183039804, 2.183202584
2.193039801, 2.193308353
2.203039804, 2.203185140
2.213039798, 2.213236068
2.223039802, 2.223199594
2.233039812, 2.233175630
2.243039801, 2.243157306
2.253039832, 2.253186127
2.263039805, 2.263162468
2.273039800, 2.273157300
2.283039793, 2.283169645
2.293039800, 2.293195120
2.303039796, 2.303160958
2.313039801, 2.313207301
2.323039802, 2.323196726
2.333039798, 2.333201727
2.343039793, 2.343255870
2.353039795, 2.353206921
2.363039799, 2.363193455
2.373039795, 2.373173776
2.383039796, 2.383231405
2.393039800, 2.393194998
2.403039794, 2.403186318
2.413039792, 2.413307786
2.423039790, 2.423251264
2.433039793, 2.433220379
2.443039794, 2.443365320
2.453039798, 2.453204289
2.463039796, 2.463270110
2.473039812, 2.473344850
2.483039801, 2.483225291
2.493039800, 2.493189431
2.503039793, 2.503221449
2.513039800, 2.513202959
2.523039794, 2.523215199
2.533039796, 2.533187927
2.543039793, 2.543194301
2.553039803, 2.553240018
2.563039804, 2.563235820
2.573039790, 2.573211549
2.583039788, 2.583193747
2.593039801, 2.593184429
2.603039804, 2.603195369
2.613039798, 2.613218988
2.623039801, 2.623209122
2.633039798, 2.633255334
2.643039794, 2.643174666
2.653039809, 2.653225321
2.663039793, 2.663202441
2.673039792, 2.673267529
2.683039795, 2.683202305
2.693039794, 2.693232645
2.703039797, 2.703168935
2.713039793, 2.713214766
2.723039800, 2.723196569
2.733039802, 2.733229986
2.743039793, 2.743226230
2.753039844, 2.753215328
2.763039796, 2.763354795
2.773039793, 2.773219726
2.783039805, 2.783206396
2.793039801, 2.793254350
2.803039801, 2.803233718
2.813039797, 2.813217726
2.823039788, 2.823185329
2.833039795, 2.833221678
2.843039795, 2.843196469
2.853039804, 2.853247277
2.863039804, 2.863257702
2.873039801, 2.873232476
2.883039792, 2.883150243
2.893039801, 2.893130049
2.903039805, 2.903149240
2.913039796, 2.913137846
2.923039797, 2.923139511
2.933039801, 2.933101947
2.943039791, 2.943093988
2.953039792, 2.953134286
2.963039793, 2.963180857
2.973039811, 2.973127418
2.983039808, 2.983099156
2.993039797, 2.993160324
3.003039805, 3.003160505
3.013039801, 3.013178631
3.023039799, 3.023196467
3.033039801, 3.033136675
3.043039805, 3.043159800
3.053039790, 3.053182162
3.063039793, 3.063230632
3.073039814, 3.073210325
3.083039807, 3.083206722
3.093039797, 3.093189331
3.103039796, 3.103179024
3.113039801, 3.113196762
3.123039799, 3.123230742
3.133039800, 3.133246287
3.143039801, 3.143239019
3.153039790, 3.153193917
3.163039797, 3.163229923
3.173039801, 3.173221836
3.183039796, 3.183192157
3.193039797, 3.193226348
3.203039838, 3.203194119
3.213039816, 3.213227604
3.223039800, 3.223175150
3.233039798, 3.233246792
3.243039797, 3.243214224
3.253039829, 3.253240470
3.263039792, 3.263238641
3.273039799, 3.273205030
3.283039809, 3.283243399
3.293039793, 3.293211928
3.303039795, 3.303336738
3.313039802, 3.313179518
3.323039804, 3.323247280
3.333039800, 3.333319531
3.343039799, 3.343303431
3.353039800, 3.353196661
3.363039794, 3.363205339
3.373039792, 3.373209149
3.383039799, 3.383236169
3.393039804, 3.393209744
3.403039797, 3.403243023
3.413039792, 3.413272704
3.423039791, 3.423254992
3.433039800, 3.433162897
3.443039799, 3.443183383
3.453039795, 3.453201582
3.463039791, 3.463204764
3.473039792, 3.473190059
3.483039796, 3.483261109
3.493039801, 3.493230911
3.503039795, 3.503226821
3.513039801, 3.513138601
3.523039804, 3.523118788
3.533039797, 3.533103442
3.543039804, 3.543137915
3.553039792, 3.553112183
3.563039805, 3.563136387
3.573039812, 3.573133812
3.583039801, 3.583135193
3.593039793, 3.593106549
3.603039799, 3.603126631
3.613039809, 3.613131103
3.623039802, 3.623125718
3.633039809, 3.633122790
3.643039801, 3.643158668
3.653039800, 3.653123024
3.663039788, 3.663153502
3.673039795, 3.673182345
3.683039799, 3.683181956
3.693039793, 3.693226527
3.703039801, 3.703195755
3.713039793, 3.713239447
3.723039791, 3.723183735
3.733039795, 3.733166740
3.743039857, 3.743191361
3.753039849, 3.753181674
3.763039797, 3.763165017
3.773039801, 3.773194581
3.783039796, 3.783204537
3.793039792, 3.793171851
3.803039792, 3.803221479
3.813039797, 3.813180986
3.823039795, 3.823189202
3.833039786, 3.833232815
3.843039790, 3.843186087
3.853039801, 3.853202263
3.863039798, 3.863229941
3.873039799, 3.873198795
3.883039798, 3.883214361
3.893039790, 3.893225723
3.903039799, 3.903289364
3.913039793, 3.913244355
3.923039793, 3.923197119
3.933039800, 3.933194117
3.943039808, 3.943182961
3.953039800, 3.953187740
3.963039788, 3.963205636
3.973039801, 3.973170342
3.983039808, 3.983182868
3.993039793, 3.993218811
4.003039797, 4.003198152
4.013039798, 4.013182673
4.023039793, 4.023172793
4.033039800, 4.033243837
4.043039808, 4.043196827
4.053039793, 4.053215565
4.063039799, 4.063186940
4.073039800, 4.073151703
4.083039791, 4.083168203
4.093039801, 4.093173823
4.103039797, 4.103172818
4.113039797, 4.113145175
4.123039812, 4.123132021
4.133039800, 4.133151908
4.143039789, 4.143182903
4.153039814, 4.153214689
4.163039796, 4.163169508
4.173039803, 4.173184314
4.183039805, 4.183132934
4.193039819, 4.193187169
4.203039808, 4.203178594
4.213039800, 4.213172134
4.223039799, 4.223161532
4.233039808, 4.233146281
4.243039797, 4.243206375
4.253039825, 4.253174515
4.263039807, 4.263178177
4.273039800, 4.273189003
4.283039799, 4.283227853
4.293039798, 4.293224490
4.303039805, 4.303209847
4.313039804, 4.313302390
4.323039804, 4.323366098
4.333039795, 4.333194411
4.343039796, 4.343324714
4.353039792, 4.353214409
4.363039813, 4.363200656
4.373039798, 4.373317994
4.383039787, 4.383262260
4.393039800, 4.393292536
4.403039794, 4.403319926
4.413039795, 4.413210271
4.423039797, 4.423189931
4.433039797, 4.433176236
4.443039791, 4.443254863
4.453039793, 4.453217278
4.463039801, 4.463219017
4.473039798, 4.473261115
4.483039799, 4.483198442
4.493039798, 4.493222491
4.503039792, 4.503207751
4.513039792, 4.513195386
4.523039801, 4.523195632
4.533039803, 4.533224631
4.543039797, 4.543207524
4.553039798, 4.553201735
4.563039799, 4.563224996
4.573039801, 4.573223453
4.583039805, 4.583214044
4.593039797, 4.593210792
4.603039802, 4.603207433
4.613039793, 4.613265330
4.623039789, 4.623192360
4.633039801, 4.633217524
4.643039799, 4.643194702
4.653039798, 4.653258845
4.663039807, 4.663240924
4.673039790, 4.673219342
4.683039791, 4.683224031
4.693039800, 4.693243206
4.703039804, 4.703293669
4.713039799, 4.713153026
4.723039796, 4.723184899
4.733039795, 4.733153782
4.743039791, 4.743132804
4.753039800, 4.753126249
4.763039826, 4.763139125
4.773039808, 4.773154122
4.783039794, 4.783167232
4.793039808, 4.793108812
4.803039793, 4.803140890
4.813039798, 4.813154943
4.823039802, 4.823137495
4.833039801, 4.833138132
4.843039794, 4.843192443
4.853039800, 4.853117059
4.863039796, 4.863157471
4.873039800, 4.873138290
4.883039801, 4.883134222
4.893039792, 4.893129169
4.903039801, 4.903156908
4.913039795, 4.913141224
4.923039794, 4.923123708
4.933039797, 4.933143932
4.943039799, 4.943163462
4.953039795, 4.953112890
4.963039796, 4.963139864
4.973039800, 4.973122501
4.983039796, 4.983129711
4.993039803, 4.993161625
5.003039796, 5.003171885
5.013039795, 5.013253602
5.023039802, 5.023210469
5.033039808, 5.033216419
5.043039801, 5.043202917
5.053039795, 5.053206586
5.063039794, 5.063202663
5.073039793, 5.073203202
5.083039794, 5.083197276
5.093039797, 5.093224767
5.103039791, 5.103198035
5.113039801, 5.113216776
5.123039801, 5.123145069
5.133039792, 5.133165852
5.143039796, 5.143139069
5.153039797, 5.153152330
5.163039791, 5.163185098
5.173039792, 5.173141981
5.183039795, 5.183123992
5.193039793, 5.193241311
5.203039808, 5.203236411
5.213039815, 5.213169760
5.223039793, 5.223135296
5.233039797, 5.233132413
5.243039793, 5.243147842
5.253039798, 5.253148357
5.263039821, 5.263116837
5.273039792, 5.273134128
5.283039791, 5.283135856
5.293039792, 5.293168155
5.303039796, 5.303230497
5.313039804, 5.313126819
5.323039815, 5.323100121
5.333039820, 5.333121742
5.343039794, 5.343170696
5.353039811, 5.353113508
5.363039802, 5.363127837
5.373039808, 5.373221097
5.383039796, 5.383114429
5.393039795, 5.393167419
5.403039801, 5.403128325
5.413039811, 5.413151275
5.423039799, 5.423113995
5.433039801, 5.433129117
5.443039804, 5.443116568
5.453039790, 5.453127985
5.463039788, 5.463159682
5.473039800, 5.473186144
5.483039793, 5.483137620
5.493039795, 5.493133462
5.503039812, 5.503132245
5.513039801, 5.513206369
5.523039799, 5.523217659
5.533039798, 5.533274278
5.543039807, 5.543154683
5.553039809, 5.553193318
5.563039804, 5.563209751
5.573039797, 5.573135361
5.583039791, 5.583171960
5.593039797, 5.593188994
5.603039801, 5.603193055
5.613039806, 5.613146758
5.623039799, 5.623190062
5.633039804, 5.633192001
5.643039791, 5.643215394
5.653039800, 5.653237982
5.663039797, 5.663138907
5.673039800, 5.673143895
5.683039794, 5.683171045
5.693039790, 5.693196125
5.703039799, 5.703196256
5.713039793, 5.713183602
5.723039801, 5.723180822
5.733039811, 5.733199389
5.743039797, 5.743181606
5.753039799, 5.753188584
5.763039829, 5.763195983
5.773039808, 5.773222524
5.783039800, 5.783180274
5.793039793, 5.793166206
5.803039797, 5.803157782
5.813039791, 5.813241416
5.823039792, 5.823240787
5.833039798, 5.833202541
5.843039817, 5.843197483
5.853039794, 5.853211872
5.863040047, 5.863181893
5.873039795, 5.873221018
5.883039802, 5.883223587
5.893039812, 5.893206169
5.903039801, 5.903205320
5.913039793, 5.913169499
5.923039793, 5.923153810
5.933039795, 5.933182735
5.943039793, 5.943212125
5.953039808, 5.953212846
5.963039797, 5.963124144
5.973039811, 5.973196564
5.983039801, 5.983182431
5.993039803, 5.993241263
6.003039797, 6.003199300
6.013039808, 6.013157297
6.023039793, 6.023184744
6.033039792, 6.033258205
6.043039793, 6.043256469
6.053039795, 6.053209368
6.063039805, 6.063217872
6.073039800, 6.073268847
6.083039791, 6.083205578
6.093039808, 6.093194384
6.103039801, 6.103225825
6.113039811, 6.113212934
6.123039789, 6.123181577
6.133039808, 6.133165524
6.143039798, 6.143257750
6.153039806, 6.153211846
6.163039799, 6.163205972
6.173039809, 6.173209094
6.183039789, 6.183190865
6.193039795, 6.193216348
6.203039797, 6.203260815
6.213039801, 6.213191152
6.223039797, 6.223139789
6.233039812, 6.233234478
6.243039794, 6.243281642
6.253039795, 6.253216891
6.263039802, 6.263205229
6.273039863, 6.273279589
6.283039817, 6.283304214
6.293039798, 6.293348929
6.303039816, 6.303253193
6.313039793, 6.313264147
6.323039799, 6.323189309
6.333039798, 6.333261865
6.343039821, 6.343309150
6.353039793, 6.353300754
6.363039796, 6.363357807
6.373039825, 6.373332950
6.383039804, 6.383275097
6.393039800, 6.393273860
6.403039815, 6.403252182
6.413039797, 6.413276132
6.423039807, 6.423250344
6.433039798, 6.433223998
6.443039802, 6.443195461
6.453039797, 6.453236463
6.463039801, 6.463203312
6.473039795, 6.473273039
6.483039815, 6.483238708
6.493039797, 6.493281879
6.503039810, 6.503298918
6.513039793, 6.513379249
6.523039823, 6.523349608
6.533039800, 6.533186139
6.543039823, 6.543196984
6.553039800, 6.553209601
6.563039802, 6.563176332
6.573039808, 6.573197059
6.583039824, 6.583189712
6.593039801, 6.593175940
6.603039797, 6.603172387
6.613039794, 6.613167877
6.623039793, 6.623210301
6.633039800, 6.633278142
6.643039797, 6.643231335
6.653039801, 6.653219275
6.663039796, 6.663236461
6.673039800, 6.673184854
6.683039794, 6.683208402
6.693039795, 6.693297889
6.703039796, 6.703335983
6.713039795, 6.713242717
6.723039797, 6.723233571
6.733039800, 6.733227915
6.743039801, 6.743288459
6.753039792, 6.753306578
6.763039819, 6.763278402
6.773039798, 6.773206284
6.783039793, 6.783199279
6.793039797, 6.793234714
6.803039797, 6.803250407
6.813039801, 6.813249721
6.823039793, 6.823259251
6.833039795, 6.833290724
6.843039796, 6.843249570
6.853039798, 6.853263072
6.863039796, 6.863224025
6.873039801, 6.873252046
6.883039793, 6.883187769
6.893039797, 6.893221711
6.903039807, 6.903259003
6.913039793, 6.913232375
6.923040091, 6.923135293
6.933039800, 6.933114675
6.943039801, 6.943160184
6.953039794, 6.953153680
6.963039796, 6.963135515
6.973039795, 6.973121817
6.983039795, 6.983106900
6.993039809, 6.993128257
7.003039797, 7.003147799
7.013039796, 7.013131603
7.023039794, 7.023131282
7.033039802, 7.033211418
7.043039800, 7.043158747
7.053039795, 7.053138440
7.063039794, 7.063163540
7.073039795, 7.073102457
7.083039795, 7.083122064
7.093039793, 7.093116449
7.103039795, 7.103121723
7.113039798, 7.113178195
7.123039800, 7.123145377
7.133039796, 7.133181817
7.143039802, 7.143129101
7.153039804, 7.153123576
7.163039791, 7.163157446
7.173039799, 7.173140541
7.183039794, 7.183127347
7.193039796, 7.193212981
7.203039840, 7.203145129
7.213039809, 7.213138025
7.223039794, 7.223132745
7.233039796, 7.233108295
7.243039794, 7.243148085
7.253039799, 7.253123544
7.263039805, 7.263208092
7.273039801, 7.273300361
7.283039794, 7.283221431
7.293039795, 7.293222798
7.303039799, 7.303221712
7.313039797, 7.313290894
7.323039800, 7.323188060
7.333039812, 7.333198041
7.343039801, 7.343231828
7.353039806, 7.353192690
7.363039791, 7.363214037
7.373039798, 7.373199344
7.383039796, 7.383204679
7.393039797, 7.393216078
7.403039801, 7.403188882
7.413039797, 7.413160118
7.423039799, 7.423164821
7.433039789, 7.433186244
7.443039791, 7.443194710
7.453039800, 7.453153797
7.463039791, 7.463213691
7.473039793, 7.473157152
7.483039796, 7.483156188
7.493039798, 7.493196356
7.503039797, 7.503157857
7.513039795, 7.513247989
7.523039794, 7.523238270
7.533039792, 7.533193997
7.543039797, 7.543314975
7.553039797, 7.553216136
7.563039801, 7.563296593
7.573039801, 7.573319726
7.583039794, 7.583279871
7.593039795, 7.593173690
7.603039816, 7.603197778
7.613039816, 7.613245303
7.623039801, 7.623254899
7.633039799, 7.633208626
7.643039794, 7.643176985
7.653039795, 7.653204281
7.663039794, 7.663120250
7.673039793, 7.673143897
7.683039799, 7.683138896
7.693039793, 7.693175155
7.703039799, 7.703117666
7.713039793, 7.713115871
7.723039799, 7.723121567
7.733039798, 7.733129320
7.743039792, 7.743126742
7.753039815, 7.753131212
7.763039816, 7.763104551
7.773039801, 7.773142726
7.783039792, 7.783140803
7.793039796, 7.793118522
7.803039797, 7.803173677
7.813039817, 7.813255798
7.823039800, 7.823261936
7.833039799, 7.833225137
7.843039794, 7.843282151
7.853039796, 7.853220574
7.863039816, 7.863247158
7.873039798, 7.873221898
7.883039799, 7.883231346
7.893039793, 7.893216685
7.903039792, 7.903186608
7.913039796, 7.913188991
7.923039795, 7.923238800
7.933039793, 7.933213095
7.943039793, 7.943212371
7.953039797, 7.953198648
7.963039814, 7.963203538
7.973039815, 7.973230123
7.983039793, 7.983205341
7.993039793, 7.993103627
8.003039793, 8.003163714
8.013039792, 8.013185975
8.023039791, 8.023187330
8.033039798, 8.033270647
8.043039797, 8.043197481
8.053039797, 8.053171435
8.063039813, 8.063199442
8.073039795, 8.073216545
8.083039795, 8.083246731
8.093039801, 8.093226811
8.103039794, 8.103223315
8.113039793, 8.113211860
8.123039801, 8.123239569
8.133039797, 8.133196656
8.143039796, 8.143173864
8.153039797, 8.153232279
8.163039801, 8.163200201
8.173039792, 8.173196724
8.183039807, 8.183206023
8.193039795, 8.193216006
8.203039794, 8.203193853
8.213039803, 8.213237209
8.223039802, 8.223209324
8.233039800, 8.233237906
8.243039799, 8.243280024
8.253039797, 8.253291261
8.263039812, 8.263236650
8.273039793, 8.273286816
8.283039789, 8.283242015
8.293039795, 8.293327238
8.303039794, 8.303215533
8.313039804, 8.313326837
8.323039812, 8.323341448
8.333039811, 8.333288027
8.343039796, 8.343246010
8.353039792, 8.353382187
8.363039795, 8.363332285
8.373039797, 8.373377219
8.383039826, 8.383295249
8.393039800, 8.393249345
8.403039818, 8.403201991
8.413039792, 8.413288211
8.423039805, 8.423176770
8.433039801, 8.433258170
8.443039802, 8.443169065
8.453039797, 8.453195434
8.463039793, 8.463184594
8.473039805, 8.473289887
8.483039799, 8.483226549
8.493039793, 8.493208344
8.503039797, 8.503237707
8.513039796, 8.513243396
8.523039793, 8.523233017
8.533039796, 8.533219775
8.543039801, 8.543219928
8.553039814, 8.553208641
8.563039799, 8.563168191
8.573039793, 8.573251948
8.583039802, 8.583182669
8.593039806, 8.593197051
8.603039799, 8.603201679
8.613039793, 8.613206634
8.623039796, 8.623221218
8.633039792, 8.633244378
8.643039807, 8.643183054
8.653039811, 8.653197179
8.663039801, 8.663179344
8.673039801, 8.673203314
8.683039797, 8.683213557
8.693039790, 8.693147273
8.703039796, 8.703182314
8.713039800, 8.713214902
8.723039796, 8.723189894
8.733039792, 8.733203728
8.743039796, 8.743199898
8.753039795, 8.753182049
8.763039804, 8.763236458
8.773039793, 8.773222247
8.783039797, 8.783177165
8.793039800, 8.793264200
8.803039802, 8.803243141
8.813039792, 8.813205381
8.823039796, 8.823187049
8.833039795, 8.833229286
8.843039797, 8.843196965
8.853039806, 8.853234114
8.863039793, 8.863188089
8.873039801, 8.873197369
8.883039794, 8.883220804
8.893039806, 8.893239118
8.903039799, 8.903195487
8.913039801, 8.913232045
8.923039791, 8.923167695
8.933039812, 8.933309553
8.943039799, 8.943386226
8.953039809, 8.953227698
8.963039799, 8.963195434
8.973039792, 8.973210618
8.983039793, 8.983391906
8.993039806, 8.993159728
9.003039812, 9.003285764
9.013039797, 9.013208504
9.023039797, 9.023163090
9.033039795, 9.033151330
9.043039799, 9.043178299
9.053039811, 9.053272101
9.063039790, 9.063245055
9.073039801, 9.073206346
9.083039794, 9.083205539
9.093039796, 9.093122932
9.103039795, 9.103181433
9.113039799, 9.113321005
9.123039789, 9.123169848
9.133039798, 9.133190103
9.143039792, 9.143193328
9.153039797, 9.153175679
9.163039791, 9.163199923
9.173039795, 9.173165698
9.183039801, 9.183177581
9.193039797, 9.193235158
9.203039796, 9.203265540
9.213039793, 9.213235298
9.223039799, 9.223163385
9.233039797, 9.233221297
9.243039798, 9.243323726
9.253039800, 9.253201194
9.263039829, 9.263300072
9.273039793, 9.273189117
9.283039801, 9.283280764
9.293039800, 9.293207131
9.303039796, 9.303231760
9.313039793, 9.313254851
9.323039802, 9.323231706
9.333039799, 9.333254285
9.343039802, 9.343191467
9.353039800, 9.353153887
9.363039801, 9.363279062
9.373039792, 9.373236183
9.383039801, 9.383242223
9.393039793, 9.393163147
9.403039794, 9.403247715
9.413039790, 9.413224673
9.423039791, 9.423175527
9.433039797, 9.433275301
9.443039796, 9.443283432
9.453039795, 9.453344155
9.463039795, 9.463276335
9.473039797, 9.473288202
9.483039794, 9.483240006
9.493039797, 9.493206331
9.503039794, 9.503270703
9.513039792, 9.513207336
9.523039795, 9.523166476
9.533039794, 9.533145375
9.543039791, 9.543133273
9.553039800, 9.553179206
9.563039831, 9.563174405
9.573039803, 9.573197856
9.583039805, 9.583151433
9.593039798, 9.593127940
9.603039796, 9.603119611
9.613039800, 9.613187944
9.623039797, 9.623167092
9.633039792, 9.633167418
9.643039796, 9.643124851
9.653039790, 9.653137624
9.663039793, 9.663120269
9.673039795, 9.673136628
9.683039801, 9.683127032
9.693039798, 9.693162841
9.703039797, 9.703203568
9.713039792, 9.713238445
9.723039796, 9.723192384
9.733039800, 9.733205474
9.743039797, 9.743115817
9.753039800, 9.753149626
9.763039826, 9.763239170
9.773039795, 9.773191274
9.783039796, 9.783179815
9.793039795, 9.793219048
9.803039801, 9.803311873
9.813039793, 9.813202316
9.823039802, 9.823197159
9.833039792, 9.833131261
9.843039797, 9.843151952
9.853039800, 9.853205613
9.863039802, 9.863175353
9.873039798, 9.873139176
9.883039793, 9.883146298
9.893039795, 9.893188346
9.903039796, 9.903152500
9.913039804, 9.913147356
9.923039797, 9.923233690
9.933039811, 9.933233980
9.943039808, 9.943189149
9.953039797, 9.953205983
9.963039798, 9.963142980
9.973039794, 9.973120861
9.983039803, 9.983134351
9.993039883, 9.993139613
10.003039800, 10.003186777
10.013039801, 10.013175492
10.023039795, 10.023187254
10.033039799, 10.033183891
10.043039800, 10.043144551
10.053039791, 10.053187921
10.063039793, 10.063176065
10.073039796, 10.073171131
10.083039793, 10.083179867
10.093039794, 10.093170613
10.103039795, 10.103169224
10.113039859, 10.113172800
10.123039797, 10.123220841
10.133039790, 10.133174170
10.143039790, 10.143168256
10.153039800, 10.153169815
10.163039796, 10.163132273
10.173039799, 10.173166627
10.183039798, 10.183164868
10.193039793, 10.193163279
10.203039789, 10.203164425
10.213039793, 10.213169434
10.223039794, 10.223130150
10.233039806, 10.233168406
10.243039799, 10.243165582
10.253039804, 10.253165920
10.263039820, 10.263171686
10.273039804, 10.273169840
10.283039793, 10.283165189
10.293039806, 10.293167145
10.303039805, 10.303163697
10.313039797, 10.313184606
10.323039793, 10.323209788
10.333039814, 10.333167449
10.343039792, 10.343177475
10.353039801, 10.353173360
10.363039817, 10.363178189
10.373039812, 10.373168988
10.383039787, 10.383164515
10.393039801, 10.393164997
10.403039808, 10.403166576
10.413039808, 10.413167397
10.423039792, 10.423146065
10.433039789, 10.433165503
10.443039794, 10.443163661
10.453039790, 10.453166840
10.463039817, 10.463180242
10.473039801, 10.473168874
10.483039793, 10.483166941
10.493039808, 10.493165956
10.503039788, 10.503164807
10.513039800, 10.513155257
10.523039794, 10.523207349
10.533039816, 10.533170228
10.543039811, 10.543155305
10.553039819, 10.553169693
10.563039801, 10.563175640
10.573039800, 10.573166725
10.583039798, 10.583168613
10.593039792, 10.593165152
10.603039812, 10.603166330
10.613039797, 10.613172799
10.623039787, 10.623205838
10.633039792, 10.633170237
10.643039799, 10.643156605
10.653039806, 10.653168796
10.663039801, 10.663174917
10.673039803, 10.673166725
10.683039804, 10.683164727
10.693039792, 10.693168325
10.703039803, 10.703165116
10.713039815, 10.713177871
10.723039792, 10.723172275
10.733039811, 10.733165402
10.743039791, 10.743141776
10.753039795, 10.753162095
10.763039817, 10.763182355
10.773039801, 10.773170024
10.783039794, 10.783166172
10.793039788, 10.793168236
10.803039788, 10.803164319
10.813039795, 10.813163728
10.823039796, 10.823197154
10.833039812, 10.833166513
10.843039809, 10.843153993
10.853039792, 10.853169144
10.863039802, 10.863174062
10.873039814, 10.873172734
10.883039804, 10.883165409
10.893039806, 10.893163772
10.903039813, 10.903172420
10.913039809, 10.913169930
10.923039788, 10.923209929
10.933039811, 10.933168056
10.943039792, 10.943154085
10.953039809, 10.953169371
10.963039808, 10.963173380
10.973039801, 10.973170806
10.983039801, 10.983166373
10.993039857, 10.993171211
11.003039807, 11.003167540
11.013039807, 11.013174017
11.023039806, 11.023205456
11.033039800, 11.033170022
11.043039796, 11.043155372
11.053039817, 11.053164112
11.063039815, 11.063168036
11.073039800, 11.073170212
11.083039823, 11.083170772
11.093039797, 11.093167009
11.103039793, 11.103165942
11.113039807, 11.113169478
11.123039807, 11.123204984
11.133039797, 11.133169547
11.143039820, 11.143168032
11.153039787, 11.153166942
11.163039827, 11.163175564
11.173039806, 11.173168691
11.183039798, 11.183161804
11.193039795, 11.193166388
11.203039798, 11.203164954
11.213039797, 11.213161422
11.223039790, 11.223165442
11.233039794, 11.233165356
11.243039793, 11.243165284
11.253039812, 11.253165985
11.263039827, 11.263182461
11.273039790, 11.273173611
11.283039793, 11.283167794
11.293039810, 11.293163771
11.303039808, 11.303165213
11.313039795, 11.313162351
11.323039809, 11.323159431
11.333039792, 11.333168720
11.343039791, 11.343166254
11.353039800, 11.353168117
11.363039795, 11.363170467
11.373039806, 11.373173607
11.383039808, 11.383170915
11.393039792, 11.393170360
11.403039789, 11.403170865
11.413039792, 11.413161583
11.423039801, 11.423213620
11.433039812, 11.433174947
11.443039804, 11.443166352
11.453039795, 11.453169820
11.463039793, 11.463166703
11.473039795, 11.473166973
11.483039799, 11.483169910
11.493039810, 11.493165455
11.503039794, 11.503164828
11.513039786, 11.513166457
11.523039793, 11.523165576
11.533039797, 11.533166789
11.543039795, 11.543164492
11.553039794, 11.553162847
11.563039815, 11.563178152
11.573039811, 11.573169759
11.583039792, 11.583171535
11.593039811, 11.593165784
11.603039793, 11.603165293
11.613039815, 11.613162784
11.623039799, 11.623167909
11.633039795, 11.633165042
11.643039796, 11.643163530
11.653039808, 11.653165728
11.663039806, 11.663175923
11.673039790, 11.673170745
11.683039795, 11.683166640
11.693039801, 11.693165482
11.703039788, 11.703172255
11.713039793, 11.713162866
11.723039795, 11.723164283
11.733039806, 11.733167580
11.743039808, 11.743168651
11.753039804, 11.753170172
11.763039825, 11.763179658
11.773039800, 11.773169316
11.783039817, 11.783175162
11.793039800, 11.793167498
11.803039813, 11.803165454
11.813039799, 11.813170190
11.823039793, 11.823137713
11.833039809, 11.833169636
11.843039804, 11.843167908
11.853039801, 11.853167741
11.863039821, 11.863167832
11.873039803, 11.873167399
11.883039793, 11.883163909
11.893039795, 11.893165727
11.903039791, 11.903164358
11.913039815, 11.913212749
11.923039799, 11.923165257
11.933039795, 11.933165328
11.943039790, 11.943166028
11.953039807, 11.953166160
11.963039841, 11.963167648
11.973039824, 11.973169034
11.983039800, 11.983165842
11.993039808, 11.993167565
12.003039796, 12.003164924
12.013039800, 12.013163682
12.023039797, 12.023135888
12.033039800, 12.033164366
12.043039815, 12.043164905
12.053039793, 12.053167374
------------------------------
