------------------------------
test was performed using the following parameters: --mps=100 --burst=1 --reply-every=1 --msg-size=12 --time=10
------------------------------
sockperf: [Total Run] RunTime=10.100 sec; SentMessages=1011; ReceivedMessages=1010
sockperf: ========= Printing statistics for Server No: 0
sockperf: [Valid Duration] RunTime=9.990 sec; SentMessages=1000; ReceivedMessages=1000
sockperf: [2;35m====> avg-lat= 79.196 (std-dev=15.064)[0m
sockperf: # dropped messages = 0; # duplicated messages = 0; # out-of-order messages = 0
sockperf: [2;35mTotal 1000 observations[0m; each percentile contains 10.00 observations
sockperf: ---> <MAX> observation =  137.663
sockperf: ---> percentile  99.99 =  137.663
sockperf: ---> percentile  99.90 =  117.145
sockperf: ---> percentile  99.50 =  107.641
sockperf: ---> percentile  99.00 =  104.532
sockperf: ---> percentile  95.00 =   97.523
sockperf: ---> percentile  90.00 =   93.575
sockperf: ---> percentile  75.00 =   89.230
sockperf: ---> percentile  50.00 =   83.875
sockperf: ---> percentile  25.00 =   69.832
sockperf: ---> <MIN> observation =   31.227
------------------------------
txTime, rxTime
2.063302152, 2.063497271
2.073302141, 2.073536432
2.083302138, 2.083486891
2.093302144, 2.093531323
2.103302141, 2.103491111
2.113302149, 2.113506980
2.123302154, 2.123500475
2.133302149, 2.133511788
2.143302165, 2.143481684
2.153302154, 2.153439714
2.163302160, 2.163489850
2.173302163, 2.173479891
2.183302162, 2.183475879
2.193302151, 2.193442381
2.203302163, 2.203494620
2.213302165, 2.213496319
2.223302163, 2.223464449
2.233302146, 2.233491603
2.243302146, 2.243504847
2.253302144, 2.253488123
2.263302145, 2.263489118
2.273302147, 2.273486925
2.283302165, 2.283502594
2.293302152, 2.293472474
2.303302163, 2.303474460
2.313302157, 2.313466625
2.323302138, 2.323499122
2.333302144, 2.333504950
2.343302155, 2.343475787
2.353302148, 2.353470804
2.363302144, 2.363473970
2.373302159, 2.373489875
2.383302142, 2.383466772
2.393302143, 2.393465946
2.403302168, 2.403469327
2.413302143, 2.413470065
2.423302158, 2.423499211
2.433302194, 2.433464788
2.443302173, 2.443472792
2.453302136, 2.453469380
2.463302162, 2.463504577
2.473302145, 2.473509131
2.483302145, 2.483495763
2.493302161, 2.493491314
2.503302149, 2.503469614
2.513302146, 2.513440592
2.523302145, 2.523465892
2.533302141, 2.533439793
2.543302144, 2.543464175
2.553302164, 2.553459900
2.563302139, 2.563448877
2.573302142, 2.573462277
2.583302134, 2.583428516
2.593302150, 2.593437693
2.603302149, 2.603445887
2.613302144, 2.613450718
2.623302134, 2.623469041
2.633302164, 2.633427348
2.643302141, 2.643430145
2.653302142, 2.653448746
2.663302147, 2.663440228
2.673302148, 2.673436067
2.683302150, 2.683447539
2.693302142, 2.693422042
2.703302145, 2.703452154
2.713302142, 2.713450501
2.723302144, 2.723454952
2.733302145, 2.733437064
2.743302138, 2.743433321
2.753302147, 2.753476690
2.763302155, 2.763436633
2.773302150, 2.773440549
2.783302149, 2.783438168
2.793302147, 2.793442442
2.803302145, 2.803513712
2.813302147, 2.813489168
2.823302154, 2.823436566
2.833302144, 2.833428699
2.843302147, 2.843450324
2.853302149, 2.853470732
2.863302144, 2.863448175
2.873302150, 2.873447569
2.883302155, 2.883438506
2.893302142, 2.893441644
2.903302142, 2.903438294
2.913302145, 2.913455289
2.923302150, 2.923428876
2.933302145, 2.933426571
2.943302144, 2.943426535
2.953302146, 2.953389056
2.963302147, 2.963372221
2.973302151, 2.973376402
2.983302147, 2.983374797
2.993302140, 2.993441239
3.003302136, 3.003434857
3.013302141, 3.013446235
3.023302140, 3.023434248
3.033302149, 3.033444143
3.043302143, 3.043430244
3.053302147, 3.053402498
3.063302146, 3.063462103
3.073302138, 3.073462859
3.083302141, 3.083425816
3.093302143, 3.093443157
3.103302162, 3.103446181
3.113302132, 3.113421564
3.123302141, 3.123389516
3.133302141, 3.133401552
3.143302143, 3.143389911
3.153302138, 3.153397058
3.163302160, 3.163398175
3.173302136, 3.173401416
3.183302146, 3.183400074
3.193302143, 3.193395151
3.203302141, 3.203394527
3.213302143, 3.213401770
3.223302147, 3.223421509
3.233302136, 3.233393482
3.243302140, 3.243414549
3.253302140, 3.253383991
3.263302146, 3.263411104
3.273302144, 3.273395929
3.283302144, 3.283397256
3.293302144, 3.293385013
3.303302141, 3.303397472
3.313302136, 3.313380742
3.323302144, 3.323403743
3.333302157, 3.333397404
3.343302144, 3.343419239
3.353302141, 3.353441271
3.363302144, 3.363395495
3.373302147, 3.373440592
3.383302141, 3.383399769
3.393302147, 3.393392372
3.403302140, 3.403391417
3.413302140, 3.413398988
3.423302151, 3.423402461
3.433302136, 3.433429667
3.443302141, 3.443394005
3.453302146, 3.453399509
3.463302157, 3.463463276
3.473302140, 3.473461872
3.483302149, 3.483458081
3.493302141, 3.493502344
3.503302143, 3.503478520
3.513302143, 3.513468316
3.523302147, 3.523444091
3.533302141, 3.533393605
3.543302143, 3.543444801
3.553302144, 3.553400648
3.563302141, 3.563391715
3.573302136, 3.573399633
3.583302144, 3.583398514
3.593302139, 3.593396444
3.603302158, 3.603394975
3.613302147, 3.613404562
3.623302138, 3.623401686
3.633302150, 3.633393575
3.643302138, 3.643395872
3.653302138, 3.653400096
3.663302150, 3.663396791
3.673302141, 3.673397918
3.683302144, 3.683397031
3.693302136, 3.693393477
3.703302147, 3.703391345
3.713302150, 3.713402753
3.723302138, 3.723398631
3.733302141, 3.733394833
3.743302139, 3.743392943
3.753302145, 3.753395776
3.763302141, 3.763399622
3.773302144, 3.773441611
3.783302144, 3.783397094
3.793302149, 3.793397819
3.803302149, 3.803396147
3.813302149, 3.813399339
3.823302139, 3.823395027
3.833302136, 3.833406857
3.843302153, 3.843406924
3.853302142, 3.853396253
3.863302147, 3.863397063
3.873302150, 3.873394427
3.883302149, 3.883397108
3.893302136, 3.893397228
3.903302145, 3.903395798
3.913302147, 3.913396644
3.923302169, 3.923397052
3.933302144, 3.933394446
3.943302141, 3.943398632
3.953302136, 3.953391063
3.963302145, 3.963381400
3.973302144, 3.973385625
3.983302155, 3.983377955
3.993302145, 3.993387187
4.003302147, 4.003367169
4.013302145, 4.013395266
4.023302142, 4.023391742
4.033302149, 4.033395563
4.043302157, 4.043376502
4.053302139, 4.053364594
4.063302145, 4.063390990
4.073302142, 4.073463234
4.083302144, 4.083488293
4.093302141, 4.093478851
4.103302142, 4.103457648
4.113302150, 4.113465301
4.123302144, 4.123476472
4.133302138, 4.133471400
4.143302145, 4.143449642
4.153302144, 4.153473305
4.163302141, 4.163495872
4.173302141, 4.173489435
4.183302145, 4.183476955
4.193302147, 4.193480804
4.203302153, 4.203403069
4.213302138, 4.213382845
4.223302136, 4.223464673
4.233302150, 4.233453382
4.243302145, 4.243434489
4.253302149, 4.253428631
4.263302149, 4.263453572
4.273302152, 4.273441922
4.283302149, 4.283438266
4.293302145, 4.293429432
4.303302145, 4.303446751
4.313302142, 4.313444289
4.323302149, 4.323462627
4.333302149, 4.333468937
4.343302145, 4.343422821
4.353302147, 4.353432610
4.363302142, 4.363456595
4.373302144, 4.373457427
4.383302160, 4.383441825
4.393302145, 4.393437689
4.403302142, 4.403428105
4.413302147, 4.413420481
4.423302147, 4.423440737
4.433302147, 4.433453622
4.443302144, 4.443432787
4.453302145, 4.453432922
4.463302148, 4.463449346
4.473302134, 4.473450328
4.483302143, 4.483441143
4.493302138, 4.493427402
4.503302146, 4.503427146
4.513302146, 4.513457368
4.523302140, 4.523430661
4.533302143, 4.533433602
4.543302149, 4.543428948
4.553302159, 4.553438080
4.563302151, 4.563439596
4.573302140, 4.573443461
4.583302146, 4.583427806
4.593302145, 4.593462905
4.603302143, 4.603455998
4.613302146, 4.613419921
4.623302148, 4.623435208
4.633302143, 4.633442114
4.643302145, 4.643436152
4.653302134, 4.653439871
4.663302142, 4.663423613
4.673302139, 4.673432181
4.683302142, 4.683432346
4.693302158, 4.693434599
4.703302138, 4.703434546
4.713302150, 4.713432125
4.723302153, 4.723425702
4.733302141, 4.733436980
4.743302152, 4.743430401
4.753302139, 4.753443083
4.763302142, 4.763422655
4.773302145, 4.773435076
4.783302149, 4.783436090
4.793302149, 4.793420315
4.803302152, 4.803455286
4.813302142, 4.813433210
4.823302147, 4.823441341
4.833302150, 4.833427889
4.843302139, 4.843445641
4.853302144, 4.853449503
4.863302142, 4.863428525
4.873302139, 4.873428303
4.883302142, 4.883418378
4.893302158, 4.893421608
4.903302144, 4.903425222
4.913302144, 4.913436009
4.923302149, 4.923426785
4.933302144, 4.933426414
4.943302142, 4.943446528
4.953302139, 4.953435531
4.963302134, 4.963443882
4.973302141, 4.973440535
4.983302141, 4.983434194
4.993302147, 4.993448369
5.003302142, 5.003447546
5.013302144, 5.013450234
5.023302142, 5.023432220
5.033302144, 5.033435037
5.043302147, 5.043498475
5.053302142, 5.053475122
5.063302149, 5.063479499
5.073302149, 5.073474449
5.083302138, 5.083477486
5.093302144, 5.093482765
5.103302136, 5.103507950
5.113302147, 5.113495613
5.123302141, 5.123484513
5.133302141, 5.133479548
5.143302149, 5.143474007
5.153302145, 5.153491948
5.163302149, 5.163481250
5.173302145, 5.173491443
5.183302139, 5.183476473
5.193302155, 5.193484272
5.203302142, 5.203484297
5.213302142, 5.213492757
5.223302155, 5.223469005
5.233302149, 5.233466877
5.243302142, 5.243470153
5.253302152, 5.253487246
5.263302152, 5.263467464
5.273302149, 5.273490607
5.283302141, 5.283491166
5.293302144, 5.293472195
5.303302151, 5.303488578
5.313302146, 5.313493276
5.323302147, 5.323500811
5.333302141, 5.333502067
5.343302142, 5.343485790
5.353302145, 5.353472695
5.363302147, 5.363467826
5.373302142, 5.373467379
5.383302144, 5.383472916
5.393302141, 5.393464297
5.403302147, 5.403503928
5.413302144, 5.413423756
5.423302147, 5.423433164
5.433302142, 5.433393553
5.443302147, 5.443397337
5.453302133, 5.453393531
5.463302142, 5.463399879
5.473302136, 5.473433087
5.483302157, 5.483439721
5.493302150, 5.493434325
5.503302141, 5.503436879
5.513302141, 5.513462061
5.523302232, 5.523460143
5.533302142, 5.533428195
5.543302145, 5.543425827
5.553302142, 5.553436377
5.563302131, 5.563443864
5.573302144, 5.573455351
5.583302136, 5.583431712
5.593302147, 5.593445053
5.603302141, 5.603433546
5.613302232, 5.613438875
5.623302158, 5.623424097
5.633302138, 5.633440323
5.643302157, 5.643446329
5.653302147, 5.653448090
5.663302155, 5.663450370
5.673302150, 5.673450992
5.683302158, 5.683444033
5.693302147, 5.693445656
5.703302150, 5.703462063
5.713302147, 5.713430444
5.723302153, 5.723447714
5.733302138, 5.733444667
5.743302145, 5.743435225
5.753302134, 5.753427164
5.763302139, 5.763445243
5.773302142, 5.773438068
5.783302157, 5.783439423
5.793302152, 5.793464404
5.803302142, 5.803425574
5.813302161, 5.813463684
5.823302145, 5.823438487
5.833302136, 5.833448895
5.843302138, 5.843452725
5.853302150, 5.853427971
5.863302150, 5.863438196
5.873302150, 5.873440874
5.883302149, 5.883440373
5.893302142, 5.893442999
5.903302149, 5.903447240
5.913302138, 5.913435029
5.923302142, 5.923477056
5.933302171, 5.933466686
5.943302133, 5.943488378
5.953302149, 5.953461564
5.963302149, 5.963474051
5.973302144, 5.973471451
5.983302149, 5.983489635
5.993302136, 5.993473965
6.003302149, 6.003488825
6.013302145, 6.013463279
6.023302144, 6.023456679
6.033302157, 6.033486380
6.043302145, 6.043452147
6.053302149, 6.053467872
6.063302152, 6.063462604
6.073302147, 6.073477503
6.083302145, 6.083475612
6.093302150, 6.093490065
6.103302139, 6.103468487
6.113302149, 6.113472382
6.123302145, 6.123457480
6.133302140, 6.133467666
6.143302147, 6.143481083
6.153302144, 6.153459712
6.163302142, 6.163508981
6.173302149, 6.173490025
6.183302142, 6.183477849
6.193302157, 6.193479016
6.203302153, 6.203491771
6.213302145, 6.213492072
6.223302153, 6.223483421
6.233302148, 6.233492961
6.243302135, 6.243468412
6.253302140, 6.253468785
6.263302149, 6.263471318
6.273302145, 6.273446350
6.283302146, 6.283490992
6.293302142, 6.293485920
6.303302144, 6.303481237
6.313302142, 6.313491298
6.323302158, 6.323480088
6.333302152, 6.333484867
6.343302138, 6.343464878
6.353302145, 6.353481777
6.363302144, 6.363480499
6.373302144, 6.373486534
6.383302149, 6.383465731
6.393302144, 6.393503503
6.403302147, 6.403483506
6.413302149, 6.413465555
6.423302144, 6.423475474
6.433302149, 6.433471958
6.443302147, 6.443494066
6.453302145, 6.453479021
6.463302140, 6.463506714
6.473302139, 6.473466704
6.483302148, 6.483469917
6.493302140, 6.493483656
6.503302142, 6.503472908
6.513302147, 6.513476251
6.523302141, 6.523477148
6.533302144, 6.533474561
6.543302153, 6.543492095
6.553302141, 6.553481719
6.563302149, 6.563481899
6.573302153, 6.573497797
6.583302155, 6.583483940
6.593302141, 6.593491681
6.603302150, 6.603460864
6.613302150, 6.613393712
6.623302155, 6.623437426
6.633302142, 6.633439916
6.643302149, 6.643422841
6.653302147, 6.653437663
6.663302144, 6.663443107
6.673302145, 6.673431093
6.683302139, 6.683459028
6.693302144, 6.693435379
6.703302139, 6.703463665
6.713302144, 6.713441651
6.723302152, 6.723440651
6.733302149, 6.733450584
6.743302158, 6.743429231
6.753302141, 6.753440378
6.763302153, 6.763443492
6.773302141, 6.773441280
6.783302142, 6.783456462
6.793302134, 6.793452856
6.803302141, 6.803448337
6.813302141, 6.813422019
6.823302147, 6.823441493
6.833302158, 6.833428555
6.843302157, 6.843451785
6.853302141, 6.853430321
6.863302144, 6.863452469
6.873302145, 6.873430475
6.883302142, 6.883427979
6.893302149, 6.893445183
6.903302147, 6.903433725
6.913302145, 6.913465448
6.923302144, 6.923431860
6.933302152, 6.933442969
6.943302142, 6.943455362
6.953302139, 6.953445908
6.963302147, 6.963442458
6.973302142, 6.973457699
6.983302142, 6.983433682
6.993302141, 6.993428914
7.003302144, 7.003428600
7.013302149, 7.013449392
7.023302152, 7.023420471
7.033302144, 7.033446552
7.043302142, 7.043516087
7.053302144, 7.053488587
7.063302145, 7.063478389
7.073302145, 7.073482968
7.083302144, 7.083469075
7.093302149, 7.093482974
7.103302147, 7.103496096
7.113302142, 7.113459900
7.123302141, 7.123461882
7.133302158, 7.133476110
7.143302144, 7.143497345
7.153302136, 7.153464415
7.163302149, 7.163455665
7.173302145, 7.173487054
7.183302142, 7.183473631
7.193302147, 7.193511212
7.203302138, 7.203469533
7.213302144, 7.213477891
7.223302152, 7.223472032
7.233302150, 7.233422734
7.243302144, 7.243477951
7.253302145, 7.253490770
7.263302142, 7.263467090
7.273302148, 7.273480146
7.283302131, 7.283467838
7.293302145, 7.293468142
7.303302142, 7.303486290
7.313302139, 7.313479203
7.323302150, 7.323467305
7.333302144, 7.333485853
7.343302154, 7.343462774
7.353302153, 7.353469398
7.363302137, 7.363459164
7.373302142, 7.373432635
7.383302150, 7.383390483
7.393302152, 7.393435597
7.403302147, 7.403435192
7.413302155, 7.413426795
7.423302155, 7.423430213
7.433302147, 7.433396194
7.443302133, 7.443396780
7.453302141, 7.453398673
7.463302144, 7.463397039
7.473302144, 7.473508088
7.483302153, 7.483475761
7.493302136, 7.493485314
7.503302144, 7.503517427
7.513302142, 7.513457599
7.523302139, 7.523469425
7.533302149, 7.533465442
7.543302150, 7.543477757
7.553302139, 7.553461684
7.563302145, 7.563487303
7.573302145, 7.573475701
7.583302152, 7.583465238
7.593302150, 7.593471358
7.603302149, 7.603466244
7.613302138, 7.613483934
7.623302144, 7.623488558
7.633302161, 7.633467714
7.643302157, 7.643469038
7.653302138, 7.653450289
7.663302144, 7.663459155
7.673302139, 7.673412046
7.683302142, 7.683464482
7.693302169, 7.693476699
7.703302147, 7.703461842
7.713302152, 7.713474647
7.723302149, 7.723475993
7.733302147, 7.733456073
7.743302161, 7.743467518
7.753302142, 7.753480877
7.763302145, 7.763453066
7.773302145, 7.773519533
7.783302147, 7.783460983
7.793302157, 7.793475180
7.803302142, 7.803492766
7.813302148, 7.813463121
7.823302147, 7.823467510
7.833302136, 7.833451859
7.843302139, 7.843485305
7.853302142, 7.853483424
7.863302142, 7.863502450
7.873302153, 7.873494681
7.883302142, 7.883494833
7.893302141, 7.893456125
7.903302149, 7.903479805
7.913302145, 7.913479401
7.923302152, 7.923477820
7.933302147, 7.933504627
7.943302147, 7.943481378
7.953302144, 7.953476881
7.963302144, 7.963471571
7.973302145, 7.973486158
7.983302144, 7.983466455
7.993302140, 7.993492970
8.003302142, 8.003489450
8.013302142, 8.013484236
8.023302145, 8.023475964
8.033302143, 8.033487559
8.043302155, 8.043473742
8.053302151, 8.053484029
8.063302143, 8.063481107
8.073302153, 8.073479236
8.083302148, 8.083470917
8.093302137, 8.093497710
8.103302137, 8.103469407
8.113302146, 8.113492999
8.123302143, 8.123497191
8.133302151, 8.133482475
8.143302141, 8.143486392
8.153302141, 8.153485001
8.163302142, 8.163479145
8.173302144, 8.173476486
8.183302145, 8.183473422
8.193302145, 8.193489092
8.203302143, 8.203466244
8.213302144, 8.213459930
8.223302151, 8.223490215
8.233302140, 8.233473839
8.243302141, 8.243479659
8.253302143, 8.253474344
8.263302144, 8.263467210
8.273302144, 8.273463277
8.283302152, 8.283478460
8.293302147, 8.293472211
8.303302162, 8.303473633
8.313302150, 8.313482025
8.323302147, 8.323468958
8.333302157, 8.333485127
8.343302136, 8.343473672
8.353302150, 8.353473549
8.363302145, 8.363469310
8.373302150, 8.373494654
8.383302152, 8.383509854
8.393302149, 8.393531929
8.403302144, 8.403476803
8.413302142, 8.413481199
8.423302149, 8.423466896
8.433302143, 8.433454129
8.443302144, 8.443471241
8.453302144, 8.453472407
8.463302141, 8.463459971
8.473302143, 8.473482938
8.483302141, 8.483458107
8.493302144, 8.493456010
8.503302146, 8.503460642
8.513302143, 8.513465033
8.523302143, 8.523458890
8.533302143, 8.533463511
8.543302143, 8.543468504
8.553302143, 8.553472678
8.563302138, 8.563468158
8.573302140, 8.573474268
8.583302141, 8.583462265
8.593302147, 8.593472260
8.603302141, 8.603479993
8.613302232, 8.613485813
8.623302145, 8.623461815
8.633302138, 8.633486072
8.643302138, 8.643476808
8.653302144, 8.653470647
8.663302147, 8.663487614
8.673302153, 8.673463515
8.683302147, 8.683463403
8.693302138, 8.693482642
8.703302150, 8.703467226
8.713302144, 8.713486372
8.723302232, 8.723487568
8.733302149, 8.733479257
8.743302141, 8.743478948
8.753302147, 8.753459540
8.763302171, 8.763470267
8.773302144, 8.773493227
8.783302147, 8.783498543
8.793302150, 8.793476301
8.803302144, 8.803489278
8.813302134, 8.813500885
8.823302155, 8.823483339
8.833302145, 8.833481752
8.843302142, 8.843474632
8.853302149, 8.853467497
8.863302144, 8.863577471
8.873302147, 8.873500320
8.883302141, 8.883459779
8.893302138, 8.893503684
8.903302152, 8.903480953
8.913302150, 8.913490669
8.923302147, 8.923474944
8.933302138, 8.933491394
8.943302152, 8.943468306
8.953302142, 8.953482969
8.963302141, 8.963466483
8.973302145, 8.973466678
8.983302144, 8.983472209
8.993302147, 8.993465049
9.003302141, 9.003490855
9.013302139, 9.013472842
9.023302144, 9.023492338
9.033302144, 9.033485704
9.043302141, 9.043480684
9.053302134, 9.053494648
9.063302141, 9.063462483
9.073302145, 9.073472460
9.083302142, 9.083469559
9.093302149, 9.093502015
9.103302136, 9.103466280
9.113302144, 9.113485887
9.123302150, 9.123486992
9.133302150, 9.133469564
9.143302147, 9.143487755
9.153302145, 9.153503975
9.163302231, 9.163480727
9.173302142, 9.173455449
9.183302147, 9.183477568
9.193302144, 9.193455937
9.203302145, 9.203456437
9.213302139, 9.213483763
9.223302139, 9.223466018
9.233302144, 9.233474236
9.243302153, 9.243461651
9.253302158, 9.253486604
9.263302152, 9.263463120
9.273302165, 9.273468161
9.283302140, 9.283459191
9.293302133, 9.293479390
9.303302163, 9.303479306
9.313302147, 9.313472842
9.323302144, 9.323471637
9.333302141, 9.333485952
9.343302142, 9.343474595
9.353302146, 9.353477672
9.363302136, 9.363468656
9.373302150, 9.373458152
9.383302139, 9.383479699
9.393302149, 9.393469353
9.403302139, 9.403463302
9.413302147, 9.413469897
9.423302140, 9.423480125
9.433302144, 9.433469597
9.443302147, 9.443487993
9.453302143, 9.453466479
9.463302143, 9.463487609
9.473302143, 9.473468173
9.483302140, 9.483479432
9.493302136, 9.493497721
9.503302145, 9.503484150
9.513302153, 9.513469728
9.523302147, 9.523460880
9.533302141, 9.533455245
9.543302157, 9.543451824
9.553302134, 9.553460907
9.563302139, 9.563499705
9.573302138, 9.573472370
9.583302149, 9.583392859
9.593302150, 9.593402725
9.603302142, 9.603398916
9.613302150, 9.613492132
9.623302145, 9.623474265
9.633302149, 9.633467387
9.643302142, 9.643473020
9.653302142, 9.653479563
9.663302158, 9.663478300
9.673302138, 9.673473224
9.683302147, 9.683472965
9.693302139, 9.693463292
9.703302141, 9.703465352
9.713302140, 9.713455677
9.723302146, 9.723466803
9.733302141, 9.733448444
9.743302144, 9.743480520
9.753302144, 9.753454231
9.763302148, 9.763450009
9.773302139, 9.773506226
9.783302149, 9.783491369
9.793302142, 9.793508719
9.803302150, 9.803489984
9.813302151, 9.813498952
9.823302139, 9.823474923
9.833302142, 9.833492880
9.843302144, 9.843457062
9.853302147, 9.853467621
9.863302141, 9.863501641
9.873302142, 9.873465270
9.883302147, 9.883451191
9.893302149, 9.893513440
9.903302158, 9.903463528
9.913302142, 9.913457309
9.923302152, 9.923467366
9.933302141, 9.933446909
9.943302149, 9.943456797
9.953302152, 9.953446340
9.963302148, 9.963456225
9.973302142, 9.973470012
9.983302149, 9.983475064
9.993302147, 9.993479830
10.003302147, 10.003507247
10.013302144, 10.013489296
10.023302149, 10.023483645
10.033302142, 10.033482529
10.043302144, 10.043484834
10.053302139, 10.053488479
10.063302160, 10.063477517
10.073302134, 10.073481381
10.083302150, 10.083481703
10.093302150, 10.093479602
10.103302152, 10.103484592
10.113302145, 10.113484719
10.123302138, 10.123481474
10.133302133, 10.133485484
10.143302150, 10.143485298
10.153302141, 10.153484870
10.163302147, 10.163482475
10.173302136, 10.173485798
10.183302144, 10.183480268
10.193302142, 10.193490172
10.203302139, 10.203481668
10.213302147, 10.213482268
10.223302145, 10.223482443
10.233302149, 10.233480339
10.243302141, 10.243475727
10.253302139, 10.253483337
10.263302149, 10.263480849
10.273302139, 10.273482404
10.283302142, 10.283483286
10.293302145, 10.293484891
10.303302142, 10.303482557
10.313302138, 10.313479320
10.323302166, 10.323481299
10.333302149, 10.333481187
10.343302141, 10.343485566
10.353302147, 10.353484254
10.363302144, 10.363480588
10.373302128, 10.373486260
10.383302150, 10.383479412
10.393302149, 10.393479943
10.403302147, 10.403484190
10.413302155, 10.413484546
10.423302166, 10.423477506
10.433302131, 10.433482554
10.443302141, 10.443475909
10.453302147, 10.453483533
10.463302150, 10.463477260
10.473302152, 10.473479267
10.483302147, 10.483479011
10.493302138, 10.493482707
10.503302145, 10.503481267
10.513302147, 10.513483400
10.523302141, 10.523479576
10.533302149, 10.533479636
10.543302145, 10.543480465
10.553302147, 10.553485274
10.563302149, 10.563476340
10.573302149, 10.573481070
10.583302147, 10.583479849
10.593302153, 10.593481123
10.603302145, 10.603480605
10.613302138, 10.613485613
10.623302155, 10.623482132
10.633302142, 10.633478142
10.643302147, 10.643479420
10.653302142, 10.653478771
10.663302147, 10.663477610
10.673302128, 10.673447799
10.683302147, 10.683475773
10.693302141, 10.693480197
10.703302149, 10.703476029
10.713302142, 10.713481160
10.723302150, 10.723475709
10.733302138, 10.733466807
10.743302149, 10.743480113
10.753302144, 10.753484305
10.763302138, 10.763481565
10.773302147, 10.773484256
10.783302138, 10.783475528
10.793302144, 10.793480991
10.803302149, 10.803483127
10.813302145, 10.813478997
10.823302147, 10.823477534
10.833302145, 10.833482535
10.843302142, 10.843480527
10.853302144, 10.853459758
10.863302149, 10.863480536
10.873302145, 10.873480624
10.883302150, 10.883481957
10.893302145, 10.893480195
10.903302141, 10.903479975
10.913302131, 10.913484794
10.923302138, 10.923478671
10.933302149, 10.933486078
10.943302147, 10.943478385
10.953302145, 10.953481013
10.963302145, 10.963477943
10.973302133, 10.973462261
10.983302136, 10.983478951
10.993302149, 10.993484141
11.003302139, 11.003483817
11.013302145, 11.013487257
11.023302141, 11.023479717
11.033302160, 11.033471063
11.043302147, 11.043473493
11.053302142, 11.053444767
11.063302154, 11.063475878
11.073302152, 11.073484156
11.083302133, 11.083474761
11.093302144, 11.093479384
11.103302150, 11.103474229
11.113302144, 11.113476003
11.123302142, 11.123477283
11.133302136, 11.133477730
11.143302149, 11.143475585
11.153302134, 11.153479483
11.163302138, 11.163473913
11.173302145, 11.173433864
11.183302154, 11.183481207
11.193302141, 11.193474379
11.203302152, 11.203480077
11.213302139, 11.213479734
11.223302150, 11.223480654
11.233302142, 11.233471678
11.243302147, 11.243480833
11.253302133, 11.253482344
11.263302138, 11.263479033
11.273302139, 11.273477078
11.283302163, 11.283472696
11.293302144, 11.293473724
11.303302147, 11.303470717
11.313302153, 11.313481232
11.323302139, 11.323475275
11.333302152, 11.333480352
11.343302150, 11.343477181
11.353302150, 11.353475823
11.363302145, 11.363471765
11.373302142, 11.373474855
11.383302141, 11.383475002
11.393302139, 11.393477827
11.403302149, 11.403475321
11.413302145, 11.413476691
11.423302147, 11.423478757
11.433302136, 11.433475160
11.443302133, 11.443477004
11.453302144, 11.453475297
11.463302139, 11.463474036
11.473302138, 11.473478847
11.483302136, 11.483471560
11.493302142, 11.493477539
11.503302142, 11.503473494
11.513302142, 11.513475755
11.523302150, 11.523475305
11.533302142, 11.533476436
11.543302142, 11.543479885
11.553302144, 11.553478022
11.563302145, 11.563474364
11.573302138, 11.573476841
11.583302153, 11.583476314
11.593302145, 11.593475799
11.603302147, 11.603474847
11.613302147, 11.613477977
11.623302142, 11.623474945
11.633302142, 11.633479518
11.643302147, 11.643473531
11.653302147, 11.653478621
11.663302153, 11.663475926
11.673302138, 11.673424951
11.683302138, 11.683472630
11.693302130, 11.693477418
11.703302150, 11.703475212
11.713302149, 11.713478458
11.723302144, 11.723475648
11.733302142, 11.733474389
11.743302144, 11.743473396
11.753302164, 11.753477350
11.763302145, 11.763476259
11.773302145, 11.773474936
11.783302152, 11.783479269
11.793302149, 11.793480172
11.803302136, 11.803474561
11.813302139, 11.813447909
11.823302147, 11.823477972
11.833302141, 11.833474039
11.843302149, 11.843475217
11.853302152, 11.853475940
11.863302149, 11.863474770
11.873302130, 11.873479508
11.883302155, 11.883474552
11.893302142, 11.893479096
11.903302149, 11.903476710
11.913302155, 11.913474947
11.923302155, 11.923473823
11.933302145, 11.933480891
11.943302172, 11.943433171
11.953302146, 11.953454367
11.963302150, 11.963482352
11.973302144, 11.973471786
11.983302147, 11.983474579
11.993302142, 11.993483575
12.003302150, 12.003479750
12.013302139, 12.013482663
12.023302149, 12.023483301
12.033302149, 12.033471917
12.043302138, 12.043481546
12.053302139, 12.053485536
------------------------------
