------------------------------
test was performed using the following parameters: --mps=100 --burst=1 --reply-every=1 --msg-size=12 --time=10
------------------------------
sockperf: [Total Run] RunTime=10.100 sec; SentMessages=1011; ReceivedMessages=1010
sockperf: ========= Printing statistics for Server No: 0
sockperf: [Valid Duration] RunTime=9.980 sec; SentMessages=999; ReceivedMessages=999
sockperf: [2;35m====> avg-lat= 62.974 (std-dev=18.015)[0m
sockperf: # dropped messages = 0; # duplicated messages = 0; # out-of-order messages = 0
sockperf: [2;35mTotal 999 observations[0m; each percentile contains 9.99 observations
sockperf: ---> <MAX> observation =  118.799
sockperf: ---> percentile  99.99 =  118.799
sockperf: ---> percentile  99.90 =  115.237
sockperf: ---> percentile  99.50 =  108.738
sockperf: ---> percentile  99.00 =  103.625
sockperf: ---> percentile  95.00 =   88.188
sockperf: ---> percentile  90.00 =   85.546
sockperf: ---> percentile  75.00 =   79.206
sockperf: ---> percentile  50.00 =   62.291
sockperf: ---> percentile  25.00 =   47.236
sockperf: ---> <MIN> observation =   27.650
------------------------------
txTime, rxTime
2.062417146, 2.062510275
2.072417150, 2.072578448
2.082417142, 2.082524247
2.092417158, 2.092544143
2.102417225, 2.102585309
2.112417152, 2.112553886
2.122417219, 2.122567696
2.132417153, 2.132541644
2.142417203, 2.142521047
2.152417153, 2.152614844
2.162417155, 2.162578641
2.172417161, 2.172581923
2.182417149, 2.182549682
2.192417148, 2.192580808
2.202417154, 2.202583558
2.212417155, 2.212567963
2.222417152, 2.222546294
2.232417145, 2.232526058
2.242417180, 2.242554321
2.252417149, 2.252525701
2.262417146, 2.262605273
2.272417151, 2.272560261
2.282417149, 2.282552410
2.292417146, 2.292531772
2.302417152, 2.302536291
2.312417146, 2.312555101
2.322417158, 2.322613297
2.332417146, 2.332537599
2.342417152, 2.342542212
2.352417151, 2.352560408
2.362417153, 2.362525349
2.372417148, 2.372523257
2.382417157, 2.382601800
2.392417219, 2.392530000
2.402417155, 2.402564434
2.412417154, 2.412534929
2.422417158, 2.422561078
2.432417151, 2.432569405
2.442417168, 2.442547115
2.452417151, 2.452618992
2.462417160, 2.462561367
2.472417150, 2.472541733
2.482417157, 2.482531299
2.492417225, 2.492559990
2.502417157, 2.502544974
2.512417156, 2.512482824
2.522417149, 2.522496103
2.532417159, 2.532517958
2.542417163, 2.542497450
2.552417161, 2.552496701
2.562417149, 2.562511185
2.572417145, 2.572516581
2.582417160, 2.582504702
2.592417150, 2.592499804
2.602417150, 2.602572135
2.612417145, 2.612536085
2.622417152, 2.622541378
2.632417475, 2.632482848
2.642417149, 2.642546158
2.652417156, 2.652583324
2.662417155, 2.662512134
2.672417151, 2.672498223
2.682417153, 2.682517216
2.692417150, 2.692526918
2.702417177, 2.702560872
2.712417156, 2.712517904
2.722417152, 2.722578977
2.732417153, 2.732575649
2.742417152, 2.742526491
2.752417159, 2.752515021
2.762417163, 2.762508619
2.772417151, 2.772546605
2.782417188, 2.782534816
2.792417159, 2.792504310
2.802417155, 2.802498532
2.812417156, 2.812513674
2.822417146, 2.822501069
2.832417148, 2.832494023
2.842417152, 2.842472822
2.852417150, 2.852495127
2.862417142, 2.862513396
2.872417159, 2.872494762
2.882417152, 2.882552740
2.892417154, 2.892502949
2.902417150, 2.902517816
2.912417157, 2.912522031
2.922417152, 2.922530157
2.932417159, 2.932520541
2.942417169, 2.942497483
2.952417328, 2.952517498
2.962417155, 2.962486104
2.972417153, 2.972492793
2.982417155, 2.982519294
2.992417154, 2.992522911
3.002417172, 3.002489039
3.012417148, 3.012530835
3.022417147, 3.022510703
3.032417154, 3.032538772
3.042417158, 3.042524018
3.052417140, 3.052519600
3.062417157, 3.062480393
3.072417159, 3.072571961
3.082417245, 3.082536209
3.092417148, 3.092523560
3.102417155, 3.102558944
3.112417142, 3.112518469
3.122417157, 3.122627839
3.132417151, 3.132606389
3.142417152, 3.142582040
3.152417154, 3.152600095
3.162417160, 3.162588660
3.172417189, 3.172585525
3.182417157, 3.182606693
3.192417145, 3.192582923
3.202417221, 3.202572914
3.212417156, 3.212569785
3.222417218, 3.222557387
3.232417150, 3.232577718
3.242417152, 3.242577979
3.252417217, 3.252575007
3.262417157, 3.262552963
3.272417156, 3.272585088
3.282417161, 3.282579529
3.292417150, 3.292575686
3.302417160, 3.302577327
3.312417154, 3.312587715
3.322417150, 3.322585744
3.332417148, 3.332590297
3.342417149, 3.342587302
3.352417146, 3.352561584
3.362417152, 3.362624733
3.372417151, 3.372597061
3.382417152, 3.382590811
3.392417156, 3.392578785
3.402417155, 3.402481960
3.412417151, 3.412573505
3.422417160, 3.422527844
3.432417153, 3.432521837
3.442417147, 3.442525561
3.452417146, 3.452519369
3.462417166, 3.462536076
3.472417156, 3.472489326
3.482417144, 3.482532385
3.492417153, 3.492484926
3.502417149, 3.502503420
3.512417205, 3.512478207
3.522417163, 3.522505275
3.532417205, 3.532524561
3.542417146, 3.542506568
3.552417157, 3.552502057
3.562417147, 3.562519856
3.572417157, 3.572580351
3.582417153, 3.582545978
3.592417150, 3.592496248
3.602417146, 3.602485667
3.612417151, 3.612528442
3.622417155, 3.622476144
3.632417150, 3.632601216
3.642417152, 3.642534584
3.652417142, 3.652510753
3.662417168, 3.662540458
3.672417156, 3.672493969
3.682417160, 3.682523619
3.692417151, 3.692555278
3.702417163, 3.702547685
3.712417161, 3.712528704
3.722417160, 3.722545460
3.732417156, 3.732598003
3.742417152, 3.742573111
3.752417154, 3.752528628
3.762417149, 3.762544762
3.772417157, 3.772500801
3.782417166, 3.782563657
3.792417151, 3.792526651
3.802417152, 3.802572382
3.812417154, 3.812494636
3.822417152, 3.822555232
3.832417154, 3.832553463
3.842417150, 3.842551090
3.852417151, 3.852544136
3.862417157, 3.862493598
3.872417146, 3.872586782
3.882417152, 3.882634976
3.892417143, 3.892629232
3.902417155, 3.902534632
3.912417159, 3.912519175
3.922417155, 3.922567160
3.932417153, 3.932526514
3.942417158, 3.942585992
3.952417153, 3.952581063
3.962417153, 3.962644137
3.972417148, 3.972542336
3.982417157, 3.982579537
3.992417150, 3.992569784
4.002417158, 4.002576724
4.012417156, 4.012575504
4.022417149, 4.022539859
4.032417145, 4.032552045
4.042417161, 4.042567850
4.052417148, 4.052543706
4.062417150, 4.062586323
4.072417151, 4.072549430
4.082417152, 4.082581321
4.092417153, 4.092577171
4.102417155, 4.102515990
4.112417153, 4.112623727
4.122417153, 4.122560608
4.132417148, 4.132479300
4.142417160, 4.142490735
4.152417161, 4.152596489
4.162417161, 4.162548501
4.172417151, 4.172596837
4.182417158, 4.182561830
4.192417145, 4.192544726
4.202417153, 4.202509284
4.212417151, 4.212554847
4.222417152, 4.222541694
4.232417157, 4.232571492
4.242417153, 4.242549497
4.252417156, 4.252538283
4.262417153, 4.262538768
4.272417159, 4.272553823
4.282417155, 4.282575874
4.292417210, 4.292569204
4.302417152, 4.302554374
4.312417361, 4.312585277
4.322417155, 4.322532060
4.332417211, 4.332552555
4.342417213, 4.342564105
4.352417153, 4.352590541
4.362417160, 4.362591035
4.372417156, 4.372546166
4.382417161, 4.382579004
4.392417151, 4.392520972
4.402417147, 4.402532148
4.412417157, 4.412518275
4.422417150, 4.422508188
4.432417145, 4.432489152
4.442417226, 4.442546504
4.452417154, 4.452558054
4.462417223, 4.462514049
4.472417222, 4.472510946
4.482417149, 4.482521337
4.492417143, 4.492505947
4.502417152, 4.502498949
4.512417205, 4.512497299
4.522417340, 4.522536620
4.532417157, 4.532523091
4.542417153, 4.542495477
4.552417146, 4.552482628
4.562417163, 4.562519057
4.572417164, 4.572496297
4.582417149, 4.582494335
4.592417150, 4.592526351
4.602417152, 4.602514344
4.612417153, 4.612512932
4.622417149, 4.622494125
4.632417154, 4.632532646
4.642417150, 4.642527988
4.652417154, 4.652574672
4.662417155, 4.662543055
4.672417150, 4.672529117
4.682417221, 4.682488572
4.692417153, 4.692539946
4.702417152, 4.702516681
4.712417153, 4.712492372
4.722417160, 4.722542237
4.732417151, 4.732548773
4.742417206, 4.742539814
4.752417146, 4.752506545
4.762417212, 4.762546230
4.772417150, 4.772519695
4.782417155, 4.782505630
4.792417146, 4.792522027
4.802417152, 4.802522882
4.812417159, 4.812505949
4.822417160, 4.822508262
4.832417153, 4.832527407
4.842417158, 4.842528155
4.852417142, 4.852535441
4.862417163, 4.862480395
4.872417159, 4.872517416
4.882417155, 4.882500880
4.892417150, 4.892519383
4.902417215, 4.902474851
4.912417154, 4.912552616
4.922417150, 4.922583423
4.932417146, 4.932601251
4.942417158, 4.942570432
4.952417148, 4.952610663
4.962417218, 4.962654816
4.972417148, 4.972634624
4.982417144, 4.982575407
4.992417217, 4.992619139
5.002417152, 5.002593326
5.012417159, 5.012593535
5.022417150, 5.022587178
5.032417143, 5.032572881
5.042417146, 5.042603372
5.052417154, 5.052593777
5.062417155, 5.062584355
5.072417161, 5.072570335
5.082417153, 5.082561566
5.092417153, 5.092589327
5.102417149, 5.102571360
5.112417157, 5.112585211
5.122417152, 5.122571327
5.132417157, 5.132529338
5.142417147, 5.142589363
5.152417143, 5.152583563
5.162417147, 5.162573501
5.172417146, 5.172574053
5.182417150, 5.182577177
5.192417153, 5.192557565
5.202417207, 5.202571540
5.212417157, 5.212576710
5.222417155, 5.222583001
5.232417476, 5.232561728
5.242417153, 5.242592865
5.252417154, 5.252564704
5.262417157, 5.262567435
5.272417156, 5.272568247
5.282417158, 5.282568517
5.292417154, 5.292585492
5.302417153, 5.302560147
5.312417210, 5.312602465
5.322417144, 5.322585131
5.332417150, 5.332584284
5.342417158, 5.342578718
5.352417157, 5.352605401
5.362417152, 5.362607271
5.372417151, 5.372577800
5.382417150, 5.382585120
5.392417150, 5.392584532
5.402417142, 5.402574862
5.412417221, 5.412564924
5.422417147, 5.422577399
5.432417146, 5.432556025
5.442417476, 5.442586630
5.452417151, 5.452568413
5.462417228, 5.462559163
5.472417161, 5.472584275
5.482417144, 5.482544235
5.492417153, 5.492580918
5.502417160, 5.502572423
5.512417157, 5.512559920
5.522417171, 5.522561456
5.532417153, 5.532563853
5.542417153, 5.542595318
5.552417153, 5.552558191
5.562417160, 5.562555895
5.572417145, 5.572549255
5.582417171, 5.582571079
5.592417150, 5.592550129
5.602417163, 5.602581254
5.612417146, 5.612595332
5.622417150, 5.622580488
5.632417151, 5.632573333
5.642417169, 5.642559795
5.652417150, 5.652583789
5.662417152, 5.662578609
5.672417210, 5.672581008
5.682417146, 5.682580379
5.692417224, 5.692556019
5.702417153, 5.702559379
5.712417151, 5.712555133
5.722417155, 5.722585883
5.732417157, 5.732611481
5.742417155, 5.742562168
5.752417146, 5.752563746
5.762417150, 5.762568468
5.772417224, 5.772597069
5.782417150, 5.782580974
5.792417213, 5.792563367
5.802417153, 5.802613877
5.812417151, 5.812566416
5.822417152, 5.822559468
5.832417206, 5.832617819
5.842417153, 5.842593362
5.852417157, 5.852581708
5.862417150, 5.862588199
5.872417151, 5.872598381
5.882417144, 5.882558221
5.892417154, 5.892571939
5.902417149, 5.902582760
5.912417156, 5.912574099
5.922417157, 5.922592903
5.932417146, 5.932570999
5.942417149, 5.942571308
5.952417153, 5.952600223
5.962417153, 5.962583456
5.972417162, 5.972569951
5.982417147, 5.982579335
5.992417150, 5.992572739
6.002417152, 6.002583177
6.012417150, 6.012567134
6.022417161, 6.022569906
6.032417148, 6.032574394
6.042417152, 6.042590250
6.052417150, 6.052598775
6.062417228, 6.062601822
6.072417150, 6.072591555
6.082417150, 6.082589232
6.092417150, 6.092597275
6.102417149, 6.102486407
6.112417142, 6.112600241
6.122417153, 6.122582414
6.132417143, 6.132549169
6.142417146, 6.142550133
6.152417157, 6.152474088
6.162417153, 6.162629873
6.172417146, 6.172578715
6.182417153, 6.182574884
6.192417154, 6.192559728
6.202417160, 6.202579855
6.212417156, 6.212621883
6.222417158, 6.222568559
6.232417157, 6.232551078
6.242417221, 6.242644754
6.252417156, 6.252509699
6.262417149, 6.262490570
6.272417156, 6.272474864
6.282417149, 6.282570742
6.292417153, 6.292542750
6.302417152, 6.302575665
6.312417147, 6.312569448
6.322417141, 6.322553629
6.332417147, 6.332576456
6.342417148, 6.342552700
6.352417150, 6.352560593
6.362417152, 6.362561562
6.372417158, 6.372553518
6.382417152, 6.382535234
6.392417148, 6.392585856
6.402417146, 6.402617435
6.412417153, 6.412541995
6.422417154, 6.422533746
6.432417152, 6.432543666
6.442417152, 6.442563843
6.452417161, 6.452581986
6.462417154, 6.462522280
6.472417144, 6.472544307
6.482417238, 6.482567518
6.492417161, 6.492551469
6.502417159, 6.502526335
6.512417159, 6.512549730
6.522417157, 6.522539844
6.532417155, 6.532555593
6.542417170, 6.542536718
6.552417147, 6.552527116
6.562417266, 6.562592856
6.572417140, 6.572539433
6.582417151, 6.582542831
6.592417147, 6.592557128
6.602417152, 6.602561990
6.612417159, 6.612546116
6.622417160, 6.622577744
6.632417152, 6.632586058
6.642417152, 6.642549411
6.652417153, 6.652536968
6.662417151, 6.662582560
6.672417148, 6.672553071
6.682417148, 6.682552087
6.692417148, 6.692568848
6.702417146, 6.702565879
6.712417145, 6.712561643
6.722417152, 6.722566280
6.732417158, 6.732542231
6.742417211, 6.742552651
6.752417156, 6.752566546
6.762417152, 6.762531310
6.772417153, 6.772581826
6.782417144, 6.782563801
6.792417210, 6.792546582
6.802417160, 6.802560504
6.812417158, 6.812547026
6.822417151, 6.822545741
6.832417152, 6.832532295
6.842417174, 6.842560476
6.852417240, 6.852530833
6.862417148, 6.862559549
6.872417156, 6.872554126
6.882417157, 6.882540992
6.892417150, 6.892576008
6.902417143, 6.902549234
6.912417163, 6.912589116
6.922417155, 6.922493889
6.932417144, 6.932527741
6.942417154, 6.942546649
6.952417152, 6.952516054
6.962417151, 6.962498600
6.972417152, 6.972479916
6.982417151, 6.982490006
6.992417153, 6.992513412
7.002417160, 7.002496999
7.012417159, 7.012472460
7.022417168, 7.022519914
7.032417147, 7.032504992
7.042417155, 7.042501774
7.052417153, 7.052477300
7.062417151, 7.062484333
7.072417159, 7.072497279
7.082417160, 7.082500943
7.092417153, 7.092491905
7.102417155, 7.102513388
7.112417150, 7.112503364
7.122417154, 7.122495592
7.132417147, 7.132535782
7.142417206, 7.142490996
7.152417219, 7.152503213
7.162417209, 7.162485639
7.172417221, 7.172513133
7.182417154, 7.182508749
7.192417148, 7.192541438
7.202417219, 7.202532987
7.212417212, 7.212498253
7.222417219, 7.222507404
7.232417207, 7.232542905
7.242417159, 7.242542377
7.252417152, 7.252494226
7.262417220, 7.262527552
7.272417148, 7.272477205
7.282417151, 7.282519996
7.292417153, 7.292527479
7.302417148, 7.302507582
7.312417159, 7.312487550
7.322417148, 7.322504529
7.332417158, 7.332486303
7.342417217, 7.342515674
7.352417148, 7.352558034
7.362417144, 7.362486891
7.372417152, 7.372538624
7.382417155, 7.382492434
7.392417159, 7.392529860
7.402417159, 7.402492638
7.412417156, 7.412514287
7.422417155, 7.422485721
7.432417150, 7.432507465
7.442417152, 7.442592674
7.452417150, 7.452496272
7.462417206, 7.462523992
7.472417161, 7.472517418
7.482417148, 7.482504354
7.492417153, 7.492500527
7.502417151, 7.502485497
7.512417245, 7.512487391
7.522417148, 7.522508247
7.532417155, 7.532504435
7.542417151, 7.542540627
7.552417156, 7.552514257
7.562417157, 7.562504521
7.572417152, 7.572475732
7.582417157, 7.582497203
7.592417148, 7.592494450
7.602417146, 7.602480752
7.612417155, 7.612510787
7.622417151, 7.622480261
7.632417145, 7.632523355
7.642417157, 7.642493587
7.652417153, 7.652533929
7.662417149, 7.662500697
7.672417178, 7.672517489
7.682417141, 7.682535286
7.692417152, 7.692523631
7.702417152, 7.702495137
7.712417155, 7.712524616
7.722417152, 7.722494264
7.732417158, 7.732543772
7.742417162, 7.742528838
7.752417150, 7.752570202
7.762417148, 7.762551050
7.772417155, 7.772567709
7.782417155, 7.782546899
7.792417158, 7.792544834
7.802417141, 7.802566355
7.812417158, 7.812534243
7.822417159, 7.822527688
7.832417163, 7.832561727
7.842417148, 7.842538150
7.852417148, 7.852540641
7.862417168, 7.862552962
7.872417152, 7.872556010
7.882417155, 7.882553233
7.892417159, 7.892532217
7.902417152, 7.902581658
7.912417155, 7.912550076
7.922417170, 7.922572141
7.932417156, 7.932509743
7.942417151, 7.942509564
7.952417147, 7.952494511
7.962417152, 7.962492469
7.972417156, 7.972479439
7.982417162, 7.982502026
7.992417147, 7.992509359
8.002417159, 8.002518714
8.012417169, 8.012502329
8.022417155, 8.022541669
8.032417235, 8.032488111
8.042417152, 8.042486834
8.052417150, 8.052496243
8.062417155, 8.062489330
8.072417147, 8.072496731
8.082417152, 8.082503638
8.092417155, 8.092501473
8.102417159, 8.102512719
8.112417147, 8.112508540
8.122417159, 8.122493415
8.132417155, 8.132514319
8.142417160, 8.142514182
8.152417150, 8.152488242
8.162417155, 8.162527222
8.172417159, 8.172506320
8.182417160, 8.182509554
8.192417156, 8.192499442
8.202417159, 8.202515210
8.212417148, 8.212521372
8.222417144, 8.222488577
8.232417156, 8.232500851
8.242417154, 8.242546218
8.252417155, 8.252506761
8.262417157, 8.262506817
8.272417150, 8.272537445
8.282417154, 8.282513688
8.292417153, 8.292489686
8.302417154, 8.302517762
8.312417147, 8.312533946
8.322417152, 8.322505681
8.332417152, 8.332503229
8.342417152, 8.342521110
8.352417148, 8.352526539
8.362417148, 8.362483806
8.372417152, 8.372473326
8.382417272, 8.382504158
8.392417156, 8.392573254
8.402417165, 8.402591278
8.412417159, 8.412559557
8.422417157, 8.422582070
8.432417156, 8.432624408
8.442417146, 8.442566007
8.452417152, 8.452562706
8.462417146, 8.462573612
8.472417148, 8.472560353
8.482417151, 8.482603128
8.492417159, 8.492562344
8.502417151, 8.502573404
8.512417152, 8.512580678
8.522417160, 8.522582216
8.532417148, 8.532590356
8.542417149, 8.542581424
8.552417213, 8.552551552
8.562417154, 8.562537784
8.572417156, 8.572493081
8.582417155, 8.582482784
8.592417145, 8.592516894
8.602417160, 8.602508110
8.612417148, 8.612514346
8.622417154, 8.622484028
8.632417150, 8.632482875
8.642417148, 8.642524109
8.652417161, 8.652518755
8.662417146, 8.662506910
8.672417153, 8.672567308
8.682417151, 8.682549774
8.692417152, 8.692535209
8.702417143, 8.702518797
8.712417152, 8.712524012
8.722417178, 8.722536149
8.732417155, 8.732524051
8.742417155, 8.742484339
8.752417142, 8.752506705
8.762417159, 8.762514695
8.772417147, 8.772500559
8.782417157, 8.782519115
8.792417216, 8.792538474
8.802417206, 8.802548929
8.812417152, 8.812500428
8.822417144, 8.822498006
8.832417161, 8.832521553
8.842417149, 8.842543701
8.852417147, 8.852520350
8.862417206, 8.862496165
8.872417153, 8.872502469
8.882417154, 8.882505901
8.892417152, 8.892532694
8.902417206, 8.902506466
8.912417219, 8.912515318
8.922417155, 8.922516508
8.932417156, 8.932481135
8.942417154, 8.942486144
8.952417147, 8.952538266
8.962417154, 8.962509643
8.972417163, 8.972518037
8.982417151, 8.982488874
8.992417147, 8.992513741
9.002417148, 9.002517569
9.012417148, 9.012478437
9.022417204, 9.022477391
9.032417155, 9.032570442
9.042417208, 9.042569845
9.052417152, 9.052552812
9.062417160, 9.062531700
9.072417155, 9.072559212
9.082417211, 9.082543548
9.092417148, 9.092528701
9.102417283, 9.102552868
9.112417153, 9.112557350
9.122417223, 9.122586725
9.132417152, 9.132537148
9.142417157, 9.142562768
9.152417147, 9.152560271
9.162417211, 9.162541162
9.172417158, 9.172533457
9.182417151, 9.182548470
9.192417156, 9.192547702
9.202417144, 9.202542969
9.212417159, 9.212575268
9.222417146, 9.222546299
9.232417150, 9.232549936
9.242417146, 9.242533554
9.252417150, 9.252560143
9.262417152, 9.262544240
9.272417155, 9.272561987
9.282417155, 9.282544770
9.292417155, 9.292521400
9.302417151, 9.302575573
9.312417163, 9.312546719
9.322417151, 9.322545236
9.332417169, 9.332578187
9.342417149, 9.342536920
9.352417145, 9.352537036
9.362417151, 9.362553794
9.372417156, 9.372562243
9.382417146, 9.382554361
9.392417153, 9.392593905
9.402417155, 9.402563379
9.412417200, 9.412647674
9.422417155, 9.422533558
9.432417150, 9.432557979
9.442417200, 9.442597002
9.452417153, 9.452507758
9.462417148, 9.462516767
9.472417142, 9.472533720
9.482417154, 9.482512977
9.492417152, 9.492487076
9.502417148, 9.502506832
9.512417398, 9.512574999
9.522417160, 9.522576844
9.532417150, 9.532517110
9.542417148, 9.542488964
9.552417210, 9.552515299
9.562417146, 9.562494522
9.572417205, 9.572502588
9.582417157, 9.582506496
9.592417156, 9.592474488
9.602417151, 9.602512990
9.612417150, 9.612485362
9.622417214, 9.622528137
9.632417229, 9.632488283
9.642417159, 9.642490729
9.652417158, 9.652501347
9.662417219, 9.662493428
9.672417145, 9.672522062
9.682417211, 9.682499495
9.692417152, 9.692522785
9.702417223, 9.702496252
9.712417152, 9.712521386
9.722417386, 9.722483946
9.732417150, 9.732485543
9.742417163, 9.742508656
9.752417150, 9.752505283
9.762417151, 9.762515294
9.772417159, 9.772501939
9.782417151, 9.782491836
9.792417219, 9.792495353
9.802417148, 9.802522928
9.812417223, 9.812499362
9.822417146, 9.822515191
9.832417159, 9.832513975
9.842417160, 9.842519955
9.852417223, 9.852509404
9.862417223, 9.862518745
9.872417218, 9.872541861
9.882417151, 9.882493413
9.892417150, 9.892541512
9.902417230, 9.902495456
9.912417155, 9.912520511
9.922417141, 9.922575554
9.932417153, 9.932528889
9.942417159, 9.942529322
9.952417147, 9.952518200
9.962417154, 9.962517114
9.972417144, 9.972511101
9.982417151, 9.982511484
9.992417152, 9.992511952
10.002417151, 10.002518120
10.012417148, 10.012516648
10.022417157, 10.022510756
10.032417147, 10.032515673
10.042417157, 10.042507398
10.052417145, 10.052507762
10.062417152, 10.062509854
10.072417147, 10.072506385
10.082417174, 10.082507876
10.092417158, 10.092507427
10.102417143, 10.102513720
10.112417148, 10.112511117
10.122417152, 10.122510009
10.132417148, 10.132524245
10.142417157, 10.142524074
10.152417144, 10.152525982
10.162417143, 10.162527406
10.172417153, 10.172511603
10.182417160, 10.182512572
10.192417152, 10.192513487
10.202417170, 10.202512767
10.212417159, 10.212512391
10.222417146, 10.222509782
10.232417152, 10.232509266
10.242417152, 10.242509851
10.252417158, 10.252508109
10.262417159, 10.262504077
10.272417150, 10.272515121
10.282417146, 10.282508228
10.292417147, 10.292508115
10.302417162, 10.302506517
10.312417150, 10.312508339
10.322417154, 10.322508135
10.332417161, 10.332511369
10.342417155, 10.342510478
10.352417158, 10.352513714
10.362417151, 10.362507019
10.372417156, 10.372509628
10.382417157, 10.382509660
10.392417153, 10.392506236
10.402417151, 10.402513247
10.412417153, 10.412503115
10.422417151, 10.422510377
10.432417156, 10.432511630
10.442417143, 10.442508075
10.452417152, 10.452507087
10.462417152, 10.462504837
10.472417152, 10.472512572
10.482417148, 10.482508868
10.492417155, 10.492508456
10.502417148, 10.502511204
10.512417152, 10.512511153
10.522417148, 10.522508838
10.532417147, 10.532509429
10.542417154, 10.542507873
10.552417147, 10.552509639
10.562417154, 10.562512060
10.572417161, 10.572508431
10.582417151, 10.582510873
10.592417155, 10.592514445
10.602417151, 10.602509120
10.612417153, 10.612509225
10.622417152, 10.622506919
10.632417150, 10.632506011
10.642417151, 10.642508647
10.652417159, 10.652513472
10.662417154, 10.662506346
10.672417155, 10.672510383
10.682417170, 10.682510878
10.692417152, 10.692508172
10.702417146, 10.702538073
10.712417150, 10.712542453
10.722417157, 10.722543907
10.732417144, 10.732540233
10.742417143, 10.742541079
10.752417153, 10.752544979
10.762417152, 10.762539959
10.772417152, 10.772540664
10.782417152, 10.782539734
10.792417156, 10.792539651
10.802417152, 10.802543532
10.812417158, 10.812540917
10.822417152, 10.822541777
10.832417148, 10.832546580
10.842417151, 10.842541354
10.852417153, 10.852543037
10.862417174, 10.862540152
10.872417144, 10.872542095
10.882417148, 10.882543772
10.892417150, 10.892543661
10.902417157, 10.902539907
10.912417147, 10.912541432
10.922417149, 10.922539858
10.932417145, 10.932539258
10.942417146, 10.942539617
10.952417155, 10.952541220
10.962417154, 10.962544521
10.972417148, 10.972539902
10.982417157, 10.982539078
10.992417152, 10.992543688
11.002417154, 11.002539530
11.012417145, 11.012542068
11.022417159, 11.022540340
11.032417156, 11.032542598
11.042417151, 11.042541939
11.052417153, 11.052539864
11.062417155, 11.062541714
11.072417153, 11.072545608
11.082417192, 11.082540029
11.092417148, 11.092540532
11.102417152, 11.102540381
11.112417153, 11.112541648
11.122417148, 11.122587514
11.132417164, 11.132581196
11.142417151, 11.142586692
11.152417150, 11.152589754
11.162417167, 11.162585388
11.172417144, 11.172588982
11.182417154, 11.182581617
11.192417147, 11.192590678
11.202417154, 11.202589155
11.212417155, 11.212580037
11.222417167, 11.222589005
11.232417144, 11.232590147
11.242417154, 11.242586319
11.252417152, 11.252580701
11.262417157, 11.262588023
11.272417152, 11.272586301
11.282417148, 11.282590595
11.292417159, 11.292581102
11.302417148, 11.302586918
11.312417156, 11.312589981
11.322417151, 11.322587937
11.332417142, 11.332576158
11.342417146, 11.342581952
11.352417144, 11.352586599
11.362417154, 11.362589376
11.372417148, 11.372588856
11.382417157, 11.382588250
11.392417152, 11.392589756
11.402417148, 11.402587210
11.412417150, 11.412550390
11.422417149, 11.422585459
11.432417148, 11.432581436
11.442417146, 11.442590461
11.452417152, 11.452586762
11.462417151, 11.462589335
11.472417147, 11.472589811
11.482417155, 11.482586408
11.492417152, 11.492588102
11.502417165, 11.502586989
11.512417142, 11.512579125
11.522417159, 11.522582495
11.532417153, 11.532588767
11.542417143, 11.542585664
11.552417145, 11.552582540
11.562417154, 11.562580332
11.572417148, 11.572584629
11.582417154, 11.582579040
11.592417150, 11.592580675
11.602417151, 11.602587975
11.612417155, 11.612586670
11.622417163, 11.622586191
11.632417150, 11.632589662
11.642417157, 11.642588402
11.652417153, 11.652587237
11.662417157, 11.662584849
11.672417150, 11.672588322
11.682417159, 11.682588820
11.692417163, 11.692586781
11.702417146, 11.702585830
11.712417153, 11.712589343
11.722417159, 11.722586954
11.732417159, 11.732588459
11.742417154, 11.742580915
11.752417152, 11.752580198
11.762417144, 11.762582244
11.772417161, 11.772588357
11.782417152, 11.782586300
11.792417148, 11.792588878
11.802417151, 11.802588567
11.812417147, 11.812579930
11.822417165, 11.822587506
11.832417144, 11.832587750
11.842417157, 11.842582283
11.852417152, 11.852589542
11.862417144, 11.862579544
11.872417147, 11.872589858
11.882417151, 11.882587058
11.892417158, 11.892588464
11.902417148, 11.902586611
11.912417152, 11.912582354
11.922417151, 11.922587958
11.932417152, 11.932586942
11.942417157, 11.942586752
11.952417150, 11.952590051
11.962417154, 11.962586512
11.972417153, 11.972586607
11.982417155, 11.982587232
11.992417156, 11.992586213
12.002417160, 12.002590947
12.012417159, 12.012581222
12.022417159, 12.022586417
12.032417145, 12.032590594
12.042417154, 12.042586698
------------------------------
