------------------------------
test was performed using the following parameters: --mps=100 --burst=1 --reply-every=1 --msg-size=12 --time=10
------------------------------
sockperf: [Total Run] RunTime=10.100 sec; SentMessages=1011; ReceivedMessages=1010
sockperf: ========= Printing statistics for Server No: 0
sockperf: [Valid Duration] RunTime=9.980 sec; SentMessages=999; ReceivedMessages=999
sockperf: [2;35m====> avg-lat= 78.971 (std-dev=34.015)[0m
sockperf: # dropped messages = 0; # duplicated messages = 0; # out-of-order messages = 0
sockperf: [2;35mTotal 999 observations[0m; each percentile contains 9.99 observations
sockperf: ---> <MAX> observation =  153.533
sockperf: ---> percentile  99.99 =  153.533
sockperf: ---> percentile  99.90 =  151.924
sockperf: ---> percentile  99.50 =  149.500
sockperf: ---> percentile  99.00 =  148.833
sockperf: ---> percentile  95.00 =  146.752
sockperf: ---> percentile  90.00 =  145.668
sockperf: ---> percentile  75.00 =   84.630
sockperf: ---> percentile  50.00 =   65.273
sockperf: ---> percentile  25.00 =   55.363
sockperf: ---> <MIN> observation =   34.629
------------------------------
txTime, rxTime
2.063030234, 2.063205424
2.073030248, 2.073215841
2.083030229, 2.083189461
2.093030236, 2.093164276
2.103030235, 2.103144741
2.113030221, 2.113228584
2.123030231, 2.123167020
2.133030234, 2.133152846
2.143030280, 2.143187856
2.153030255, 2.153138935
2.163030221, 2.163193588
2.173030220, 2.173184989
2.183030229, 2.183137885
2.193030223, 2.193170998
2.203030227, 2.203151694
2.213030232, 2.213150123
2.223030233, 2.223193808
2.233030227, 2.233190912
2.243030222, 2.243223798
2.253030323, 2.253183103
2.263030229, 2.263156998
2.273030233, 2.273198021
2.283030241, 2.283191260
2.293030219, 2.293179894
2.303030236, 2.303181872
2.313030233, 2.313143692
2.323030234, 2.323154246
2.333030224, 2.333210041
2.343030236, 2.343172467
2.353030337, 2.353188216
2.363030225, 2.363152955
2.373030225, 2.373157806
2.383030263, 2.383159892
2.393030233, 2.393190623
2.403030222, 2.403193366
2.413030220, 2.413189317
2.423030225, 2.423191547
2.433030222, 2.433146845
2.443030227, 2.443169897
2.453030248, 2.453196412
2.463030231, 2.463128839
2.473030231, 2.473149545
2.483030229, 2.483172921
2.493030228, 2.493186795
2.503030231, 2.503130566
2.513030228, 2.513158731
2.523030223, 2.523199169
2.533030223, 2.533146620
2.543030237, 2.543160048
2.553030244, 2.553231840
2.563030227, 2.563184219
2.573030222, 2.573171348
2.583030225, 2.583184042
2.593030264, 2.593142077
2.603030220, 2.603148255
2.613030258, 2.613167173
2.623030231, 2.623165184
2.633030231, 2.633220936
2.643030233, 2.643217178
2.653030226, 2.653200066
2.663030244, 2.663161617
2.673030225, 2.673198836
2.683030223, 2.683175456
2.693030221, 2.693138226
2.703030232, 2.703148070
2.713030231, 2.713173301
2.723030236, 2.723145895
2.733030226, 2.733146967
2.743030221, 2.743163337
2.753030248, 2.753116907
2.763030231, 2.763144923
2.773030225, 2.773154112
2.783030237, 2.783158814
2.793030237, 2.793134012
2.803030255, 2.803197758
2.813030261, 2.813160801
2.823030256, 2.823152140
2.833030237, 2.833177946
2.843030233, 2.843201850
2.853030233, 2.853151979
2.863030229, 2.863156672
2.873030240, 2.873188451
2.883030221, 2.883144422
2.893030225, 2.893210955
2.903030215, 2.903186822
2.913030224, 2.913162109
2.923030227, 2.923164545
2.933030227, 2.933132186
2.943030246, 2.943143805
2.953030253, 2.953189216
2.963030237, 2.963143591
2.973030221, 2.973141205
2.983030220, 2.983168182
2.993030225, 2.993127705
3.003030221, 3.003176451
3.013030226, 3.013202696
3.023030233, 3.023204028
3.033030223, 3.033131831
3.043030237, 3.043134247
3.053030327, 3.053134561
3.063030247, 3.063181655
3.073030240, 3.073125162
3.083033272, 3.083151806
3.093030245, 3.093132193
3.103030226, 3.103137675
3.113030242, 3.113138265
3.123030228, 3.123147622
3.133030236, 3.133176046
3.143030237, 3.143142616
3.153030323, 3.153148956
3.163030242, 3.163128820
3.173030247, 3.173130140
3.183030244, 3.183123185
3.193032074, 3.193140854
3.203030228, 3.203185065
3.213030226, 3.213135684
3.223030225, 3.223156159
3.233030225, 3.233128397
3.243030226, 3.243131449
3.253030302, 3.253152136
3.263030234, 3.263143221
3.273030223, 3.273120007
3.283030244, 3.283147042
3.293030247, 3.293155421
3.303035392, 3.303191133
3.313030239, 3.313147500
3.323030237, 3.323125533
3.333030234, 3.333140810
3.343030233, 3.343235222
3.353037611, 3.353160651
3.363030231, 3.363155694
3.373030229, 3.373125528
3.383030226, 3.383112475
3.393030245, 3.393148856
3.403036007, 3.403186950
3.413035337, 3.413166098
3.423030245, 3.423123381
3.433030384, 3.433158150
3.443030237, 3.443121475
3.453030307, 3.453119238
3.463031432, 3.463161988
3.473030221, 3.473163223
3.483030244, 3.483145784
3.493037891, 3.493155611
3.503030239, 3.503151272
3.513030252, 3.513177929
3.523030241, 3.523130712
3.533030231, 3.533121187
3.543030242, 3.543129629
3.553030304, 3.553177714
3.563030225, 3.563123573
3.573030223, 3.573151935
3.583030263, 3.583138588
3.593030228, 3.593148394
3.603030234, 3.603155633
3.613030229, 3.613134253
3.623030226, 3.623206300
3.633030225, 3.633175799
3.643030227, 3.643181498
3.653030323, 3.653166001
3.663030218, 3.663118776
3.673030238, 3.673131078
3.683034325, 3.683163602
3.693030242, 3.693133195
3.703030237, 3.703174414
3.713032339, 3.713151318
3.723030225, 3.723128323
3.733030239, 3.733152496
3.743036120, 3.743173102
3.753030244, 3.753118909
3.763030239, 3.763126425
3.773030245, 3.773158423
3.783030244, 3.783173670
3.793030229, 3.793125942
3.803030237, 3.803157941
3.813030234, 3.813125710
3.823030223, 3.823114048
3.833030231, 3.833159133
3.843030225, 3.843142588
3.853031252, 3.853172377
3.863030233, 3.863157745
3.873030239, 3.873158562
3.883030234, 3.883137581
3.893030225, 3.893166131
3.903030226, 3.903144898
3.913030247, 3.913139312
3.923030253, 3.923141128
3.933030240, 3.933167315
3.943030232, 3.943185306
3.953030247, 3.953150181
3.963030255, 3.963186824
3.973032782, 3.973159779
3.983030226, 3.983139986
3.993033708, 3.993195583
4.003030220, 4.003155574
4.013030234, 4.013161251
4.023030253, 4.023119318
4.033030248, 4.033159234
4.043030245, 4.043164754
4.053030237, 4.053180856
4.063035422, 4.063151861
4.073030240, 4.073143359
4.083030240, 4.083131659
4.093030248, 4.093139114
4.103030229, 4.103133042
4.113030240, 4.113138483
4.123030226, 4.123158843
4.133030373, 4.133269156
4.143030247, 4.143168904
4.153030245, 4.153153730
4.163030224, 4.163160211
4.173030241, 4.173173505
4.183030238, 4.183145878
4.193030232, 4.193138387
4.203030248, 4.203160467
4.213030248, 4.213153941
4.223030251, 4.223148739
4.233030254, 4.233170666
4.243030227, 4.243187189
4.253030243, 4.253163684
4.263030246, 4.263208443
4.273030236, 4.273134687
4.283030248, 4.283164203
4.293035250, 4.293148935
4.303030248, 4.303145959
4.313030247, 4.313151105
4.323030240, 4.323149234
4.333030225, 4.333152816
4.343036258, 4.343192198
4.353030245, 4.353144099
4.363030240, 4.363158289
4.373030244, 4.373136006
4.383030240, 4.383167102
4.393030251, 4.393148814
4.403030229, 4.403159348
4.413030253, 4.413132388
4.423031957, 4.423168957
4.433030245, 4.433130625
4.443030245, 4.443157179
4.453030253, 4.453192044
4.463030253, 4.463140791
4.473030247, 4.473161393
4.483035337, 4.483167355
4.493030247, 4.493148076
4.503030242, 4.503149344
4.513035953, 4.513200222
4.523030248, 4.523159239
4.533030228, 4.533134733
4.543037260, 4.543206258
4.553030231, 4.553142801
4.563030242, 4.563146814
4.573030237, 4.573121375
4.583030242, 4.583145869
4.593030246, 4.593101625
4.603030245, 4.603139190
4.613030251, 4.613175275
4.623030223, 4.623133987
4.633030231, 4.633173603
4.643030231, 4.643188492
4.653030224, 4.653120549
4.663030237, 4.663119389
4.673030248, 4.673151526
4.683030246, 4.683141318
4.693030246, 4.693173187
4.703030242, 4.703167651
4.713030231, 4.713148496
4.723030231, 4.723141178
4.733030253, 4.733109894
4.743030248, 4.743139370
4.753034277, 4.753149835
4.763030226, 4.763127422
4.773030240, 4.773128294
4.783030886, 4.783171933
4.793030240, 4.793151565
4.803030240, 4.803127179
4.813033234, 4.813133938
4.823030237, 4.823170109
4.833030248, 4.833105817
4.843030242, 4.843139766
4.853030246, 4.853105181
4.863030229, 4.863161744
4.873030251, 4.873145990
4.883030229, 4.883111627
4.893030234, 4.893169023
4.903030253, 4.903128490
4.913030253, 4.913127705
4.923030224, 4.923152434
4.933030240, 4.933130309
4.943031923, 4.943133057
4.953030251, 4.953133361
4.963030455, 4.963131387
4.973030249, 4.973135989
4.983030246, 4.983132312
4.993030240, 4.993157729
5.003034577, 5.003162153
5.013033731, 5.013177128
5.023032490, 5.023152056
5.033030248, 5.033167498
5.043030245, 5.043199886
5.053030251, 5.053123751
5.063030246, 5.063135358
5.073030224, 5.073148407
5.083035536, 5.083191053
5.093030248, 5.093155315
5.103030242, 5.103138435
5.113030251, 5.113178369
5.123030226, 5.123198976
5.133030227, 5.133160623
5.143030248, 5.143124650
5.153030254, 5.153125056
5.163030240, 5.163135000
5.173030246, 5.173136784
5.183030231, 5.183155951
5.193030248, 5.193140698
5.203030245, 5.203144781
5.213030253, 5.213137115
5.223030248, 5.223142480
5.233030249, 5.233187123
5.243030232, 5.243178645
5.253030249, 5.253139725
5.263030253, 5.263122698
5.273030246, 5.273136004
5.283030221, 5.283142135
5.293030231, 5.293124503
5.303030231, 5.303148199
5.313030243, 5.313183914
5.323030248, 5.323147449
5.333030245, 5.333137613
5.343030238, 5.343126963
5.353030246, 5.353162283
5.363030231, 5.363129543
5.373030254, 5.373129492
5.383030240, 5.383143066
5.393030245, 5.393119766
5.403030234, 5.403128464
5.413030243, 5.413141362
5.423030226, 5.423144880
5.433030231, 5.433127853
5.443030234, 5.443138394
5.453030240, 5.453144460
5.463030251, 5.463165881
5.473030248, 5.473161171
5.483030246, 5.483111588
5.493030240, 5.493129303
5.503030232, 5.503177574
5.513030235, 5.513180645
5.523030229, 5.523122226
5.533030245, 5.533166134
5.543030226, 5.543167859
5.553030243, 5.553173842
5.563030245, 5.563158773
5.573030248, 5.573162300
5.583030223, 5.583133369
5.593030245, 5.593178435
5.603030217, 5.603188961
5.613030235, 5.613135014
5.623030252, 5.623130122
5.633030248, 5.633130388
5.643030242, 5.643178432
5.653030223, 5.653163090
5.663030251, 5.663151182
5.673030245, 5.673145111
5.683030244, 5.683156315
5.693039284, 5.693170894
5.703037129, 5.703170771
5.713030240, 5.713118898
5.723030244, 5.723134367
5.733030250, 5.733208723
5.743030251, 5.743142178
5.753030248, 5.753178378
5.763030236, 5.763152224
5.773030228, 5.773188812
5.783030239, 5.783136456
5.793030239, 5.793145501
5.803030248, 5.803157760
5.813034402, 5.813202153
5.823033978, 5.823158159
5.833030251, 5.833119999
5.843030228, 5.843140788
5.853033191, 5.853138701
5.863030251, 5.863146584
5.873030245, 5.873173907
5.883032689, 5.883185026
5.893031172, 5.893138729
5.903036646, 5.903167201
5.913030245, 5.913128747
5.923030247, 5.923169344
5.933030225, 5.933139953
5.943030239, 5.943163786
5.953030242, 5.953155050
5.963030251, 5.963105648
5.973030321, 5.973160257
5.983030231, 5.983162556
5.993036284, 5.993176245
6.003030239, 6.003125613
6.013030242, 6.013126990
6.023030242, 6.023212437
6.033030237, 6.033134081
6.043030247, 6.043131271
6.053030229, 6.053195538
6.063030247, 6.063119284
6.073030223, 6.073144554
6.083030247, 6.083135470
6.093034912, 6.093170874
6.103030240, 6.103149529
6.113030240, 6.113136378
6.123030229, 6.123160101
6.133030242, 6.133126667
6.143030229, 6.143200166
6.153030226, 6.153158489
6.163030239, 6.163225726
6.173030229, 6.173145545
6.183030255, 6.183222515
6.193038822, 6.193215130
6.203030240, 6.203149295
6.213030681, 6.213157090
6.223030245, 6.223201421
6.233030240, 6.233130648
6.243030223, 6.243133014
6.253030248, 6.253151722
6.263030233, 6.263165621
6.273030245, 6.273122097
6.283036960, 6.283193318
6.293030229, 6.293157572
6.303035675, 6.303139165
6.313030229, 6.313196575
6.323030229, 6.323131779
6.333030240, 6.333119399
6.343030239, 6.343137780
6.353030233, 6.353140074
6.363030251, 6.363135142
6.373030239, 6.373130304
6.383037808, 6.383145751
6.393030239, 6.393140894
6.403030240, 6.403161988
6.413030231, 6.413135221
6.423030226, 6.423138824
6.433037056, 6.433204875
6.443030242, 6.443145571
6.453030248, 6.453125438
6.463030255, 6.463131820
6.473030240, 6.473133633
6.483030251, 6.483173954
6.493030245, 6.493164269
6.503030240, 6.503159198
6.513030231, 6.513144701
6.523030223, 6.523154706
6.533030242, 6.533128904
6.543030240, 6.543162222
6.553030247, 6.553110241
6.563030247, 6.563140973
6.573039306, 6.573157002
6.583030239, 6.583125271
6.593030245, 6.593212239
6.603030245, 6.603139430
6.613030229, 6.613099489
6.623030229, 6.623135791
6.633030244, 6.633140591
6.643030229, 6.643158112
6.653030231, 6.653154016
6.663030236, 6.663126659
6.673030240, 6.673154395
6.683030229, 6.683119787
6.693030244, 6.693142856
6.703030226, 6.703137431
6.713030248, 6.713124022
6.723030244, 6.723120564
6.733030242, 6.733178751
6.743030237, 6.743191182
6.753030250, 6.753129488
6.763030253, 6.763155753
6.773030228, 6.773127229
6.783030234, 6.783197933
6.793035048, 6.793177765
6.803030234, 6.803166252
6.813030223, 6.813165673
6.823044295, 6.823203559
6.833030250, 6.833169276
6.843030251, 6.843112411
6.853030240, 6.853132453
6.863030251, 6.863125994
6.873030255, 6.873171359
6.883030223, 6.883143850
6.893030239, 6.893183336
6.903030234, 6.903148583
6.913031254, 6.913139890
6.923030229, 6.923142752
6.933030237, 6.933132409
6.943030239, 6.943129182
6.953030245, 6.953131215
6.963030247, 6.963206022
6.973030247, 6.973129996
6.983030236, 6.983164014
6.993030228, 6.993166294
7.003030245, 7.003173050
7.013032002, 7.013202905
7.023030239, 7.023160245
7.033030245, 7.033170648
7.043030240, 7.043149821
7.053030237, 7.053192581
7.063030240, 7.063132009
7.073030248, 7.073173724
7.083030255, 7.083184391
7.093030245, 7.093175879
7.103030228, 7.103141478
7.113030236, 7.113149829
7.123030223, 7.123176961
7.133030526, 7.133215756
7.143030228, 7.143165169
7.153030244, 7.153128699
7.163030234, 7.163156495
7.173030247, 7.173135301
7.183035555, 7.183153857
7.193030239, 7.193157147
7.203030242, 7.203189607
7.213030248, 7.213172759
7.223030223, 7.223174171
7.233030247, 7.233186429
7.243030240, 7.243165079
7.253030248, 7.253136399
7.263030253, 7.263156484
7.273030253, 7.273135237
7.283030244, 7.283138949
7.293030247, 7.293129857
7.303030244, 7.303158514
7.313033210, 7.313150972
7.323033461, 7.323179866
7.333030244, 7.333122634
7.343031837, 7.343212557
7.353030231, 7.353134722
7.363030253, 7.363135778
7.373036202, 7.373170823
7.383030234, 7.383140041
7.393030244, 7.393140548
7.403036412, 7.403125667
7.413030239, 7.413152867
7.423030247, 7.423175088
7.433039310, 7.433144418
7.443030240, 7.443151278
7.453030240, 7.453167331
7.463030234, 7.463146703
7.473037208, 7.473163518
7.483030225, 7.483183843
7.493036924, 7.493191180
7.503030248, 7.503155429
7.513030240, 7.513135954
7.523030233, 7.523136966
7.533037102, 7.533157087
7.543030244, 7.543184152
7.553030223, 7.553155377
7.563030244, 7.563158197
7.573030251, 7.573183815
7.583030250, 7.583199750
7.593030251, 7.593150067
7.603030245, 7.603145610
7.613035448, 7.613128741
7.623030247, 7.623159896
7.633030240, 7.633142751
7.643030248, 7.643149373
7.653030242, 7.653165600
7.663030240, 7.663137064
7.673030248, 7.673155060
7.683030247, 7.683151946
7.693030244, 7.693196212
7.703030229, 7.703140468
7.713030240, 7.713151894
7.723030245, 7.723146988
7.733030245, 7.733176479
7.743030234, 7.743139598
7.753030233, 7.753172090
7.763030245, 7.763106239
7.773030242, 7.773130431
7.783031352, 7.783151741
7.793030237, 7.793178265
7.803030234, 7.803146010
7.813033018, 7.813136849
7.823030242, 7.823170427
7.833030236, 7.833209001
7.843030248, 7.843192192
7.853030251, 7.853207809
7.863035842, 7.863212541
7.873030248, 7.873117942
7.883030240, 7.883157807
7.893030248, 7.893231518
7.903030248, 7.903143226
7.913030228, 7.913160974
7.923030242, 7.923140847
7.933030240, 7.933184749
7.943030225, 7.943129504
7.953030247, 7.953156795
7.963030244, 7.963154403
7.973030242, 7.973170643
7.983032762, 7.983162863
7.993030233, 7.993162424
8.003030229, 8.003114204
8.013030245, 8.013130595
8.023030229, 8.023141991
8.033030226, 8.033158402
8.043030228, 8.043147487
8.053034579, 8.053169074
8.063030223, 8.063140974
8.073030239, 8.073152745
8.083031456, 8.083150898
8.093030244, 8.093136293
8.103030229, 8.103140297
8.113030226, 8.113181505
8.123030229, 8.123146142
8.133037077, 8.133204539
8.143030239, 8.143150050
8.153030248, 8.153161426
8.163030240, 8.163138628
8.173030231, 8.173129646
8.183030229, 8.183159451
8.193033168, 8.193143651
8.203030223, 8.203138720
8.213030244, 8.213163690
8.223030242, 8.223125874
8.233030245, 8.233160575
8.243030244, 8.243140734
8.253030245, 8.253157783
8.263030223, 8.263147680
8.273030223, 8.273180957
8.283030240, 8.283156778
8.293030244, 8.293156653
8.303030225, 8.303195100
8.313030248, 8.313154513
8.323031099, 8.323166955
8.333030240, 8.333144287
8.343030231, 8.343128471
8.353030244, 8.353173871
8.363030226, 8.363189344
8.373030239, 8.373165286
8.383030248, 8.383134395
8.393030248, 8.393191658
8.403030240, 8.403153732
8.413030237, 8.413139629
8.423030234, 8.423129060
8.433030237, 8.433136571
8.443030233, 8.443163002
8.453030250, 8.453169497
8.463030226, 8.463151007
8.473030245, 8.473172096
8.483030237, 8.483119489
8.493033144, 8.493153899
8.503030231, 8.503108694
8.513030228, 8.513129799
8.523030247, 8.523153343
8.533038724, 8.533222093
8.543033343, 8.543174810
8.553030239, 8.553149829
8.563030253, 8.563134473
8.573030244, 8.573156607
8.583030231, 8.583161178
8.593030229, 8.593157396
8.603035182, 8.603158120
8.613030242, 8.613129591
8.623030247, 8.623153209
8.633030244, 8.633183494
8.643030245, 8.643127874
8.653030242, 8.653174374
8.663030245, 8.663122596
8.673030248, 8.673133568
8.683036564, 8.683212962
8.693030220, 8.693171854
8.703030231, 8.703134799
8.713034308, 8.713191295
8.723030240, 8.723179036
8.733030229, 8.733198478
8.743030221, 8.743177829
8.753030250, 8.753155524
8.763030245, 8.763162176
8.773030240, 8.773140837
8.783030240, 8.783198569
8.793031107, 8.793170977
8.803030245, 8.803129485
8.813032806, 8.813166657
8.823030248, 8.823164146
8.833034522, 8.833191303
8.843030226, 8.843155923
8.853030247, 8.853150233
8.863030231, 8.863204387
8.873034642, 8.873170272
8.883035678, 8.883164893
8.893030247, 8.893140805
8.903030229, 8.903120621
8.913030251, 8.913140812
8.923030247, 8.923136827
8.933037402, 8.933208453
8.943036153, 8.943232290
8.953030231, 8.953199782
8.963030229, 8.963158971
8.973030244, 8.973182861
8.983030248, 8.983139917
8.993030244, 8.993130715
9.003030236, 9.003132987
9.013030231, 9.013148471
9.023030225, 9.023196681
9.033030250, 9.033135573
9.043030226, 9.043135485
9.053030229, 9.053163887
9.063030229, 9.063159348
9.073036548, 9.073152581
9.083030247, 9.083155982
9.093030240, 9.093162864
9.103030247, 9.103149786
9.113030247, 9.113177921
9.123032626, 9.123146649
9.133030247, 9.133243228
9.143030223, 9.143156793
9.153030244, 9.153163330
9.163033817, 9.163174943
9.173030244, 9.173124540
9.183030248, 9.183241526
9.193030247, 9.193160107
9.203030248, 9.203133446
9.213030237, 9.213160785
9.223030245, 9.223143960
9.233030228, 9.233149638
9.243038416, 9.243170149
9.253030229, 9.253152598
9.263030248, 9.263169571
9.273030244, 9.273170340
9.283033927, 9.283167080
9.293030228, 9.293128984
9.303030248, 9.303148209
9.313030244, 9.313135778
9.323030245, 9.323163748
9.333030248, 9.333173817
9.343030237, 9.343174790
9.353030244, 9.353151428
9.363030223, 9.363124306
9.373030229, 9.373199491
9.383030244, 9.383151804
9.393030244, 9.393173907
9.403030228, 9.403165450
9.413030229, 9.413141251
9.423033093, 9.423164858
9.433030229, 9.433130011
9.443030226, 9.443148364
9.453030250, 9.453202234
9.463031941, 9.463141688
9.473030244, 9.473118054
9.483030242, 9.483172068
9.493030239, 9.493120897
9.503030244, 9.503152360
9.513030900, 9.513181585
9.523030223, 9.523147617
9.533030244, 9.533158472
9.543030229, 9.543177311
9.553030228, 9.553145428
9.563030251, 9.563156272
9.573030248, 9.573165556
9.583030247, 9.583131397
9.593037677, 9.593147851
9.603030228, 9.603161784
9.613030248, 9.613167426
9.623030248, 9.623129786
9.633030223, 9.633122645
9.643030248, 9.643167942
9.653030247, 9.653145768
9.663030255, 9.663145662
9.673030244, 9.673156137
9.683031178, 9.683153546
9.693030226, 9.693145558
9.703031641, 9.703144669
9.713030247, 9.713178876
9.723032553, 9.723190733
9.733030242, 9.733140204
9.743037355, 9.743174815
9.753035697, 9.753177093
9.763030231, 9.763135436
9.773034617, 9.773198972
9.783030237, 9.783195841
9.793030248, 9.793167647
9.803030248, 9.803171715
9.813030251, 9.813165405
9.823030248, 9.823182820
9.833031527, 9.833151220
9.843030240, 9.843154924
9.853034772, 9.853148168
9.863030247, 9.863157011
9.873030248, 9.873143700
9.883030244, 9.883160837
9.893030244, 9.893129671
9.903030244, 9.903156365
9.913030242, 9.913142017
9.923030239, 9.923154457
9.933031633, 9.933119118
9.943030239, 9.943124477
9.953030220, 9.953175944
9.963030229, 9.963168144
9.973030229, 9.973146418
9.983030223, 9.983227428
9.993030215, 9.993205262
10.003030225, 10.003269612
10.013030215, 10.013263762
10.023030226, 10.023257664
10.033030220, 10.033263541
10.043030229, 10.043225470
10.053030226, 10.053230280
10.063030220, 10.063278865
10.073030225, 10.073285888
10.083030244, 10.083224720
10.093030244, 10.093259098
10.103030218, 10.103195728
10.113030223, 10.113207864
10.123030221, 10.123234784
10.133030214, 10.133262363
10.143030220, 10.143270938
10.153030215, 10.153269060
10.163030217, 10.163264778
10.173030220, 10.173268011
10.183030215, 10.183265108
10.193030215, 10.193326186
10.203030244, 10.203323671
10.213030244, 10.213324234
10.223030220, 10.223303824
10.233030237, 10.233318364
10.243030229, 10.243322071
10.253030223, 10.253324071
10.263030245, 10.263312621
10.273030244, 10.273334093
10.283030220, 10.283313091
10.293030244, 10.293323764
10.303030229, 10.303327579
10.313030230, 10.313323241
10.323030221, 10.323337288
10.333030220, 10.333324121
10.343030225, 10.343314856
10.353030243, 10.353331633
10.363030223, 10.363324686
10.373030221, 10.373312617
10.383030244, 10.383324231
10.393030239, 10.393313901
10.403030245, 10.403320944
10.413030245, 10.413328173
10.423030240, 10.423325921
10.433030225, 10.433327786
10.443030242, 10.443312602
10.453030245, 10.453322213
10.463030221, 10.463322046
10.473030236, 10.473314159
10.483030228, 10.483321421
10.493030221, 10.493319861
10.503030236, 10.503313359
10.513030240, 10.513324301
10.523030221, 10.523321184
10.533030237, 10.533321779
10.543030226, 10.543313491
10.553030228, 10.553321244
10.563030237, 10.563324399
10.573030240, 10.573325419
10.583030240, 10.583321921
10.593030247, 10.593327661
10.603030229, 10.603321641
10.613030220, 10.613320934
10.623030245, 10.623323776
10.633030240, 10.633323746
10.643030221, 10.643324206
10.653030239, 10.653324146
10.663030237, 10.663329336
10.673030229, 10.673321641
10.683030245, 10.683311029
10.693030247, 10.693322181
10.703030226, 10.703270960
10.713030236, 10.713318656
10.723030226, 10.723323661
10.733030225, 10.733326991
10.743030223, 10.743324043
10.753030215, 10.753320704
10.763030225, 10.763321039
10.773030242, 10.773257756
10.783030226, 10.783322261
10.793030229, 10.793322549
10.803030239, 10.803322971
10.813030236, 10.813324084
10.823030237, 10.823322461
10.833030245, 10.833327571
10.843030225, 10.843322129
10.853030221, 10.853321486
10.863030240, 10.863326938
10.873030240, 10.873312236
10.883030223, 10.883321114
10.893030242, 10.893324234
10.903030225, 10.903315146
10.913030229, 10.913327669
10.923030226, 10.923321174
10.933030218, 10.933316461
10.943030223, 10.943312471
10.953030240, 10.953312201
10.963030225, 10.963322381
10.973030221, 10.973324201
10.983030244, 10.983321596
10.993030242, 10.993328626
11.003030217, 11.003320776
11.013030242, 11.013296264
11.023030228, 11.023321439
11.033030225, 11.033316269
11.043030239, 11.043314544
11.053030242, 11.053316391
11.063030223, 11.063321514
11.073030245, 11.073327071
11.083030225, 11.083322416
11.093030221, 11.093321074
11.103030237, 11.103322924
11.113030244, 11.113321564
11.123030223, 11.123321391
11.133030242, 11.133323709
11.143030220, 11.143321096
11.153030228, 11.153327711
11.163030245, 11.163323983
11.173030242, 11.173321704
11.183030225, 11.183320954
11.193030242, 11.193322648
11.203030229, 11.203328374
11.213030221, 11.213324469
11.223030242, 11.223321939
11.233030240, 11.233327136
11.243030217, 11.243321126
11.253030237, 11.253322414
11.263030221, 11.263323526
11.273030228, 11.273320749
11.283030239, 11.283323488
11.293030242, 11.293323691
11.303030217, 11.303312429
11.313030239, 11.313331913
11.323030223, 11.323314006
11.333030225, 11.333290327
11.343030245, 11.343321584
11.353030242, 11.353322506
11.363030221, 11.363321599
11.373030240, 11.373315754
11.383030226, 11.383321749
11.393030226, 11.393320166
11.403030244, 11.403321254
11.413030240, 11.413313286
11.423030221, 11.423321334
11.433030236, 11.433320569
11.443030220, 11.443321928
11.453030225, 11.453323893
11.463030240, 11.463317976
11.473030237, 11.473328818
11.483030217, 11.483320986
11.493030245, 11.493323556
11.503030226, 11.503321234
11.513030225, 11.513312626
11.523030240, 11.523323746
11.533030245, 11.533323731
11.543030225, 11.543313142
11.553030236, 11.553329236
11.563030228, 11.563312641
11.573030223, 11.573320911
11.583030236, 11.583321009
11.593030245, 11.593320686
11.603030225, 11.603323686
11.613030240, 11.613315374
11.623030221, 11.623323409
11.633030221, 11.633316041
11.643030237, 11.643323671
11.653030245, 11.653321141
11.663030221, 11.663312679
11.673030245, 11.673325813
11.683030223, 11.683321994
11.693030229, 11.693315569
11.703030244, 11.703321506
11.713030244, 11.713321396
11.723030220, 11.723312429
11.733030240, 11.733326306
11.743030217, 11.743320844
11.753030225, 11.753323229
11.763030239, 11.763320591
11.773030239, 11.773327906
11.783030221, 11.783321204
11.793030240, 11.793326778
11.803030226, 11.803321804
11.813030223, 11.813314192
11.823030239, 11.823324706
11.833030223, 11.833320941
11.843030225, 11.843321479
11.853030240, 11.853313217
11.863030221, 11.863321724
11.873030228, 11.873327489
11.883030240, 11.883323406
11.893030237, 11.893314619
11.903030223, 11.903323626
11.913030237, 11.913322374
11.923030221, 11.923322056
11.933030225, 11.933322006
11.943030240, 11.943324801
11.953030221, 11.953327609
11.963030217, 11.963322228
11.973030237, 11.973321954
11.983030226, 11.983313949
11.993030226, 11.993321874
12.003030239, 12.003260491
12.013030239, 12.013268763
12.023030223, 12.023257746
12.033030236, 12.033266970
12.043030226, 12.043258341
------------------------------
