------------------------------
test was performed using the following parameters: --mps=100 --burst=1 --reply-every=1 --msg-size=12 --time=10
------------------------------
sockperf: [Total Run] RunTime=10.100 sec; SentMessages=1011; ReceivedMessages=1010
sockperf: ========= Printing statistics for Server No: 0
sockperf: [Valid Duration] RunTime=9.990 sec; SentMessages=1000; ReceivedMessages=1000
sockperf: [2;35m====> avg-lat= 62.905 (std-dev=16.147)[0m
sockperf: # dropped messages = 0; # duplicated messages = 0; # out-of-order messages = 0
sockperf: [2;35mTotal 1000 observations[0m; each percentile contains 10.00 observations
sockperf: ---> <MAX> observation =  118.875
sockperf: ---> percentile  99.99 =  118.875
sockperf: ---> percentile  99.90 =  112.307
sockperf: ---> percentile  99.50 =  100.093
sockperf: ---> percentile  99.00 =   96.328
sockperf: ---> percentile  95.00 =   87.755
sockperf: ---> percentile  90.00 =   85.606
sockperf: ---> percentile  75.00 =   72.831
sockperf: ---> percentile  50.00 =   64.733
sockperf: ---> percentile  25.00 =   52.690
sockperf: ---> <MIN> observation =   22.162
------------------------------
txTime, rxTime
2.062310947, 2.062375964
2.072310933, 2.072419294
2.082318016, 2.082457407
2.092310941, 2.092445534
2.102310958, 2.102436655
2.112310958, 2.112457412
2.122310941, 2.122473006
2.132312101, 2.132476268
2.142310958, 2.142490778
2.152310944, 2.152447103
2.162310948, 2.162443666
2.172310959, 2.172462371
2.182310959, 2.182470463
2.192316460, 2.192468342
2.202310955, 2.202484280
2.212310934, 2.212452443
2.222310953, 2.222446124
2.232310941, 2.232466980
2.242310953, 2.242486845
2.252310939, 2.252468219
2.262310945, 2.262462316
2.272315642, 2.272462859
2.282310941, 2.282454585
2.292310941, 2.292474208
2.302316115, 2.302475179
2.312314971, 2.312493916
2.322318889, 2.322487433
2.332318155, 2.332487268
2.342310959, 2.342475244
2.352310963, 2.352465140
2.362310942, 2.362489883
2.372312295, 2.372498207
2.382315935, 2.382483601
2.392311670, 2.392489187
2.402313896, 2.402480547
2.412310947, 2.412474361
2.422310952, 2.422480438
2.432310948, 2.432451499
2.442310948, 2.442448770
2.452310947, 2.452434964
2.462310953, 2.462449997
2.472310944, 2.472472195
2.482316647, 2.482492588
2.492311294, 2.492463838
2.502310961, 2.502475902
2.512312090, 2.512456635
2.522310958, 2.522466991
2.532310944, 2.532477080
2.542318933, 2.542465540
2.552310939, 2.552484788
2.562310941, 2.562459545
2.572310956, 2.572488606
2.582312082, 2.582471033
2.592317540, 2.592488764
2.602310944, 2.602454487
2.612310942, 2.612447506
2.622310963, 2.622492807
2.632317095, 2.632488238
2.642319012, 2.642493791
2.652310956, 2.652459259
2.662310952, 2.662451194
2.672316530, 2.672468898
2.682310950, 2.682440622
2.692310955, 2.692469117
2.702310953, 2.702443249
2.712331092, 2.712490625
2.722310956, 2.722400480
2.732319533, 2.732398293
2.742310942, 2.742412323
2.752310959, 2.752408584
2.762310948, 2.762386990
2.772311215, 2.772375260
2.782310947, 2.782444989
2.792310945, 2.792389404
2.802310958, 2.802391521
2.812310945, 2.812397867
2.822317237, 2.822407451
2.832311692, 2.832398366
2.842310950, 2.842479515
2.852310942, 2.852439624
2.862310936, 2.862430856
2.872317049, 2.872446553
2.882310952, 2.882440389
2.892315057, 2.892409407
2.902310959, 2.902435904
2.912314749, 2.912435752
2.922310945, 2.922432280
2.932310944, 2.932434521
2.942310956, 2.942413302
2.952310964, 2.952416548
2.962314248, 2.962473876
2.972310942, 2.972398798
2.982314499, 2.982401399
2.992310933, 2.992437083
3.002310950, 3.002430744
3.012327149, 3.012509035
3.022310956, 3.022460819
3.032310942, 3.032453859
3.042311331, 3.042429541
3.052310945, 3.052416723
3.062315931, 3.062413267
3.072311319, 3.072441793
3.082311825, 3.082440941
3.092310941, 3.092394257
3.102310945, 3.102418842
3.112311068, 3.112406360
3.122312600, 3.122451135
3.132310958, 3.132457028
3.142310959, 3.142409997
3.152310953, 3.152403442
3.162310939, 3.162419359
3.172310955, 3.172405030
3.182322261, 3.182464548
3.192310955, 3.192403230
3.202310953, 3.202423304
3.212310933, 3.212409528
3.222313756, 3.222447005
3.232310959, 3.232400617
3.242320851, 3.242385452
3.252310941, 3.252391579
3.262310952, 3.262373539
3.272310956, 3.272372944
3.282315557, 3.282395933
3.292310953, 3.292386582
3.302310945, 3.302415088
3.312310931, 3.312408156
3.322310944, 3.322383230
3.332310941, 3.332385556
3.342310952, 3.342401354
3.352310951, 3.352387545
3.362311138, 3.362392612
3.372310936, 3.372373419
3.382310959, 3.382382684
3.392310945, 3.392376288
3.402310956, 3.402371698
3.412311512, 3.412399614
3.422310942, 3.422462496
3.432310947, 3.432396697
3.442310967, 3.442375113
3.452310941, 3.452430435
3.462310963, 3.462367860
3.472310958, 3.472364435
3.482310961, 3.482380235
3.492310944, 3.492387782
3.502310964, 3.502412295
3.512310958, 3.512402488
3.522310958, 3.522471704
3.532347301, 3.532496788
3.542310948, 3.542377955
3.552310939, 3.552387596
3.562315128, 3.562385264
3.572315980, 3.572394423
3.582310956, 3.582382798
3.592310966, 3.592401353
3.602310950, 3.602374602
3.612310942, 3.612458986
3.622310942, 3.622375577
3.632310944, 3.632382842
3.642310961, 3.642388674
3.652310941, 3.652375809
3.662310948, 3.662378438
3.672310942, 3.672366429
3.682310961, 3.682385097
3.692310945, 3.692388180
3.702310955, 3.702368348
3.712310948, 3.712389805
3.722314894, 3.722399788
3.732311138, 3.732382577
3.742310945, 3.742391548
3.752314821, 3.752385254
3.762310945, 3.762393263
3.772310961, 3.772389701
3.782310950, 3.782368343
3.792312540, 3.792399030
3.802310974, 3.802373845
3.812310964, 3.812413018
3.822310964, 3.822376247
3.832311239, 3.832396885
3.842310964, 3.842392748
3.852318221, 3.852405818
3.862314135, 3.862402793
3.872312155, 3.872389153
3.882310955, 3.882375800
3.892310955, 3.892389701
3.902310961, 3.902408936
3.912310945, 3.912388047
3.922315788, 3.922393582
3.932319459, 3.932420521
3.942310936, 3.942416779
3.952310966, 3.952390605
3.962310955, 3.962364956
3.972310966, 3.972422851
3.982313822, 3.982421866
3.992316967, 3.992406879
4.002313798, 4.002384037
4.012310955, 4.012366900
4.022310956, 4.022445183
4.032310947, 4.032388147
4.042312161, 4.042412042
4.052310950, 4.052363685
4.062318216, 4.062400627
4.072319307, 4.072382553
4.082310963, 4.082370135
4.092310958, 4.092394376
4.102312447, 4.102389750
4.112317259, 4.112484130
4.122310939, 4.122465928
4.132311441, 4.132466032
4.142316258, 4.142482470
4.152317435, 4.152496063
4.162310942, 4.162447728
4.172310966, 4.172466795
4.182319012, 4.182468544
4.192310953, 4.192410244
4.202310964, 4.202437787
4.212310959, 4.212418711
4.222315442, 4.222452601
4.232310939, 4.232433518
4.242310942, 4.242376602
4.252310945, 4.252421891
4.262311588, 4.262475201
4.272310961, 4.272442875
4.282310952, 4.282440653
4.292324164, 4.292413300
4.302316590, 4.302444168
4.312310950, 4.312390610
4.322310941, 4.322432853
4.332316685, 4.332459434
4.342310939, 4.342435362
4.352310942, 4.352431120
4.362310937, 4.362418509
4.372310942, 4.372470677
4.382310945, 4.382457684
4.392310941, 4.392430461
4.402310945, 4.402450682
4.412311027, 4.412464157
4.422316246, 4.422444043
4.432310941, 4.432421956
4.442310955, 4.442380418
4.452310956, 4.452436327
4.462312362, 4.462452995
4.472310934, 4.472444624
4.482317723, 4.482447847
4.492310939, 4.492402565
4.502310942, 4.502413457
4.512313956, 4.512445423
4.522312769, 4.522430234
4.532318608, 4.532458547
4.542312755, 4.542450676
4.552310941, 4.552497293
4.562314706, 4.562450524
4.572310939, 4.572440367
4.582315783, 4.582454448
4.592311608, 4.592428437
4.602310953, 4.602426522
4.612310941, 4.612389176
4.622318671, 4.622448647
4.632317037, 4.632400181
4.642310952, 4.642370517
4.652310950, 4.652381325
4.662315729, 4.662443173
4.672314738, 4.672441174
4.682310945, 4.682401515
4.692310959, 4.692387735
4.702310944, 4.702383090
4.712310944, 4.712425884
4.722310961, 4.722383563
4.732312952, 4.732389135
4.742319129, 4.742412045
4.752310942, 4.752429704
4.762310941, 4.762447288
4.772311623, 4.772431282
4.782317242, 4.782422215
4.792310958, 4.792414188
4.802310958, 4.802378715
4.812310939, 4.812428074
4.822310958, 4.822384871
4.832310939, 4.832386038
4.842316451, 4.842398351
4.852311621, 4.852442406
4.862310948, 4.862374038
4.872310950, 4.872403434
4.882310958, 4.882380950
4.892310941, 4.892393237
4.902310948, 4.902437709
4.912312622, 4.912440119
4.922324724, 4.922464179
4.932315758, 4.932443377
4.942311078, 4.942448287
4.952310941, 4.952506256
4.962310944, 4.962371193
4.972310944, 4.972422310
4.982311572, 4.982432375
4.992310955, 4.992425412
5.002317160, 5.002406508
5.012313413, 5.012458536
5.022312864, 5.022390133
5.032310959, 5.032448208
5.042310959, 5.042446836
5.052310956, 5.052448458
5.062310942, 5.062423221
5.072310944, 5.072377362
5.082315376, 5.082442302
5.092310944, 5.092392789
5.102310947, 5.102380120
5.112312155, 5.112381835
5.122310948, 5.122422911
5.132310944, 5.132425452
5.142310956, 5.142443105
5.152310956, 5.152430414
5.162310944, 5.162413005
5.172310945, 5.172425523
5.182310958, 5.182422799
5.192311097, 5.192444460
5.202317948, 5.202453791
5.212310941, 5.212432419
5.222310997, 5.222503654
5.232311007, 5.232443148
5.242310941, 5.242425633
5.252310942, 5.252442703
5.262310964, 5.262433865
5.272319195, 5.272438400
5.282313326, 5.282437041
5.292310945, 5.292426615
5.302320032, 5.302443963
5.312310959, 5.312420075
5.322310942, 5.322437186
5.332310941, 5.332422070
5.342310939, 5.342426178
5.352310947, 5.352429985
5.362310953, 5.362439313
5.372315368, 5.372439463
5.382310944, 5.382418958
5.392310950, 5.392442761
5.402310956, 5.402430338
5.412319934, 5.412439286
5.422310950, 5.422413986
5.432310936, 5.432420832
5.442310967, 5.442427596
5.452310945, 5.452432419
5.462310964, 5.462414352
5.472312038, 5.472453995
5.482312314, 5.482427182
5.492310942, 5.492416324
5.502310950, 5.502473461
5.512310952, 5.512432212
5.522310955, 5.522440767
5.532310955, 5.532423121
5.542310941, 5.542414451
5.552310948, 5.552445117
5.562310958, 5.562416277
5.572310963, 5.572418362
5.582310944, 5.582424455
5.592312377, 5.592423525
5.602317965, 5.602449983
5.612310945, 5.612450775
5.622310953, 5.622449073
5.632310956, 5.632423102
5.642310953, 5.642420890
5.652310952, 5.652444041
5.662317097, 5.662447147
5.672310948, 5.672424796
5.682310955, 5.682403822
5.692310959, 5.692446113
5.702314608, 5.702427422
5.712310964, 5.712378127
5.722311460, 5.722445063
5.732311787, 5.732437737
5.742310948, 5.742438616
5.752318560, 5.752453821
5.762310944, 5.762383903
5.772310956, 5.772420776
5.782310958, 5.782413783
5.792317924, 5.792428361
5.802318436, 5.802460400
5.812310953, 5.812438024
5.822310952, 5.822382897
5.832310955, 5.832355281
5.842310952, 5.842371829
5.852311555, 5.852441226
5.862310958, 5.862415332
5.872310941, 5.872439483
5.882310959, 5.882429069
5.892310952, 5.892436981
5.902311514, 5.902446514
5.912310941, 5.912426931
5.922310952, 5.922437784
5.932310956, 5.932442570
5.942312344, 5.942444894
5.952310942, 5.952431448
5.962310944, 5.962445968
5.972310945, 5.972428680
5.982310956, 5.982423372
5.992310939, 5.992449059
6.002310961, 6.002380901
6.012310942, 6.012387552
6.022310947, 6.022388602
6.032310939, 6.032383369
6.042310953, 6.042420494
6.052310956, 6.052440937
6.062316326, 6.062482268
6.072310964, 6.072433858
6.082310948, 6.082422461
6.092310936, 6.092410187
6.102310958, 6.102440426
6.112310953, 6.112467788
6.122310955, 6.122461907
6.132316116, 6.132475229
6.142310948, 6.142459518
6.152310939, 6.152468800
6.162310950, 6.162467006
6.172310953, 6.172444329
6.182310953, 6.182479057
6.192343868, 6.192533835
6.202310945, 6.202453389
6.212310945, 6.212454124
6.222314984, 6.222466007
6.232310952, 6.232453471
6.242313538, 6.242517266
6.252312726, 6.252479567
6.262310937, 6.262445346
6.272310941, 6.272474252
6.282310944, 6.282467177
6.292310948, 6.292474713
6.302310956, 6.302454492
6.312310942, 6.312453910
6.322310941, 6.322473947
6.332310945, 6.332481182
6.342310948, 6.342453479
6.352310942, 6.352459586
6.362310944, 6.362448226
6.372310953, 6.372455657
6.382314315, 6.382462281
6.392310947, 6.392455158
6.402310950, 6.402463953
6.412311817, 6.412455882
6.422310952, 6.422462726
6.432314600, 6.432473838
6.442316923, 6.442480826
6.452310943, 6.452446300
6.462310945, 6.462428601
6.472310943, 6.472389073
6.482310956, 6.482435139
6.492310939, 6.492439734
6.502312948, 6.502432327
6.512310939, 6.512437847
6.522310958, 6.522397914
6.532310959, 6.532407641
6.542310956, 6.542404185
6.552318633, 6.552487974
6.562310954, 6.562467832
6.572319087, 6.572485096
6.582310953, 6.582484652
6.592310948, 6.592452957
6.602315582, 6.602459315
6.612310959, 6.612450287
6.622310940, 6.622467347
6.632310943, 6.632449142
6.642312748, 6.642474736
6.652313618, 6.652511296
6.662310942, 6.662469401
6.672310994, 6.672489480
6.682315099, 6.682481230
6.692318239, 6.692508820
6.702310945, 6.702469583
6.712317242, 6.712472387
6.722310953, 6.722470068
6.732310943, 6.732454819
6.742310953, 6.742458021
6.752317692, 6.752499877
6.762310937, 6.762456600
6.772310958, 6.772447235
6.782310940, 6.782459985
6.792311504, 6.792486052
6.802310945, 6.802469427
6.812310942, 6.812451115
6.822310956, 6.822448920
6.832314142, 6.832515347
6.842310956, 6.842453241
6.852310948, 6.852461709
6.862310958, 6.862449619
6.872310945, 6.872457460
6.882310958, 6.882464008
6.892310967, 6.892484003
6.902310984, 6.902446542
6.912310937, 6.912464822
6.922310956, 6.922466435
6.932310948, 6.932456969
6.942310946, 6.942456633
6.952310942, 6.952548692
6.962311486, 6.962475051
6.972317794, 6.972477187
6.982316042, 6.982451675
6.992310943, 6.992460605
7.002310951, 7.002450473
7.012310940, 7.012451306
7.022310950, 7.022447736
7.032310954, 7.032458186
7.042317668, 7.042501811
7.052310939, 7.052440826
7.062310956, 7.062508190
7.072310958, 7.072421655
7.082310958, 7.082414910
7.092310943, 7.092426607
7.102310953, 7.102425252
7.112310953, 7.112419309
7.122310940, 7.122417981
7.132310959, 7.132448937
7.142310959, 7.142451405
7.152310945, 7.152450794
7.162310959, 7.162407494
7.172310940, 7.172460779
7.182310965, 7.182380863
7.192310956, 7.192379472
7.202310953, 7.202384120
7.212310948, 7.212401881
7.222310943, 7.222400212
7.232311145, 7.232409706
7.242318497, 7.242443193
7.252310943, 7.252391540
7.262319916, 7.262462887
7.272310956, 7.272455275
7.282310939, 7.282425246
7.292310950, 7.292430721
7.302314853, 7.302393535
7.312310940, 7.312372178
7.322310948, 7.322409818
7.332310956, 7.332437305
7.342318007, 7.342453421
7.352310940, 7.352416538
7.362310951, 7.362452141
7.372310945, 7.372429019
7.382310948, 7.382453238
7.392312769, 7.392402161
7.402310933, 7.402416879
7.412310935, 7.412419664
7.422310962, 7.422439923
7.432314575, 7.432445049
7.442310933, 7.442430983
7.452311417, 7.452388596
7.462310940, 7.462443101
7.472315526, 7.472408360
7.482310942, 7.482407991
7.492310948, 7.492388737
7.502310939, 7.502441002
7.512310939, 7.512452372
7.522318625, 7.522439772
7.532320163, 7.532451866
7.542310959, 7.542436373
7.552310958, 7.552403698
7.562310944, 7.562402761
7.572314349, 7.572396157
7.582310945, 7.582439573
7.592310942, 7.592445194
7.602310956, 7.602399442
7.612311195, 7.612443017
7.622311736, 7.622441476
7.632311818, 7.632434734
7.642312676, 7.642446244
7.652310939, 7.652415847
7.662310964, 7.662388818
7.672310959, 7.672417739
7.682310944, 7.682421357
7.692310955, 7.692385963
7.702310939, 7.702400901
7.712310947, 7.712421492
7.722319067, 7.722405670
7.732318867, 7.732412239
7.742311122, 7.742413873
7.752310944, 7.752435261
7.762310936, 7.762397794
7.772310939, 7.772379694
7.782310945, 7.782467453
7.792310953, 7.792421683
7.802310953, 7.802397819
7.812310947, 7.812388452
7.822319549, 7.822434083
7.832310937, 7.832452939
7.842310955, 7.842417671
7.852310937, 7.852383777
7.862310956, 7.862385207
7.872310956, 7.872429372
7.882310948, 7.882386248
7.892310936, 7.892400251
7.902314286, 7.902443118
7.912310959, 7.912436117
7.922318393, 7.922405739
7.932310945, 7.932425461
7.942311409, 7.942428453
7.952310959, 7.952381197
7.962310942, 7.962438525
7.972313891, 7.972436944
7.982310944, 7.982401948
7.992317728, 7.992449836
8.002310944, 8.002438672
8.012310959, 8.012403184
8.022310952, 8.022392573
8.032310958, 8.032403565
8.042315024, 8.042441733
8.052310941, 8.052432067
8.062314902, 8.062435801
8.072310945, 8.072426959
8.082318639, 8.082434843
8.092310944, 8.092477247
8.102310948, 8.102431053
8.112311411, 8.112470469
8.122310953, 8.122474168
8.132310942, 8.132459936
8.142310933, 8.142499304
8.152310937, 8.152483520
8.162310950, 8.162461335
8.172310934, 8.172485661
8.182310958, 8.182484944
8.192310941, 8.192454344
8.202310941, 8.202456429
8.212310934, 8.212478400
8.222310952, 8.222488934
8.232315267, 8.232463175
8.242310944, 8.242448683
8.252311075, 8.252479609
8.262320289, 8.262473418
8.272313963, 8.272471241
8.282310941, 8.282476485
8.292314479, 8.292539094
8.302310967, 8.302466852
8.312310944, 8.312514323
8.322310947, 8.322473461
8.332310942, 8.332473000
8.342310947, 8.342468658
8.352310939, 8.352460176
8.362314550, 8.362484280
8.372310939, 8.372461772
8.382319244, 8.382468295
8.392310939, 8.392477822
8.402313072, 8.402482679
8.412311425, 8.412496355
8.422310947, 8.422475694
8.432317206, 8.432480534
8.442311310, 8.442472743
8.452310939, 8.452486542
8.462310950, 8.462511137
8.472315268, 8.472484821
8.482310947, 8.482473180
8.492317873, 8.492474994
8.502310956, 8.502480928
8.512322759, 8.512482862
8.522313314, 8.522479718
8.532310964, 8.532454582
8.542310941, 8.542465792
8.552310942, 8.552456996
8.562310936, 8.562456780
8.572310939, 8.572507234
8.582310948, 8.582456786
8.592313377, 8.592402903
8.602310944, 8.602379714
8.612312099, 8.612438777
8.622310939, 8.622445098
8.632310953, 8.632398430
8.642317592, 8.642413046
8.652310941, 8.652435550
8.662310947, 8.662441258
8.672310939, 8.672401335
8.682310947, 8.682427891
8.692310945, 8.692404929
8.702310956, 8.702445584
8.712310956, 8.712420390
8.722310958, 8.722395880
8.732310948, 8.732394924
8.742310959, 8.742431601
8.752310939, 8.752409880
8.762310944, 8.762380846
8.772310952, 8.772447300
8.782310936, 8.782399343
8.792310937, 8.792426179
8.802310941, 8.802421440
8.812310953, 8.812395470
8.822310958, 8.822423866
8.832310958, 8.832396858
8.842310944, 8.842374670
8.852310948, 8.852438102
8.862310945, 8.862433709
8.872320758, 8.872401197
8.882310947, 8.882440244
8.892310958, 8.892437915
8.902310953, 8.902418408
8.912310955, 8.912435549
8.922313863, 8.922426385
8.932310948, 8.932383647
8.942310934, 8.942417772
8.952310963, 8.952392724
8.962310945, 8.962382927
8.972313263, 8.972458105
8.982310955, 8.982439036
8.992310947, 8.992423751
9.002317667, 9.002414240
9.012310952, 9.012384654
9.022310953, 9.022443615
9.032310939, 9.032408963
9.042312159, 9.042414593
9.052311424, 9.052401732
9.062310942, 9.062400412
9.072310937, 9.072431895
9.082319329, 9.082440849
9.092310941, 9.092447870
9.102310941, 9.102400448
9.112318259, 9.112470188
9.122312120, 9.122393684
9.132310947, 9.132419210
9.142310941, 9.142428093
9.152317461, 9.152449127
9.162314021, 9.162467524
9.172310936, 9.172393293
9.182310947, 9.182414824
9.192310961, 9.192436114
9.202312324, 9.202457017
9.212310963, 9.212420473
9.222319610, 9.222464826
9.232311389, 9.232436444
9.242310944, 9.242448241
9.252310937, 9.252432091
9.262313959, 9.262444845
9.272313953, 9.272443064
9.282310964, 9.282450731
9.292310944, 9.292438364
9.302310945, 9.302418282
9.312310942, 9.312435383
9.322310939, 9.322435088
9.332310942, 9.332451109
9.342311152, 9.342427743
9.352310945, 9.352449733
9.362313085, 9.362446312
9.372310934, 9.372447746
9.382310953, 9.382442063
9.392310955, 9.392419605
9.402310956, 9.402481608
9.412310958, 9.412419534
9.422311003, 9.422436053
9.432310939, 9.432402689
9.442310953, 9.442417278
9.452310948, 9.452430902
9.462310954, 9.462436548
9.472310941, 9.472379187
9.482310939, 9.482374501
9.492310964, 9.492451672
9.502310958, 9.502430045
9.512311098, 9.512436804
9.522310936, 9.522379253
9.532311001, 9.532399168
9.542310955, 9.542404437
9.552310943, 9.552383633
9.562312468, 9.562407029
9.572310938, 9.572436124
9.582310963, 9.582419651
9.592310935, 9.592432757
9.602310938, 9.602425626
9.612310946, 9.612392338
9.622310943, 9.622425370
9.632310941, 9.632406418
9.642310944, 9.642405278
9.652310943, 9.652437006
9.662310957, 9.662427773
9.672310938, 9.672426309
9.682310958, 9.682434523
9.692310965, 9.692444036
9.702310950, 9.702392428
9.712310943, 9.712420723
9.722318376, 9.722408836
9.732310960, 9.732425968
9.742310939, 9.742394509
9.752310941, 9.752417442
9.762310960, 9.762409402
9.772310939, 9.772419449
9.782310943, 9.782431488
9.792316968, 9.792419192
9.802310936, 9.802468152
9.812310950, 9.812423879
9.822310954, 9.822416654
9.832310955, 9.832431010
9.842319265, 9.842447406
9.852310941, 9.852434687
9.862310939, 9.862399279
9.872310946, 9.872427456
9.882310955, 9.882414128
9.892310954, 9.892421285
9.902310947, 9.902420586
9.912311009, 9.912424792
9.922310944, 9.922418165
9.932316525, 9.932435683
9.942310944, 9.942424366
9.952310938, 9.952418093
9.962310947, 9.962438388
9.972312812, 9.972445531
9.982311926, 9.982460068
9.992310946, 9.992387251
10.002310944, 10.002382774
10.012310939, 10.012459697
10.022310933, 10.022450657
10.032310941, 10.032449865
10.042310965, 10.042456815
10.052310928, 10.052450187
10.062310930, 10.062449380
10.072310928, 10.072449585
10.082311208, 10.082456971
10.092310943, 10.092453588
10.102310927, 10.102441484
10.112310920, 10.112441372
10.122310940, 10.122445256
10.132310971, 10.132446878
10.142310939, 10.142447780
10.152310934, 10.152444897
10.162310934, 10.162443378
10.172310926, 10.172449608
10.182310926, 10.182442811
10.192310928, 10.192437582
10.202310929, 10.202443334
10.212310934, 10.212440527
10.222310926, 10.222443260
10.232310922, 10.232444315
10.242310931, 10.242443093
10.252310940, 10.252445911
10.262310925, 10.262442140
10.272310928, 10.272439607
10.282310927, 10.282443643
10.292310931, 10.292440066
10.302310933, 10.302441574
10.312310938, 10.312437450
10.322310933, 10.322433727
10.332310934, 10.332438967
10.342310933, 10.342433858
10.352310922, 10.352424075
10.362310929, 10.362439482
10.372310928, 10.372442687
10.382310928, 10.382443372
10.392310931, 10.392439510
10.402310929, 10.402445893
10.412310931, 10.412450703
10.422310939, 10.422441986
10.432310929, 10.432440843
10.442310931, 10.442442761
10.452310926, 10.452441358
10.462310930, 10.462440587
10.472310922, 10.472440525
10.482310926, 10.482439533
10.492310928, 10.492444455
10.502310937, 10.502440672
10.512310939, 10.512447928
10.522310933, 10.522443303
10.532310924, 10.532446473
10.542310926, 10.542440348
10.552310925, 10.552447492
10.562310931, 10.562445481
10.572310932, 10.572447171
10.582310925, 10.582442698
10.592310922, 10.592439668
10.602310924, 10.602440594
10.612310931, 10.612449713
10.622310926, 10.622439964
10.632310938, 10.632442988
10.642310925, 10.642439373
10.652310923, 10.652446619
10.662310930, 10.662439557
10.672310934, 10.672444157
10.682310931, 10.682442998
10.692310931, 10.692444870
10.702310928, 10.702444263
10.712310935, 10.712451559
10.722310940, 10.722439651
10.732310933, 10.732447259
10.742310933, 10.742440847
10.752310937, 10.752441501
10.762310928, 10.762439192
10.772310924, 10.772446068
10.782310926, 10.782441628
10.792310927, 10.792443591
10.802310931, 10.802442028
10.812310930, 10.812444942
10.822310927, 10.822439323
10.832310920, 10.832443395
10.842310928, 10.842439524
10.852310928, 10.852443481
10.862310932, 10.862439648
10.872310930, 10.872441881
10.882310929, 10.882440704
10.892310924, 10.892447340
10.902310929, 10.902440597
10.912310926, 10.912440083
10.922310925, 10.922438659
10.932310929, 10.932441611
10.942310934, 10.942438853
10.952310934, 10.952442614
10.962310942, 10.962438452
10.972310929, 10.972450206
10.982310933, 10.982440220
10.992310933, 10.992442856
11.002310929, 11.002443256
11.012310928, 11.012440655
11.022310941, 11.022440290
11.032310928, 11.032443813
11.042310941, 11.042441573
11.052310932, 11.052447525
11.062310927, 11.062448895
11.072310929, 11.072444257
11.082310924, 11.082441178
11.092310929, 11.092440824
11.102310926, 11.102438774
11.112310931, 11.112440562
11.122310931, 11.122447017
11.132310926, 11.132448067
11.142310946, 11.142443748
11.152310930, 11.152441522
11.162310926, 11.162441360
11.172310933, 11.172441387
11.182310926, 11.182440423
11.192310920, 11.192438689
11.202310985, 11.202444070
11.212310936, 11.212446558
11.222310929, 11.222444797
11.232310924, 11.232439244
11.242310932, 11.242443472
11.252310932, 11.252444496
11.262310942, 11.262441055
11.272310935, 11.272444555
11.282310933, 11.282443648
11.292310928, 11.292445567
11.302310941, 11.302450246
11.312310922, 11.312437495
11.322310929, 11.322440719
11.332310934, 11.332441127
11.342310927, 11.342444476
11.352310929, 11.352440588
11.362310929, 11.362440748
11.372310929, 11.372447102
11.382310932, 11.382440954
11.392310930, 11.392487082
11.402310928, 11.402487709
11.412310942, 11.412482699
11.422310934, 11.422486989
11.432310931, 11.432483285
11.442310934, 11.442481550
11.452310931, 11.452486855
11.462310929, 11.462483667
11.472310959, 11.472481690
11.482310928, 11.482483932
11.492310926, 11.492483665
11.502310942, 11.502481775
11.512310944, 11.512483916
11.522310934, 11.522485650
11.532310929, 11.532490259
11.542310926, 11.542484207
11.552310923, 11.552485892
11.562310933, 11.562481233
11.572310933, 11.572481567
11.582310934, 11.582482663
11.592310939, 11.592482074
11.602310945, 11.602488179
11.612310958, 11.612489774
11.622310933, 11.622483007
11.632310929, 11.632484151
11.642310934, 11.642484346
11.652310933, 11.652484806
11.662310928, 11.662483009
11.672310929, 11.672482053
11.682310942, 11.682484486
11.692310942, 11.692492636
11.702310934, 11.702483100
11.712310941, 11.712491016
11.722310934, 11.722486828
11.732310928, 11.732482158
11.742310928, 11.742486882
11.752310929, 11.752482521
11.762310933, 11.762484412
11.772310933, 11.772490092
11.782310934, 11.782484488
11.792310939, 11.792485318
11.802310931, 11.802483434
11.812310929, 11.812482352
11.822310931, 11.822483231
11.832310933, 11.832483346
11.842310933, 11.842483124
11.852310923, 11.852488228
11.862310933, 11.862482710
11.872310933, 11.872486310
11.882310955, 11.882481482
11.892310934, 11.892484302
11.902310929, 11.902485191
11.912310926, 11.912482563
11.922310933, 11.922484087
11.932310931, 11.932491807
11.942310929, 11.942487303
11.952310931, 11.952482949
11.962310929, 11.962487275
11.972310928, 11.972482957
11.982310928, 11.982484848
11.992310934, 11.992482147
12.002310931, 12.002486443
12.012310928, 12.012490946
12.022310926, 12.022482743
12.032310922, 12.032484424
12.042310933, 12.042484625
12.052310933, 12.052486814
------------------------------
