------------------------------
test was performed using the following parameters: --mps=100 --burst=1 --reply-every=1 --msg-size=12 --time=10
------------------------------
sockperf: [Total Run] RunTime=10.100 sec; SentMessages=1011; ReceivedMessages=1010
sockperf: ========= Printing statistics for Server No: 0
sockperf: [Valid Duration] RunTime=9.980 sec; SentMessages=999; ReceivedMessages=999
sockperf: [2;35m====> avg-lat=1286.443 (std-dev=620.040)[0m
sockperf: # dropped messages = 0; # duplicated messages = 0; # out-of-order messages = 0
sockperf: [2;35mTotal 999 observations[0m; each percentile contains 9.99 observations
sockperf: ---> <MAX> observation = 1871.125
sockperf: ---> percentile  99.99 = 1871.125
sockperf: ---> percentile  99.90 = 1859.779
sockperf: ---> percentile  99.50 = 1846.501
sockperf: ---> percentile  99.00 = 1829.570
sockperf: ---> percentile  95.00 = 1787.339
sockperf: ---> percentile  90.00 = 1762.458
sockperf: ---> percentile  75.00 = 1644.958
sockperf: ---> percentile  50.00 = 1540.983
sockperf: ---> percentile  25.00 = 1451.691
sockperf: ---> <MIN> observation =   67.677
------------------------------
txTime, rxTime
2.063558757, 2.066719941
2.073558759, 2.076755608
2.083558774, 2.086763460
2.093558774, 2.096789462
2.103558756, 2.106724723
2.113558758, 2.116689312
2.123558767, 2.126709399
2.133558749, 2.136721238
2.143558758, 2.146736420
2.153558769, 2.156839647
2.163558763, 2.166735860
2.173558753, 2.176848316
2.183558752, 2.186889065
2.193558759, 2.196757084
2.203558759, 2.206703434
2.213558771, 2.216831576
2.223558762, 2.226809043
2.233558752, 2.236862537
2.243558753, 2.246778101
2.253558755, 2.256856812
2.263558761, 2.266855605
2.273558777, 2.276808884
2.283558759, 2.286774734
2.293558759, 2.296774769
2.303558754, 2.306834849
2.313558756, 2.316915282
2.323558818, 2.326796933
2.333558770, 2.336804148
2.343558762, 2.346881573
2.353558761, 2.356860072
2.363558772, 2.366867476
2.373558755, 2.376808951
2.383558760, 2.386729120
2.393558774, 2.396836076
2.403558755, 2.406896739
2.413558763, 2.416787407
2.423558760, 2.426890332
2.433558753, 2.436865120
2.443558759, 2.446877349
2.453558772, 2.456773452
2.463558760, 2.466909026
2.473558755, 2.476774277
2.483558759, 2.486859122
2.493558755, 2.496872141
2.503558755, 2.506848672
2.513558747, 2.516768102
2.523558773, 2.526877208
2.533558752, 2.536790843
2.543558755, 2.546886473
2.553558761, 2.556835349
2.563558756, 2.566878543
2.573558770, 2.576842881
2.583558757, 2.586847501
2.593558753, 2.596864053
2.603558760, 2.606904179
2.613558753, 2.616888369
2.623558763, 2.626914912
2.633558772, 2.636700515
2.643558762, 2.646869807
2.653558761, 2.656851137
2.663558761, 2.666894878
2.673558758, 2.676804388
2.683558752, 2.686846382
2.693558770, 2.696894723
2.703558751, 2.706906278
2.713558752, 2.716843342
2.723558759, 2.726865806
2.733558748, 2.736885978
2.743558756, 2.746881478
2.753558770, 2.756763946
2.763558755, 2.766863941
2.773558759, 2.776812429
2.783558759, 2.786837189
2.793558756, 2.796872657
2.803558748, 2.806897587
2.813558774, 2.816834311
2.823558769, 2.826800931
2.833558772, 2.836912268
2.843558762, 2.846972604
2.853558747, 2.856954807
2.863558770, 2.866959539
2.873558769, 2.876983271
2.883558770, 2.886947806
2.893558757, 2.897006242
2.903558756, 2.907027059
2.913558775, 2.916930093
2.923558770, 2.926951911
2.933558764, 2.936901264
2.943558767, 2.946919529
2.953558770, 2.956901625
2.963558780, 2.966965427
2.973558775, 2.976914901
2.983558755, 2.986953475
2.993558770, 2.996962397
3.003558757, 3.006879451
3.013558780, 3.016939937
3.023558759, 3.026918886
3.033558752, 3.036944959
3.043558774, 3.047001347
3.053558764, 3.057000955
3.063558758, 3.067038576
3.073558759, 3.076947416
3.083558766, 3.086970876
3.093558752, 3.096909872
3.103558767, 3.106946806
3.113558766, 3.116904522
3.123558756, 3.126915092
3.133558753, 3.137022808
3.143558755, 3.146814319
3.153558775, 3.156983774
3.163558749, 3.167011538
3.173558768, 3.176842872
3.183558772, 3.186941142
3.193558759, 3.197017445
3.203558763, 3.206935801
3.213558758, 3.216968637
3.223558752, 3.226989468
3.233558770, 3.237058491
3.243558757, 3.247005414
3.253558772, 3.257119175
3.263558782, 3.267043591
3.273558758, 3.277074020
3.283558753, 3.287081408
3.293558775, 3.297068447
3.303558763, 3.307102321
3.313558774, 3.317047015
3.323558760, 3.327017718
3.333558753, 3.336974014
3.343558756, 3.347008003
3.353558777, 3.357019228
3.363558765, 3.367016238
3.373558758, 3.377019132
3.383558753, 3.387083108
3.393558754, 3.397037468
3.403558755, 3.407072277
3.413558766, 3.417056029
3.423558763, 3.427031043
3.433558767, 3.437069972
3.443558752, 3.447002790
3.453558742, 3.457059337
3.463558753, 3.466984819
3.473558770, 3.477043736
3.483558753, 3.486982512
3.493558755, 3.496912987
3.503558763, 3.507002099
3.513558759, 3.517065092
3.523558753, 3.527021071
3.533558755, 3.536890080
3.543558770, 3.547014701
3.553558750, 3.557099615
3.563558755, 3.567122387
3.573558755, 3.577135182
3.583558769, 3.587005473
3.593558775, 3.597083693
3.603558762, 3.607068568
3.613558752, 3.617035827
3.623558756, 3.627030087
3.633558747, 3.637098449
3.643558756, 3.647023369
3.653558772, 3.657119829
3.663558752, 3.667133430
3.673558759, 3.677130320
3.683558761, 3.687116178
3.693558753, 3.697045703
3.703558752, 3.706976902
3.713558767, 3.717021091
3.723558759, 3.727076496
3.733558758, 3.737110098
3.743558754, 3.746991411
3.753558755, 3.757060594
3.763558761, 3.767095945
3.773558758, 3.777116360
3.783558752, 3.787020777
3.793558755, 3.797049929
3.803558769, 3.807098790
3.813558756, 3.817030567
3.823558753, 3.827133771
3.833558770, 3.837068525
3.843558761, 3.847028114
3.853558756, 3.857141083
3.863558768, 3.867115101
3.873558767, 3.877019751
3.883558755, 3.887088504
3.893558772, 3.896961705
3.903558761, 3.907067067
3.913558753, 3.917156929
3.923558774, 3.927205587
3.933558775, 3.937004011
3.943558764, 3.946998638
3.953558770, 3.957158186
3.963558757, 3.967064368
3.973558758, 3.977039949
3.983558760, 3.986976567
3.993558752, 3.997000616
4.003558780, 4.007100217
4.013558770, 4.016722378
4.023558755, 4.027072815
4.033558758, 4.036572814
4.043558758, 4.047060383
4.053558761, 4.057102751
4.063558755, 4.067056048
4.073558767, 4.077145227
4.083558755, 4.087116501
4.093558758, 4.097149069
4.103558760, 4.107053300
4.113558744, 4.116997091
4.123558758, 4.127142752
4.133558769, 4.137135929
4.143558755, 4.147061594
4.153558772, 4.157127377
4.163558755, 4.167112387
4.173558759, 4.177081388
4.183558769, 4.187122517
4.193558770, 4.197086180
4.203558760, 4.207117191
4.213558752, 4.217074423
4.223558754, 4.227079415
4.233558759, 4.237069117
4.243558755, 4.247023174
4.253558775, 4.257029600
4.263558752, 4.267025947
4.273558752, 4.277143897
4.283558761, 4.286839589
4.293558761, 4.297123105
4.303558750, 4.307120645
4.313558778, 4.317167153
4.323558755, 4.327095383
4.333558755, 4.337110832
4.343558763, 4.347146531
4.353558750, 4.357118202
4.363558761, 4.366726550
4.373558766, 4.377138141
4.383558752, 4.387003950
4.393558750, 4.397100134
4.403558756, 4.407133048
4.413558755, 4.417106014
4.423558748, 4.427109369
4.433558767, 4.437111263
4.443558766, 4.447107921
4.453558755, 4.457019559
4.463558754, 4.467119695
4.473558753, 4.477039765
4.483558766, 4.487135787
4.493558772, 4.497126842
4.503558754, 4.507108318
4.513558752, 4.517194175
4.523558757, 4.527175645
4.533558758, 4.537170480
4.543558748, 4.547168870
4.553558775, 4.557136001
4.563558755, 4.567162963
4.573558752, 4.577226376
4.583558754, 4.587137926
4.593558756, 4.597164590
4.603558753, 4.607174889
4.613558766, 4.617204623
4.623558754, 4.627163462
4.633558756, 4.637114441
4.643558759, 4.647150135
4.653558755, 4.657133113
4.663558759, 4.667197873
4.673558777, 4.677172356
4.683558763, 4.687118452
4.693558761, 4.697218052
4.703558763, 4.707119095
4.713558759, 4.717154151
4.723558753, 4.727162658
4.733558766, 4.737077868
4.743558754, 4.747127116
4.753558755, 4.757056708
4.763558752, 4.767116072
4.773558756, 4.777141843
4.783558758, 4.787056678
4.793558777, 4.797055760
4.803558756, 4.807128705
4.813558758, 4.817225730
4.823558776, 4.827192079
4.833558772, 4.837097564
4.843558774, 4.847217915
4.853558770, 4.857124568
4.863558751, 4.867175199
4.873558761, 4.877157109
4.883558760, 4.887255678
4.893558752, 4.897301002
4.903558755, 4.907251758
4.913558770, 4.917202702
4.923558770, 4.927085060
4.933558759, 4.937112042
4.943558763, 4.947237108
4.953558759, 4.957267337
4.963558755, 4.967160983
4.973558769, 4.977180957
4.983558774, 4.987193139
4.993558774, 4.997103886
5.003558753, 5.007114568
5.013558756, 5.017269036
5.023558772, 5.027278331
5.033558775, 5.036701578
5.043558758, 5.046500834
5.053558755, 5.056473350
5.063558761, 5.066526060
5.073558766, 5.076434065
5.083558753, 5.086516040
5.093558766, 5.096452015
5.103558761, 5.106461472
5.113558750, 5.116456789
5.123558765, 5.126461586
5.133558759, 5.136444164
5.143558753, 5.146364649
5.153558782, 5.156444629
5.163558758, 5.166452549
5.173558755, 5.176483060
5.183558758, 5.186407050
5.193558769, 5.196463926
5.203558750, 5.206386898
5.213558766, 5.216497644
5.223558763, 5.226386578
5.233558758, 5.236429031
5.243558768, 5.246530205
5.253558769, 5.256474721
5.263558756, 5.266424136
5.273558769, 5.276512278
5.283558762, 5.286468634
5.293558772, 5.296414556
5.303558772, 5.306408270
5.313558775, 5.316398546
5.323558759, 5.326376838
5.333558782, 5.336490830
5.343558776, 5.346436117
5.353558772, 5.356475860
5.363558748, 5.366510902
5.373558761, 5.376423787
5.383558767, 5.386483672
5.393558772, 5.396462713
5.403558770, 5.406464131
5.413558772, 5.416520773
5.423558755, 5.426492819
5.433558761, 5.436501196
5.443558750, 5.446424866
5.453558778, 5.456544897
5.463558757, 5.466479248
5.473558756, 5.476487004
5.483558760, 5.486486846
5.493558761, 5.496427955
5.503558758, 5.506446777
5.513558774, 5.516414660
5.523558754, 5.526520325
5.533558766, 5.536526006
5.543558762, 5.546516640
5.553558758, 5.556512942
5.563558749, 5.566462133
5.573558774, 5.576453466
5.583558761, 5.586520339
5.593558759, 5.596502257
5.603558763, 5.606518241
5.613558755, 5.616501732
5.623558756, 5.626423949
5.633558778, 5.636495614
5.643558762, 5.646492805
5.653558752, 5.656499641
5.663558755, 5.666469667
5.673558758, 5.676538660
5.683558756, 5.686377995
5.693558772, 5.696448664
5.703558755, 5.706430168
5.713558758, 5.716424334
5.723558761, 5.726504563
5.733558767, 5.736425770
5.743558756, 5.746539256
5.753558770, 5.756533244
5.763558766, 5.766473045
5.773558744, 5.776434514
5.783558756, 5.786593819
5.793558753, 5.796419459
5.803558758, 5.806514256
5.813558770, 5.816513451
5.823558773, 5.826553446
5.833558755, 5.836507023
5.843558763, 5.846569061
5.853558752, 5.856496863
5.863558758, 5.866634811
5.873558772, 5.876512840
5.883558765, 5.886514154
5.893558752, 5.896543844
5.903558752, 5.906509396
5.913558767, 5.916492948
5.923558756, 5.926533954
5.933558799, 5.936538031
5.943558754, 5.946548537
5.953558759, 5.956494872
5.963558754, 5.966462526
5.973558772, 5.976488477
5.983558775, 5.986471723
5.993558770, 5.996485309
6.003558753, 6.006542605
6.013558769, 6.016485247
6.023558752, 6.026490881
6.033558757, 6.036495524
6.043558763, 6.046456260
6.053558770, 6.056494058
6.063558761, 6.066564086
6.073558756, 6.076371017
6.083558763, 6.086512265
6.093558753, 6.096443265
6.103558758, 6.106385034
6.113558769, 6.116612954
6.123558757, 6.126574095
6.133558758, 6.136591509
6.143558766, 6.146532546
6.153558748, 6.156612613
6.163558753, 6.166523131
6.173558775, 6.176573390
6.183558756, 6.186656547
6.193558758, 6.196513221
6.203558761, 6.206628042
6.213558761, 6.216494356
6.223558755, 6.226562422
6.233558767, 6.236656129
6.243558752, 6.246552767
6.253558763, 6.256523500
6.263558762, 6.266668863
6.273558759, 6.276589960
6.283558761, 6.286615822
6.293558769, 6.296555811
6.303558755, 6.306639913
6.313558752, 6.316545963
6.323558754, 6.326576382
6.333558755, 6.336506924
6.343558752, 6.346525839
6.353558772, 6.356511447
6.363558754, 6.366436819
6.373558758, 6.376615403
6.383558760, 6.386625205
6.393558770, 6.396530673
6.403558761, 6.406618422
6.413558767, 6.416531150
6.423558757, 6.426570829
6.433558753, 6.436539877
6.443558756, 6.446574278
6.453558758, 6.456512097
6.463558755, 6.466506308
6.473558783, 6.476585778
6.483558757, 6.486638791
6.493558759, 6.496574578
6.503558761, 6.506557753
6.513558761, 6.516590624
6.523558769, 6.526555569
6.533558769, 6.536638295
6.543558756, 6.546556417
6.553558777, 6.556619133
6.563558755, 6.566567127
6.573558747, 6.576485042
6.583558758, 6.586493967
6.593558780, 6.596546370
6.603558764, 6.606560333
6.613558756, 6.616628082
6.623558752, 6.626542002
6.633558747, 6.636609650
6.643558756, 6.646588570
6.653558774, 6.656679280
6.663558752, 6.666639336
6.673558766, 6.676563043
6.683558753, 6.686607569
6.693558764, 6.696562350
6.703558750, 6.706521981
6.713558775, 6.716663112
6.723558766, 6.726633438
6.733558753, 6.736645952
6.743558769, 6.746633872
6.753558770, 6.756492218
6.763558753, 6.766464792
6.773558772, 6.776512313
6.783558757, 6.786583456
6.793558766, 6.796566724
6.803558755, 6.806665988
6.813558767, 6.816665233
6.823558767, 6.826646884
6.833558766, 6.836594068
6.843558767, 6.846656241
6.853558777, 6.856590637
6.863558773, 6.866608319
6.873558766, 6.876644941
6.883558774, 6.886454369
6.893558770, 6.896609869
6.903558762, 6.906623308
6.913558775, 6.916480630
6.923558778, 6.926578869
6.933558756, 6.936604139
6.943558772, 6.946640740
6.953558782, 6.956560984
6.963558778, 6.966623803
6.973558777, 6.976608880
6.983558760, 6.986628904
6.993558745, 6.996530492
7.003558777, 7.006628612
7.013558766, 7.016639824
7.023558753, 7.026598072
7.033558774, 7.036572675
7.043558762, 7.046509635
7.053558775, 7.056558187
7.063558758, 7.066618080
7.073558770, 7.076524339
7.083558767, 7.086590009
7.093558753, 7.096530080
7.103558763, 7.106558585
7.113558754, 7.116569067
7.123558772, 7.126503194
7.133558775, 7.136644415
7.143558768, 7.146632172
7.153558766, 7.156602138
7.163558762, 7.166658796
7.173558748, 7.176517105
7.183558772, 7.186628914
7.193558786, 7.196516655
7.203558762, 7.206624188
7.213558752, 7.216653945
7.223558782, 7.226633136
7.233558772, 7.236641171
7.243558772, 7.246587805
7.253558774, 7.256534226
7.263558761, 7.266557813
7.273558761, 7.276489792
7.283558775, 7.286463114
7.293558748, 7.296609189
7.303558763, 7.306663937
7.313558772, 7.316656592
7.323558758, 7.326609129
7.333558775, 7.336610093
7.343558758, 7.346515373
7.353558752, 7.356635139
7.363558770, 7.366650763
7.373558766, 7.376499533
7.383558755, 7.386555576
7.393558761, 7.396666713
7.403558757, 7.406587970
7.413558748, 7.416598917
7.423558758, 7.426572274
7.433558774, 7.436605517
7.443558764, 7.446680571
7.453558755, 7.456563150
7.463558771, 7.466679999
7.473558748, 7.476692469
7.483558777, 7.486583962
7.493558772, 7.496654333
7.503558773, 7.506695327
7.513558778, 7.516635340
7.523558760, 7.526505293
7.533558759, 7.536632849
7.543558775, 7.546648324
7.553558767, 7.556644133
7.563558762, 7.566619795
7.573558766, 7.576577351
7.583558770, 7.586653973
7.593558778, 7.596607196
7.603558755, 7.606706732
7.613558769, 7.616567497
7.623558767, 7.626549967
7.633558756, 7.636590067
7.643558761, 7.646620679
7.653558750, 7.656654687
7.663558769, 7.666665792
7.673558770, 7.676645560
7.683558772, 7.686643646
7.693558766, 7.696485695
7.703558771, 7.706699351
7.713558759, 7.716554017
7.723558766, 7.726620788
7.733558767, 7.736616530
7.743558755, 7.746642278
7.753558753, 7.756590533
7.763558769, 7.766597983
7.773558774, 7.776647531
7.783558758, 7.786652701
7.793558767, 7.796581738
7.803558778, 7.806606195
7.813558767, 7.816578228
7.823558753, 7.826523127
7.833558755, 7.836611368
7.843558772, 7.846601552
7.853558766, 7.856533154
7.863558757, 7.866656094
7.873558758, 7.876643293
7.883558775, 7.886698163
7.893558766, 7.896566204
7.903558770, 7.906590564
7.913558769, 7.916704904
7.923558768, 7.926603117
7.933558769, 7.936683846
7.943558762, 7.946642059
7.953558755, 7.956556047
7.963558772, 7.966600999
7.973558766, 7.976601365
7.983558774, 7.986619777
7.993558778, 7.996617104
8.003558769, 8.006665232
8.013558769, 8.016666437
8.023558756, 8.026671474
8.033558770, 8.036657691
8.043558768, 8.046650220
8.053558758, 8.056617551
8.063558765, 8.066619425
8.073558774, 8.076652557
8.083558755, 8.086586023
8.093558764, 8.096647467
8.103558759, 8.106704613
8.113558756, 8.116643744
8.123558752, 8.126635100
8.133558770, 8.136585526
8.143558759, 8.146596218
8.153558774, 8.156625104
8.163558769, 8.166637431
8.173558772, 8.176622133
8.183558752, 8.186647763
8.193558758, 8.196683594
8.203558761, 8.206641181
8.213558772, 8.216633194
8.223558836, 8.226656681
8.233558755, 8.236649339
8.243558761, 8.246705321
8.253558761, 8.256666274
8.263558755, 8.266671874
8.273558767, 8.276647362
8.283558763, 8.286472620
8.293558753, 8.296663718
8.303558765, 8.306721052
8.313558748, 8.316697988
8.323558758, 8.326755270
8.333558774, 8.336649377
8.343558777, 8.346648634
8.353558755, 8.356678468
8.363558761, 8.366699301
8.373558767, 8.376660573
8.383558774, 8.386565315
8.393558769, 8.396582106
8.403558770, 8.406632878
8.413558779, 8.416717168
8.423558756, 8.426627408
8.433558752, 8.436638468
8.443558756, 8.446633020
8.453558772, 8.456556364
8.463558773, 8.466696588
8.473558774, 8.476607976
8.483558774, 8.486573369
8.493558777, 8.496701992
8.503558774, 8.506595200
8.513558770, 8.516619541
8.523558760, 8.526661355
8.533558769, 8.536731351
8.543558759, 8.546718546
8.553558767, 8.556593727
8.563558767, 8.566679142
8.573558769, 8.576666710
8.583558767, 8.586727963
8.593558764, 8.596752582
8.603558754, 8.606651895
8.613558752, 8.616708133
8.623558753, 8.626673282
8.633558755, 8.636674477
8.643558758, 8.646742599
8.653558756, 8.656684061
8.663558759, 8.666692668
8.673558747, 8.676689073
8.683558777, 8.686573059
8.693558777, 8.696730282
8.703558753, 8.706677021
8.713558755, 8.716658118
8.723558756, 8.726683433
8.733558758, 8.736741436
8.743558750, 8.746701476
8.753558769, 8.756740310
8.763558769, 8.766673812
8.773558759, 8.776685234
8.783558754, 8.786739200
8.793558752, 8.796742072
8.803558752, 8.806615425
8.813558770, 8.816756772
8.823558756, 8.826696480
8.833558758, 8.836784810
8.843558755, 8.846716786
8.853558774, 8.856740709
8.863558750, 8.866732012
8.873558767, 8.876690649
8.883558773, 8.886716779
8.893558758, 8.896702947
8.903558755, 8.906636509
8.913558756, 8.916733150
8.923558777, 8.926708164
8.933558769, 8.936726619
8.943558757, 8.946719733
8.953558755, 8.956690452
8.963558756, 8.966573796
8.973558770, 8.976759057
8.983558774, 8.986760813
8.993558777, 8.996616964
9.003558761, 9.006665859
9.013558756, 9.016730295
9.023558769, 9.026605573
9.033558761, 9.036662287
9.043558750, 9.046706458
9.053558774, 9.056768061
9.063558771, 9.066744389
9.073558764, 9.076738754
9.083558759, 9.086716753
9.093558763, 9.096770056
9.103558759, 9.106702102
9.113558767, 9.116685782
9.123558763, 9.126658583
9.133558755, 9.136709946
9.143558757, 9.146636604
9.153558755, 9.156773406
9.163558756, 9.166679650
9.173558767, 9.176765242
9.183558760, 9.186745373
9.193558753, 9.196695996
9.203558753, 9.206660792
9.213558752, 9.216714892
9.223558756, 9.226711913
9.233558772, 9.236746714
9.243558759, 9.246729634
9.253558761, 9.256762108
9.263558764, 9.266682256
9.273558756, 9.276741821
9.283558755, 9.286624309
9.293558769, 9.296668461
9.303558759, 9.306614403
9.313558764, 9.316724948
9.323558757, 9.326638581
9.333558755, 9.336653935
9.343558756, 9.346657827
9.353558769, 9.356724251
9.363558769, 9.366745039
9.373558766, 9.376804963
9.383558758, 9.386703206
9.393558782, 9.396759596
9.403558767, 9.406771320
9.413558769, 9.416758826
9.423558753, 9.426737484
9.433558753, 9.436847591
9.443558760, 9.446718042
9.453558750, 9.456748326
9.463558759, 9.466613615
9.473558772, 9.476728699
9.483558759, 9.486644094
9.493558753, 9.496755405
9.503558754, 9.506699579
9.513558763, 9.516676750
9.523558748, 9.526752725
9.533558774, 9.536797621
9.543558759, 9.546697766
9.553558756, 9.556760577
9.563558754, 9.566701166
9.573558769, 9.576689851
9.583558755, 9.586842564
9.593558770, 9.596700676
9.603558761, 9.606747981
9.613558755, 9.616799205
9.623558758, 9.626806092
9.633558755, 9.636806082
9.643558750, 9.646692538
9.653558776, 9.656846305
9.663558757, 9.666788624
9.673558750, 9.676770162
9.683558760, 9.686841913
9.693558757, 9.696707284
9.703558752, 9.706690909
9.713558769, 9.716784121
9.723558755, 9.726845379
9.733558753, 9.736734118
9.743558756, 9.746852672
9.753558761, 9.756819302
9.763558752, 9.766837039
9.773558753, 9.776794573
9.783558763, 9.786741779
9.793558759, 9.796788315
9.803558759, 9.806791100
9.813558758, 9.816795100
9.823558759, 9.826732709
9.833558770, 9.836722999
9.843558757, 9.846769180
9.853558759, 9.856794269
9.863558765, 9.866878018
9.873558769, 9.876837615
9.883558750, 9.886709531
9.893558772, 9.896844832
9.903558764, 9.906736508
9.913558758, 9.916902358
9.923558751, 9.926724418
9.933558752, 9.936738920
9.943558764, 9.946563418
9.953558769, 9.956081599
9.963558756, 9.966083682
9.973558752, 9.975844982
9.983558763, 9.984629556
9.993558750, 9.994552458
10.003558748, 10.004592336
10.013558773, 10.014562037
10.023558752, 10.024526016
10.033558765, 10.033821527
10.043558750, 10.043816552
10.053558768, 10.053864378
10.063558750, 10.063824471
10.073558764, 10.073816576
10.083558758, 10.083799567
10.093558749, 10.093822031
10.103558760, 10.103777377
10.113558765, 10.113807324
10.123558749, 10.123794782
10.133558765, 10.133810039
10.143558749, 10.143783474
10.153558765, 10.153756125
10.163558767, 10.163771207
10.173558744, 10.173768177
10.183558744, 10.183731746
10.193558741, 10.193699697
10.203558748, 10.203704673
10.213558757, 10.213695931
10.223558755, 10.223706125
10.233558749, 10.233720985
10.243558757, 10.243730509
10.253558747, 10.253716945
10.263558750, 10.263730582
10.273558754, 10.273733207
10.283558746, 10.283732554
10.293558755, 10.293732264
10.303558738, 10.303731898
10.313558758, 10.313721671
10.323558742, 10.323732215
10.333558739, 10.333732451
10.343558750, 10.343731739
10.353558749, 10.353731748
10.363558739, 10.363724762
10.373558757, 10.373729791
10.383558741, 10.383733340
10.393558741, 10.393756669
10.403558765, 10.403790671
10.413558766, 10.413776128
10.423558749, 10.423796423
10.433558771, 10.433839286
10.443558774, 10.443849021
10.453558764, 10.453786160
10.463558750, 10.463741646
10.473558765, 10.473742393
10.483558742, 10.483755670
10.493558771, 10.493825948
10.503558769, 10.503847087
10.513558786, 10.513779607
10.523558750, 10.523758707
10.533558765, 10.533736388
10.543558754, 10.543731108
10.553558769, 10.553736127
10.563558742, 10.563703019
10.573558742, 10.573707898
10.583558750, 10.583707678
10.593558746, 10.593700840
10.603558767, 10.603697664
10.613558746, 10.613694858
10.623558749, 10.623697491
10.633558748, 10.633707842
10.643558742, 10.643707937
10.653558746, 10.653701016
10.663558750, 10.663711447
10.673558758, 10.673707447
10.683558750, 10.683699965
10.693558748, 10.693696471
10.703558745, 10.703708726
10.713558738, 10.713698407
10.723558744, 10.723694099
10.733558763, 10.733695479
10.743558744, 10.743697920
10.753558752, 10.753694718
10.763558739, 10.763706008
10.773558749, 10.773698759
10.783558741, 10.783695978
10.793558756, 10.793702086
10.803558746, 10.803695258
10.813558738, 10.813707453
10.823558742, 10.823698737
10.833558740, 10.833695304
10.843558744, 10.843695347
10.853558752, 10.853704992
10.863558750, 10.863695522
10.873558743, 10.873700934
10.883558746, 10.883705612
10.893558744, 10.893695600
10.903558744, 10.903695114
10.913558744, 10.913695430
10.923558740, 10.923695155
10.933558748, 10.933714746
10.943558747, 10.943697092
10.953558744, 10.953696090
10.963558748, 10.963705668
10.973558765, 10.973704231
10.983558744, 10.983695538
10.993558740, 10.993697100
11.003558738, 11.003707635
11.013558747, 11.013700486
11.023558742, 11.023699578
11.033558757, 11.033697150
11.043558737, 11.043695544
11.053558745, 11.053703845
11.063558747, 11.063696329
11.073558742, 11.073708242
11.083558771, 11.083697779
11.093558755, 11.093699947
11.103558748, 11.103707529
11.113558739, 11.113697096
11.123558748, 11.123706536
11.133558738, 11.133697606
11.143558742, 11.143696438
11.153558751, 11.153706378
11.163558739, 11.163696099
11.173558748, 11.173696928
11.183558741, 11.183708160
11.193558741, 11.193697223
11.203558765, 11.203711587
11.213558746, 11.213694737
11.223558748, 11.223706400
11.233558746, 11.233702685
11.243558739, 11.243700444
11.253558749, 11.253698192
11.263558742, 11.263697378
11.273558755, 11.273697544
11.283558749, 11.283697416
11.293558746, 11.293706431
11.303558752, 11.303705856
11.313558747, 11.313695243
11.323558743, 11.323698151
11.333558756, 11.333698055
11.343558752, 11.343709108
11.353558744, 11.353706801
11.363558747, 11.363705611
11.373558742, 11.373706380
11.383558766, 11.383700194
11.393558746, 11.393802307
11.403558772, 11.403780305
11.413558770, 11.413746451
11.423558754, 11.423736606
11.433558768, 11.433738203
11.443558749, 11.443734123
11.453558768, 11.453740081
11.463558754, 11.463757207
11.473558749, 11.473737748
11.483558750, 11.483732005
11.493558771, 11.493753570
11.503558750, 11.503739980
11.513558765, 11.513739445
11.523558755, 11.523739030
11.533558754, 11.533762539
11.543558749, 11.543731767
11.553558763, 11.553768309
11.563558744, 11.563710708
11.573558746, 11.573707075
11.583558744, 11.583705787
11.593558746, 11.593699021
11.603558744, 11.603698601
11.613558740, 11.613696858
11.623558736, 11.623708407
11.633558746, 11.633706239
11.643558742, 11.643699664
11.653558742, 11.653708286
11.663558739, 11.663708311
11.673558750, 11.673699778
11.683558743, 11.683696527
11.693558738, 11.693696454
11.703558740, 11.703706068
11.713558744, 11.713708436
11.723558749, 11.723705238
11.733558747, 11.733698157
11.743558735, 11.743705656
11.753558739, 11.753699719
11.763558738, 11.763703613
11.773558747, 11.773697625
11.783558740, 11.783700822
11.793558745, 11.793697527
11.803558760, 11.803709975
11.813558742, 11.813697820
11.823558746, 11.823707019
11.833558739, 11.833706282
11.843558739, 11.843706272
11.853558742, 11.853698305
11.863558742, 11.863706271
11.873558754, 11.873709624
11.883558742, 11.883707913
11.893558747, 11.893698682
11.903558739, 11.903705651
11.913558749, 11.913700967
11.923558740, 11.923709171
11.933558757, 11.933711470
11.943558741, 11.943700273
11.953558748, 11.953700928
11.963558753, 11.963710260
11.973558741, 11.973709470
11.983558738, 11.983708442
11.993558744, 11.993706982
12.003558738, 12.003705082
12.013558746, 12.013709929
12.023558741, 12.023708177
12.033558747, 12.033711269
12.043558744, 12.043712154
------------------------------
