------------------------------
test was performed using the following parameters: --mps=100 --burst=1 --reply-every=1 --msg-size=12 --time=10
------------------------------
sockperf: [Total Run] RunTime=10.100 sec; SentMessages=1011; ReceivedMessages=1010
sockperf: ========= Printing statistics for Server No: 0
sockperf: [Valid Duration] RunTime=9.980 sec; SentMessages=999; ReceivedMessages=999
sockperf: [2;35m====> avg-lat= 61.828 (std-dev=17.439)[0m
sockperf: # dropped messages = 0; # duplicated messages = 0; # out-of-order messages = 0
sockperf: [2;35mTotal 999 observations[0m; each percentile contains 9.99 observations
sockperf: ---> <MAX> observation =  136.926
sockperf: ---> percentile  99.99 =  136.926
sockperf: ---> percentile  99.90 =  134.766
sockperf: ---> percentile  99.50 =  123.726
sockperf: ---> percentile  99.00 =  119.825
sockperf: ---> percentile  95.00 =   92.375
sockperf: ---> percentile  90.00 =   80.325
sockperf: ---> percentile  75.00 =   70.583
sockperf: ---> percentile  50.00 =   62.624
sockperf: ---> percentile  25.00 =   46.306
sockperf: ---> <MIN> observation =   30.086
------------------------------
txTime, rxTime
2.063500984, 2.063746558
2.073500984, 2.073748142
2.083501001, 2.083727937
2.093500995, 2.093665917
2.103500974, 2.103670190
2.113500979, 2.113770511
2.123500996, 2.123767354
2.133500980, 2.133727619
2.143500982, 2.143745919
2.153500999, 2.153774853
2.163500980, 2.163730528
2.173500984, 2.173736524
2.183500987, 2.183735411
2.193500976, 2.193728770
2.203500996, 2.203717103
2.213500996, 2.213730457
2.223500985, 2.223677980
2.233500984, 2.233740635
2.243500999, 2.243679449
2.253500991, 2.253739902
2.263501001, 2.263738423
2.273500998, 2.273736139
2.283500980, 2.283686470
2.293500977, 2.293714846
2.303500998, 2.303716945
2.313500993, 2.313725680
2.323500995, 2.323718231
2.333501001, 2.333708234
2.343500977, 2.343680919
2.353500984, 2.353681406
2.363500977, 2.363741617
2.373500999, 2.373719524
2.383501001, 2.383728775
2.393501001, 2.393729992
2.403500979, 2.403753061
2.413500985, 2.413722315
2.423501001, 2.423728060
2.433500999, 2.433724758
2.443500993, 2.443688330
2.453500995, 2.453720766
2.463500979, 2.463715752
2.473500980, 2.473752304
2.483500998, 2.483737482
2.493500995, 2.493640624
2.503500998, 2.503639145
2.513500999, 2.513647141
2.523501014, 2.523641256
2.533500993, 2.533676444
2.543500991, 2.543649222
2.553500991, 2.553643726
2.563500972, 2.563630465
2.573500972, 2.573617815
2.583500976, 2.583648387
2.593500977, 2.593668259
2.603500999, 2.603635362
2.613500979, 2.613724565
2.623500998, 2.623650875
2.633500979, 2.633703875
2.643500977, 2.643651757
2.653500987, 2.653671078
2.663500998, 2.663635861
2.673500979, 2.673614415
2.683500971, 2.683630233
2.693500976, 2.693625286
2.703500976, 2.703678736
2.713500971, 2.713630837
2.723500977, 2.723644672
2.733500980, 2.733653051
2.743500976, 2.743667945
2.753500975, 2.753626107
2.763500977, 2.763637810
2.773500974, 2.773615475
2.783500974, 2.783622128
2.793500972, 2.793670465
2.803500978, 2.803691514
2.813500978, 2.813675281
2.823500986, 2.823684587
2.833500979, 2.833642073
2.843500978, 2.843645049
2.853500979, 2.853627522
2.863500982, 2.863638724
2.873500976, 2.873652445
2.883500971, 2.883643357
2.893500979, 2.893647503
2.903500971, 2.903637565
2.913500979, 2.913650430
2.923500973, 2.923638685
2.933500981, 2.933644524
2.943500979, 2.943627299
2.953500971, 2.953646047
2.963500974, 2.963651292
2.973500973, 2.973632898
2.983500976, 2.983648041
2.993500979, 2.993612425
3.003500986, 3.003634256
3.013500986, 3.013622198
3.023500987, 3.023618150
3.033500987, 3.033630939
3.043500986, 3.043637575
3.053500982, 3.053638808
3.063500984, 3.063639932
3.073500981, 3.073639594
3.083500974, 3.083624058
3.093500973, 3.093625154
3.103500982, 3.103628101
3.113500978, 3.113666395
3.123500981, 3.123615123
3.133500986, 3.133632189
3.143500984, 3.143630539
3.153500979, 3.153646665
3.163500973, 3.163638067
3.173500978, 3.173617054
3.183500979, 3.183623947
3.193500976, 3.193649957
3.203500979, 3.203633454
3.213500973, 3.213636299
3.223500970, 3.223630509
3.233500979, 3.233636493
3.243500971, 3.243659013
3.253500979, 3.253635762
3.263500987, 3.263638566
3.273500987, 3.273639117
3.283500979, 3.283629444
3.293500979, 3.293643879
3.303500981, 3.303626966
3.313500986, 3.313631431
3.323500979, 3.323636478
3.333500978, 3.333642995
3.343500973, 3.343636326
3.353500976, 3.353633988
3.363500984, 3.363631580
3.373500981, 3.373629180
3.383501008, 3.383642046
3.393500982, 3.393616023
3.403500976, 3.403633691
3.413500981, 3.413626740
3.423500979, 3.423626721
3.433500982, 3.433629647
3.443500978, 3.443645274
3.453500986, 3.453634954
3.463500984, 3.463645542
3.473500971, 3.473635398
3.483500978, 3.483636124
3.493500978, 3.493637123
3.503500973, 3.503636563
3.513500973, 3.513623425
3.523500976, 3.523632671
3.533500973, 3.533613080
3.543500976, 3.543641268
3.553500979, 3.553633408
3.563500984, 3.563631329
3.573500978, 3.573598942
3.583500987, 3.583599141
3.593500981, 3.593595663
3.603500982, 3.603633451
3.613500979, 3.613643167
3.623500990, 3.623626703
3.633500979, 3.633625938
3.643500979, 3.643667669
3.653500974, 3.653644893
3.663500971, 3.663646718
3.673500976, 3.673627418
3.683500976, 3.683662529
3.693500979, 3.693636923
3.703500976, 3.703631332
3.713500979, 3.713626227
3.723500979, 3.723634619
3.733500987, 3.733632745
3.743500974, 3.743635278
3.753500978, 3.753640403
3.763500976, 3.763643605
3.773500978, 3.773638511
3.783500973, 3.783627066
3.793500979, 3.793651750
3.803500971, 3.803617608
3.813500978, 3.813630154
3.823500974, 3.823656582
3.833500973, 3.833619460
3.843500971, 3.843629071
3.853500978, 3.853628326
3.863500976, 3.863650727
3.873500971, 3.873622223
3.883500981, 3.883613288
3.893500981, 3.893662949
3.903500981, 3.903633557
3.913500981, 3.913614896
3.923500984, 3.923638716
3.933500978, 3.933628278
3.943500971, 3.943636108
3.953500979, 3.953646797
3.963500982, 3.963642782
3.973500979, 3.973631721
3.983500985, 3.983627430
3.993500979, 3.993618673
4.003500979, 4.003620974
4.013500987, 4.013643282
4.023500979, 4.023627698
4.033500972, 4.033638523
4.043500974, 4.043629183
4.053500982, 4.053650465
4.063500977, 4.063615342
4.073500977, 4.073636343
4.083500985, 4.083631024
4.093500980, 4.093659766
4.103500984, 4.103654232
4.113500980, 4.113653757
4.123500984, 4.123624050
4.133500979, 4.133618249
4.143500980, 4.143640612
4.153500971, 4.153623565
4.163500998, 4.163634128
4.173500987, 4.173656594
4.183500976, 4.183627968
4.193500974, 4.193632105
4.203500977, 4.203624304
4.213500979, 4.213643737
4.223500979, 4.223649320
4.233500980, 4.233632126
4.243500977, 4.243640832
4.253500977, 4.253663991
4.263500980, 4.263650311
4.273500980, 4.273637320
4.283500985, 4.283658334
4.293501006, 4.293628395
4.303500972, 4.303651148
4.313500977, 4.313643203
4.323500972, 4.323653801
4.333500980, 4.333648782
4.343500977, 4.343655440
4.353500974, 4.353636641
4.363500974, 4.363645505
4.373500979, 4.373643418
4.383500972, 4.383641755
4.393500974, 4.393667280
4.403500982, 4.403633708
4.413500985, 4.413650683
4.423501001, 4.423632757
4.433500987, 4.433632129
4.443500977, 4.443652451
4.453500976, 4.453642011
4.463500995, 4.463639790
4.473500971, 4.473631260
4.483500972, 4.483619925
4.493500979, 4.493653411
4.503500979, 4.503650722
4.513500980, 4.513641560
4.523500976, 4.523657977
4.533500974, 4.533628024
4.543500980, 4.543644986
4.553500979, 4.553645804
4.563500974, 4.563640896
4.573500977, 4.573654677
4.583500974, 4.583643985
4.593500987, 4.593643183
4.603500979, 4.603636635
4.613500971, 4.613634726
4.623500982, 4.623636799
4.633500985, 4.633650255
4.643500974, 4.643629983
4.653500976, 4.653639196
4.663500976, 4.663626577
4.673500972, 4.673625486
4.683500977, 4.683634262
4.693500977, 4.693641916
4.703500972, 4.703616815
4.713500976, 4.713656862
4.723500972, 4.723650627
4.733500977, 4.733649012
4.743500972, 4.743648415
4.753500977, 4.753621639
4.763500974, 4.763616049
4.773500974, 4.773638899
4.783500974, 4.783615042
4.793500971, 4.793621497
4.803500977, 4.803641397
4.813500979, 4.813643727
4.823500982, 4.823643800
4.833500979, 4.833654383
4.843500974, 4.843671445
4.853500985, 4.853638088
4.863500982, 4.863666634
4.873500985, 4.873627803
4.883500987, 4.883645344
4.893500987, 4.893636834
4.903500982, 4.903642149
4.913500984, 4.913638247
4.923500982, 4.923614756
4.933500976, 4.933641676
4.943500977, 4.943633866
4.953500974, 4.953630859
4.963501006, 4.963653206
4.973500972, 4.973627893
4.983500987, 4.983632732
4.993500974, 4.993637203
5.003500980, 5.003640262
5.013500980, 5.013656337
5.023500985, 5.023655882
5.033500979, 5.033648308
5.043500977, 5.043627173
5.053500979, 5.053638965
5.063500976, 5.063629293
5.073500984, 5.073637832
5.083500972, 5.083656400
5.093500980, 5.093635985
5.103500969, 5.103636172
5.113500977, 5.113647414
5.123500977, 5.123651489
5.133500976, 5.133667624
5.143500979, 5.143628703
5.153500971, 5.153661622
5.163500972, 5.163648602
5.173500979, 5.173631189
5.183500972, 5.183652312
5.193500971, 5.193641855
5.203500979, 5.203641114
5.213500977, 5.213655181
5.223500977, 5.223648257
5.233500979, 5.233629415
5.243500979, 5.243640162
5.253500976, 5.253666208
5.263500972, 5.263660969
5.273500971, 5.273689015
5.283500979, 5.283669958
5.293500972, 5.293634437
5.303500979, 5.303641856
5.313500974, 5.313644305
5.323500976, 5.323642509
5.333500977, 5.333637527
5.343500974, 5.343647291
5.353500979, 5.353648414
5.363500971, 5.363621217
5.373500979, 5.373628373
5.383500972, 5.383661664
5.393500987, 5.393636267
5.403500977, 5.403655544
5.413500974, 5.413646443
5.423500976, 5.423636870
5.433500976, 5.433650327
5.443500974, 5.443642769
5.453500976, 5.453642990
5.463500982, 5.463633809
5.473500974, 5.473642133
5.483500972, 5.483616330
5.493500974, 5.493658002
5.503500977, 5.503645666
5.513500972, 5.513628218
5.523500974, 5.523623342
5.533500982, 5.533617516
5.543500984, 5.543636607
5.553500977, 5.553717349
5.563500979, 5.563658470
5.573500977, 5.573648297
5.583500977, 5.583637311
5.593500972, 5.593633348
5.603500969, 5.603636649
5.613500972, 5.613675699
5.623500976, 5.623652914
5.633500971, 5.633634979
5.643500976, 5.643634444
5.653500971, 5.653646033
5.663500979, 5.663640623
5.673500982, 5.673640802
5.683500974, 5.683659038
5.693500977, 5.693641522
5.703500998, 5.703628867
5.713500977, 5.713625955
5.723500976, 5.723627351
5.733500974, 5.733634792
5.743500976, 5.743654123
5.753500980, 5.753640388
5.763500977, 5.763632123
5.773500984, 5.773640980
5.783500979, 5.783648649
5.793500980, 5.793643994
5.803500979, 5.803635988
5.813500979, 5.813598658
5.823500974, 5.823632397
5.833500977, 5.833631017
5.843500979, 5.843598522
5.853500977, 5.853600394
5.863500982, 5.863647479
5.873500974, 5.873595822
5.883500984, 5.883603986
5.893500984, 5.893599774
5.903500985, 5.903624556
5.913500979, 5.913615228
5.923500974, 5.923626980
5.933500984, 5.933641912
5.943500979, 5.943635010
5.953500980, 5.953623235
5.963500972, 5.963621490
5.973500972, 5.973640188
5.983500980, 5.983637317
5.993500980, 5.993634414
6.003500972, 6.003627687
6.013500984, 6.013634354
6.023500984, 6.023626360
6.033500985, 6.033616373
6.043500979, 6.043628684
6.053500979, 6.053645232
6.063500982, 6.063643552
6.073500979, 6.073616645
6.083500979, 6.083627372
6.093500972, 6.093652290
6.103500972, 6.103641059
6.113500980, 6.113631145
6.123500969, 6.123638214
6.133500977, 6.133631584
6.143500979, 6.143648017
6.153500977, 6.153640087
6.163500968, 6.163643611
6.173500979, 6.173627833
6.183500977, 6.183619270
6.193500972, 6.193620099
6.203500974, 6.203616766
6.213500969, 6.213635497
6.223500971, 6.223634151
6.233500977, 6.233622474
6.243500974, 6.243621511
6.253500976, 6.253614541
6.263500972, 6.263630394
6.273500974, 6.273642614
6.283500971, 6.283634564
6.293500974, 6.293632135
6.303500979, 6.303638823
6.313500972, 6.313650087
6.323500979, 6.323643328
6.333500979, 6.333645597
6.343500976, 6.343645580
6.353500974, 6.353616332
6.363500976, 6.363628344
6.373500976, 6.373657851
6.383500972, 6.383618369
6.393500982, 6.393637295
6.403500971, 6.403647473
6.413500972, 6.413631774
6.423500976, 6.423626260
6.433500980, 6.433638015
6.443500979, 6.443622327
6.453500974, 6.453632880
6.463500976, 6.463626233
6.473500977, 6.473639599
6.483500977, 6.483650599
6.493500972, 6.493641686
6.503500977, 6.503621620
6.513500979, 6.513621427
6.523500980, 6.523643274
6.533500984, 6.533624056
6.543500972, 6.543649467
6.553500972, 6.553643822
6.563500974, 6.563644523
6.573500982, 6.573621605
6.583500976, 6.583638733
6.593500979, 6.593633251
6.603500984, 6.603625073
6.613500977, 6.613624915
6.623500977, 6.623627473
6.633500977, 6.633643481
6.643500980, 6.643637548
6.653500979, 6.653632154
6.663500972, 6.663624375
6.673500977, 6.673630187
6.683500977, 6.683609194
6.693500977, 6.693636163
6.703500976, 6.703617278
6.713500969, 6.713621776
6.723500977, 6.723669525
6.733500979, 6.733651608
6.743500985, 6.743647214
6.753500982, 6.753670250
6.763500976, 6.763748428
6.773500985, 6.773703616
6.783500979, 6.783595093
6.793500984, 6.793604555
6.803500980, 6.803601760
6.813500980, 6.813627290
6.823500977, 6.823635381
6.833500987, 6.833638661
6.843500980, 6.843640309
6.853500979, 6.853630616
6.863500972, 6.863637162
6.873500977, 6.873632321
6.883500972, 6.883633675
6.893500974, 6.893637983
6.903500985, 6.903638699
6.913500979, 6.913643980
6.923500985, 6.923646086
6.933500982, 6.933652175
6.943500977, 6.943639381
6.953500979, 6.953629129
6.963500976, 6.963666838
6.973500974, 6.973631785
6.983500980, 6.983638836
6.993500977, 6.993615143
7.003500974, 7.003660574
7.013500980, 7.013638255
7.023500980, 7.023609367
7.033500976, 7.033614350
7.043500979, 7.043633422
7.053500972, 7.053630739
7.063500977, 7.063636692
7.073500987, 7.073644435
7.083500976, 7.083635313
7.093500976, 7.093636423
7.103500977, 7.103638023
7.113500972, 7.113636169
7.123500985, 7.123602957
7.133500984, 7.133614087
7.143501067, 7.143580221
7.153500971, 7.153610272
7.163500969, 7.163599738
7.173500971, 7.173603499
7.183500974, 7.183635385
7.193500971, 7.193622479
7.203500979, 7.203629854
7.213500977, 7.213650889
7.223500977, 7.223638280
7.233500972, 7.233633627
7.243500976, 7.243637129
7.253500972, 7.253626751
7.263500974, 7.263649603
7.273500982, 7.273625153
7.283500972, 7.283643767
7.293500980, 7.293628112
7.303500972, 7.303642764
7.313500977, 7.313650191
7.323500980, 7.323622210
7.333500979, 7.333619717
7.343500984, 7.343646363
7.353500977, 7.353637361
7.363500974, 7.363633765
7.373500974, 7.373631054
7.383501301, 7.383637680
7.393500987, 7.393648695
7.403500974, 7.403617331
7.413500984, 7.413642008
7.423500979, 7.423665647
7.433500980, 7.433654183
7.443500982, 7.443657063
7.453500980, 7.453650007
7.463500984, 7.463659333
7.473500972, 7.473656245
7.483500979, 7.483645740
7.493500977, 7.493651631
7.503500979, 7.503665838
7.513500982, 7.513674169
7.523500977, 7.523685728
7.533500976, 7.533670551
7.543500974, 7.543643090
7.553500971, 7.553675501
7.563500976, 7.563687454
7.573500979, 7.573676580
7.583500977, 7.583654492
7.593500982, 7.593685412
7.603500977, 7.603692634
7.613500971, 7.613679460
7.623500979, 7.623676218
7.633500987, 7.633644488
7.643500972, 7.643682433
7.653500982, 7.653678635
7.663500974, 7.663689492
7.673500979, 7.673684643
7.683500976, 7.683676758
7.693500979, 7.693682981
7.703500977, 7.703709661
7.713500972, 7.713683480
7.723500972, 7.723670108
7.733500976, 7.733671211
7.743500977, 7.743682111
7.753500974, 7.753631816
7.763500972, 7.763643931
7.773500980, 7.773613894
7.783500976, 7.783636681
7.793500979, 7.793607203
7.803500977, 7.803624704
7.813500984, 7.813646554
7.823501004, 7.823637237
7.833500976, 7.833612050
7.843500984, 7.843593984
7.853500979, 7.853609573
7.863500982, 7.863598749
7.873500982, 7.873613879
7.883500982, 7.883596840
7.893500985, 7.893595254
7.903500980, 7.903596507
7.913500980, 7.913596821
7.923500976, 7.923598482
7.933500974, 7.933590956
7.943500982, 7.943595355
7.953500971, 7.953636318
7.963500971, 7.963616157
7.973500976, 7.973594196
7.983500977, 7.983596240
7.993500972, 7.993593888
8.003500972, 8.003608377
8.013500974, 8.013600237
8.023500972, 8.023646884
8.033500979, 8.033608886
8.043500977, 8.043595609
8.053500977, 8.053591925
8.063500979, 8.063597461
8.073500976, 8.073589090
8.083500972, 8.083645684
8.093500972, 8.093591355
8.103500977, 8.103607297
8.113500974, 8.113596075
8.123500976, 8.123605090
8.133500979, 8.133622049
8.143500974, 8.143606420
8.153500976, 8.153629636
8.163500980, 8.163627615
8.173500976, 8.173613430
8.183500987, 8.183593201
8.193500977, 8.193589669
8.203500984, 8.203572775
8.213500972, 8.213599858
8.223500979, 8.223590042
8.233500972, 8.233576231
8.243500976, 8.243684184
8.253500974, 8.253691390
8.263500977, 8.263711098
8.273500974, 8.273595389
8.283500977, 8.283572691
8.293500985, 8.293594958
8.303500984, 8.303576166
8.313500977, 8.313595284
8.323500976, 8.323593117
8.333500976, 8.333594954
8.343500977, 8.343597099
8.353500985, 8.353591554
8.363500984, 8.363590474
8.373500985, 8.373601651
8.383500984, 8.383599224
8.393500982, 8.393594883
8.403500985, 8.403598039
8.413500979, 8.413595512
8.423500976, 8.423593229
8.433500984, 8.433601623
8.443500976, 8.443596346
8.453500980, 8.453607937
8.463500977, 8.463601425
8.473500971, 8.473605864
8.483500980, 8.483598337
8.493500977, 8.493599344
8.503500976, 8.503589592
8.513500976, 8.513600794
8.523500987, 8.523592887
8.533500979, 8.533593413
8.543500976, 8.543595844
8.553500974, 8.553597246
8.563500980, 8.563598566
8.573500971, 8.573587973
8.583500982, 8.583624182
8.593500980, 8.593598970
8.603500984, 8.603595066
8.613500987, 8.613604853
8.623501002, 8.623588505
8.633500971, 8.633630899
8.643500976, 8.643612398
8.653500979, 8.653595659
8.663500979, 8.663592784
8.673500976, 8.673592974
8.683500976, 8.683592682
8.693500980, 8.693592148
8.703500982, 8.703592819
8.713500979, 8.713598460
8.723500976, 8.723592059
8.733500979, 8.733593296
8.743500979, 8.743593422
8.753500980, 8.753590889
8.763500976, 8.763590098
8.773500979, 8.773594699
8.783500979, 8.783596191
8.793500976, 8.793595050
8.803500987, 8.803597652
8.813500980, 8.813593004
8.823500977, 8.823593880
8.833500971, 8.833591990
8.843500971, 8.843590289
8.853500979, 8.853599832
8.863500977, 8.863595219
8.873500979, 8.873592806
8.883500972, 8.883590113
8.893500976, 8.893596881
8.903500974, 8.903602520
8.913500977, 8.913634060
8.923500972, 8.923597464
8.933500976, 8.933597453
8.943500976, 8.943622302
8.953500976, 8.953632576
8.963500976, 8.963594502
8.973500976, 8.973591625
8.983500987, 8.983597355
8.993500979, 8.993636735
9.003500980, 9.003596431
9.013500974, 9.013600789
9.023501126, 9.023633375
9.033500980, 9.033616624
9.043500971, 9.043601845
9.053500971, 9.053602288
9.063500976, 9.063600559
9.073500985, 9.073590698
9.083500974, 9.083598369
9.093500982, 9.093605325
9.103500974, 9.103626522
9.113500977, 9.113601059
9.123500984, 9.123600543
9.133500977, 9.133602171
9.143500985, 9.143595448
9.153500971, 9.153595621
9.163500977, 9.163624515
9.173500972, 9.173592615
9.183500984, 9.183595992
9.193500987, 9.193599496
9.203500984, 9.203621023
9.213500972, 9.213613594
9.223500982, 9.223598326
9.233500979, 9.233592468
9.243500979, 9.243599359
9.253500979, 9.253594175
9.263500971, 9.263594101
9.273500977, 9.273594401
9.283500980, 9.283593356
9.293500984, 9.293592797
9.303500979, 9.303589369
9.313500984, 9.313596165
9.323501069, 9.323592967
9.333500982, 9.333603680
9.343500979, 9.343604514
9.353500985, 9.353592443
9.363500982, 9.363600346
9.373500977, 9.373594834
9.383500987, 9.383598053
9.393500979, 9.393598656
9.403500980, 9.403598148
9.413500976, 9.413595517
9.423500979, 9.423593799
9.433500971, 9.433614211
9.443500980, 9.443606993
9.453500977, 9.453594396
9.463500974, 9.463590157
9.473500974, 9.473598217
9.483500980, 9.483644686
9.493500985, 9.493638100
9.503500985, 9.503597916
9.513500985, 9.513597153
9.523500980, 9.523594091
9.533500977, 9.533638683
9.543500974, 9.543636251
9.553500982, 9.553596112
9.563500982, 9.563595422
9.573500985, 9.573590391
9.583500979, 9.583597031
9.593500980, 9.593596845
9.603500982, 9.603644294
9.613500982, 9.613591221
9.623500985, 9.623597518
9.633500984, 9.633622265
9.643500980, 9.643582960
9.653500972, 9.653600353
9.663500984, 9.663595910
9.673500976, 9.673572574
9.683500979, 9.683576930
9.693500972, 9.693602509
9.703500976, 9.703603044
9.713500976, 9.713600969
9.723500982, 9.723596765
9.733500982, 9.733594292
9.743500985, 9.743593187
9.753500982, 9.753594693
9.763500972, 9.763591731
9.773500976, 9.773602063
9.783500974, 9.783596548
9.793500982, 9.793597147
9.803500982, 9.803593409
9.813500972, 9.813595929
9.823500984, 9.823591842
9.833500980, 9.833598476
9.843500980, 9.843593192
9.853500980, 9.853595086
9.863500982, 9.863579997
9.873500972, 9.873597200
9.883500979, 9.883592029
9.893500969, 9.893593662
9.903501470, 9.903593285
9.913500987, 9.913596193
9.923500987, 9.923609006
9.933500974, 9.933585308
9.943500984, 9.943561157
9.953500974, 9.953593773
9.963500969, 9.963590853
9.973500979, 9.973589014
9.983500972, 9.983594193
9.993500976, 9.993592686
10.003500972, 10.003590809
10.013500971, 10.013584118
10.023500974, 10.023604343
10.033500979, 10.033589448
10.043500972, 10.043603960
10.053500969, 10.053591859
10.063500979, 10.063615858
10.073500972, 10.073585253
10.083500972, 10.083589292
10.093500977, 10.093585542
10.103500979, 10.103596341
10.113500971, 10.113588366
10.123500976, 10.123590304
10.133500974, 10.133590184
10.143500971, 10.143583227
10.153500979, 10.153591249
10.163500968, 10.163585210
10.173500987, 10.173587152
10.183500979, 10.183593027
10.193500972, 10.193587697
10.203500969, 10.203588313
10.213500971, 10.213589120
10.223500974, 10.223589865
10.233500974, 10.233589830
10.243500974, 10.243591131
10.253500974, 10.253590529
10.263500977, 10.263586462
10.273500972, 10.273597055
10.283500976, 10.283587266
10.293500966, 10.293589868
10.303500972, 10.303588598
10.313500979, 10.313589067
10.323500976, 10.323589311
10.333500984, 10.333591219
10.343500985, 10.343590173
10.353500980, 10.353591428
10.363500968, 10.363589197
10.373500980, 10.373589317
10.383500972, 10.383589759
10.393500982, 10.393587812
10.403500977, 10.403586900
10.413500977, 10.413585774
10.423500979, 10.423595284
10.433500971, 10.433586532
10.443500974, 10.443587741
10.453500980, 10.453587717
10.463500976, 10.463589270
10.473500972, 10.473587831
10.483500977, 10.483592097
10.493500977, 10.493585138
10.503500971, 10.503585442
10.513500979, 10.513587086
10.523500971, 10.523598481
10.533500971, 10.533588393
10.543500980, 10.543588460
10.553500976, 10.553589213
10.563500969, 10.563588142
10.573500972, 10.573589265
10.583500979, 10.583585955
10.593500969, 10.593590225
10.603500982, 10.603597838
10.613500974, 10.613587406
10.623500979, 10.623590113
10.633500972, 10.633590924
10.643500979, 10.643584129
10.653500979, 10.653590992
10.663500971, 10.663583178
10.673500972, 10.673593038
10.683500977, 10.683585933
10.693500976, 10.693585695
10.703500971, 10.703585914
10.713500972, 10.713587579
10.723500979, 10.723587410
10.733500972, 10.733594854
10.743500974, 10.743586697
10.753500969, 10.753590915
10.763500977, 10.763587252
10.773500971, 10.773589648
10.783500976, 10.783590517
10.793500974, 10.793584733
10.803500977, 10.803589421
10.813500971, 10.813586634
10.823500979, 10.823589214
10.833500980, 10.833591666
10.843500979, 10.843613173
10.853500974, 10.853586399
10.863500977, 10.863585152
10.873500971, 10.873587073
10.883500974, 10.883587256
10.893500971, 10.893588685
10.903500984, 10.903587762
10.913500988, 10.913591082
10.923500972, 10.923589729
10.933500982, 10.933589440
10.943500977, 10.943587310
10.953500972, 10.953587283
10.963500972, 10.963586167
10.973500971, 10.973585486
10.983500979, 10.983587766
10.993500969, 10.993587721
11.003500974, 11.003590435
11.013500969, 11.013591996
11.023500971, 11.023583723
11.033500971, 11.033584645
11.043500974, 11.043584378
11.053500977, 11.053592587
11.063500977, 11.063588286
11.073500977, 11.073593591
11.083500977, 11.083591403
11.093500972, 11.093583668
11.103500971, 11.103601190
11.113500969, 11.113586440
11.123500977, 11.123593029
11.133500977, 11.133586134
11.143500976, 11.143588370
11.153500974, 11.153588681
11.163500979, 11.163586787
11.173500977, 11.173586655
11.183500977, 11.183586093
11.193500974, 11.193587465
11.203500976, 11.203586527
11.213500976, 11.213588797
11.223500984, 11.223587282
11.233500979, 11.233591600
11.243500969, 11.243587634
11.253500972, 11.253587788
11.263500977, 11.263585695
11.273500980, 11.273588504
11.283500974, 11.283587897
11.293500969, 11.293587833
11.303500979, 11.303587275
11.313500982, 11.313590124
11.323500987, 11.323587931
11.333500972, 11.333589041
11.343500972, 11.343562820
11.353500984, 11.353589385
11.363500976, 11.363589320
11.373500969, 11.373587711
11.383500979, 11.383613441
11.393500974, 11.393591647
11.403500982, 11.403588368
11.413500977, 11.413590166
11.423500987, 11.423588859
11.433500977, 11.433589475
11.443500976, 11.443588613
11.453500974, 11.453591415
11.463500976, 11.463584482
11.473500976, 11.473593657
11.483500985, 11.483584138
11.493500979, 11.493591554
11.503500976, 11.503586544
11.513500974, 11.513586042
11.523500971, 11.523598372
11.533500979, 11.533587105
11.543500977, 11.543613869
11.553500977, 11.553591382
11.563500980, 11.563591112
11.573500972, 11.573583938
11.583500985, 11.583591747
11.593500974, 11.593586773
11.603500982, 11.603586964
11.613500984, 11.613587533
11.623500979, 11.623587902
11.633500976, 11.633588996
11.643500980, 11.643590106
11.653500985, 11.653587616
11.663500972, 11.663596839
11.673500976, 11.673587609
11.683500979, 11.683591693
11.693500985, 11.693590935
11.703500974, 11.703591710
11.713500972, 11.713586140
11.723500979, 11.723631581
11.733500980, 11.733592282
11.743500985, 11.743585472
11.753500974, 11.753585488
11.763500984, 11.763602817
11.773500985, 11.773586675
11.783500979, 11.783585616
11.793500969, 11.793590481
11.803500985, 11.803589906
11.813500987, 11.813591051
11.823500969, 11.823590792
11.833500977, 11.833590511
11.843500972, 11.843562930
11.853500982, 11.853589432
11.863500977, 11.863593068
11.873500974, 11.873586914
11.883500976, 11.883593697
11.893500985, 11.893586928
11.903500998, 11.903589265
11.913500985, 11.913589708
11.923500979, 11.923583464
11.933500982, 11.933584198
11.943500980, 11.943585714
11.953500987, 11.953588567
11.963500985, 11.963586475
11.973500985, 11.973590384
11.983500979, 11.983590593
11.993500974, 11.993584838
12.003500982, 12.003587615
12.013500985, 12.013587967
12.023500977, 12.023591024
12.033500979, 12.033585940
12.043500979, 12.043592580
------------------------------
