------------------------------
test was performed using the following parameters: --mps=100 --burst=1 --reply-every=1 --msg-size=12 --time=10
------------------------------
sockperf: [Total Run] RunTime=10.100 sec; SentMessages=1011; ReceivedMessages=1010
sockperf: ========= Printing statistics for Server No: 0
sockperf: [Valid Duration] RunTime=9.990 sec; SentMessages=1000; ReceivedMessages=1000
sockperf: [2;35m====> avg-lat= 86.563 (std-dev=29.804)[0m
sockperf: # dropped messages = 0; # duplicated messages = 0; # out-of-order messages = 0
sockperf: [2;35mTotal 1000 observations[0m; each percentile contains 10.00 observations
sockperf: ---> <MAX> observation =  158.022
sockperf: ---> percentile  99.99 =  158.022
sockperf: ---> percentile  99.90 =  156.412
sockperf: ---> percentile  99.50 =  155.076
sockperf: ---> percentile  99.00 =  154.671
sockperf: ---> percentile  95.00 =  150.054
sockperf: ---> percentile  90.00 =  147.580
sockperf: ---> percentile  75.00 =   95.801
sockperf: ---> percentile  50.00 =   75.621
sockperf: ---> percentile  25.00 =   67.668
sockperf: ---> <MIN> observation =   34.359
------------------------------
txTime, rxTime
2.063457731, 2.063613844
2.073457710, 2.073595857
2.083457704, 2.083619179
2.093457713, 2.093587833
2.103457723, 2.103587884
2.113457724, 2.113568709
2.123457715, 2.123572339
2.133457707, 2.133598986
2.143457716, 2.143585228
2.153457718, 2.153600035
2.163457732, 2.163611161
2.173457715, 2.173594370
2.183457708, 2.183579722
2.193457712, 2.193605389
2.203457708, 2.203581143
2.213457724, 2.213572851
2.223457721, 2.223600606
2.233457726, 2.233584757
2.243457710, 2.243608584
2.253457731, 2.253597275
2.263457718, 2.263580000
2.273457727, 2.273602449
2.283457723, 2.283600508
2.293457719, 2.293573138
2.303457708, 2.303598936
2.313457723, 2.313589857
2.323457708, 2.323584756
2.333457708, 2.333628335
2.343457731, 2.343609647
2.353457772, 2.353618449
2.363457724, 2.363589715
2.373457726, 2.373601936
2.383457718, 2.383548995
2.393457716, 2.393544833
2.403457707, 2.403540569
2.413457877, 2.413561541
2.423457723, 2.423563624
2.433457721, 2.433532621
2.443457729, 2.443588138
2.453457726, 2.453612502
2.463457716, 2.463600425
2.473457724, 2.473596320
2.483457727, 2.483568056
2.493457716, 2.493545105
2.503457718, 2.503597741
2.513457708, 2.513591262
2.523457710, 2.523575115
2.533457727, 2.533610479
2.543457719, 2.543603199
2.553457710, 2.553589565
2.563457723, 2.563591229
2.573457712, 2.573614564
2.583457726, 2.583622712
2.593457718, 2.593584397
2.603457721, 2.603650461
2.613457719, 2.613587017
2.623457719, 2.623586728
2.633458921, 2.633603252
2.643457726, 2.643579269
2.653457705, 2.653565856
2.663457705, 2.663618462
2.673457710, 2.673629915
2.683457701, 2.683669756
2.693457731, 2.693581440
2.703457718, 2.703614022
2.713457721, 2.713599571
2.723457719, 2.723598506
2.733457729, 2.733593901
2.743457721, 2.743588712
2.753457727, 2.753602611
2.763457713, 2.763583122
2.773457802, 2.773609988
2.783457719, 2.783595756
2.793457723, 2.793572102
2.803457723, 2.803608049
2.813457731, 2.813583941
2.823457715, 2.823589456
2.833457721, 2.833593277
2.843457734, 2.843596935
2.853457699, 2.853629541
2.863457712, 2.863597947
2.873457732, 2.873617897
2.883457726, 2.883637713
2.893457716, 2.893569126
2.903457724, 2.903609491
2.913457726, 2.913596656
2.923457716, 2.923587522
2.933457724, 2.933624214
2.943457737, 2.943585948
2.953457702, 2.953588073
2.963457731, 2.963617327
2.973457726, 2.973601658
2.983457715, 2.983587495
2.993457724, 2.993596187
3.003457708, 3.003625989
3.013457727, 3.013592795
3.023457721, 3.023647986
3.033457710, 3.033593421
3.043458233, 3.043614665
3.053459603, 3.053627119
3.063457716, 3.063599957
3.073457721, 3.073644747
3.083457724, 3.083596050
3.093457710, 3.093609039
3.103457707, 3.103596331
3.113457715, 3.113566111
3.123457716, 3.123577401
3.133457701, 3.133587748
3.143457719, 3.143593157
3.153457729, 3.153595137
3.163457716, 3.163630075
3.173457718, 3.173601656
3.183457718, 3.183592949
3.193457723, 3.193601903
3.203457729, 3.203583418
3.213457729, 3.213594925
3.223457707, 3.223650727
3.233457716, 3.233573151
3.243457724, 3.243601206
3.253457715, 3.253618910
3.263457707, 3.263585812
3.273457701, 3.273602842
3.283457708, 3.283590760
3.293457727, 3.293619821
3.303458106, 3.303636337
3.313458866, 3.313600723
3.323457721, 3.323640045
3.333457715, 3.333590583
3.343457708, 3.343612904
3.353458510, 3.353635632
3.363457727, 3.363611963
3.373457715, 3.373605251
3.383457707, 3.383631632
3.393457723, 3.393571744
3.403457712, 3.403561147
3.413457715, 3.413617728
3.423457710, 3.423602610
3.433457708, 3.433607995
3.443457716, 3.443601497
3.453457716, 3.453601432
3.463457721, 3.463571210
3.473457716, 3.473592390
3.483457705, 3.483639679
3.493457731, 3.493610841
3.503457718, 3.503607527
3.513457710, 3.513584121
3.523457707, 3.523592205
3.533457724, 3.533588294
3.543457716, 3.543600998
3.553457712, 3.553622780
3.563457724, 3.563585776
3.573457724, 3.573650199
3.583457710, 3.583597025
3.593457708, 3.593604787
3.603457716, 3.603623077
3.613457715, 3.613588086
3.623457716, 3.623593733
3.633457718, 3.633624787
3.643457707, 3.643643260
3.653457719, 3.653587266
3.663457724, 3.663594172
3.673457723, 3.673599026
3.683457726, 3.683609448
3.693457718, 3.693601576
3.703458905, 3.703619632
3.713457716, 3.713616714
3.723457726, 3.723605449
3.733457710, 3.733620663
3.743457723, 3.743594924
3.753457702, 3.753601768
3.763457723, 3.763596807
3.773457715, 3.773582207
3.783457716, 3.783595243
3.793457729, 3.793600635
3.803457710, 3.803593047
3.813457716, 3.813598749
3.823457707, 3.823611839
3.833457723, 3.833610869
3.843457727, 3.843662171
3.853457719, 3.853613893
3.863457710, 3.863641425
3.873458544, 3.873614289
3.883457708, 3.883598085
3.893457707, 3.893617897
3.903457731, 3.903615228
3.913457724, 3.913669400
3.923457721, 3.923622812
3.933457719, 3.933591629
3.943457708, 3.943653836
3.953457724, 3.953586099
3.963457726, 3.963600199
3.973457718, 3.973628739
3.983457719, 3.983613768
3.993457718, 3.993646213
4.003457715, 4.003637417
4.013457724, 4.013649696
4.023457716, 4.023587955
4.033457707, 4.033546971
4.043457708, 4.043548520
4.053457713, 4.053530167
4.063457715, 4.063526433
4.073457702, 4.073620597
4.083457713, 4.083657211
4.093457731, 4.093544134
4.103457727, 4.103619184
4.113457710, 4.113637440
4.123457704, 4.123596563
4.133457718, 4.133597248
4.143457718, 4.143581495
4.153457729, 4.153632781
4.163457707, 4.163593838
4.173457726, 4.173571959
4.183457710, 4.183638891
4.193457723, 4.193587312
4.203457721, 4.203607588
4.213457726, 4.213607408
4.223457726, 4.223603147
4.233457765, 4.233602736
4.243457724, 4.243604104
4.253457723, 4.253589039
4.263457721, 4.263634268
4.273457723, 4.273612781
4.283457715, 4.283628941
4.293457716, 4.293588114
4.303457708, 4.303650708
4.313457721, 4.313624508
4.323457719, 4.323603462
4.333457721, 4.333675932
4.343457707, 4.343597843
4.353457731, 4.353565866
4.363457726, 4.363623279
4.373457708, 4.373593828
4.383457723, 4.383597319
4.393457729, 4.393593452
4.403457718, 4.403561442
4.413457719, 4.413544857
4.423457702, 4.423626907
4.433457721, 4.433625968
4.443457710, 4.443605501
4.453457735, 4.453648903
4.463457721, 4.463635680
4.473457724, 4.473629544
4.483457718, 4.483633169
4.493457715, 4.493647266
4.503457715, 4.503713568
4.513457713, 4.513617014
4.523457716, 4.523692378
4.533457712, 4.533671420
4.543457713, 4.543654985
4.553457721, 4.553564066
4.563457718, 4.563630267
4.573457716, 4.573661787
4.583457743, 4.583593151
4.593457704, 4.593580723
4.603457715, 4.603587040
4.613457723, 4.613601358
4.623457723, 4.623656608
4.633457710, 4.633598972
4.643457723, 4.643584424
4.653458174, 4.653594120
4.663457721, 4.663587921
4.673457723, 4.673587967
4.683457716, 4.683575543
4.693457723, 4.693618151
4.703457719, 4.703606510
4.713457732, 4.713584688
4.723457712, 4.723593121
4.733457716, 4.733591801
4.743457779, 4.743588818
4.753457708, 4.753600677
4.763457721, 4.763602671
4.773457718, 4.773626368
4.783457724, 4.783601759
4.793457716, 4.793606027
4.803457721, 4.803609623
4.813457723, 4.813651418
4.823457718, 4.823620260
4.833457731, 4.833602300
4.843457716, 4.843593888
4.853457724, 4.853616446
4.863457732, 4.863593171
4.873457735, 4.873620630
4.883457721, 4.883626660
4.893457734, 4.893592164
4.903457723, 4.903586234
4.913457708, 4.913589797
4.923457721, 4.923603147
4.933457710, 4.933610061
4.943457716, 4.943627676
4.953457715, 4.953615232
4.963457713, 4.963658890
4.973457702, 4.973594152
4.983457715, 4.983630073
4.993457716, 4.993649944
5.003457708, 5.003621966
5.013457719, 5.013591116
5.023457715, 5.023620267
5.033457721, 5.033610803
5.043457719, 5.043629375
5.053457724, 5.053599703
5.063457961, 5.063613195
5.073457713, 5.073581934
5.083457708, 5.083562648
5.093457715, 5.093606284
5.103457726, 5.103621298
5.113457731, 5.113603848
5.123457731, 5.123586262
5.133457723, 5.133630001
5.143457721, 5.143607738
5.153457724, 5.153609593
5.163457718, 5.163586399
5.173457729, 5.173585272
5.183457712, 5.183594330
5.193457707, 5.193595682
5.203457827, 5.203588551
5.213457712, 5.213603808
5.223457734, 5.223610754
5.233457731, 5.233593817
5.243457713, 5.243624296
5.253457727, 5.253607219
5.263457723, 5.263618162
5.273457726, 5.273615803
5.283457719, 5.283624095
5.293457753, 5.293601132
5.303457707, 5.303627386
5.313457724, 5.313603887
5.323457716, 5.323594564
5.333457731, 5.333601490
5.343457715, 5.343621148
5.353457723, 5.353614718
5.363457716, 5.363553653
5.373457718, 5.373554904
5.383457718, 5.383527548
5.393457719, 5.393533473
5.403457731, 5.403585510
5.413457726, 5.413584614
5.423457715, 5.423623249
5.433457731, 5.433583074
5.443457731, 5.443611262
5.453457723, 5.453605652
5.463457718, 5.463617909
5.473457721, 5.473591556
5.483457723, 5.483580960
5.493457713, 5.493605769
5.503457704, 5.503612257
5.513457715, 5.513611479
5.523457710, 5.523603445
5.533457716, 5.533612776
5.543457732, 5.543596754
5.553457716, 5.553605458
5.563457710, 5.563592859
5.573457735, 5.573663743
5.583457716, 5.583640548
5.593457731, 5.593623172
5.603457715, 5.603615184
5.613457708, 5.613650671
5.623457723, 5.623583008
5.633457708, 5.633613667
5.643457715, 5.643590953
5.653457719, 5.653590710
5.663457713, 5.663588832
5.673457712, 5.673615865
5.683457715, 5.683614968
5.693457723, 5.693598547
5.703457723, 5.703595871
5.713457721, 5.713581001
5.723457731, 5.723589706
5.733457724, 5.733591417
5.743457704, 5.743617019
5.753457715, 5.753592450
5.763457723, 5.763600371
5.773457708, 5.773608278
5.783457719, 5.783633499
5.793457727, 5.793651633
5.803457710, 5.803608891
5.813457716, 5.813593095
5.823457713, 5.823635438
5.833457708, 5.833615355
5.843457707, 5.843595066
5.853457712, 5.853576350
5.863457708, 5.863604650
5.873457729, 5.873599274
5.883457721, 5.883593214
5.893457707, 5.893600043
5.903457707, 5.903581241
5.913457712, 5.913607192
5.923457716, 5.923606003
5.933457716, 5.933626593
5.943457718, 5.943583783
5.953457708, 5.953608640
5.963457724, 5.963586633
5.973457708, 5.973603639
5.983457715, 5.983622158
5.993457713, 5.993576797
6.003457718, 6.003617519
6.013457729, 6.013604932
6.023457713, 6.023580313
6.033457710, 6.033631025
6.043457732, 6.043595461
6.053457723, 6.053651467
6.063457716, 6.063612296
6.073457723, 6.073610105
6.083457724, 6.083607399
6.093457710, 6.093605152
6.103457716, 6.103566347
6.113457719, 6.113621102
6.123457723, 6.123608288
6.133457724, 6.133576965
6.143457724, 6.143607042
6.153457710, 6.153626391
6.163457716, 6.163599578
6.173457708, 6.173600251
6.183457721, 6.183592254
6.193457724, 6.193606377
6.203457724, 6.203600579
6.213457729, 6.213586103
6.223457724, 6.223593004
6.233457710, 6.233628823
6.243457707, 6.243596691
6.253457707, 6.253605908
6.263457718, 6.263584427
6.273457707, 6.273579211
6.283457724, 6.283609851
6.293457708, 6.293589958
6.303457708, 6.303578555
6.313457724, 6.313615562
6.323457723, 6.323603663
6.333457723, 6.333584896
6.343457719, 6.343597760
6.353457721, 6.353574817
6.363457723, 6.363594346
6.373457903, 6.373591414
6.383457721, 6.383580092
6.393457779, 6.393594660
6.403457718, 6.403587465
6.413457716, 6.413584467
6.423457721, 6.423599769
6.433457707, 6.433593713
6.443457734, 6.443597543
6.453457726, 6.453586845
6.463457719, 6.463591591
6.473457710, 6.473579179
6.483457719, 6.483582539
6.493457719, 6.493608329
6.503457713, 6.503601042
6.513457721, 6.513569281
6.523457724, 6.523603467
6.533457713, 6.533593204
6.543457726, 6.543598134
6.553458755, 6.553648976
6.563457708, 6.563594798
6.573457710, 6.573598222
6.583457719, 6.583588716
6.593457731, 6.593597186
6.603457724, 6.603608902
6.613457726, 6.613593088
6.623457721, 6.623586778
6.633457764, 6.633582119
6.643457719, 6.643574223
6.653457712, 6.653601653
6.663457721, 6.663606919
6.673457734, 6.673582171
6.683457719, 6.683605231
6.693457719, 6.693591709
6.703457718, 6.703586136
6.713457727, 6.713591463
6.723457729, 6.723585506
6.733457708, 6.733621312
6.743457729, 6.743619926
6.753457726, 6.753589966
6.763457723, 6.763606664
6.773457713, 6.773595132
6.783457726, 6.783582845
6.793457719, 6.793603432
6.803457718, 6.803587276
6.813457724, 6.813614032
6.823457721, 6.823605548
6.833457707, 6.833590981
6.843457721, 6.843626819
6.853457727, 6.853577408
6.863457710, 6.863593497
6.873457710, 6.873617968
6.883457721, 6.883589161
6.893457729, 6.893627255
6.903457721, 6.903584879
6.913457732, 6.913629006
6.923457723, 6.923594523
6.933457712, 6.933593132
6.943457721, 6.943602417
6.953457707, 6.953600968
6.963457727, 6.963580253
6.973457724, 6.973633233
6.983457724, 6.983604318
6.993457724, 6.993585329
7.003457713, 7.003609510
7.013457732, 7.013606252
7.023457726, 7.023597741
7.033457708, 7.033595319
7.043457723, 7.043604509
7.053457732, 7.053554196
7.063457718, 7.063549496
7.073457712, 7.073573763
7.083457724, 7.083538020
7.093457715, 7.093604269
7.103457715, 7.103562410
7.113457724, 7.113612746
7.123457719, 7.123601898
7.133457726, 7.133621288
7.143457721, 7.143591382
7.153457727, 7.153596804
7.163457707, 7.163575593
7.173457719, 7.173602507
7.183457734, 7.183610078
7.193457707, 7.193602749
7.203457716, 7.203609535
7.213457719, 7.213583891
7.223457702, 7.223594300
7.233457748, 7.233629388
7.243457719, 7.243608750
7.253457726, 7.253651578
7.263457732, 7.263596444
7.273458102, 7.273621959
7.283457713, 7.283635599
7.293457702, 7.293644059
7.303457726, 7.303675908
7.313457720, 7.313635108
7.323457722, 7.323701128
7.333457724, 7.333640074
7.343457706, 7.343718476
7.353457721, 7.353676679
7.363457725, 7.363712968
7.373457706, 7.373663282
7.383457710, 7.383669607
7.393457702, 7.393653311
7.403457710, 7.403679622
7.413457721, 7.413671878
7.423457725, 7.423703815
7.433457721, 7.433617315
7.443457724, 7.443707719
7.453457725, 7.453635686
7.463457713, 7.463662486
7.473457724, 7.473633547
7.483457719, 7.483640949
7.493457706, 7.493657172
7.503457706, 7.503669984
7.513457708, 7.513637924
7.523457721, 7.523624861
7.533457703, 7.533676421
7.543457721, 7.543630760
7.553457719, 7.553642822
7.563457721, 7.563635779
7.573457711, 7.573632013
7.583457710, 7.583650245
7.593457708, 7.593652818
7.603457722, 7.603636297
7.613457724, 7.613643136
7.623457724, 7.623641585
7.633457721, 7.633598686
7.643457716, 7.643639179
7.653457710, 7.653633485
7.663457724, 7.663660557
7.673457724, 7.673630932
7.683457714, 7.683647139
7.693457729, 7.693609332
7.703457722, 7.703633713
7.713457729, 7.713597257
7.723457706, 7.723682043
7.733457725, 7.733607064
7.743457708, 7.743653160
7.753457727, 7.753595980
7.763457711, 7.763633382
7.773457717, 7.773600061
7.783457729, 7.783694438
7.793457708, 7.793599283
7.803457710, 7.803599144
7.813457706, 7.813589576
7.823457713, 7.823593485
7.833457706, 7.833614742
7.843457714, 7.843649318
7.853457710, 7.853603149
7.863457714, 7.863646425
7.873457714, 7.873597792
7.883457705, 7.883595443
7.893457722, 7.893620515
7.903457727, 7.903643010
7.913457706, 7.913595973
7.923457719, 7.923605477
7.933457703, 7.933612211
7.943457711, 7.943619717
7.953457705, 7.953593419
7.963457716, 7.963589268
7.973457714, 7.973614435
7.983457717, 7.983631541
7.993457713, 7.993585024
8.003457708, 8.003589486
8.013457711, 8.013593758
8.023457735, 8.023594663
8.033457706, 8.033585835
8.043457711, 8.043602292
8.053457710, 8.053613750
8.063457711, 8.063586661
8.073457708, 8.073605200
8.083457714, 8.083610362
8.093457714, 8.093588537
8.103457713, 8.103614746
8.113457708, 8.113607016
8.123457732, 8.123584534
8.133457721, 8.133585813
8.143457717, 8.143604935
8.153457714, 8.153586241
8.163457722, 8.163635580
8.173457714, 8.173620100
8.183457705, 8.183595293
8.193457711, 8.193635809
8.203457711, 8.203626839
8.213457708, 8.213593444
8.223457706, 8.223624255
8.233457722, 8.233615762
8.243457716, 8.243596398
8.253457703, 8.253584905
8.263457708, 8.263582344
8.273457711, 8.273607286
8.283457724, 8.283608215
8.293457714, 8.293565030
8.303457706, 8.303594301
8.313457714, 8.313577169
8.323457719, 8.323590341
8.333457714, 8.333583339
8.343457719, 8.343572063
8.353457716, 8.353592088
8.363457708, 8.363590482
8.373457716, 8.373563284
8.383457714, 8.383579332
8.393457714, 8.393581932
8.403457711, 8.403569129
8.413457711, 8.413547996
8.423457711, 8.423553653
8.433457705, 8.433551239
8.443457711, 8.443555899
8.453457708, 8.453558693
8.463457703, 8.463583892
8.473457713, 8.473563379
8.483457719, 8.483616063
8.493457702, 8.493594020
8.503457713, 8.503616201
8.513457706, 8.513608333
8.523457714, 8.523623487
8.533457710, 8.533606827
8.543457719, 8.543600262
8.553457729, 8.553625123
8.563457714, 8.563602548
8.573457713, 8.573605131
8.583457722, 8.583608349
8.593457716, 8.593609500
8.603457708, 8.603618425
8.613457705, 8.613613265
8.623457705, 8.623596826
8.633457717, 8.633597494
8.643457710, 8.643631517
8.653457732, 8.653598179
8.663457717, 8.663607177
8.673457706, 8.673619616
8.683457708, 8.683615954
8.693457710, 8.693642592
8.703457713, 8.703625065
8.713457722, 8.713585107
8.723457702, 8.723600806
8.733457711, 8.733613603
8.743457708, 8.743593990
8.753457713, 8.753612492
8.763457714, 8.763607334
8.773457705, 8.773634929
8.783457706, 8.783608887
8.793457714, 8.793619616
8.803457702, 8.803613966
8.813457713, 8.813600693
8.823457738, 8.823628525
8.833457714, 8.833636627
8.843457702, 8.843606705
8.853457711, 8.853600055
8.863457714, 8.863588655
8.873457706, 8.873601968
8.883457705, 8.883603137
8.893457722, 8.893639571
8.903457725, 8.903588346
8.913457713, 8.913610499
8.923457711, 8.923610264
8.933457719, 8.933614476
8.943457713, 8.943620524
8.953457713, 8.953615547
8.963457706, 8.963614538
8.973457710, 8.973589314
8.983457708, 8.983619922
8.993457722, 8.993608556
9.003457713, 9.003630750
9.013457710, 9.013621711
9.023457716, 9.023610300
9.033457708, 9.033617277
9.043457722, 9.043605444
9.053457710, 9.053601445
9.063457719, 9.063589943
9.073457716, 9.073605955
9.083457708, 9.083609443
9.093457706, 9.093616151
9.103457706, 9.103635379
9.113457720, 9.113621002
9.123457709, 9.123599622
9.133457714, 9.133608958
9.143457725, 9.143643408
9.153457714, 9.153617770
9.163457727, 9.163656303
9.173457711, 9.173627216
9.183457739, 9.183609536
9.193457704, 9.193622366
9.203457719, 9.203608402
9.213457703, 9.213607027
9.223457722, 9.223596166
9.233457717, 9.233617582
9.243457711, 9.243610721
9.253457709, 9.253606588
9.263457712, 9.263615824
9.273457712, 9.273594209
9.283457706, 9.283601327
9.293457700, 9.293550663
9.303457711, 9.303619091
9.313457708, 9.313585445
9.323457701, 9.323625301
9.333457706, 9.333599320
9.343457716, 9.343610725
9.353457708, 9.353613028
9.363457714, 9.363601179
9.373457711, 9.373611689
9.383457711, 9.383609812
9.393457708, 9.393616396
9.403457711, 9.403604261
9.413457704, 9.413635951
9.423457706, 9.423623659
9.433457708, 9.433602814
9.443457711, 9.443617817
9.453457706, 9.453599382
9.463457720, 9.463594530
9.473457712, 9.473622405
9.483457708, 9.483595577
9.493457708, 9.493581752
9.503457712, 9.503590741
9.513457711, 9.513590297
9.523457706, 9.523573379
9.533457722, 9.533571203
9.543457712, 9.543589811
9.553457719, 9.553580569
9.563457701, 9.563575968
9.573457708, 9.573563579
9.583457700, 9.583572694
9.593457720, 9.593558980
9.603457716, 9.603594516
9.613457714, 9.613574048
9.623457708, 9.623586042
9.633457706, 9.633592184
9.643457719, 9.643575121
9.653457711, 9.653576598
9.663457711, 9.663608988
9.673457708, 9.673589657
9.683457708, 9.683565110
9.693457708, 9.693562633
9.703457711, 9.703592225
9.713457712, 9.713579731
9.723457709, 9.723617740
9.733457738, 9.733575656
9.743457716, 9.743580732
9.753457716, 9.753555463
9.763457711, 9.763578916
9.773457711, 9.773553294
9.783457706, 9.783551227
9.793457706, 9.793543276
9.803457712, 9.803547829
9.813457697, 9.813550566
9.823457709, 9.823569629
9.833457722, 9.833587578
9.843457720, 9.843607789
9.853457701, 9.853595545
9.863457704, 9.863598243
9.873457709, 9.873550217
9.883457714, 9.883583290
9.893457723, 9.893584310
9.903457711, 9.903609278
9.913457714, 9.913583527
9.923457706, 9.923586431
9.933457706, 9.933568150
9.943457710, 9.943567238
9.953457708, 9.953550926
9.963457710, 9.963574197
9.973457714, 9.973558745
9.983457710, 9.983604522
9.993457711, 9.993640252
10.003457724, 10.003602232
10.013457708, 10.013629961
10.023457721, 10.023659254
10.033457706, 10.033654614
10.043457710, 10.043654546
10.053457709, 10.053643114
10.063457716, 10.063662111
10.073457719, 10.073665482
10.083457705, 10.083668428
10.093457711, 10.093694793
10.103457706, 10.103695256
10.113457705, 10.113696282
10.123457711, 10.123701153
10.133457727, 10.133711053
10.143457719, 10.143730323
10.153457713, 10.153738973
10.163457706, 10.163729977
10.173457705, 10.173734688
10.183457722, 10.183735179
10.193457705, 10.193710495
10.203457727, 10.203722416
10.213457716, 10.213713717
10.223457706, 10.223738537
10.233457710, 10.233730335
10.243457725, 10.243725239
10.253457706, 10.253734977
10.263457717, 10.263737095
10.273457725, 10.273688150
10.283457727, 10.283729532
10.293457702, 10.293726125
10.303457727, 10.303725258
10.313457713, 10.313738836
10.323457727, 10.323726950
10.333457729, 10.333722748
10.343457724, 10.343736091
10.353457706, 10.353730462
10.363457724, 10.363728031
10.373457713, 10.373764642
10.383457729, 10.383769750
10.393457724, 10.393762854
10.403457705, 10.403760782
10.413457702, 10.413767213
10.423457725, 10.423768799
10.433457719, 10.433747733
10.443457725, 10.443766601
10.453457724, 10.453759402
10.463457714, 10.463767037
10.473457725, 10.473761691
10.483457724, 10.483763194
10.493457710, 10.493760660
10.503457722, 10.503759320
10.513457722, 10.513765544
10.523457722, 10.523765539
10.533457705, 10.533767857
10.543457721, 10.543767063
10.553457714, 10.553767551
10.563457725, 10.563764570
10.573457724, 10.573760166
10.583457724, 10.583756902
10.593457724, 10.593753290
10.603457722, 10.603758571
10.613457706, 10.613765191
10.623457722, 10.623766047
10.633457725, 10.633770550
10.643457725, 10.643760062
10.653457708, 10.653759947
10.663457724, 10.663759771
10.673457706, 10.673757286
10.683457727, 10.683765724
10.693457729, 10.693735991
10.703457729, 10.703768541
10.713457713, 10.713773759
10.723457711, 10.723766225
10.733457706, 10.733767048
10.743457708, 10.743758354
10.753457708, 10.753757900
10.763457725, 10.763764058
10.773457702, 10.773758277
10.783457722, 10.783758235
10.793457710, 10.793767525
10.803457724, 10.803760579
10.813457727, 10.813756390
10.823457725, 10.823756768
10.833457702, 10.833757432
10.843457724, 10.843765997
10.853457713, 10.853764295
10.863457721, 10.863767566
10.873457725, 10.873764142
10.883457706, 10.883765850
10.893457711, 10.893764321
10.903457722, 10.903729628
10.913457711, 10.913758283
10.923457729, 10.923757934
10.933457722, 10.933760169
10.943457721, 10.943757830
10.953457705, 10.953734782
10.963457713, 10.963748020
10.973457727, 10.973751583
10.983457713, 10.983755643
10.993457724, 10.993731878
11.003457722, 11.003741246
11.013457721, 11.013736167
11.023457722, 11.023728363
11.033457727, 11.033751307
11.043457710, 11.043739869
11.053457727, 11.053726575
11.063457721, 11.063729371
11.073457708, 11.073753333
11.083457724, 11.083754757
11.093457705, 11.093757377
11.103457730, 11.103754005
11.113457724, 11.113755544
11.123457703, 11.123745002
11.133457706, 11.133745528
11.143457729, 11.143753279
11.153457713, 11.153755514
11.163457730, 11.163754535
11.173457725, 11.173754101
11.183457725, 11.183753064
11.193457708, 11.193749828
11.203457722, 11.203755411
11.213457729, 11.213750397
11.223457711, 11.223755872
11.233457713, 11.233754371
11.243457725, 11.243758872
11.253457705, 11.253729811
11.263457727, 11.263756671
11.273457706, 11.273739094
11.283457729, 11.283747157
11.293457725, 11.293753740
11.303457721, 11.303738809
11.313457703, 11.313756575
11.323457729, 11.323750015
11.333457729, 11.333748964
11.343457706, 11.343754299
11.353457727, 11.353755863
11.363457702, 11.363754219
11.373457705, 11.373748709
11.383457724, 11.383753715
11.393457708, 11.393753801
11.403457722, 11.403757329
11.413457724, 11.413755435
11.423457727, 11.423756018
11.433457703, 11.433755746
11.443457724, 11.443734343
11.453457717, 11.453756758
11.463457716, 11.463755814
11.473457713, 11.473754830
11.483457725, 11.483754175
11.493457711, 11.493754926
11.503457722, 11.503757387
11.513457714, 11.513743626
11.523457721, 11.523754004
11.533457722, 11.533737025
11.543457725, 11.543739333
11.553457705, 11.553753508
11.563457725, 11.563750762
11.573457708, 11.573754045
11.583457722, 11.583756006
11.593457721, 11.593755832
11.603457705, 11.603751667
11.613457702, 11.613752863
11.623457724, 11.623731637
11.633457722, 11.633758872
11.643457721, 11.643754253
11.653457722, 11.653727315
11.663457705, 11.663754042
11.673457710, 11.673741928
11.683457721, 11.683753559
11.693457710, 11.693755064
11.703457717, 11.703756180
11.713457716, 11.713757503
11.723457724, 11.723717301
11.733457706, 11.733726071
11.743457721, 11.743715337
11.753457713, 11.753721133
11.763457724, 11.763716329
11.773457725, 11.773632922
11.783457729, 11.783687649
11.793457710, 11.793718116
11.803457729, 11.803657834
11.813457714, 11.813715710
11.823457725, 11.823660148
11.833457706, 11.833718249
11.843457702, 11.843721033
11.853457710, 11.853717913
11.863457722, 11.863658901
11.873457706, 11.873654197
11.883457708, 11.883655051
11.893457719, 11.893660148
11.903457708, 11.903653159
11.913457710, 11.913658408
11.923457716, 11.923652409
11.933457714, 11.933652799
11.943457717, 11.943653123
11.953457708, 11.953659108
11.963457714, 11.963661749
11.973457702, 11.973654138
11.983457708, 11.983654773
11.993457706, 11.993656629
12.003457714, 12.003656450
12.013457716, 12.013652768
12.023457724, 12.023656721
12.033457708, 12.033653725
12.043457706, 12.043652808
12.053457708, 12.053655211
------------------------------
