------------------------------
test was performed using the following parameters: --mps=100 --burst=1 --reply-every=1 --msg-size=12 --time=10
------------------------------
sockperf: [Total Run] RunTime=10.100 sec; SentMessages=1011; ReceivedMessages=1010
sockperf: ========= Printing statistics for Server No: 0
sockperf: [Valid Duration] RunTime=9.990 sec; SentMessages=1000; ReceivedMessages=1000
sockperf: [2;35m====> avg-lat= 88.374 (std-dev=20.346)[0m
sockperf: # dropped messages = 0; # duplicated messages = 0; # out-of-order messages = 0
sockperf: [2;35mTotal 1000 observations[0m; each percentile contains 10.00 observations
sockperf: ---> <MAX> observation =  169.327
sockperf: ---> percentile  99.99 =  169.327
sockperf: ---> percentile  99.90 =  164.970
sockperf: ---> percentile  99.50 =  144.933
sockperf: ---> percentile  99.00 =  139.885
sockperf: ---> percentile  95.00 =  123.527
sockperf: ---> percentile  90.00 =  112.295
sockperf: ---> percentile  75.00 =   97.924
sockperf: ---> percentile  50.00 =   89.174
sockperf: ---> percentile  25.00 =   79.517
sockperf: ---> <MIN> observation =   28.952
------------------------------
txTime, rxTime
2.063200496, 2.063445832
2.073200489, 2.073530430
2.083200489, 2.083498290
2.093200507, 2.093437033
2.103200485, 2.103410191
2.113200497, 2.113527416
2.123200497, 2.123416281
2.133200486, 2.133488985
2.143200492, 2.143436558
2.153200506, 2.153353079
2.163200489, 2.163324779
2.173200491, 2.173349253
2.183200509, 2.183268746
2.193200511, 2.193330700
2.203200482, 2.203406423
2.213200506, 2.213414198
2.223200487, 2.223330043
2.233200496, 2.233419578
2.243200492, 2.243435267
2.253200488, 2.253388718
2.263200495, 2.263490362
2.273200493, 2.273407790
2.283200514, 2.283443017
2.293200496, 2.293383339
2.303202778, 2.303485402
2.313200513, 2.313403212
2.323200495, 2.323465673
2.333200507, 2.333313032
2.343200495, 2.343409132
2.353200512, 2.353336297
2.363200493, 2.363302058
2.373200497, 2.373297681
2.383217950, 2.383425448
2.393200484, 2.393347794
2.403200507, 2.403458240
2.413200496, 2.413422833
2.423200492, 2.423358155
2.433200496, 2.433367827
2.443200495, 2.443376917
2.453200512, 2.453401069
2.463200512, 2.463362964
2.473200508, 2.473340696
2.483200506, 2.483345315
2.493200494, 2.493443016
2.503201908, 2.503373759
2.513200491, 2.513408870
2.523210270, 2.523370205
2.533200496, 2.533402875
2.543206998, 2.543382420
2.553200508, 2.553393896
2.563207262, 2.563355154
2.573200516, 2.573383251
2.583200512, 2.583346792
2.593200499, 2.593383908
2.603200497, 2.603411432
2.613200483, 2.613352524
2.623200495, 2.623327111
2.633200504, 2.633376160
2.643200495, 2.643388667
2.653200510, 2.653371884
2.663200506, 2.663464783
2.673201475, 2.673377125
2.683200498, 2.683322259
2.693200496, 2.693347044
2.703200504, 2.703343653
2.713200502, 2.713435101
2.723200512, 2.723328320
2.733200491, 2.733377572
2.743200498, 2.743388090
2.753200507, 2.753379724
2.763200497, 2.763398226
2.773200493, 2.773383016
2.783200497, 2.783359532
2.793211351, 2.793444738
2.803200489, 2.803346533
2.813200505, 2.813326011
2.823200511, 2.823350212
2.833200496, 2.833368801
2.843200498, 2.843375090
2.853200493, 2.853357035
2.863200492, 2.863415919
2.873200513, 2.873380928
2.883200490, 2.883344431
2.893200510, 2.893371035
2.903201794, 2.903344322
2.913200508, 2.913357415
2.923200489, 2.923321299
2.933200496, 2.933349849
2.943200511, 2.943443266
2.953200491, 2.953398219
2.963200490, 2.963367990
2.973200515, 2.973347669
2.983200495, 2.983320827
2.993200482, 2.993334311
3.003200512, 3.003369766
3.013200556, 3.013402130
3.023200500, 3.023321564
3.033201967, 3.033325648
3.043200500, 3.043385355
3.053200493, 3.053372069
3.063200493, 3.063377666
3.073200499, 3.073367713
3.083200498, 3.083369755
3.093200493, 3.093390375
3.103200497, 3.103389848
3.113206407, 3.113393923
3.123200509, 3.123351950
3.133200494, 3.133388251
3.143200495, 3.143343192
3.153209166, 3.153381888
3.163200497, 3.163349301
3.173202899, 3.173424777
3.183200495, 3.183463701
3.193200511, 3.193400476
3.203200511, 3.203367782
3.213200508, 3.213371390
3.223200558, 3.223350317
3.233200510, 3.233390331
3.243200512, 3.243357452
3.253200496, 3.253372969
3.263200487, 3.263434194
3.273200499, 3.273390977
3.283200497, 3.283364684
3.293203843, 3.293357002
3.303203719, 3.303386466
3.313211097, 3.313391689
3.323200517, 3.323383009
3.333203118, 3.333416056
3.343205653, 3.343405331
3.353200499, 3.353398347
3.363200511, 3.363368819
3.373200488, 3.373346780
3.383200498, 3.383394669
3.393200510, 3.393415903
3.403200490, 3.403342440
3.413200512, 3.413395912
3.423200497, 3.423373734
3.433200491, 3.433366720
3.443200517, 3.443354805
3.453200510, 3.453351704
3.463200489, 3.463447734
3.473200493, 3.473370864
3.483203403, 3.483373368
3.493200508, 3.493399153
3.503200495, 3.503362378
3.513200488, 3.513418789
3.523200492, 3.523397227
3.533200502, 3.533408264
3.543200500, 3.543403551
3.553200498, 3.553349674
3.563202455, 3.563356212
3.573203269, 3.573401513
3.583200484, 3.583381833
3.593200491, 3.593443082
3.603200495, 3.603437246
3.613200499, 3.613375883
3.623200508, 3.623357687
3.633200499, 3.633402286
3.643205263, 3.643420077
3.653202720, 3.653418688
3.663208244, 3.663423029
3.673210662, 3.673395295
3.683200512, 3.683386389
3.693200500, 3.693366680
3.703200501, 3.703435313
3.713204860, 3.713364571
3.723200490, 3.723390622
3.733200491, 3.733343423
3.743200497, 3.743369597
3.753205045, 3.753365660
3.763200495, 3.763356595
3.773203063, 3.773403229
3.783200741, 3.783364149
3.793200513, 3.793359558
3.803205666, 3.803410583
3.813207419, 3.813446474
3.823200495, 3.823349031
3.833201912, 3.833407756
3.843200511, 3.843330854
3.853200507, 3.853332292
3.863200511, 3.863332690
3.873200497, 3.873339378
3.883200492, 3.883269995
3.893200496, 3.893359531
3.903200498, 3.903364829
3.913206770, 3.913393219
3.923200490, 3.923281049
3.933200496, 3.933316736
3.943215569, 3.943346133
3.953217357, 3.953356669
3.963200512, 3.963357280
3.973200505, 3.973348332
3.983205030, 3.983359203
3.993200497, 3.993441980
4.003207846, 4.003319033
4.013200491, 4.013279578
4.023200498, 4.023360418
4.033205780, 4.033400622
4.043200490, 4.043373137
4.053200496, 4.053417306
4.063200497, 4.063389373
4.073200496, 4.073367143
4.083200490, 4.083470744
4.093200505, 4.093394960
4.103200487, 4.103401221
4.113200505, 4.113364879
4.123200508, 4.123398076
4.133200504, 4.133369970
4.143200508, 4.143444463
4.153200510, 4.153389698
4.163200497, 4.163372306
4.173200506, 4.173440649
4.183200496, 4.183463859
4.193205736, 4.193387201
4.203200501, 4.203365493
4.213200505, 4.213369552
4.223200499, 4.223411861
4.233206685, 4.233391906
4.243200493, 4.243361470
4.253200510, 4.253380489
4.263200510, 4.263366152
4.273200489, 4.273370968
4.283200495, 4.283383946
4.293200494, 4.293403647
4.303201777, 4.303388990
4.313200493, 4.313396561
4.323200498, 4.323397797
4.333200491, 4.333369191
4.343200498, 4.343383995
4.353200486, 4.353376706
4.363200495, 4.363384589
4.373200493, 4.373488398
4.383200514, 4.383364119
4.393200491, 4.393451038
4.403206394, 4.403396128
4.413200502, 4.413476166
4.423200511, 4.423461168
4.433200512, 4.433358000
4.443200508, 4.443381291
4.453206704, 4.453428578
4.463200504, 4.463386371
4.473200489, 4.473480914
4.483200495, 4.483359601
4.493202311, 4.493400315
4.503200497, 4.503360812
4.513200505, 4.513365940
4.523200503, 4.523436914
4.533200510, 4.533357359
4.543200500, 4.543363677
4.553200480, 4.553312431
4.563200508, 4.563384617
4.573200499, 4.573348147
4.583200490, 4.583309356
4.593200515, 4.593369071
4.603200497, 4.603335362
4.613200495, 4.613308468
4.623200524, 4.623375504
4.633200512, 4.633282886
4.643200498, 4.643310171
4.653200493, 4.653323447
4.663205871, 4.663387411
4.673217256, 4.673409110
4.683200498, 4.683379815
4.693200494, 4.693362413
4.703200492, 4.703336611
4.713214556, 4.713460482
4.723200498, 4.723429512
4.733207823, 4.733308024
4.743200497, 4.743325296
4.753200491, 4.753354777
4.763200493, 4.763445615
4.773200512, 4.773374095
4.783200509, 4.783381556
4.793200515, 4.793339760
4.803200493, 4.803311967
4.813200512, 4.813354526
4.823200508, 4.823346046
4.833200489, 4.833318110
4.843200492, 4.843327445
4.853200508, 4.853348103
4.863200498, 4.863357445
4.873200507, 4.873331572
4.883202947, 4.883365139
4.893200507, 4.893334499
4.903200571, 4.903384318
4.913200510, 4.913310801
4.923200514, 4.923390313
4.933200512, 4.933349695
4.943202892, 4.943392859
4.953200489, 4.953334010
4.963200512, 4.963347414
4.973200508, 4.973339037
4.983212084, 4.983387761
4.993200497, 4.993352489
5.003200498, 5.003383171
5.013200510, 5.013356294
5.023200500, 5.023365971
5.033200493, 5.033325364
5.043200498, 5.043381114
5.053200493, 5.053364933
5.063206212, 5.063390750
5.073209202, 5.073357764
5.083207030, 5.083400021
5.093207942, 5.093434262
5.103200495, 5.103392725
5.113200508, 5.113387902
5.123200498, 5.123343429
5.133200510, 5.133416364
5.143200497, 5.143338823
5.153200507, 5.153355094
5.163201643, 5.163372624
5.173202899, 5.173352028
5.183200497, 5.183364228
5.193200510, 5.193361827
5.203209716, 5.203401989
5.213200493, 5.213344805
5.223200497, 5.223363443
5.233200510, 5.233429500
5.243200498, 5.243367179
5.253200494, 5.253385236
5.263200492, 5.263359418
5.273200493, 5.273356642
5.283200500, 5.283376326
5.293200499, 5.293460998
5.303200490, 5.303421956
5.313200496, 5.313352306
5.323200489, 5.323397302
5.333200513, 5.333416033
5.343200497, 5.343409572
5.353200494, 5.353500588
5.363200501, 5.363418318
5.373200485, 5.373396520
5.383204374, 5.383399041
5.393200482, 5.393365518
5.403203340, 5.403426929
5.413205880, 5.413410717
5.423200512, 5.423405706
5.433200509, 5.433400519
5.443200507, 5.443351806
5.453200512, 5.453374369
5.463200512, 5.463347056
5.473200501, 5.473337925
5.483200496, 5.483402927
5.493203844, 5.493378907
5.503200496, 5.503480267
5.513200493, 5.513392769
5.523200507, 5.523339394
5.533200490, 5.533411012
5.543208366, 5.543383843
5.553200486, 5.553346900
5.563200503, 5.563349328
5.573200500, 5.573282762
5.583206041, 5.583325882
5.593200493, 5.593286121
5.603200512, 5.603307928
5.613202743, 5.613301650
5.623200497, 5.623271865
5.633200507, 5.633282569
5.643200490, 5.643322734
5.653200493, 5.653330463
5.663200493, 5.663391956
5.673200510, 5.673306294
5.683200514, 5.683289995
5.693200489, 5.693359875
5.703200495, 5.703363564
5.713200491, 5.713298086
5.723200497, 5.723275712
5.733200485, 5.733310879
5.743200503, 5.743305064
5.753210490, 5.753331177
5.763200495, 5.763296826
5.773200507, 5.773324994
5.783200504, 5.783307717
5.793200507, 5.793284607
5.803200497, 5.803308789
5.813200491, 5.813383377
5.823200508, 5.823301924
5.833200508, 5.833342840
5.843200495, 5.843319688
5.853200494, 5.853316964
5.863200497, 5.863353793
5.873200505, 5.873282166
5.883200495, 5.883310878
5.893200497, 5.893307302
5.903205355, 5.903376238
5.913200512, 5.913381869
5.923215220, 5.923327617
5.933200510, 5.933294809
5.943200495, 5.943317272
5.953200507, 5.953281258
5.963200511, 5.963287526
5.973200496, 5.973285608
5.983200497, 5.983311432
5.993200496, 5.993343777
6.003200506, 6.003362789
6.013200497, 6.013346295
6.023200572, 6.023377495
6.033200488, 6.033367683
6.043200490, 6.043357074
6.053200499, 6.053389208
6.063200511, 6.063305311
6.073222471, 6.073561125
6.083200512, 6.083333397
6.093200512, 6.093373415
6.103204160, 6.103359632
6.113200487, 6.113338922
6.123200512, 6.123316820
6.133200511, 6.133342573
6.143200493, 6.143356731
6.153200494, 6.153395106
6.163200490, 6.163365284
6.173200491, 6.173380709
6.183207518, 6.183379903
6.193205242, 6.193385763
6.203200498, 6.203388881
6.213200499, 6.213354987
6.223200495, 6.223339682
6.233200499, 6.233362133
6.243200549, 6.243342994
6.253200505, 6.253371900
6.263200500, 6.263284082
6.273200559, 6.273294074
6.283200489, 6.283280449
6.293200497, 6.293275236
6.303205066, 6.303305879
6.313200512, 6.313321058
6.323200512, 6.323298742
6.333200491, 6.333283013
6.343200498, 6.343292468
6.353200510, 6.353290088
6.363200508, 6.363326365
6.373200496, 6.373273924
6.383200511, 6.383295588
6.393200512, 6.393296665
6.403200492, 6.403279240
6.413202679, 6.413291510
6.423200512, 6.423258417
6.433200504, 6.433359599
6.443200495, 6.443421602
6.453200496, 6.453384974
6.463200497, 6.463342615
6.473200496, 6.473335308
6.483203310, 6.483330575
6.493200508, 6.493380464
6.503200514, 6.503312174
6.513200493, 6.513311783
6.523206899, 6.523346460
6.533200499, 6.533316586
6.543200497, 6.543371933
6.553200489, 6.553364437
6.563200511, 6.563336000
6.573200502, 6.573377666
6.583209179, 6.583398987
6.593200491, 6.593395501
6.603200487, 6.603390677
6.613200491, 6.613374220
6.623200495, 6.623362837
6.633200491, 6.633382319
6.643200497, 6.643353835
6.653200508, 6.653353359
6.663200512, 6.663402413
6.673200529, 6.673407356
6.683200490, 6.683388534
6.693200505, 6.693393392
6.703200500, 6.703388941
6.713200493, 6.713382643
6.723200501, 6.723430860
6.733200492, 6.733434181
6.743200508, 6.743409397
6.753200496, 6.753396731
6.763200497, 6.763371857
6.773200500, 6.773426937
6.783213216, 6.783429206
6.793200484, 6.793378473
6.803200493, 6.803383185
6.813200482, 6.813376706
6.823200489, 6.823355125
6.833200486, 6.833369576
6.843219150, 6.843377816
6.853200484, 6.853358065
6.863200487, 6.863398770
6.873200499, 6.873427229
6.883200495, 6.883388030
6.893200496, 6.893447551
6.903200798, 6.903422421
6.913205662, 6.913463563
6.923200496, 6.923383137
6.933200500, 6.933432320
6.943208508, 6.943390253
6.953200510, 6.953283322
6.963200497, 6.963289198
6.973200507, 6.973304907
6.983200497, 6.983291063
6.993200508, 6.993279222
7.003200495, 7.003291209
7.013200499, 7.013281299
7.023200497, 7.023346002
7.033200508, 7.033367926
7.043200514, 7.043353324
7.053200510, 7.053402935
7.063200490, 7.063375150
7.073203346, 7.073403058
7.083200493, 7.083358483
7.093200494, 7.093387468
7.103200492, 7.103389537
7.113204227, 7.113381449
7.123209514, 7.123394663
7.133200502, 7.133355486
7.143205590, 7.143425328
7.153200494, 7.153415827
7.163200493, 7.163366552
7.173203391, 7.173390135
7.183200497, 7.183353867
7.193200512, 7.193385623
7.203200495, 7.203393191
7.213200493, 7.213359359
7.223200495, 7.223347873
7.233200507, 7.233374078
7.243200498, 7.243371939
7.253204467, 7.253380611
7.263200509, 7.263348023
7.273200494, 7.273368191
7.283200500, 7.283364281
7.293208564, 7.293361275
7.303200490, 7.303404042
7.313200495, 7.313363097
7.323200510, 7.323387789
7.333200514, 7.333362308
7.343200507, 7.343350334
7.353200510, 7.353368489
7.363200493, 7.363386608
7.373200494, 7.373440308
7.383201238, 7.383402329
7.393200513, 7.393369197
7.403200508, 7.403340179
7.413200507, 7.413402361
7.423200497, 7.423365380
7.433200500, 7.433415729
7.443200503, 7.443355035
7.453218678, 7.453408621
7.463200503, 7.463331108
7.473204105, 7.473386763
7.483200493, 7.483365953
7.493200496, 7.493365979
7.503200497, 7.503388590
7.513200494, 7.513354220
7.523204610, 7.523386334
7.533204486, 7.533327675
7.543200498, 7.543270431
7.553200513, 7.553271747
7.563200509, 7.563293878
7.573200513, 7.573291232
7.583200508, 7.583327829
7.593200510, 7.593319605
7.603200517, 7.603309087
7.613200519, 7.613300193
7.623208577, 7.623319262
7.633205941, 7.633369175
7.643200511, 7.643301667
7.653200494, 7.653319324
7.663200498, 7.663302574
7.673200508, 7.673301562
7.683200506, 7.683313317
7.693200499, 7.693299735
7.703200497, 7.703323203
7.713200491, 7.713266595
7.723200511, 7.723327360
7.733200508, 7.733300431
7.743200508, 7.743293208
7.753200510, 7.753297287
7.763221365, 7.763437694
7.773200491, 7.773303781
7.783200510, 7.783326542
7.793200495, 7.793344224
7.803200510, 7.803320690
7.813205590, 7.813405306
7.823200498, 7.823386907
7.833200513, 7.833380851
7.843200493, 7.843383060
7.853200526, 7.853367857
7.863200506, 7.863366646
7.873206945, 7.873379357
7.883202743, 7.883370082
7.893200494, 7.893312418
7.903200509, 7.903379055
7.913200508, 7.913378228
7.923200497, 7.923288623
7.933200489, 7.933350572
7.943200512, 7.943371532
7.953200494, 7.953342545
7.963200493, 7.963340836
7.973200510, 7.973308202
7.983207807, 7.983431004
7.993200497, 7.993291880
8.003200506, 8.003412259
8.013200506, 8.013383871
8.023200490, 8.023373210
8.033200497, 8.033478265
8.043200506, 8.043393043
8.053200485, 8.053456009
8.063200512, 8.063404677
8.073200489, 8.073446209
8.083200485, 8.083382368
8.093200478, 8.093385557
8.103200490, 8.103409165
8.113200480, 8.113429513
8.123200504, 8.123386304
8.133200496, 8.133452243
8.143200489, 8.143406150
8.153200496, 8.153462120
8.163200495, 8.163388096
8.173200482, 8.173449544
8.183200506, 8.183394894
8.193200482, 8.193474933
8.203200485, 8.203401235
8.213200480, 8.213442710
8.223200508, 8.223394680
8.233200494, 8.233420897
8.243200506, 8.243391768
8.253200480, 8.253429074
8.263200487, 8.263384088
8.273200477, 8.273393376
8.283200489, 8.283389588
8.293200483, 8.293384720
8.303200506, 8.303387265
8.313200486, 8.313445053
8.323200492, 8.323397445
8.333200499, 8.333392303
8.343200484, 8.343409959
8.353200486, 8.353380553
8.363200490, 8.363397145
8.373200488, 8.373377919
8.383200489, 8.383401342
8.393200488, 8.393397083
8.403200481, 8.403394394
8.413200483, 8.413445526
8.423200514, 8.423410758
8.433200489, 8.433448647
8.443200490, 8.443398437
8.453200491, 8.453380729
8.463200482, 8.463391989
8.473200480, 8.473425071
8.483200512, 8.483399057
8.493200486, 8.493415863
8.503200487, 8.503379455
8.513200489, 8.513452653
8.523200490, 8.523390976
8.533200480, 8.533448318
8.543200508, 8.543390595
8.553200475, 8.553436219
8.563200489, 8.563383952
8.573200485, 8.573441378
8.583200493, 8.583384960
8.593200488, 8.593416223
8.603200509, 8.603395510
8.613200489, 8.613443937
8.623200489, 8.623412686
8.633200494, 8.633396689
8.643200482, 8.643391310
8.653200483, 8.653438032
8.663200506, 8.663391762
8.673200502, 8.673447994
8.683200487, 8.683403908
8.693200483, 8.693452208
8.703200489, 8.703406862
8.713200493, 8.713464864
8.723200504, 8.723393669
8.733200480, 8.733479912
8.743200484, 8.743393421
8.753200491, 8.753470649
8.763200495, 8.763407115
8.773200485, 8.773470446
8.783200512, 8.783394262
8.793200485, 8.793448961
8.803200492, 8.803384633
8.813200482, 8.813427028
8.823200489, 8.823402628
8.833200489, 8.833404502
8.843200508, 8.843389754
8.853200482, 8.853407409
8.863200490, 8.863394975
8.873200494, 8.873406448
8.883200489, 8.883398506
8.893200491, 8.893398340
8.903200495, 8.903400023
8.913200488, 8.913388692
8.923200485, 8.923404455
8.933200512, 8.933383171
8.943200492, 8.943425088
8.953200480, 8.953386727
8.963200492, 8.963411933
8.973200494, 8.973407243
8.983200479, 8.983391552
8.993200494, 8.993405503
9.003200484, 9.003409361
9.013200480, 9.013412769
9.023200492, 9.023410330
9.033200482, 9.033399958
9.043200493, 9.043406011
9.053200494, 9.053393313
9.063200484, 9.063386371
9.073200491, 9.073406736
9.083200484, 9.083376794
9.093200488, 9.093405156
9.103200485, 9.103384739
9.113200480, 9.113410437
9.123200489, 9.123401898
9.133200485, 9.133404596
9.143200493, 9.143383946
9.153200487, 9.153378768
9.163200484, 9.163384581
9.173200482, 9.173389485
9.183200490, 9.183383508
9.193200491, 9.193401288
9.203200487, 9.203413899
9.213200485, 9.213397923
9.223200490, 9.223406838
9.233200488, 9.233382375
9.243200484, 9.243387812
9.253200489, 9.253409903
9.263200490, 9.263396523
9.273200475, 9.273391147
9.283200476, 9.283412162
9.293200482, 9.293449552
9.303200493, 9.303388895
9.313200488, 9.313448719
9.323200509, 9.323392504
9.333200482, 9.333459778
9.343200490, 9.343408555
9.353200486, 9.353459747
9.363200493, 9.363389171
9.373200483, 9.373465079
9.383200514, 9.383389681
9.393200485, 9.393450063
9.403200490, 9.403402462
9.413200480, 9.413410658
9.423200497, 9.423433463
9.433200493, 9.433422242
9.443200504, 9.443392194
9.453200482, 9.453463917
9.463200482, 9.463392944
9.473200508, 9.473450017
9.483200489, 9.483388162
9.493200496, 9.493426097
9.503200492, 9.503384295
9.513200480, 9.513437105
9.523200490, 9.523407627
9.533200491, 9.533464826
9.543200489, 9.543431248
9.553200493, 9.553458513
9.563200506, 9.563421629
9.573200480, 9.573380234
9.583200479, 9.583396329
9.593200486, 9.593404087
9.603200485, 9.603402526
9.613200488, 9.613403817
9.623200485, 9.623394128
9.633200488, 9.633461927
9.643200489, 9.643388522
9.653200488, 9.653443301
9.663200493, 9.663408613
9.673200493, 9.673439448
9.683200504, 9.683414717
9.693200486, 9.693442682
9.703200484, 9.703405876
9.713200486, 9.713443218
9.723200495, 9.723394383
9.733200485, 9.733379429
9.743200484, 9.743385990
9.753200483, 9.753404400
9.763200484, 9.763404126
9.773200483, 9.773406914
9.783200492, 9.783401755
9.793200510, 9.793388779
9.803200481, 9.803406166
9.813200483, 9.813404760
9.823200476, 9.823400713
9.833200483, 9.833391787
9.843200484, 9.843390332
9.853200485, 9.853387858
9.863200484, 9.863414621
9.873200478, 9.873394205
9.883200481, 9.883380316
9.893200507, 9.893386524
9.903200492, 9.903402287
9.913200496, 9.913379278
9.923200493, 9.923386489
9.933200496, 9.933399492
9.943200479, 9.943378103
9.953200486, 9.953386639
9.963200490, 9.963379186
9.973200489, 9.973377576
9.983200481, 9.983381729
9.993200486, 9.993377745
10.003200485, 10.003381275
10.013200483, 10.013376375
10.023200482, 10.023378676
10.033200482, 10.033376945
10.043200489, 10.043379309
10.053200483, 10.053377715
10.063200476, 10.063379045
10.073200504, 10.073377906
10.083200495, 10.083382077
10.093200480, 10.093377377
10.103200485, 10.103377328
10.113200494, 10.113379069
10.123200485, 10.123376985
10.133200478, 10.133368152
10.143200487, 10.143378038
10.153200486, 10.153375729
10.163200484, 10.163379526
10.173200496, 10.173376255
10.183200484, 10.183379462
10.193200496, 10.193375734
10.203200485, 10.203379561
10.213200489, 10.213377062
10.223200481, 10.223384086
10.233200495, 10.233376157
10.243200479, 10.243379572
10.253200502, 10.253377003
10.263200485, 10.263378711
10.273200488, 10.273378214
10.283200479, 10.283377882
10.293200489, 10.293380933
10.303200484, 10.303379929
10.313200494, 10.313379387
10.323200479, 10.323382126
10.333200482, 10.333377779
10.343200487, 10.343377665
10.353200496, 10.353375710
10.363200484, 10.363377299
10.373200488, 10.373375282
10.383200482, 10.383381513
10.393200496, 10.393376896
10.403200482, 10.403382752
10.413200493, 10.413376956
10.423200492, 10.423377366
10.433200483, 10.433377150
10.443200482, 10.443378831
10.453200486, 10.453376506
10.463200489, 10.463384062
10.473200486, 10.473379504
10.483200482, 10.483381048
10.493200485, 10.493380499
10.503200485, 10.503377552
10.513200480, 10.513369912
10.523200479, 10.523378079
10.533200493, 10.533348553
10.543200482, 10.543379423
10.553200485, 10.553377417
10.563200493, 10.563381437
10.573200480, 10.573377226
10.583200487, 10.583383276
10.593200488, 10.593377592
10.603200489, 10.603377568
10.613200510, 10.613376404
10.623200487, 10.623381137
10.633200488, 10.633375571
10.643200489, 10.643380398
10.653200485, 10.653378349
10.663200478, 10.663379248
10.673200493, 10.673379048
10.683200482, 10.683376174
10.693200485, 10.693376325
10.703200485, 10.703379365
10.713200489, 10.713379048
10.723200476, 10.723377560
10.733200494, 10.733376818
10.743200489, 10.743377445
10.753200483, 10.753377302
10.763200482, 10.763382046
10.773200482, 10.773376293
10.783200482, 10.783379455
10.793200489, 10.793378520
10.803200482, 10.803378618
10.813200488, 10.813375746
10.823200484, 10.823377078
10.833200489, 10.833379591
10.843200481, 10.843377374
10.853200480, 10.853379693
10.863200484, 10.863382503
10.873200478, 10.873377864
10.883200485, 10.883380930
10.893200489, 10.893377295
10.903200482, 10.903377104
10.913200496, 10.913376030
10.923200492, 10.923379051
10.933200480, 10.933375975
10.943200489, 10.943380811
10.953200494, 10.953372838
10.963200490, 10.963380517
10.973200500, 10.973378006
10.983200497, 10.983369245
10.993200480, 10.993375352
11.003200490, 11.003377214
11.013200488, 11.013377758
11.023200479, 11.023380846
11.033200486, 11.033385644
11.043200485, 11.043373572
11.053200483, 11.053377779
11.063200490, 11.063377509
11.073200489, 11.073376727
11.083200476, 11.083378936
11.093200483, 11.093379256
11.103200481, 11.103382002
11.113200483, 11.113378543
11.123200485, 11.123384569
11.133200483, 11.133378437
11.143200479, 11.143376785
11.153200480, 11.153375234
11.163200490, 11.163379014
11.173200532, 11.173377170
11.183200481, 11.183379426
11.193200486, 11.193378571
11.203200484, 11.203380840
11.213200494, 11.213379436
11.223200482, 11.223378495
11.233200482, 11.233376963
11.243200487, 11.243377321
11.253200489, 11.253370001
11.263200476, 11.263377476
11.273200502, 11.273379373
11.283200489, 11.283381984
11.293200486, 11.293377710
11.303200481, 11.303382868
11.313200482, 11.313376155
11.323200476, 11.323375905
11.333200485, 11.333376121
11.343200489, 11.343379766
11.353200483, 11.353376447
11.363200482, 11.363379011
11.373200486, 11.373379451
11.383200482, 11.383378240
11.393200488, 11.393380068
11.403200485, 11.403377781
11.413200486, 11.413376927
11.423200487, 11.423380900
11.433200483, 11.433375830
11.443200485, 11.443380694
11.453200496, 11.453376215
11.463200489, 11.463383352
11.473200484, 11.473377612
11.483200485, 11.483380492
11.493200483, 11.493377461
11.503200481, 11.503379361
11.513200480, 11.513378157
11.523200482, 11.523383098
11.533200483, 11.533303458
11.543200490, 11.543376790
11.553200496, 11.553377791
11.563200482, 11.563377581
11.573200497, 11.573378405
11.583200482, 11.583383337
11.593200494, 11.593377441
11.603200489, 11.603381409
11.613200486, 11.613378118
11.623200479, 11.623375979
11.633200497, 11.633376049
11.643200482, 11.643378297
11.653200493, 11.653377526
11.663200493, 11.663380790
11.673200486, 11.673378412
11.683200492, 11.683379276
11.693200480, 11.693376689
11.703200484, 11.703377232
11.713200477, 11.713376277
11.723200493, 11.723378911
11.733200488, 11.733379430
11.743200487, 11.743379253
11.753200496, 11.753377786
11.763200497, 11.763381814
11.773200489, 11.773376471
11.783200493, 11.783376595
11.793200502, 11.793376136
11.803200479, 11.803377070
11.813200488, 11.813376842
11.823200482, 11.823381614
11.833200483, 11.833376985
11.843200485, 11.843380140
11.853200480, 11.853376574
11.863200485, 11.863376818
11.873200491, 11.873377933
11.883200489, 11.883377396
11.893200483, 11.893377822
11.903200485, 11.903380591
11.913200485, 11.913379569
11.923200484, 11.923379229
11.933200497, 11.933379514
11.943200515, 11.943379814
11.953200488, 11.953370001
11.963200490, 11.963376856
11.973200488, 11.973377546
11.983200492, 11.983381092
11.993200486, 11.993378012
12.003200493, 12.003381433
12.013200510, 12.013377464
12.023200485, 12.023382177
12.033200489, 12.033314750
12.043200478, 12.043376772
12.053200480, 12.053375690
------------------------------
