------------------------------
test was performed using the following parameters: --mps=100 --burst=1 --reply-every=1 --msg-size=12 --time=10
------------------------------
sockperf: [Total Run] RunTime=10.100 sec; SentMessages=1011; ReceivedMessages=1010
sockperf: ========= Printing statistics for Server No: 0
sockperf: [Valid Duration] RunTime=9.990 sec; SentMessages=1000; ReceivedMessages=1000
sockperf: [2;35m====> avg-lat= 59.403 (std-dev=17.086)[0m
sockperf: # dropped messages = 0; # duplicated messages = 0; # out-of-order messages = 0
sockperf: [2;35mTotal 1000 observations[0m; each percentile contains 10.00 observations
sockperf: ---> <MAX> observation =  123.187
sockperf: ---> percentile  99.99 =  123.187
sockperf: ---> percentile  99.90 =  122.455
sockperf: ---> percentile  99.50 =  121.351
sockperf: ---> percentile  99.00 =  103.514
sockperf: ---> percentile  95.00 =   87.574
sockperf: ---> percentile  90.00 =   86.536
sockperf: ---> percentile  75.00 =   68.693
sockperf: ---> percentile  50.00 =   53.146
sockperf: ---> percentile  25.00 =   47.493
sockperf: ---> <MIN> observation =   29.746
------------------------------
txTime, rxTime
2.062435716, 2.062626464
2.072435726, 2.072654510
2.082435730, 2.082615391
2.092435876, 2.092637331
2.102435726, 2.102624418
2.112435719, 2.112614932
2.122435732, 2.122625426
2.132435723, 2.132593021
2.142435730, 2.142563351
2.152435725, 2.152605878
2.162435753, 2.162542182
2.172435710, 2.172598632
2.182435719, 2.182547279
2.192435715, 2.192539133
2.202435715, 2.202535240
2.212435716, 2.212543709
2.222435710, 2.222529159
2.232435715, 2.232533387
2.242435715, 2.242535994
2.252435715, 2.252538901
2.262436281, 2.262552634
2.272435716, 2.272533567
2.282435705, 2.282541312
2.292435721, 2.292532279
2.302435724, 2.302537562
2.312435711, 2.312545387
2.322435713, 2.322533509
2.332435713, 2.332532896
2.342435713, 2.342558000
2.352435711, 2.352539151
2.362435707, 2.362545635
2.372435718, 2.372543196
2.382435708, 2.382537246
2.392435707, 2.392538358
2.402435773, 2.402546527
2.412435708, 2.412543947
2.422435713, 2.422538009
2.432435710, 2.432537294
2.442435708, 2.442539155
2.452435784, 2.452536806
2.462435708, 2.462536286
2.472435732, 2.472553062
2.482435715, 2.482527781
2.492435710, 2.492540627
2.502435786, 2.502539182
2.512435779, 2.512534551
2.522435713, 2.522545321
2.532435715, 2.532538958
2.542435715, 2.542538333
2.552435708, 2.552564249
2.562435710, 2.562537883
2.572435723, 2.572541219
2.582435707, 2.582524836
2.592435718, 2.592529788
2.602435723, 2.602543384
2.612435786, 2.612536165
2.622435713, 2.622538942
2.632435713, 2.632539217
2.642435708, 2.642542618
2.652435713, 2.652529567
2.662435710, 2.662531108
2.672435989, 2.672541811
2.682435707, 2.682535770
2.692435751, 2.692560114
2.702435719, 2.702530018
2.712435719, 2.712543131
2.722435707, 2.722540398
2.732435716, 2.732567792
2.742435711, 2.742541726
2.752435708, 2.752543379
2.762435711, 2.762546058
2.772435713, 2.772559515
2.782435713, 2.782542007
2.792435715, 2.792547487
2.802435719, 2.802550013
2.812435718, 2.812560848
2.822435710, 2.822610786
2.832435710, 2.832608931
2.842435713, 2.842563052
2.852435711, 2.852563523
2.862435714, 2.862553940
2.872435781, 2.872534452
2.882435716, 2.882538036
2.892435710, 2.892535975
2.902435718, 2.902549093
2.912435715, 2.912541206
2.922435704, 2.922538634
2.932435713, 2.932536872
2.942435711, 2.942537595
2.952435767, 2.952540448
2.962435711, 2.962535249
2.972435790, 2.972539604
2.982435779, 2.982537305
2.992435770, 2.992532593
3.002436141, 3.002551736
3.012435707, 3.012542382
3.022435717, 3.022526792
3.032435801, 3.032503707
3.042435723, 3.042532462
3.052435724, 3.052524754
3.062435732, 3.062528997
3.072435738, 3.072524396
3.082435734, 3.082525195
3.092435719, 3.092535710
3.102435737, 3.102515328
3.112435737, 3.112534763
3.122435735, 3.122534510
3.132435719, 3.132539269
3.142435735, 3.142588442
3.152435719, 3.152540548
3.162435734, 3.162539419
3.172435948, 3.172557777
3.182442466, 3.182536940
3.192435727, 3.192539196
3.202435734, 3.202532189
3.212440500, 3.212532740
3.222435909, 3.222537966
3.232435723, 3.232535390
3.242435723, 3.242549462
3.252452083, 3.252548722
3.262435819, 3.262541232
3.272435724, 3.272540677
3.282435923, 3.282534501
3.292435716, 3.292510103
3.302435723, 3.302534826
3.312435721, 3.312509374
3.322435724, 3.322527776
3.332435718, 3.332515000
3.342436801, 3.342552265
3.352435716, 3.352532390
3.362437376, 3.362521674
3.372440491, 3.372557955
3.382435738, 3.382525389
3.392435724, 3.392522417
3.402435923, 3.402530953
3.412442845, 3.412540185
3.422435723, 3.422518803
3.432441640, 3.432556211
3.442435718, 3.442600857
3.452435714, 3.452577470
3.462435721, 3.462545146
3.472445223, 3.472545583
3.482435723, 3.482544015
3.492443083, 3.492547718
3.502435732, 3.502538950
3.512435734, 3.512533345
3.522435730, 3.522539842
3.532435716, 3.532532536
3.542435734, 3.542540628
3.552435718, 3.552548081
3.562435718, 3.562547168
3.572435735, 3.572511526
3.582435737, 3.582541940
3.592435738, 3.592551013
3.602435740, 3.602521432
3.612435732, 3.612542086
3.622435735, 3.622528755
3.632435724, 3.632554576
3.642440882, 3.642557526
3.652436561, 3.652542032
3.662435734, 3.662572333
3.672435801, 3.672540857
3.682435735, 3.682538214
3.692435735, 3.692525166
3.702435734, 3.702520129
3.712435723, 3.712519291
3.722441795, 3.722545700
3.732435732, 3.732552748
3.742441874, 3.742601078
3.752437767, 3.752535666
3.762435716, 3.762568386
3.772435721, 3.772537267
3.782435734, 3.782535795
3.792435721, 3.792514538
3.802438217, 3.802546090
3.812435732, 3.812502888
3.822435732, 3.822505679
3.832435721, 3.832543003
3.842435723, 3.842520995
3.852435738, 3.852530744
3.862435740, 3.862501028
3.872435721, 3.872559465
3.882435719, 3.882505657
3.892439801, 3.892539858
3.902435716, 3.902531213
3.912435729, 3.912559504
3.922435721, 3.922535480
3.932435718, 3.932529803
3.942435963, 3.942530081
3.952435813, 3.952521841
3.962437467, 3.962558669
3.972435718, 3.972541290
3.982435721, 3.982522425
3.992435735, 3.992567014
4.002435738, 4.002529477
4.012435719, 4.012552472
4.022436389, 4.022545728
4.032442480, 4.032549123
4.042435724, 4.042539135
4.052435732, 4.052517519
4.062435737, 4.062539296
4.072435715, 4.072519828
4.082435715, 4.082548862
4.092435732, 4.092545193
4.102435719, 4.102516146
4.112435732, 4.112564487
4.122438576, 4.122607437
4.132435743, 4.132529435
4.142435738, 4.142538999
4.152437647, 4.152555625
4.162436856, 4.162535770
4.172435735, 4.172531141
4.182435732, 4.182547962
4.192436395, 4.192522514
4.202435719, 4.202516166
4.212435718, 4.212573364
4.222435734, 4.222512898
4.232435737, 4.232536662
4.242435732, 4.242551025
4.252435719, 4.252544490
4.262435721, 4.262562466
4.272435734, 4.272531668
4.282435876, 4.282537969
4.292435735, 4.292557234
4.302435724, 4.302545165
4.312435719, 4.312510187
4.322435737, 4.322529611
4.332437300, 4.332546530
4.342442643, 4.342603092
4.352435723, 4.352514657
4.362435737, 4.362549210
4.372435737, 4.372564495
4.382439877, 4.382536664
4.392435735, 4.392573122
4.402435718, 4.402522637
4.412442897, 4.412545204
4.422435732, 4.422547617
4.432435719, 4.432530860
4.442435735, 4.442552446
4.452435743, 4.452538293
4.462435730, 4.462510007
4.472438571, 4.472549683
4.482435718, 4.482561099
4.492435732, 4.492560166
4.502435738, 4.502598705
4.512440467, 4.512530645
4.522440131, 4.522557461
4.532435723, 4.532538292
4.542439580, 4.542564313
4.552435714, 4.552562781
4.562435743, 4.562578948
4.572435822, 4.572537698
4.582435741, 4.582519539
4.592435718, 4.592539916
4.602435869, 4.602527446
4.612435716, 4.612539616
4.622435732, 4.622535094
4.632435729, 4.632526627
4.642435999, 4.642544374
4.652435805, 4.652553111
4.662435730, 4.662525673
4.672435729, 4.672532069
4.682435729, 4.682536945
4.692442198, 4.692554990
4.702435920, 4.702544036
4.712442976, 4.712539904
4.722435732, 4.722554742
4.732439035, 4.732539083
4.742442584, 4.742603914
4.752435809, 4.752550741
4.762435735, 4.762527869
4.772435734, 4.772548007
4.782435734, 4.782526672
4.792435784, 4.792523655
4.802437638, 4.802542959
4.812435743, 4.812513760
4.822440846, 4.822557095
4.832435738, 4.832535129
4.842435741, 4.842555236
4.852435738, 4.852548127
4.862435737, 4.862541413
4.872436065, 4.872517112
4.882435740, 4.882565992
4.892435983, 4.892525127
4.902435740, 4.902522507
4.912435719, 4.912564318
4.922438454, 4.922544334
4.932435808, 4.932512080
4.942442561, 4.942537093
4.952435711, 4.952546619
4.962439845, 4.962573883
4.972435738, 4.972549622
4.982435745, 4.982548040
4.992449476, 4.992550659
5.002435732, 5.002532838
5.012435726, 5.012512396
5.022440791, 5.022526543
5.032435715, 5.032534854
5.042435721, 5.042543666
5.052436016, 5.052553913
5.062444430, 5.062549781
5.072435738, 5.072567677
5.082435735, 5.082557876
5.092435734, 5.092533092
5.102435732, 5.102547151
5.112435729, 5.112512197
5.122435724, 5.122521483
5.132435718, 5.132541175
5.142435732, 5.142542168
5.152446832, 5.152554722
5.162435718, 5.162561303
5.172440500, 5.172533463
5.182435734, 5.182520399
5.192436026, 5.192539042
5.202435737, 5.202523028
5.212449707, 5.212559280
5.222440254, 5.222536874
5.232435983, 5.232510793
5.242441468, 5.242531858
5.252441658, 5.252535468
5.262435741, 5.262564711
5.272435721, 5.272537886
5.282435735, 5.282538232
5.292435730, 5.292522829
5.302435729, 5.302530814
5.312436484, 5.312524778
5.322435740, 5.322528275
5.332442190, 5.332549192
5.342435737, 5.342557864
5.352435950, 5.352544519
5.362435737, 5.362516845
5.372435737, 5.372545474
5.382435741, 5.382507329
5.392435718, 5.392569614
5.402435925, 5.402505905
5.412435734, 5.412523579
5.422435719, 5.422522490
5.432435721, 5.432520391
5.442435732, 5.442535999
5.452435726, 5.452516796
5.462435746, 5.462528128
5.472435723, 5.472536245
5.482437117, 5.482535045
5.492435735, 5.492533746
5.502435738, 5.502516692
5.512435719, 5.512533923
5.522435730, 5.522536116
5.532435746, 5.532534137
5.542448681, 5.542555944
5.552441242, 5.552523390
5.562435738, 5.562555912
5.572435716, 5.572542867
5.582442824, 5.582542059
5.592440009, 5.592542188
5.602435723, 5.602510575
5.612435710, 5.612525685
5.622435746, 5.622541519
5.632435710, 5.632537963
5.642435707, 5.642538912
5.652435739, 5.652542079
5.662435713, 5.662575800
5.672435729, 5.672560619
5.682435707, 5.682532213
5.692435723, 5.692533789
5.702435723, 5.702534900
5.712435719, 5.712535448
5.722438307, 5.722571736
5.732435711, 5.732526874
5.742435800, 5.742527953
5.752435738, 5.752573092
5.762435716, 5.762539698
5.772435848, 5.772531738
5.782435737, 5.782564667
5.792435716, 5.792543740
5.802435741, 5.802511084
5.812435735, 5.812560886
5.822441280, 5.822543161
5.832435723, 5.832525975
5.842435912, 5.842528518
5.852435726, 5.852521001
5.862435735, 5.862534302
5.872435735, 5.872514715
5.882435737, 5.882555470
5.892435931, 5.892544211
5.902435721, 5.902527227
5.912435786, 5.912543740
5.922435738, 5.922543985
5.932435718, 5.932539162
5.942435726, 5.942540630
5.952435743, 5.952516244
5.962442720, 5.962559237
5.972436073, 5.972523698
5.982435726, 5.982520429
5.992435808, 5.992556766
6.002435757, 6.002542735
6.012435724, 6.012517523
6.022435738, 6.022517861
6.032435724, 6.032524763
6.042439902, 6.042547216
6.052435716, 6.052549887
6.062435716, 6.062555810
6.072435740, 6.072522965
6.082455265, 6.082551283
6.092441656, 6.092548378
6.102435721, 6.102535202
6.112435740, 6.112520616
6.122435719, 6.122564298
6.132435743, 6.132536915
6.142435730, 6.142509691
6.152435724, 6.152538233
6.162435726, 6.162518933
6.172440096, 6.172546955
6.182435732, 6.182543202
6.192435732, 6.192524208
6.202435734, 6.202506736
6.212435740, 6.212533935
6.222435737, 6.222512603
6.232435723, 6.232557993
6.242438659, 6.242539545
6.252435741, 6.252582049
6.262435737, 6.262519187
6.272435734, 6.272606939
6.282442524, 6.282586137
6.292452348, 6.292617095
6.302435716, 6.302601836
6.312435996, 6.312557611
6.322435735, 6.322592887
6.332435719, 6.332650901
6.342435806, 6.342562771
6.352436436, 6.352593260
6.362435740, 6.362563066
6.372435721, 6.372642749
6.382435738, 6.382537925
6.392435732, 6.392539214
6.402435738, 6.402529567
6.412435743, 6.412518023
6.422435730, 6.422535658
6.432441879, 6.432543390
6.442435724, 6.442525093
6.452435877, 6.452562185
6.462435723, 6.462561700
6.472435719, 6.472526649
6.482439419, 6.482552303
6.492435732, 6.492535944
6.502435740, 6.502522662
6.512440728, 6.512539027
6.522435719, 6.522547661
6.532435724, 6.532531411
6.542440395, 6.542553774
6.552435718, 6.552551695
6.562441561, 6.562521876
6.572435721, 6.572531599
6.582435723, 6.582524397
6.592435723, 6.592540911
6.602435729, 6.602550334
6.612435741, 6.612529057
6.622443181, 6.622550427
6.632435729, 6.632531906
6.642435727, 6.642562875
6.652435735, 6.652542329
6.662448422, 6.662553964
6.672435738, 6.672538967
6.682435735, 6.682559651
6.692435981, 6.692515879
6.702435708, 6.702534278
6.712435731, 6.712529282
6.722435745, 6.722530679
6.732435723, 6.732524852
6.742435706, 6.742547429
6.752436777, 6.752539334
6.762435706, 6.762518723
6.772435726, 6.772530949
6.782442694, 6.782533491
6.792435741, 6.792540810
6.802435719, 6.802530113
6.812435721, 6.812551431
6.822435721, 6.822534095
6.832435724, 6.832541836
6.842442300, 6.842551115
6.852435718, 6.852527168
6.862435967, 6.862541345
6.872435726, 6.872551873
6.882435718, 6.882545000
6.892435719, 6.892528356
6.902435732, 6.902515497
6.912438299, 6.912525111
6.922441070, 6.922545962
6.932441506, 6.932520505
6.942435734, 6.942527615
6.952435724, 6.952530305
6.962446656, 6.962551248
6.972435721, 6.972547487
6.982435740, 6.982510436
6.992435723, 6.992522236
7.002435718, 7.002525335
7.012435737, 7.012540946
7.022435713, 7.022529795
7.032435730, 7.032531209
7.042435746, 7.042550092
7.052436109, 7.052529737
7.062435805, 7.062522752
7.072435737, 7.072544429
7.082435735, 7.082550934
7.092438497, 7.092552020
7.102435805, 7.102561947
7.112435735, 7.112524883
7.122438006, 7.122542679
7.132435726, 7.132505896
7.142435729, 7.142515459
7.152435816, 7.152516874
7.162435724, 7.162541588
7.172435732, 7.172523898
7.182435735, 7.182513757
7.192435735, 7.192560441
7.202435737, 7.202518569
7.212435738, 7.212530048
7.222440161, 7.222566058
7.232435740, 7.232512527
7.242435800, 7.242495293
7.252435737, 7.252537139
7.262435734, 7.262558443
7.272435743, 7.272571820
7.282435737, 7.282518910
7.292435730, 7.292550167
7.302435732, 7.302510228
7.312435721, 7.312565512
7.322435738, 7.322564432
7.332435732, 7.332520388
7.342435732, 7.342554216
7.352435970, 7.352543000
7.362443554, 7.362619170
7.372435721, 7.372568413
7.382435792, 7.382548636
7.392440968, 7.392536498
7.402435732, 7.402513277
7.412435734, 7.412530515
7.422441323, 7.422541001
7.432435732, 7.432516264
7.442442622, 7.442542095
7.452440848, 7.452534430
7.462439283, 7.462522665
7.472435732, 7.472557455
7.482435723, 7.482532263
7.492435732, 7.492536970
7.502435719, 7.502509710
7.512436062, 7.512542283
7.522435719, 7.522542777
7.532435716, 7.532529071
7.542435727, 7.542540513
7.552435784, 7.552547197
7.562435735, 7.562528648
7.572435729, 7.572531082
7.582437147, 7.582559438
7.592435735, 7.592538339
7.602439367, 7.602546042
7.612435734, 7.612517523
7.622435716, 7.622531498
7.632435928, 7.632538494
7.642436967, 7.642549316
7.652435729, 7.652505059
7.662441411, 7.662533582
7.672435724, 7.672519900
7.682435727, 7.682516664
7.692435737, 7.692530222
7.702435730, 7.702519013
7.712435735, 7.712540807
7.722443254, 7.722548482
7.732444610, 7.732547484
7.742435716, 7.742530253
7.752435724, 7.752524623
7.762436989, 7.762538708
7.772435727, 7.772514437
7.782435716, 7.782510035
7.792442897, 7.792548517
7.802435726, 7.802536304
7.812435730, 7.812501898
7.822435732, 7.822547103
7.832435719, 7.832546679
7.842435741, 7.842532933
7.852435716, 7.852525793
7.862435723, 7.862526074
7.872435732, 7.872522078
7.882435730, 7.882509638
7.892435737, 7.892535101
7.902435719, 7.902546380
7.912436750, 7.912540865
7.922435730, 7.922518734
7.932435730, 7.932556596
7.942435732, 7.942532871
7.952435813, 7.952544293
7.962435734, 7.962531166
7.972435729, 7.972526571
7.982435732, 7.982526338
7.992435996, 7.992541495
8.002436803, 8.002522736
8.012435721, 8.012545591
8.022435718, 8.022526082
8.032435718, 8.032503753
8.042435735, 8.042523666
8.052435732, 8.052546398
8.062435732, 8.062519057
8.072435732, 8.072552963
8.082435738, 8.082578522
8.092435724, 8.092526996
8.102436011, 8.102521975
8.112444378, 8.112552701
8.122435734, 8.122516927
8.132435741, 8.132527099
8.142435719, 8.142521410
8.152435719, 8.152555895
8.162435715, 8.162532113
8.172442226, 8.172549647
8.182435740, 8.182514600
8.192435737, 8.192519714
8.202435740, 8.202514480
8.212435729, 8.212530443
8.222436641, 8.222526393
8.232435726, 8.232534474
8.242435988, 8.242516754
8.252440595, 8.252541235
8.262435734, 8.262519376
8.272444774, 8.272550010
8.282435732, 8.282533413
8.292435732, 8.292526592
8.302442401, 8.302555464
8.312435737, 8.312547426
8.322435734, 8.322533091
8.332442267, 8.332567429
8.342435723, 8.342556563
8.352435991, 8.352566248
8.362435718, 8.362526987
8.372435729, 8.372526233
8.382439821, 8.382563870
8.392441787, 8.392539534
8.402435713, 8.402557270
8.412435850, 8.412550752
8.422435732, 8.422560008
8.432435734, 8.432564194
8.442435735, 8.442529952
8.452448957, 8.452553795
8.462435735, 8.462563082
8.472443047, 8.472549634
8.482435735, 8.482555911
8.492443410, 8.492553755
8.502437504, 8.502555595
8.512435914, 8.512513149
8.522435730, 8.522541091
8.532442731, 8.532547767
8.542440567, 8.542535210
8.552435716, 8.552552000
8.562435737, 8.562534820
8.572435721, 8.572518412
8.582435738, 8.582551423
8.592442670, 8.592549934
8.602435790, 8.602556462
8.612441080, 8.612544263
8.622435732, 8.622546713
8.632435735, 8.632564411
8.642436747, 8.642535150
8.652435738, 8.652543774
8.662435737, 8.662571086
8.672435734, 8.672545600
8.682435719, 8.682534867
8.692435719, 8.692535922
8.702435724, 8.702535914
8.712435719, 8.712532473
8.722435743, 8.722541969
8.732435983, 8.732526740
8.742440194, 8.742539095
8.752435740, 8.752537349
8.762435743, 8.762530509
8.772435735, 8.772555884
8.782435726, 8.782504685
8.792437279, 8.792533249
8.802435726, 8.802550159
8.812440418, 8.812533504
8.822442191, 8.822520368
8.832435738, 8.832535555
8.842435741, 8.842546256
8.852435738, 8.852553460
8.862435741, 8.862550024
8.872435724, 8.872591455
8.882435715, 8.882533484
8.892435829, 8.892526249
8.902435738, 8.902551084
8.912435727, 8.912520794
8.922441296, 8.922514335
8.932435724, 8.932527983
8.942435734, 8.942527348
8.952435734, 8.952554259
8.962435730, 8.962526766
8.972435745, 8.972536383
8.982435735, 8.982534910
8.992437581, 8.992524912
9.002435734, 9.002541915
9.012435738, 9.012538113
9.022442133, 9.022540980
9.032439465, 9.032559769
9.042435718, 9.042536596
9.052441048, 9.052546042
9.062435721, 9.062547328
9.072435732, 9.072509596
9.082435734, 9.082534289
9.092436872, 9.092528338
9.102435936, 9.102540605
9.112435719, 9.112549300
9.122435719, 9.122572915
9.132435718, 9.132547157
9.142435730, 9.142514640
9.152435729, 9.152538625
9.162437674, 9.162529751
9.172435724, 9.172516588
9.182435727, 9.182530129
9.192435738, 9.192540600
9.202435716, 9.202534977
9.212435738, 9.212532878
9.222435735, 9.222521500
9.232435719, 9.232536370
9.242450361, 9.242545566
9.252435735, 9.252528029
9.262438917, 9.262525938
9.272435723, 9.272520578
9.282435734, 9.282513078
9.292435737, 9.292558472
9.302435741, 9.302516665
9.312453078, 9.312564393
9.322435738, 9.322540223
9.332435981, 9.332523185
9.342435723, 9.342526630
9.352435800, 9.352545090
9.362435724, 9.362574073
9.372435735, 9.372558983
9.382435723, 9.382550408
9.392435942, 9.392568346
9.402435740, 9.402584555
9.412435737, 9.412542465
9.422445703, 9.422554008
9.432435729, 9.432522068
9.442435880, 9.442549826
9.452435726, 9.452579365
9.462435822, 9.462538475
9.472435738, 9.472535326
9.482435822, 9.482544070
9.492435734, 9.492527901
9.502435730, 9.502521042
9.512435734, 9.512530031
9.522435816, 9.522528037
9.532435741, 9.532534827
9.542435738, 9.542542176
9.552435734, 9.552542458
9.562445207, 9.562582632
9.572435721, 9.572555443
9.582435726, 9.582526458
9.592438080, 9.592547489
9.602435741, 9.602541453
9.612435732, 9.612540439
9.622435732, 9.622539199
9.632435738, 9.632547159
9.642442944, 9.642552205
9.652435738, 9.652526246
9.662435735, 9.662541168
9.672435734, 9.672528087
9.682435737, 9.682516757
9.692435737, 9.692519593
9.702435743, 9.702535399
9.712438910, 9.712565357
9.722435723, 9.722558246
9.732435738, 9.732531449
9.742439304, 9.742556334
9.752441909, 9.752551231
9.762435721, 9.762521498
9.772442532, 9.772541105
9.782435723, 9.782546431
9.792435724, 9.792528777
9.802435716, 9.802558874
9.812435727, 9.812556869
9.822435737, 9.822515393
9.832435735, 9.832528038
9.842435715, 9.842543813
9.852435730, 9.852542310
9.862435735, 9.862539672
9.872435737, 9.872526587
9.882435734, 9.882524200
9.892435723, 9.892560635
9.902435735, 9.902530722
9.912435723, 9.912572734
9.922435970, 9.922538691
9.932435718, 9.932573430
9.942435715, 9.942523605
9.952435716, 9.952523298
9.962435718, 9.962588479
9.972435715, 9.972604421
9.982435713, 9.982582702
9.992435719, 9.992592799
10.002435715, 10.002591750
10.012435704, 10.012585581
10.022435716, 10.022581961
10.032435711, 10.032583576
10.042435704, 10.042589702
10.052435715, 10.052587963
10.062435716, 10.062597763
10.072435708, 10.072581288
10.082435715, 10.082591713
10.092435721, 10.092589676
10.102435713, 10.102582312
10.112435742, 10.112579124
10.122435713, 10.122579893
10.132435715, 10.132581165
10.142435713, 10.142589781
10.152435711, 10.152611883
10.162435715, 10.162609720
10.172435713, 10.172614221
10.182435715, 10.182608607
10.192435715, 10.192611422
10.202435713, 10.202612030
10.212435713, 10.212610653
10.222435716, 10.222607700
10.232435716, 10.232610795
10.242435713, 10.242611618
10.252435708, 10.252612173
10.262435721, 10.262608795
10.272435713, 10.272608234
10.282435715, 10.282609126
10.292435713, 10.292609919
10.302435721, 10.302608682
10.312435710, 10.312612934
10.322435711, 10.322608221
10.332435715, 10.332611472
10.342435708, 10.342611321
10.352435713, 10.352609912
10.362435719, 10.362609480
10.372435715, 10.372610021
10.382435715, 10.382609671
10.392435738, 10.392614509
10.402435710, 10.402609822
10.412435713, 10.412615942
10.422435715, 10.422612734
10.432435716, 10.432607217
10.442435716, 10.442610751
10.452435711, 10.452606840
10.462435716, 10.462606318
10.472435721, 10.472615905
10.482435716, 10.482610896
10.492435716, 10.492612440
10.502435715, 10.502605826
10.512435715, 10.512608213
10.522435738, 10.522608749
10.532435716, 10.532607641
10.542435715, 10.542608634
10.552435713, 10.552608439
10.562435711, 10.562604779
10.572435718, 10.572613806
10.582435721, 10.582610336
10.592435738, 10.592612292
10.602435713, 10.602608122
10.612435708, 10.612610512
10.622435718, 10.622607402
10.632435713, 10.632613312
10.642435716, 10.642609279
10.652435715, 10.652605709
10.662435713, 10.662606185
10.672435708, 10.672609598
10.682435715, 10.682606167
10.692435710, 10.692608011
10.702435713, 10.702604813
10.712435715, 10.712609402
10.722435715, 10.722606744
10.732435711, 10.732610648
10.742435713, 10.742606939
10.752435740, 10.752602272
10.762435721, 10.762606241
10.772435716, 10.772607713
10.782435718, 10.782605722
10.792435708, 10.792609027
10.802435716, 10.802607124
10.812435719, 10.812611158
10.822435711, 10.822607042
10.832435711, 10.832610686
10.842435713, 10.842607203
10.852435711, 10.852607501
10.862435715, 10.862603512
10.872435711, 10.872610467
10.882435741, 10.882604113
10.892435721, 10.892614450
10.902435715, 10.902606264
10.912435715, 10.912606924
10.922435718, 10.922605300
10.932435721, 10.932608957
10.942435711, 10.942606313
10.952435713, 10.952609388
10.962435713, 10.962610493
10.972435710, 10.972608394
10.982435719, 10.982608322
10.992435738, 10.992607833
11.002435711, 11.002607539
11.012435719, 11.012608334
11.022435715, 11.022609660
11.032435711, 11.032609944
11.042435716, 11.042606048
11.052435715, 11.052611270
11.062435721, 11.062606060
11.072435715, 11.072608610
11.082435715, 11.082607495
11.092435716, 11.092604576
11.102435723, 11.102612571
11.112435715, 11.112606717
11.122435716, 11.122607416
11.132435713, 11.132607962
11.142435713, 11.142606427
11.152435716, 11.152606517
11.162435718, 11.162606809
11.172435715, 11.172606068
11.182435741, 11.182607432
11.192435719, 11.192612878
11.202435713, 11.202612691
11.212435710, 11.212612672
11.222435721, 11.222604708
11.232435721, 11.232610295
11.242435711, 11.242607756
11.252435716, 11.252608394
11.262435715, 11.262602173
11.272435715, 11.272609139
11.282435719, 11.282609298
11.292435718, 11.292612592
11.302435715, 11.302610088
11.312435713, 11.312605949
11.322435716, 11.322607697
11.332435715, 11.332606095
11.342435716, 11.342608198
11.352435721, 11.352608309
11.362435716, 11.362602199
11.372435719, 11.372605948
11.382435716, 11.382609128
11.392435710, 11.392606712
11.402435719, 11.402605692
11.412435718, 11.412612320
11.422435718, 11.422605583
11.432435716, 11.432608439
11.442435713, 11.442602856
11.452435711, 11.452606474
11.462435715, 11.462606303
11.472435711, 11.472606298
11.482435713, 11.482607462
11.492435721, 11.492609169
11.502435719, 11.502610326
11.512435713, 11.512609565
11.522435718, 11.522610770
11.532435716, 11.532610865
11.542435711, 11.542607261
11.552435718, 11.552603765
11.562435721, 11.562610470
11.572435711, 11.572607467
11.582435718, 11.582603230
11.592435721, 11.592610473
11.602435715, 11.602610419
11.612435715, 11.612611176
11.622435715, 11.622607565
11.632435708, 11.632609161
11.642435719, 11.642609235
11.652435711, 11.652606485
11.662435719, 11.662605744
11.672435716, 11.672611234
11.682435716, 11.682675383
11.692435716, 11.692682092
11.702435734, 11.702680327
11.712435715, 11.712679522
11.722435711, 11.722680622
11.732435716, 11.732678560
11.742435707, 11.742678410
11.752435713, 11.752649226
11.762435727, 11.762610650
11.772435711, 11.772611410
11.782435715, 11.782607180
11.792435716, 11.792609142
11.802435713, 11.802605805
11.812435721, 11.812610214
11.822435710, 11.822603168
11.832435713, 11.832613433
11.842435705, 11.842610558
11.852435715, 11.852606676
11.862435716, 11.862605874
11.872435708, 11.872606578
11.882435718, 11.882608436
11.892435719, 11.892605754
11.902435713, 11.902609469
11.912435711, 11.912608861
11.922435711, 11.922607714
11.932435715, 11.932606785
11.942435715, 11.942602750
11.952435715, 11.952605250
11.962435719, 11.962603373
11.972435719, 11.972605105
11.982435718, 11.982608861
11.992435707, 11.992611776
12.002435711, 12.002606145
12.012435713, 12.012607948
12.022435718, 12.022606969
12.032435718, 12.032606621
12.042435743, 12.042610355
12.052435718, 12.052604426
------------------------------
