------------------------------
test was performed using the following parameters: --mps=100 --burst=1 --reply-every=1 --msg-size=12 --time=10
------------------------------
sockperf: [Total Run] RunTime=10.100 sec; SentMessages=1011; ReceivedMessages=1010
sockperf: ========= Printing statistics for Server No: 0
sockperf: [Valid Duration] RunTime=9.980 sec; SentMessages=999; ReceivedMessages=999
sockperf: [2;35m====> avg-lat= 58.443 (std-dev=16.891)[0m
sockperf: # dropped messages = 0; # duplicated messages = 0; # out-of-order messages = 0
sockperf: [2;35mTotal 999 observations[0m; each percentile contains 9.99 observations
sockperf: ---> <MAX> observation =  107.631
sockperf: ---> percentile  99.99 =  107.631
sockperf: ---> percentile  99.90 =  105.366
sockperf: ---> percentile  99.50 =   96.347
sockperf: ---> percentile  99.00 =   88.709
sockperf: ---> percentile  95.00 =   84.688
sockperf: ---> percentile  90.00 =   83.592
sockperf: ---> percentile  75.00 =   76.528
sockperf: ---> percentile  50.00 =   53.189
sockperf: ---> percentile  25.00 =   44.751
sockperf: ---> <MIN> observation =   26.522
------------------------------
txTime, rxTime
2.064344510, 2.064451837
2.074344486, 2.074427979
2.084344485, 2.084441369
2.094344549, 2.094424589
2.104350676, 2.104460797
2.114344481, 2.114432250
2.124344471, 2.124448507
2.134344479, 2.134429473
2.144344490, 2.144446685
2.154344481, 2.154505487
2.164344471, 2.164509175
2.174344562, 2.174498412
2.184344567, 2.184450994
2.194348318, 2.194460388
2.204351071, 2.204440647
2.214344479, 2.214432632
2.224344482, 2.224428695
2.234344479, 2.234432274
2.244344487, 2.244460908
2.254344481, 2.254461577
2.264344550, 2.264425466
2.274344487, 2.274479896
2.284349501, 2.284446347
2.294344489, 2.294438214
2.304344482, 2.304429900
2.314346537, 2.314449938
2.324349203, 2.324421784
2.334349968, 2.334443869
2.344344483, 2.344433006
2.354344481, 2.354449507
2.364344485, 2.364439959
2.374344484, 2.374424381
2.384344548, 2.384421570
2.394344483, 2.394447943
2.404344553, 2.404423149
2.414344483, 2.414430085
2.424344485, 2.424429870
2.434346673, 2.434425661
2.444346628, 2.444432946
2.454344487, 2.454529894
2.464344485, 2.464437667
2.474344588, 2.474454397
2.484344482, 2.484417964
2.494358732, 2.494454052
2.504344487, 2.504446164
2.514344484, 2.514431865
2.524351753, 2.524468761
2.534344483, 2.534434372
2.544344564, 2.544428919
2.554344479, 2.554499285
2.564344483, 2.564434932
2.574346568, 2.574431194
2.584344487, 2.584457453
2.594351190, 2.594438079
2.604344485, 2.604427708
2.614351554, 2.614457651
2.624344493, 2.624419779
2.634344486, 2.634433771
2.644344480, 2.644432898
2.654344487, 2.654442887
2.664353868, 2.664465292
2.674344486, 2.674460129
2.684344487, 2.684420993
2.694346200, 2.694444949
2.704344487, 2.704420597
2.714344484, 2.714447452
2.724344485, 2.724445169
2.734344487, 2.734445745
2.744344488, 2.744447296
2.754344475, 2.754469678
2.764344483, 2.764447200
2.774344489, 2.774427888
2.784344485, 2.784417048
2.794344483, 2.794449976
2.804350268, 2.804449923
2.814344484, 2.814430697
2.824344487, 2.824439828
2.834344481, 2.834416122
2.844344487, 2.844443982
2.854344481, 2.854442922
2.864344479, 2.864448165
2.874351329, 2.874428917
2.884344485, 2.884440286
2.894344483, 2.894430297
2.904344487, 2.904438540
2.914344479, 2.914421198
2.924344487, 2.924446491
2.934344484, 2.934412558
2.944344482, 2.944446020
2.954344484, 2.954456467
2.964348786, 2.964466083
2.974344486, 2.974423310
2.984344490, 2.984446027
2.994344487, 2.994439093
3.004344483, 3.004428286
3.014344487, 3.014438195
3.024346945, 3.024427048
3.034344487, 3.034409440
3.044344479, 3.044457087
3.054344487, 3.054448611
3.064344490, 3.064492230
3.074344566, 3.074419771
3.084344479, 3.084435429
3.094344562, 3.094405916
3.104344488, 3.104403806
3.114344562, 3.114424578
3.124344488, 3.124436866
3.134348899, 3.134438739
3.144344790, 3.144434763
3.154344489, 3.154456335
3.164344482, 3.164439392
3.174345995, 3.174445006
3.184344630, 3.184449126
3.194344487, 3.194450810
3.204344479, 3.204452911
3.214344565, 3.214416262
3.224347539, 3.224477865
3.234344558, 3.234422838
3.244344485, 3.244427138
3.254344514, 3.254437535
3.264344548, 3.264452014
3.274344483, 3.274416392
3.284344483, 3.284436400
3.294344483, 3.294440719
3.304346879, 3.304440403
3.314344487, 3.314423789
3.324344479, 3.324422053
3.334344487, 3.334410855
3.344350782, 3.344438154
3.354351021, 3.354435714
3.364344477, 3.364414597
3.374344550, 3.374430974
3.384349817, 3.384433279
3.394344546, 3.394449926
3.404344485, 3.404423199
3.414344478, 3.414427676
3.424344548, 3.424444181
3.434344565, 3.434440751
3.444344479, 3.444454068
3.454344483, 3.454452026
3.464344483, 3.464455846
3.474344543, 3.474423963
3.484344483, 3.484427664
3.494344486, 3.494431028
3.504344483, 3.504440278
3.514357739, 3.514440486
3.524344461, 3.524443906
3.534344489, 3.534424333
3.544344485, 3.544450745
3.554344459, 3.554450966
3.564351815, 3.564434967
3.574344466, 3.574456304
3.584344474, 3.584446156
3.594344758, 3.594463169
3.604344562, 3.604436731
3.614344487, 3.614441407
3.624344637, 3.624449799
3.634344491, 3.634432405
3.644344460, 3.644421516
3.654346806, 3.654451021
3.664344487, 3.664467474
3.674344489, 3.674457908
3.684344461, 3.684450457
3.694348027, 3.694442953
3.704344482, 3.704429736
3.714344492, 3.714456268
3.724344483, 3.724440398
3.734352885, 3.734457318
3.744344561, 3.744481007
3.754344497, 3.754424432
3.764344482, 3.764403269
3.774351750, 3.774456957
3.784344491, 3.784436617
3.794347111, 3.794429010
3.804344534, 3.804425809
3.814344483, 3.814446163
3.824344556, 3.824440082
3.834344549, 3.834449697
3.844344487, 3.844429415
3.854344554, 3.854437113
3.864344565, 3.864425632
3.874345834, 3.874451389
3.884344487, 3.884438289
3.894344487, 3.894433463
3.904344562, 3.904450527
3.914344492, 3.914449948
3.924349051, 3.924458047
3.934344483, 3.934408848
3.944344551, 3.944456233
3.954344479, 3.954453453
3.964344483, 3.964423916
3.974344486, 3.974455883
3.984344483, 3.984439086
3.994344914, 3.994473374
4.004344485, 4.004421207
4.014344487, 4.014476432
4.024344559, 4.024459417
4.034350484, 4.034455771
4.044344483, 4.044422789
4.054347642, 4.054467737
4.064344488, 4.064459132
4.074350602, 4.074521475
4.084345015, 4.084520066
4.094344492, 4.094493278
4.104344488, 4.104500557
4.114344481, 4.114484567
4.124344487, 4.124508928
4.134344484, 4.134518524
4.144344483, 4.144498852
4.154344486, 4.154531204
4.164344485, 4.164468938
4.174344484, 4.174509790
4.184344479, 4.184468889
4.194344490, 4.194490516
4.204344482, 4.204495713
4.214344484, 4.214506026
4.224344487, 4.224482452
4.234344487, 4.234445868
4.244344483, 4.244481509
4.254344483, 4.254494680
4.264344483, 4.264454682
4.274344487, 4.274466890
4.284344483, 4.284484860
4.294344483, 4.294487235
4.304348683, 4.304509740
4.314353430, 4.314481335
4.324344483, 4.324500983
4.334344484, 4.334460686
4.344344485, 4.344473566
4.354344483, 4.354496563
4.364344487, 4.364468794
4.374344489, 4.374474482
4.384351137, 4.384492626
4.394346294, 4.394510137
4.404344485, 4.404482640
4.414344481, 4.414473540
4.424344480, 4.424498711
4.434344565, 4.434506228
4.444344485, 4.444499856
4.454347307, 4.454497380
4.464344491, 4.464492385
4.474344566, 4.474456142
4.484344483, 4.484474572
4.494344486, 4.494465129
4.504344482, 4.504422441
4.514344486, 4.514508155
4.524344467, 4.524559730
4.534349781, 4.534560514
4.544344482, 4.544505671
4.554344484, 4.554485972
4.564345581, 4.564522122
4.574344487, 4.574542686
4.584344482, 4.584502005
4.594348856, 4.594548075
4.604344480, 4.604466393
4.614344481, 4.614501627
4.624344480, 4.624506527
4.634344486, 4.634502814
4.644344487, 4.644521144
4.654351242, 4.654544645
4.664344482, 4.664520279
4.674344563, 4.674419744
4.684344482, 4.684476181
4.694346818, 4.694492761
4.704351573, 4.704515167
4.714344558, 4.714468721
4.724344488, 4.724460131
4.734344487, 4.734515739
4.744344488, 4.744493240
4.754344486, 4.754463549
4.764350745, 4.764448450
4.774344487, 4.774431754
4.784344487, 4.784448998
4.794344479, 4.794446680
4.804344772, 4.804440239
4.814349878, 4.814440522
4.824344487, 4.824419607
4.834346084, 4.834450649
4.844344565, 4.844458920
4.854344493, 4.854445148
4.864344482, 4.864429576
4.874344566, 4.874440061
4.884344554, 4.884430263
4.894344486, 4.894423591
4.904352122, 4.904450487
4.914344486, 4.914436981
4.924344551, 4.924431833
4.934344487, 4.934432888
4.944353313, 4.944450715
4.954346761, 4.954500381
4.964344548, 4.964449753
4.974344492, 4.974451735
4.984344488, 4.984453367
4.994344568, 4.994431928
5.004344483, 5.004441979
5.014344486, 5.014458414
5.024344490, 5.024477382
5.034344489, 5.034424653
5.044344558, 5.044453165
5.054344487, 5.054448064
5.064344483, 5.064430656
5.074344487, 5.074475349
5.084344485, 5.084435074
5.094348514, 5.094452220
5.104344483, 5.104427650
5.114344555, 5.114421539
5.124344487, 5.124442752
5.134344486, 5.134453529
5.144344483, 5.144428923
5.154353054, 5.154454846
5.164347960, 5.164424314
5.174344481, 5.174434764
5.184344479, 5.184444377
5.194344489, 5.194483580
5.204344482, 5.204429846
5.214350437, 5.214450014
5.224350489, 5.224460382
5.234344481, 5.234431724
5.244344485, 5.244439820
5.254344483, 5.254441253
5.264344697, 5.264418510
5.274344544, 5.274423419
5.284349763, 5.284446751
5.294344486, 5.294443173
5.304351947, 5.304501855
5.314344483, 5.314429332
5.324344551, 5.324435617
5.334345425, 5.334460793
5.344344550, 5.344437891
5.354344487, 5.354415219
5.364344480, 5.364420400
5.374344483, 5.374426786
5.384344490, 5.384452140
5.394344603, 5.394456654
5.404344485, 5.404407672
5.414344550, 5.414469348
5.424344490, 5.424454106
5.434344481, 5.434409910
5.444344485, 5.444431293
5.454344484, 5.454462260
5.464344551, 5.464443794
5.474351108, 5.474470106
5.484351884, 5.484452183
5.494344487, 5.494429402
5.504344480, 5.504423463
5.514344484, 5.514416013
5.524346801, 5.524453171
5.534344483, 5.534461299
5.544348634, 5.544423297
5.554344489, 5.554423039
5.564345671, 5.564486326
5.574344622, 5.574426396
5.584344483, 5.584456864
5.594344489, 5.594419193
5.604344480, 5.604415943
5.614344489, 5.614429804
5.624344545, 5.624420425
5.634344479, 5.634449714
5.644344487, 5.644434883
5.654351600, 5.654464003
5.664344488, 5.664433407
5.674344479, 5.674427588
5.684348355, 5.684447039
5.694344483, 5.694426635
5.704344465, 5.704459382
5.714352369, 5.714450848
5.724344469, 5.724442581
5.734344565, 5.734429993
5.744344490, 5.744460960
5.754344457, 5.754487396
5.764344569, 5.764458060
5.774344487, 5.774435457
5.784344490, 5.784433547
5.794344487, 5.794427136
5.804345560, 5.804439050
5.814344454, 5.814433804
5.824344474, 5.824422737
5.834359482, 5.834460045
5.844344490, 5.844455033
5.854344487, 5.854447452
5.864344493, 5.864441145
5.874344459, 5.874465001
5.884344475, 5.884454978
5.894344473, 5.894423617
5.904347572, 5.904500484
5.914344487, 5.914420461
5.924344561, 5.924446283
5.934344483, 5.934450314
5.944344551, 5.944446638
5.954344484, 5.954446481
5.964345544, 5.964451043
5.974349717, 5.974447856
5.984344482, 5.984414192
5.994344513, 5.994455569
6.004344562, 6.004448004
6.014344550, 6.014455307
6.024358695, 6.024460586
6.034344550, 6.034428748
6.044345480, 6.044439571
6.054350009, 6.054439464
6.064344483, 6.064454629
6.074344569, 6.074438630
6.084344487, 6.084438551
6.094344573, 6.094432296
6.104344482, 6.104442160
6.114344557, 6.114455267
6.124344567, 6.124457540
6.134346396, 6.134446389
6.144344485, 6.144424442
6.154344543, 6.154427217
6.164344551, 6.164442717
6.174344571, 6.174457655
6.184345218, 6.184426393
6.194344475, 6.194417726
6.204344556, 6.204446333
6.214344858, 6.214419125
6.224344485, 6.224426876
6.234349440, 6.234483975
6.244344487, 6.244422209
6.254344483, 6.254516374
6.264344487, 6.264482401
6.274347519, 6.274484275
6.284344556, 6.284483278
6.294344552, 6.294494034
6.304344548, 6.304479624
6.314344487, 6.314527863
6.324344551, 6.324479064
6.334344487, 6.334489873
6.344347728, 6.344509644
6.354346530, 6.354508520
6.364344471, 6.364425841
6.374344483, 6.374422922
6.384344490, 6.384432575
6.394344492, 6.394418212
6.404344572, 6.404417935
6.414348078, 6.414457096
6.424344485, 6.424456376
6.434344489, 6.434450305
6.444344509, 6.444455371
6.454344483, 6.454460842
6.464344483, 6.464452248
6.474344505, 6.474462914
6.484351854, 6.484454442
6.494351436, 6.494462578
6.504353703, 6.504472066
6.514346848, 6.514473731
6.524344565, 6.524439024
6.534345147, 6.534460691
6.544344487, 6.544449953
6.554344486, 6.554439595
6.564344570, 6.564434943
6.574344489, 6.574450703
6.584344488, 6.584493141
6.594346193, 6.594504756
6.604344488, 6.604496608
6.614344486, 6.614497544
6.624356731, 6.624501509
6.634344509, 6.634477155
6.644344550, 6.644421897
6.654344509, 6.654434603
6.664351086, 6.664481602
6.674346003, 6.674414080
6.684344493, 6.684427846
6.694344490, 6.694466564
6.704346307, 6.704466121
6.714347422, 6.714420746
6.724344490, 6.724467918
6.734349113, 6.734445374
6.744344554, 6.744450500
6.754344486, 6.754450816
6.764344570, 6.764421219
6.774344509, 6.774450049
6.784348566, 6.784455702
6.794344483, 6.794421918
6.804344572, 6.804537268
6.814344473, 6.814449375
6.824344572, 6.824436412
6.834344513, 6.834431141
6.844344490, 6.844430769
6.854344486, 6.854428118
6.864344458, 6.864445588
6.874347975, 6.874465980
6.884344485, 6.884429902
6.894344490, 6.894449920
6.904344487, 6.904432185
6.914344489, 6.914420173
6.924344482, 6.924410050
6.934344489, 6.934419676
6.944344485, 6.944425942
6.954344490, 6.954426814
6.964344487, 6.964409753
6.974345870, 6.974426555
6.984344483, 6.984424601
6.994344491, 6.994453099
7.004344501, 7.004460312
7.014344489, 7.014468222
7.024351541, 7.024424105
7.034350866, 7.034453153
7.044344487, 7.044452276
7.054344487, 7.054425055
7.064344485, 7.064446826
7.074344557, 7.074456701
7.084344547, 7.084444844
7.094344481, 7.094449721
7.104346493, 7.104426976
7.114344569, 7.114499213
7.124344490, 7.124460635
7.134346129, 7.134446048
7.144344490, 7.144455881
7.154344487, 7.154471893
7.164344482, 7.164437711
7.174344805, 7.174432136
7.184344905, 7.184469147
7.194344487, 7.194464299
7.204344490, 7.204426158
7.214344490, 7.214447155
7.224345265, 7.224439653
7.234344489, 7.234430802
7.244344485, 7.244433988
7.254344483, 7.254454637
7.264344570, 7.264447061
7.274344483, 7.274471500
7.284344551, 7.284454745
7.294344484, 7.294431848
7.304344572, 7.304416273
7.314344514, 7.314421612
7.324344485, 7.324442050
7.334350817, 7.334462195
7.344344505, 7.344425615
7.354344484, 7.354432432
7.364344487, 7.364423848
7.374344484, 7.374422390
7.384344485, 7.384443955
7.394354306, 7.394473118
7.404347330, 7.404427656
7.414344484, 7.414412151
7.424344491, 7.424441655
7.434344487, 7.434422447
7.444344487, 7.444438745
7.454344489, 7.454459507
7.464344554, 7.464497887
7.474348897, 7.474425363
7.484344485, 7.484424892
7.494344574, 7.494420093
7.504344569, 7.504434591
7.514344494, 7.514429784
7.524344605, 7.524442105
7.534346183, 7.534449043
7.544344485, 7.544440640
7.554349511, 7.554487504
7.564351167, 7.564446949
7.574345810, 7.574450196
7.584344483, 7.584463107
7.594344490, 7.594447744
7.604344480, 7.604452076
7.614349595, 7.614456993
7.624344483, 7.624433544
7.634344486, 7.634457216
7.644344485, 7.644460873
7.654344637, 7.654467646
7.664344487, 7.664417291
7.674344565, 7.674424491
7.684344490, 7.684400210
7.694344490, 7.694421523
7.704344485, 7.704455952
7.714344486, 7.714460143
7.724344558, 7.724439517
7.734344483, 7.734443694
7.744344561, 7.744456411
7.754345638, 7.754458375
7.764344550, 7.764452364
7.774344484, 7.774417259
7.784346793, 7.784467792
7.794346590, 7.794450769
7.804347336, 7.804467727
7.814344574, 7.814436611
7.824344565, 7.824421846
7.834344569, 7.834467431
7.844344487, 7.844448941
7.854344483, 7.854447033
7.864344572, 7.864462289
7.874344576, 7.874459532
7.884344490, 7.884456635
7.894344490, 7.894495000
7.904344466, 7.904470333
7.914354007, 7.914446490
7.924344461, 7.924457580
7.934344492, 7.934424903
7.944351631, 7.944454663
7.954344460, 7.954424101
7.964344490, 7.964440435
7.974344558, 7.974482646
7.984344552, 7.984478267
7.994344482, 7.994498890
8.004344486, 8.004516194
8.014344485, 8.014452982
8.024344487, 8.024435094
8.034344488, 8.034420379
8.044344543, 8.044449842
8.054344483, 8.054438982
8.064344487, 8.064461139
8.074345969, 8.074471799
8.084344483, 8.084431576
8.094344490, 8.094446455
8.104344481, 8.104475411
8.114354405, 8.114466173
8.124344487, 8.124430401
8.134350717, 8.134455589
8.144344489, 8.144423411
8.154344550, 8.154430697
8.164344483, 8.164441163
8.174344485, 8.174426897
8.184344574, 8.184472362
8.194344482, 8.194471253
8.204344489, 8.204462797
8.214344548, 8.214425315
8.224344549, 8.224437096
8.234344554, 8.234449215
8.244348199, 8.244430565
8.254344752, 8.254441394
8.264344489, 8.264430286
8.274344491, 8.274450876
8.284344550, 8.284438591
8.294344487, 8.294418631
8.304353051, 8.304465473
8.314344548, 8.314451343
8.324344484, 8.324439753
8.334344573, 8.334464584
8.344347890, 8.344466520
8.354344487, 8.354424309
8.364344568, 8.364435170
8.374344488, 8.374425525
8.384344487, 8.384447250
8.394351311, 8.394455195
8.404344486, 8.404457075
8.414344477, 8.414418546
8.424348139, 8.424453232
8.434344482, 8.434454720
8.444348076, 8.444464431
8.454344485, 8.454429527
8.464344483, 8.464430313
8.474344850, 8.474526320
8.484352072, 8.484455062
8.494345993, 8.494466399
8.504344487, 8.504440655
8.514344485, 8.514452576
8.524344547, 8.524453414
8.534348189, 8.534475475
8.544344492, 8.544454795
8.554344567, 8.554435668
8.564344566, 8.564442407
8.574344510, 8.574447531
8.584347448, 8.584469542
8.594347962, 8.594471959
8.604344577, 8.604436736
8.614344505, 8.614423089
8.624346486, 8.624478216
8.634344567, 8.634438589
8.644344486, 8.644466252
8.654344487, 8.654445623
8.664351496, 8.664458744
8.674344575, 8.674431556
8.684344503, 8.684454460
8.694350145, 8.694453277
8.704344495, 8.704428404
8.714349687, 8.714455593
8.724351633, 8.724449733
8.734346091, 8.734416077
8.744344486, 8.744427746
8.754344491, 8.754467089
8.764345667, 8.764442120
8.774347685, 8.774453151
8.784344486, 8.784449681
8.794352120, 8.794467623
8.804344490, 8.804427120
8.814344490, 8.814437223
8.824344563, 8.824443424
8.834346479, 8.834453137
8.844344550, 8.844425126
8.854344491, 8.854427418
8.864349068, 8.864467954
8.874344742, 8.874474215
8.884344490, 8.884454778
8.894344485, 8.894435099
8.904347178, 8.904471835
8.914344491, 8.914462818
8.924346298, 8.924451184
8.934344490, 8.934434144
8.944349085, 8.944455310
8.954347553, 8.954438241
8.964344552, 8.964428663
8.974344567, 8.974446848
8.984344563, 8.984455754
8.994344517, 8.994483912
9.004344471, 9.004485427
9.014344464, 9.014430430
9.024344592, 9.024486977
9.034344486, 9.034439118
9.044344483, 9.044419943
9.054344746, 9.054439409
9.064344752, 9.064483690
9.074344495, 9.074438209
9.084344548, 9.084472691
9.094344471, 9.094482639
9.104344477, 9.104459877
9.114344460, 9.114461527
9.124350022, 9.124475445
9.134344465, 9.134431808
9.144344514, 9.144449413
9.154344569, 9.154467372
9.164344466, 9.164445684
9.174344482, 9.174430653
9.184345235, 9.184421813
9.194344486, 9.194447523
9.204346894, 9.204437717
9.214344454, 9.214427725
9.224344505, 9.224505257
9.234344485, 9.234464051
9.244344460, 9.244436864
9.254344499, 9.254428877
9.264344574, 9.264433789
9.274347891, 9.274451112
9.284344554, 9.284445362
9.294344511, 9.294439603
9.304344487, 9.304420291
9.314344552, 9.314443634
9.324346658, 9.324457605
9.334350182, 9.334449411
9.344344496, 9.344466183
9.354350880, 9.354461068
9.364344493, 9.364436383
9.374344571, 9.374421899
9.384348489, 9.384457284
9.394344489, 9.394426546
9.404344510, 9.404424788
9.414344494, 9.414433796
9.424344572, 9.424451326
9.434344569, 9.434434994
9.444344569, 9.444454213
9.454348553, 9.454451115
9.464344554, 9.464471992
9.474344494, 9.474449765
9.484346391, 9.484430528
9.494349807, 9.494447051
9.504350428, 9.504456807
9.514344574, 9.514418534
9.524354918, 9.524475996
9.534344486, 9.534439815
9.544346822, 9.544491185
9.554344476, 9.554440959
9.564344488, 9.564422850
9.574344576, 9.574464539
9.584344573, 9.584440158
9.594344484, 9.594432021
9.604344488, 9.604425894
9.614344573, 9.614443407
9.624350074, 9.624445943
9.634344492, 9.634478349
9.644344569, 9.644445709
9.654344492, 9.654454418
9.664344572, 9.664414875
9.674346360, 9.674440839
9.684344487, 9.684475738
9.694351221, 9.694429579
9.704344567, 9.704440670
9.714344552, 9.714422395
9.724345810, 9.724434815
9.734348283, 9.734441360
9.744350553, 9.744463461
9.754344490, 9.754464913
9.764353123, 9.764467888
9.774344489, 9.774419136
9.784344485, 9.784423851
9.794344483, 9.794442035
9.804344487, 9.804448630
9.814344558, 9.814442781
9.824344491, 9.824441718
9.834344481, 9.834468475
9.844344488, 9.844427708
9.854344487, 9.854446179
9.864344491, 9.864406651
9.874344487, 9.874447581
9.884344556, 9.884419546
9.894344566, 9.894432809
9.904346069, 9.904461397
9.914346941, 9.914459131
9.924344488, 9.924412384
9.934344492, 9.934452135
9.944344493, 9.944431373
9.954344490, 9.954434691
9.964344485, 9.964408676
9.974344574, 9.974411044
9.984344490, 9.984418455
9.994344573, 9.994413583
10.004344490, 10.004397534
10.014344467, 10.014496060
10.024344464, 10.024515628
10.034344470, 10.034514829
10.044344469, 10.044514462
10.054344456, 10.054507699
10.064344464, 10.064476780
10.074344468, 10.074510350
10.084344464, 10.084510240
10.094344472, 10.094511669
10.104344458, 10.104513550
10.114344467, 10.114515008
10.124344460, 10.124510567
10.134344472, 10.134511781
10.144344468, 10.144510746
10.154344475, 10.154510323
10.164344471, 10.164511114
10.174344465, 10.174512076
10.184344457, 10.184510787
10.194344470, 10.194512308
10.204344468, 10.204511104
10.214344472, 10.214508737
10.224344468, 10.224511554
10.234344472, 10.234508500
10.244344464, 10.244509505
10.254344472, 10.254510849
10.264344466, 10.264510171
10.274344478, 10.274512152
10.284344466, 10.284510136
10.294344470, 10.294514474
10.304344469, 10.304511361
10.314344470, 10.314513146
10.324344468, 10.324511942
10.334344475, 10.334512526
10.344344466, 10.344515266
10.354344472, 10.354513571
10.364344463, 10.364508256
10.374344465, 10.374511310
10.384344463, 10.384512396
10.394344464, 10.394508838
10.404344469, 10.404512111
10.414344468, 10.414507068
10.424344471, 10.424512883
10.434344462, 10.434515374
10.444344458, 10.444513446
10.454344460, 10.454510173
10.464344472, 10.464510076
10.474344472, 10.474509280
10.484344458, 10.484508145
10.494344457, 10.494511959
10.504344464, 10.504510297
10.514344473, 10.514513601
10.524344471, 10.524511066
10.534344459, 10.534513969
10.544344460, 10.544510485
10.554344465, 10.554508699
10.564344455, 10.564511102
10.574344464, 10.574510306
10.584344466, 10.584510558
10.594344473, 10.594513341
10.604344471, 10.604511693
10.614344470, 10.614511260
10.624344460, 10.624508080
10.634344468, 10.634511233
10.644344463, 10.644508508
10.654344468, 10.654512570
10.664344468, 10.664510949
10.674344472, 10.674514185
10.684344471, 10.684510904
10.694344470, 10.694509280
10.704344455, 10.704511485
10.714344468, 10.714512518
10.724344461, 10.724509831
10.734344465, 10.734511372
10.744344466, 10.744516768
10.754344475, 10.754512610
10.764344469, 10.764509531
10.774344465, 10.774508815
10.784344469, 10.784507468
10.794344457, 10.794510619
10.804344468, 10.804510615
10.814344457, 10.814510350
10.824344458, 10.824514519
10.834344467, 10.834515644
10.844344471, 10.844509734
10.854344473, 10.854514264
10.864344468, 10.864507730
10.874344475, 10.874510012
10.884344469, 10.884510386
10.894344472, 10.894508459
10.904344464, 10.904512593
10.914344470, 10.914516022
10.924344471, 10.924515193
10.934344464, 10.934511537
10.944344466, 10.944511388
10.954344468, 10.954514359
10.964344463, 10.964506178
10.974344473, 10.974507743
10.984344461, 10.984513220
10.994344470, 10.994521888
11.004344469, 11.004512926
11.014344467, 11.014514378
11.024344463, 11.024513067
11.034344465, 11.034512059
11.044344457, 11.044512251
11.054344472, 11.054506225
11.064344465, 11.064509876
11.074344469, 11.074512617
11.084344465, 11.084508190
11.094344471, 11.094509078
11.104344462, 11.104511915
11.114344460, 11.114510138
11.124344470, 11.124513847
11.134344466, 11.134512539
11.144344467, 11.144510421
11.154344464, 11.154513247
11.164344467, 11.164509666
11.174344458, 11.174506514
11.184344465, 11.184509144
11.194344460, 11.194511324
11.204344465, 11.204509954
11.214344475, 11.214512904
11.224344464, 11.224514594
11.234344471, 11.234511011
11.244344472, 11.244510273
11.254344463, 11.254509243
11.264344464, 11.264507052
11.274344468, 11.274508960
11.284344456, 11.284509929
11.294344464, 11.294506936
11.304344467, 11.304519239
11.314344472, 11.314512811
11.324344475, 11.324510265
11.334344472, 11.334509561
11.344344468, 11.344510781
11.354344464, 11.354512928
11.364344470, 11.364511899
11.374344458, 11.374512249
11.384344468, 11.384513031
11.394344464, 11.394512563
11.404344470, 11.404512883
11.414344457, 11.414508791
11.424344465, 11.424509460
11.434344471, 11.434513919
11.444344465, 11.444508523
11.454344466, 11.454511650
11.464344473, 11.464511217
11.474344471, 11.474506975
11.484344472, 11.484511777
11.494344468, 11.494509969
11.504344472, 11.504507555
11.514344463, 11.514506901
11.524344456, 11.524513715
11.534344457, 11.534509711
11.544344468, 11.544512707
11.554344472, 11.554496796
11.564344467, 11.564504958
11.574344468, 11.574511388
11.584344468, 11.584509618
11.594344463, 11.594511856
11.604344470, 11.604514526
11.614344464, 11.614509844
11.624344464, 11.624515172
11.634344457, 11.634515198
11.644344470, 11.644513737
11.654344463, 11.654507016
11.664344470, 11.664509120
11.674344464, 11.674510101
11.684344475, 11.684508144
11.694344464, 11.694509260
11.704344465, 11.704514839
11.714344477, 11.714510160
11.724344468, 11.724513192
11.734344468, 11.734510754
11.744344468, 11.744509556
11.754344471, 11.754513073
11.764344468, 11.764507532
11.774344469, 11.774509423
11.784344468, 11.784515818
11.794344468, 11.794511174
11.804344468, 11.804508847
11.814344466, 11.814509891
11.824344464, 11.824508395
11.834344464, 11.834509184
11.844344468, 11.844510934
11.854344466, 11.854510479
11.864344467, 11.864509816
11.874344463, 11.874509839
11.884344462, 11.884512838
11.894344471, 11.894506085
11.904344464, 11.904506160
11.914344463, 11.914506397
11.924344473, 11.924507974
11.934344469, 11.934510671
11.944344464, 11.944519064
11.954344474, 11.954513733
11.964344473, 11.964510517
11.974344457, 11.974513188
11.984344462, 11.984506381
11.994344464, 11.994510420
12.004344465, 12.004517060
12.014344463, 12.014515754
12.024344465, 12.024521884
12.034344458, 12.034516534
12.044344470, 12.044509292
------------------------------
